0.0	0.0	6499.999932280723	6500.0
-1.16673949547336	0.8912957372787318	494.174884759926	494.177065854566
0.770497803893556	-0.21619538361316443	5343.798779247953	5343.798870571614
0.3962416915798035	-0.675100353665574	662.0116414406635	662.0121864972936
0.0	0.0	-6499.999932280723	6500.0
-0.6115629045163047	-2.697041026901471	-149.06740529980902	149.09305604991948
0.5711566003527534	1.8069389614329738	-5517.307188752705	5517.307568122383
0.04040630416355297	0.8901020654685031	-833.6107113960254	833.6112529042202
1.9184653865522705e-13	-6.075140390748857e-13	494.1834151061406	494.1834151061412
0.770497803893556	-0.21619538361316443	5343.798779247953	5343.798870571614
0.3962416915798035	-0.675100353665574	662.0116414406635	662.0121864972936
-2.4313884239290928e-14	7.638334409421077e-14	-149.07969656211847	149.07969656211836
0.5711566003527534	1.8069389614329738	-5517.307188752705	5517.307568122383
0.04040630416355297	0.8901020654685031	-833.6107113960254	833.6112529042202
9.592326932761353e-14	-3.0375701953744283e-13	488.1933329699932	488.1933329699935
0.0	-2.220446049250313e-16	-127.82283179974687	127.82283179974678
-1.6786572132332367e-13	-3.4083846855992306e-14	-127.82283179974687	127.82283179974684
3.1308289294429414e-14	-2.4424906541753444e-14	-123.9093078864963	123.90930788649638
4.914789619452287	0.9987553353984191	-1.469293970099037	5.2260399916219695
0.0	0.0	-121.32919802574149	121.32919802574149
-3.7722140264311594	2.9174225342873052	3.4076969265599235	5.861173197241086
4.796163466380676e-14	-1.5187850976872141e-13	473.3690068948789	473.369006894879
2.398081733190338e-14	-7.593925488436071e-14	463.12288330637864	463.1228833063787
-4.440892098500626e-16	-2.220446049250313e-16	463.1228833063785	463.1228833063785
1.6786572132332367e-13	3.419486915845482e-14	424.3103577394619	424.3103577394619
-4.179553316477249	-2.2942363524239955	38.12607348769155	38.42303561608473
-3.219646771412954e-14	2.4646951146678475e-14	424.31035773946184	424.31035773946184
0.0	0.0	424.3103577394619	424.3103577394619
15.112539937127702	-13.799221890584569	-120.21721745627406	121.94665539106003
-15.112539937127702	13.799221890584569	423.19837716999433	423.6929003741432
-27.606628860756118	9.28891847775748	387.09409211830075	388.1884157421928
12.688134603648045	4.3331207945087815	34.56069067189901	37.07028507118313
-27.589617197485182	9.275761692531459	382.2770691724205	383.3835994759505
-27.61156213343117	9.271302168613225	381.0419059460698	382.1534894441808
-23.852738211576643	11.334592149837357	381.62518122838827	382.5378478621343
-23.847913067003823	11.31927913674023	381.0793901898609	381.99260551128873
-14.462793811416141	6.6359586867045675	265.72655853824074	266.2025774952231
-9.38511925559108	4.683320450037273	125.59895524014256	126.03615160458821
-9.268987961099516	4.451860551784948	130.58917757549193	130.99338342083897
-0.11613129449566906	0.23145989825437221	0.9998598008265436	1.03285031992543
-0.11859619515456421	0.232990170190989	0.997642307331449	1.0313290698358046
-0.7385490944230259	0.2577924256049525	12.16999052402288	12.199568888054161
-0.7673777099418382	0.2794929729542306	12.167860037328083	12.19970092910691
-0.8859739050964024	0.5124831431452196	13.165502344659531	13.231029998942715
-0.8859739050964024	0.5124831431452196	13.165502344659531	13.231029998942715
-0.08566411285824026	0.3298216020339054	6.8853838721359795	6.895223816597273
-0.3016382932967333	-0.06487473893519508	6.3228542020630965	6.354039602865399
-0.5257505656533341	0.6840299722384151	40.971225277986875	40.983969440041506
0.34218793098215583	0.03878899917323883	8.904975878305514	8.912725304006052
-0.45971250611743175	-0.5203041567560911	115.97980884820791	115.98293767797519
0.46588035862969945	0.0015149603017027835	773.6197020858554	773.6199998850557
-0.2699835034193073	0.29807067150087796	743.452802931111	743.4532548586877
0.719204590528572	-0.47075955002462944	3660.827528496998	3660.8277499853807
-1.351563912458563	4.2893048240833345	-20.941293006024594	21.41874444610466
-0.035176380220559245	-0.06033784249971913	0.5536769675985136	0.5580647071908642
0.14925021763123292	4.613872310217874	-21.932269567243516	22.41282092224659
-0.028857045361244303	-0.0494983237927471	0.45421050344822955	0.4578099983267787
-0.021782877055295344	-0.037364043619957155	0.34286294490580627	0.3455800406243412
-0.022601709464091038	-0.03676729630804437	0.3432477522344335	0.345950416624251
-0.022601709464091038	-0.03676729630804437	0.3432477522344335	0.345950416624251
0.11462788180789452	3.5435687682489094	-16.84452889673277	17.213604297748397
-0.1714297719629471	-0.0032761650695873334	-5.919905926158897	5.922388460287289
0.2797383189115266	3.5360054146115214	-10.825156506423575	11.39147054632518
0.07494186744516015	1.6002729177359243	-8.074023917009258	8.23142465841562
0.1977222831604175	1.923598216702807	-2.6397850308718946	3.2722758456119974
0.33520122984226486	0.43425255588010087	-0.464257134644966	0.7186583568323146
-0.12192328381084502	1.821513871444262	-3.8514508261876075	4.262212047463182
0.33248164574977085	0.42377640260949834	-0.468822050079273	0.7140900495103238
0.33248164574977085	0.42377640260949834	-0.468822050079273	0.7140900495103238
-0.13902820213526576	1.748460708575208	-3.86913298377946	4.248132970681403
-0.13902820213526576	1.748460708575208	-3.86913298377946	4.248132970681403
0.05938620457415841	1.2681047071143743	-6.3981009870486	6.522830099732142
0.03275259463078361	1.1513187795160922	-6.4102353942721715	6.512889180271772
0.03275259463078361	1.1513187795160922	-6.4102353942721715	6.512889180271772
-0.19572362818280642	-0.11039583350831866	-5.919235929229988	5.923499722678492
-0.19572362818280642	-0.11039583350831866	-5.919235929229988	5.923499722678492
4.9332920198851555	1.008911655097188	-1.4896045642509117	5.251113657034157
4.968929281881563	0.89581372581003	-1.4825701343249749	5.262200551374114
3.5032915320123266	0.6315840821752101	-1.0452705407045624	3.710059368041324
2.825398052078161	1.996881438364872	-0.8399422755640753	3.5603247966797884
0.7125158157574999	-0.29499381422070003	-5.293068935651226	5.348951195859713
0.6906214798583117	-0.39119874349400335	-5.290316615541862	5.349527491099678
0.6906214798583117	-0.39119874349400335	-5.290316615541862	5.349527491099678
2.813199797973317	1.959513500003261	-0.8621077947901156	3.53511189495467
2.813199797973317	1.959513500003261	-0.8621077947901156	3.53511189495467
-3.82087187107735	2.9075345663960594	3.4442939674093287	5.908974534038062
-3.7748059623950896	2.932821020307207	3.462580241421444	5.902547002707516
-3.7619061894213566	2.891882476494535	3.390287542154008	5.831721191410605
-3.1898828056649564	2.4521521067468797	2.8747712974311703	4.944968380185475
-2.2887904726458186	1.7594572344267245	2.0626930697613934	3.5480916402331673
-1.6675837001666767	1.2819182185246634	1.50285200095428	2.5850945539417536
-1.6746213098224512	1.2757855438897077	1.491561425538658	2.580066040136246
-1.6746213098224512	1.2757855438897077	1.491561425538658	2.580066040136246
-4.17798331802528	-2.299218878127556	38.119420471263076	38.41656113084806
-1.2911322230774207	-1.5322877992893444	28.856752493478012	28.926235371841408
-3.4588744787042613	-0.32720070909055576	9.778184222507907	10.377078570231776
0.3630466945941799	0.2102043749105039	0.848779452725218	0.9467921319148133
-4.723013506317575	0.1552897883190938	9.741482997452458	10.827163178269261
0.14663211579244334	-0.10652520286832898	0.20547955194597806	0.27398985838134055
-5.49085239458915	0.7393540070894818	10.095844514313576	11.516170406179313
-2.6758310442120417	0.36030588015481313	4.91996000394388	5.612120681600718
-2.6896920451212885	0.36352278549954276	4.918643098332185	5.6177969028736605
-2.6896920451212885	0.36352278549954276	4.918643098332185	5.6177969028736605
-1.5018050229084359	0.19209769580266234	1.5276579861554969	2.1508274626827624
-1.5074304488285168	0.18976702150992913	1.5270485195371495	2.1541205308730267
-1.5074304488285168	0.18976702150992913	1.5270485195371495	2.1541205308730267
-1.1665842116762328	0.0804252282636778	3.8537060761601842	4.0272121202771824
-1.176247944966496	0.08595530134838973	3.8538608080074264	4.030284192133781
-1.176247944966496	0.08595530134838973	3.8538608080074264	4.030284192133781
0.3607304159257974	0.2109354624614878	0.8463609554299357	0.9438999254021131
0.3607304159257974	0.2109354624614878	0.8463609554299357	0.9438999254021131
-1.309110266055473	-1.4155614575102893	43.43330223230265	43.47607763737699
-0.6544739373698882	-0.09075606308953818	9.132574133911088	9.156444894666588
-0.6444000023024306	-1.3912669627697793	34.44180682712692	34.47591815516721
-0.6761168778947246	-0.07448111304938079	9.133889829968934	9.159182545117499
-0.6761168778947246	-0.07448111304938079	9.133889829968934	9.159182545117499
-0.7258458968998032	-1.3294070985963722	34.45561384670278	34.48888953058564
-0.7258458968998032	-1.3294070985963722	34.45561384670278	34.48888953058564
0.017978042975391156	-0.11672634178221997	0.24777633627573437	0.2744838095649982
0.00774171659226397	-0.05026477343315949	0.10669760753946278	0.11819839710726932
0.007452054055475496	-0.050165137045356835	0.10718940199585955	0.11858179449078954
0.007452054055475496	-0.050165137045356835	0.10718940199585955	0.11858179449078954
0.5776393658902248	-0.842163516164778	533.9464784503139	533.9480405698354
-0.4188729257270356	0.1033988716397545	18.878839184129603	18.884250961983923
-0.4228630383782085	-0.6453744463715647	37.066223871179226	37.08361578144668
-0.23156529964617414	0.07278059717631775	9.906564047867978	9.910456616031167
0.2459709525270254	-0.3898029417256339	75.56741133652663	75.57285010714038
-0.0026394135032344057	0.438812961033494	8.578738956910813	8.607407594310487
-0.0006821097818647814	0.054146399499481766	0.5522791864049732	0.5722100859724958
-0.40592635218157613	-0.21843844112206334	1.9284919134551386	1.9874084171647108
-0.05562658905988743	0.07624830912313799	11.076085396680497	11.090027748347321
-0.41176110987256476	-0.7907301243477779	4.851377181406466	4.9832087984990165
-1.6973426471174937	0.41317476682960874	7.279834086009498	7.531170462518676
-0.2058859614671772	-0.3493969785463298	1.1563557209034663	1.3225889547069203
-0.8359405380613907	0.8013309000011778	1.7138467759174723	2.1264803098532985
0.0984088396976407	0.19277968223834563	0.1334942847019004	0.28790385558832887
-0.2925468666329933	-0.024549318112693827	0.9806707777668452	1.033141470207449
-1.6675307466998808	0.6484111150255533	1.737814886207297	2.498114514769454
-0.7564111686340095	-0.18759679225301237	1.657001518544553	1.9929107244140394
-0.6337676492609836	1.0986982147605064	1.2170521735854487	1.9671482009372283
0.9162813497787041	0.25890726776551304	-0.4841979837312948	1.1784175341548249
-0.27484679926764216	-0.10145660673914018	-0.3848549826029657	0.502162487799534
0.6642011798421729	1.1047086426547734	-0.23285215280724464	1.4012067048179775
0.9651287449444501	0.10128008190572897	-1.0663659589656698	1.5240037566061486
-0.08037612065155011	-0.07657133877698125	-4.154380127243657	4.158054512957967
0.1731544731623724	0.6773796467157437	-2.627422699974594	2.7735023569852384
0.6284912805222725	0.36203667356485536	-3.1542040307341845	3.3413090079842207
-0.09100437936149088	0.46643166229228067	-3.2761118877821103	3.3475909406644915
-0.4118531273815576	-0.15430995047319102	-1.0379818394795939	1.1359228157486974
0.12470402969250491	0.40201560038316514	-2.0980593963466285	2.144411493503839
0.537791929704968	0.9393967836396434	-3.4671703634715305	3.8230023509937325
0.11102152206398958	0.17056322033470295	-3.962549588908048	4.142199636901593
-0.200785042410562	0.18974320688075286	-4.043485306622595	4.146170605289142
0.14759550014523126	-0.1873452570435856	-0.39891751697922084	0.6809064359019635
-0.1926453784479243	0.6243420111860324	-4.976177682416037	5.020705041739119
0.09422860514069802	-0.5089190195498414	-73.00940201009378	73.01711334080522
-0.6221683768750729	-0.04367372386906719	-29.67902002569982	29.689677507706794
1.0996813058798027	0.5273407186745853	-866.4410638336933	866.4423347074916
-0.46633198727694825	-0.11962299436079571	-1315.8113330413257	1315.8120839613446
-0.09240546457190213	0.7186381012012956	-1661.3963204823756	1661.3970639766455
0.4848082300876351	0.7458449061090494	-1557.9646712792453	1557.9650034573413
12.7271471717177	4.3029485549674025	34.295619491129315	36.83320726840914
14.896708816308543	-1.2253903048112331	31.851789445125227	35.18451372143149
-1.5954731755086902	5.020133859471479	-1.2401131641356598	5.4115764136379285
-1.727390847579814	4.993326307365299	-1.252069180720632	5.429996683741098
-1.7068140805592307	5.004621286359315	-1.2502413458066146	5.433465924089369
-1.6714782277219984	4.89247990507448	-1.345410547013499	5.342314912780921
-1.6532164763199475	4.8390270689655965	-1.3307112511831463	5.283947399982615
-1.589144338933849	4.651485502801208	-1.2791381418364374	5.079162480039015
-0.07259795250869905	3.18305615667943	-0.2874788236127461	3.1968360973482923
-1.4177443512351158	1.3330564794811481	-1.6183099530431688	2.5310009338331616
-0.23135395868235087	0.33862489691593955	0.4679386563196996	0.6222202673391567
-0.6859104420443475	3.638642205352081	-1.7195772869963646	4.08254041976668
-0.16191794439557167	2.3310048917601147	-1.6905568383089218	2.884056804170114
-0.5289983527970517	1.2763133486499338	-0.2283753448681099	1.4003464997448418
-0.1293446714697854	0.5686149939008118	0.14459219278023328	0.6854633159691645
-0.4106934070013866	0.6386176543007837	-0.8126173677848312	1.160064036751674
-0.41514380202294787	0.6210742734522054	-0.8185340523973297	1.156276621071379
-0.41514380202294787	0.6210742734522054	-0.8185340523973297	1.156276621071379
-0.5730779030171163	0.538845533892552	-0.6541501459792494	1.023076344075611
-0.03357836600815409	-0.9552863743282145	-3.2343385908407805	3.372631863077091
-0.020392805669766645	0.782881718093908	-0.7122393083431025	1.0585860774626799
-0.09223439949340913	-0.5771535553073769	-3.673174430871901	3.719384869903217
0.04946589894518842	-0.025322693982077232	0.11786112108397134	0.13030486503632943
-0.0872285443451335	-0.5458295903653441	-3.4738195346912346	3.5175219857549425
-0.07618881867101318	-0.4767488899170057	-3.034169704554746	3.072341132778946
-0.08876542640892986	-0.5319443522524321	-3.029109583894255	3.0767432401906456
-0.08876542640892986	-0.5319443522524321	-3.029109583894255	3.0767432401906456
-0.01120267112970002	0.4300715930551478	-0.3912645893959529	0.581528205600224
-0.01341728375799723	0.4214365671672069	-0.3954944484400703	0.5781043698122661
0.04914734588822547	-0.025210793302399316	0.1180683214054377	0.13035019841293238
0.03573006213022824	0.39622577386480756	-0.2774261270346326	0.7084545682251985
0.03573006213022824	0.39622577386480756	-0.2774261270346326	0.7084545682251985
14.918494257108078	-13.622039272266264	-118.67362307647963	120.38085495182727
18.634684052198644	-16.49613278178617	-119.57933573714448	122.14168568435724
18.060595583116495	-15.987927781479012	-115.89539252700473	118.37880281769696
13.414421687768652	-16.932096571288707	-116.6806228170034	118.66343305534583
13.424187253181383	-16.926736066594692	-116.55065912896188	118.53598331592008
14.667058412253041	-20.871095048940305	-116.23080740519853	118.99716719768867
9.08181495798571	-13.190084033454905	-80.93699699858064	82.50609167139686
5.566981702865284	-7.627558179376518	-35.3085097024483	36.54944303909015
5.46817966767525	-7.492185312735888	-34.68185906762882	35.900768487947715
4.949072936336048	-6.7809351226090175	-31.389431314424137	32.4926268914835
4.685783953585487	-6.774329483311902	-30.752570298503336	31.836593586194752
2.2312990583096926	-2.8648689264704816	-18.175736925156976	18.534928708413872
1.8671948663150788	-3.0503586551855415	-17.541072011950106	17.90196391244486
2.5139529725352485	-2.922588689525925	-14.74401703221243	15.239669367884394
2.4518432266811865	-3.1933024864239767	-14.715901879724484	15.256686537767703
2.5359351730447135	-3.666251065070725	-16.64321817949679	17.229889014278356
2.465731115179497	-3.97205281688427	-16.607565144440425	17.253065047675285
4.917574341860684	-7.165355303308247	-31.32346702416491	32.509751585442984
4.917574341860684	-7.165355303308247	-31.32346702416491	32.509751585442984
7.11380488242543	-10.331820746279906	-63.39812108933528	64.62719626826231
6.849663330514388	-11.488577233467103	-63.29627298445627	64.69407599087829
1.794041654269182	-3.3705785280773295	-17.510896608436326	17.92235713020291
8.64370498478357	-14.859155761544432	-80.80716959289259	82.6164331210812
8.64370498478357	-14.859155761544432	-80.80716959289259	82.6164331210812
0.01868996548544076	0.332091707796359	-470.0846339054995	470.0847709593292
0.4336272623136987	0.6233272229382705	-140.84396697393353	140.84607847570467
-0.125779803789657	0.11304071596831086	-182.97618563940642	182.9763170186074
0.021380630365204545	-0.6319671441630781	-31.2282095831746	31.245773547021415
-0.14035234483591238	-0.1804771040523922	-2.425792273784138	2.4973743299391233
0.7348126174813907	-0.925754836854328	-10.56395454923679	10.630784877139114
0.4076818304148609	-1.7196813662054198	-7.155002137894919	7.371281006026389
2.6094861370527678	-2.7711030187412207	-22.52886228985323	22.860699640153605
0.9930472375109222	-2.4328805202281547	-10.007531916796019	10.358733572180757
1.3028400881696043	-2.1258806174341762	-11.53067860291949	11.830362229149099
3.2947437892262017	-5.323400529485071	-27.749962385966928	28.46127775675178
1.9035522777806946	-2.4310487235835487	-13.056244470352938	13.42755258648436
0.9610034282469545	-1.365199387631054	-7.24563598546847	7.477171963176349
0.24083739827137474	-1.335545534268344	-3.8006343189387994	4.072670545883332
0.6162729219371009	-0.6047105542804068	-2.2383517832188917	2.564487758161796
-0.28850916188056935	-0.16692815308432363	-3.262970603222754	3.317483295267217
0.48451059819304837	-0.20499443543606438	-1.2245824642306715	1.4985796115875543
-0.3343384074364636	0.5020589744249803	-1.943217892512884	2.157512867670152
-14.304921552120872	6.56352221252676	262.82595353078796	263.29677638325654
-10.897543359521013	5.280165862651721	161.91026759816418	162.36280441196772
-0.28206418522613114	0.2102900477287835	3.7265676084810586	3.7431388231457974
-0.019574108070602128	-0.2751647866639786	2.596286593582038	2.6109007797196004
-0.26116143477345066	-0.02769192338737156	10.69905266949445	10.702275466565515
-0.26458913087988345	0.7117218956257868	30.27217260849243	30.281693973475992
0.17796299542801125	0.2041365540306811	406.32675686880015	406.32687109008975
-0.4479464988473186	0.09393411747019689	337.12604606231093	337.12638376859803
0.3910051603436764	-0.607946328673471	281.2407308858573	281.24169440673273
0.10120917823134057	-0.23207126812159057	79.61904926532709	79.61957413896864
0.08542502731520793	-0.0021459193697165313	173.08669829912958	173.08677202413406
-0.40002664062815885	0.12811850444239242	17.23383603067485	17.23895414451177
-0.018846285098876717	-0.02471963280263792	1.6450031534547507	1.6452968174721543
-0.5490426874333931	-0.7187189041681207	27.203522859949185	27.2189114498084
0.12617964905518464	0.0733444577965559	9.86270101123004	9.864704331638288
-0.11106337640835218	0.05513092615022151	7.295739995645626	7.296793581886543
-0.12050192323782198	0.017649671026096235	2.6108240522223514	2.6136630341446243
0.11390993172079245	0.05333900186614044	7.680475754985462	7.682773465974655
-0.028389978126851317	-0.1342320806136281	41.92379735757494	41.92425418425749
0.1604509989330843	-0.30890986297814627	25.963138223966222	25.965822456908235
0.06932337500030024	0.20620288277807627	2.8223330375533178	2.8341434189102634
-0.07091087283721921	0.06176207307889428	3.981097354722514	3.9846529131451516
-0.0010519156663154352	0.17084800517652346	1.7753085646349813	1.7886112622550727
-0.36242637941269285	-0.18459887387111934	1.8289357643067508	1.8736156635470889
-0.04349997276888334	-0.033839567250944	0.09955614914838799	0.11379275361762213
-0.13485963016702812	0.09421607034840301	5.339536068031171	5.343892681787917
0.05312882052501236	0.06140443020554732	2.139580230872903	2.1456645881547733
0.02610422058212834	-0.07937219143081237	3.5969690977764253	3.6004704784046324
-0.11641327254144257	0.08359465530919252	0.6789179729937451	0.7077778714921842
-0.29534783733112224	-0.8743247796569703	4.172459208412721	4.275430927006833
-0.30537115623445277	-0.10187235733504055	0.8905438726193214	0.9571717161558753
-1.1471916583887205	0.30244251666503114	5.060418871600853	5.199503737657796
-0.24477983249432095	0.2126046074996183	1.328871341789326	1.3744950087050074
-0.2058859614671772	-0.3493969785463298	1.1563557209034663	1.3225889547069203
-0.026433755014324198	0.08842022370012823	0.051809299022186776	0.10583516820276881
0.1248425947119649	0.1043594585382174	0.0816849856797136	0.1820686873855601
-0.2874910505888687	-0.04545743069860113	0.3458431287750509	0.47308005326300345
0.0346962882705196	0.11082447060188617	0.41019092301524146	0.44857805778708715
-0.5036164063156604	-0.2529638321562974	0.9009674667542608	1.071252613363949
-0.22748781493479275	0.4887562208287055	0.31998436860326773	0.8003993113396569
-0.4062798343261907	0.6099419939318006	0.8970678049821806	1.1667488895975713
0.9162813497787041	0.25890726776551304	-0.4841979837312948	1.1784175341548249
-0.2346786223615663	-0.061987338180574315	-0.3723469142246007	0.4444757703416663
-0.04016817690607585	-0.03946926855856586	-0.012508068378364934	0.057686717457867666
0.6642011798421729	1.1047086426547734	-0.23285215280724464	1.4012067048179775
-0.08321355676554168	-0.10906644865416287	-2.8906542831254916	2.8939077681922325
0.002837436113991572	0.03249510987718163	-1.263725844118166	1.264146744765734
0.06532832837810588	-0.07145858565655933	-0.11867943980587886	0.153163081012856
0.10782614478426653	0.7488382323723031	-2.5087432601687154	2.6203392759723823
0.6227071490920414	0.15941698697737589	-2.754222120009196	2.871677761817163
0.005784131430231099	0.20261968658747945	-0.39998191072498845	0.46963124616705737
-0.09100437936149088	0.46643166229228067	-3.2761118877821103	3.3475909406644915
0.5444503216881075	0.8146485984816846	-3.163845799411371	3.4949593125882648
-0.0066583919831395486	0.12474818515795877	-0.30332456406015945	0.3280430384054679
0.19273842525206464	-0.010227081234029739	-3.0032676099233093	3.1527227622284966
-0.08171690318807509	0.1807903015687327	-0.9592819789847389	0.989476874673097
-0.35606634976630014	0.09832278653740263	-2.104997608085344	2.1943293412642952
0.15528130735573814	0.09142042034335024	-1.9384876985372512	1.9518412640248466
0.14759550014523126	-0.1873452570435856	-0.39891751697922084	0.6809064359019635
-0.18560454532440152	0.6278328807390018	-4.81116273332922	4.855503065590425
-0.007040833123522738	-0.003490869552969539	-0.16501494908681655	0.16520197614869428
0.2685728999411769	-0.5684134830523238	-48.123409961040586	48.13004811457264
-0.17434429480047886	0.05949446350248222	-24.88599204905319	24.887065226232586
0.6820466195217342	0.5671375273588466	-376.2623118863693	376.26338336121205
0.4176346863580685	-0.03979680868426133	-490.178751947324	490.17895134627946
-0.5406456985521649	-0.6256965828346357	-944.6282272367126	944.6285994856096
0.07431371127521666	0.50607358847384	-371.18310580461315	371.183484475735
-0.006842598997099526	0.3808453399984595	-1139.981809003126	1139.982418588066
-0.08556286557480261	0.3377927612028361	-521.4145114792497	521.4146453885797
14.8306135448674	-1.2388218064843004	31.403311994058654	34.75125583028064
0.5284355404326577	1.3363332157361703	2.1390767693715147	2.5769516893292743
0.6143059780995431	-0.10679992330879604	1.0034546431177045	1.1813971724792987
-0.1430686614867789	2.05964663785822	-1.4937547838014247	2.5483163596519813
-0.13142745820061133	0.5644610567109123	0.1390637200120376	0.6812695351590725
-0.022457170048216332	0.03370756224534081	-23.05600578217523	23.05604135908712
0.04114713553365709	0.2983841455510182	-447.0286281233244	447.0287296002421
0.23709271790117492	0.23140698867722517	-56.333056758406606	56.33403097504341
0.19653454441252372	0.3919202342610452	-84.51091021552692	84.51204750066125
0.2725835368474544	-0.665190703644023	-18.817400494336567	18.831644155674056
-0.25120290648224985	0.03322355948094491	-12.41080908883803	12.41412939134736
0.04494818401608455	-0.0872453732110717	-0.9301979065079896	0.9457166724579449
-0.04010594532837338	-0.12393362631223612	-0.979776360098691	0.9982031513123076
-0.14519458352362358	0.030701895470915605	-0.5158180071774578	0.5534545061688709
0.26522279475844046	-0.8973976710690145	-3.9644010909835368	4.073345273984398
0.14245903565642046	-0.8222836951364053	-3.1906010469113815	3.2979357320419913
0.3051581295827853	-0.2446306309458846	-2.808959314936037	2.839489011690901
1.3333972329947625	-1.195578628630368	-9.466306337001784	9.635236991846948
0.97093077447522	-1.3308937591649683	-10.253596637915415	10.385973636615757
0.9930472375109222	-2.4328805202281547	-10.007531916796019	10.358733572180757
1.33329101610092	-1.9727092613291557	-10.425110095087351	10.705128816139553
-0.03045092793131557	-0.15317135610502053	-1.105568507832141	1.1252334130095474
0.3975314087809194	-0.3978158048512024	-1.8765510189929184	1.9639786524654779
2.8972123804452825	-4.925584724633869	-25.873411366974008	26.497299104286302
0.9255583887746998	-1.0118510521523831	-5.473039458192306	5.643835698716169
0.4700964511799791	-0.7173597073976181	-3.3514911532866867	3.4621248062668863
0.5078974378260155	-0.7018379640335474	-4.231713858873944	4.321592081501305
0.3649479478311917	-0.537566453364608	-2.58398490096479	2.668074670942178
0.605297884903925	-0.6819925265312164	-3.085165540650096	3.2201281859311743
-0.009242404488162048	-0.1456404077352298	-1.5764855438535856	1.5889691063029965
0.3062770157811985	-0.5857754735727618	-2.3114088593229543	2.4040693481661193
-0.0654396175098238	-0.7497700606955823	-1.489225459615845	1.668601197717212
0.6144962222832744	-0.688150969553245	-2.1249790108600757	2.3694532856322263
0.001776699653826555	0.08344041527283826	-0.11337277235881602	0.19503447252956987
-0.28850916188056935	-0.16692815308432363	-3.262970603222754	3.317483295267217
-0.09982018911831039	-0.17448159528415974	-0.5063801426936022	0.5624131320149925
0.5843307873113588	-0.03051284015190467	-0.7182023215370693	0.9361664795725618
-0.03978224178103226	-0.04048309797435348	-1.0615348511517417	1.072174208369366
-0.2945561656554314	0.5425420723993337	-0.8816830413611424	1.085338659300786
-11.937817059252353	5.477424476043823	219.33487298369238	219.72778650367235
-8.644025518247764	4.186261396541822	128.70383836178993	129.06212020069268
-0.39413551917513784	0.09503393485182286	257.16167021269416	257.1619898057229
-0.05381097967218065	-0.0010998173816259872	79.96437584961674	79.96439396287512
0.10379222580731519	0.010333386816127152	76.42926113871047	76.42933231302115
-0.018367198492107266	-0.012479306185843683	96.6574371604191	96.6574397111129
0.08853926566472234	0.04052707883545999	2.586944990763765	2.588776937266152
0.03764038339046231	0.032817378961095926	7.275756020466276	7.275927394372136
0.16511331235178775	-0.3118964636849113	25.908703687896583	25.911107050784246
-0.004662313418703466	0.0029866007067650933	0.05443453606963894	0.054715406123986385
-0.03001595916268958	-0.004591117230737678	0.12010266632955796	0.12388174450398963
0.02896404349637414	0.17543912240726112	1.655205898305423	1.6647295177510828
-0.027809520328206806	0.007922841021348825	0.21387414766720905	0.21582004510959968
0.05391374091033514	-0.08729503245216119	3.383094950109216	3.384650433295033
-0.22466274082796908	-0.6693271696556017	3.432260176049914	3.5041235884674093
-0.07068509650315317	-0.2049976100013687	0.7401990323628068	0.7713073385394238
-0.23253402505815274	0.17450577212248464	1.2729590528059829	1.3057369901456093
-0.012245807436168193	0.03809883537713367	0.05591228898334323	0.06875801855939806
-0.4809269807396781	-0.26266339894130786	0.8171512168218923	0.9838795318026914
-0.022689425575982324	0.009699566785010418	0.0838162499323685	0.08737308156125777
-0.22748781493479275	0.4887562208287055	0.31998436860326773	0.8003993113396569
0.6227071490920414	0.15941698697737589	-2.754222120009196	2.871677761817163
-0.18606761102722993	0.16348075872994222	-0.8375412039655954	0.884478472088743
0.09506323166573906	0.3029509035623385	-2.438570683816515	2.4631124685757486
0.41027521913704573	0.6030784635173795	-2.6942621056199467	2.9447288967366867
0.13417510255106171	0.2115701349643051	-0.4695836937914243	0.550230415851578
-0.35606634976630014	0.09832278653740263	-2.104997608085344	2.1943293412642952
0.055849070109641914	0.32496039280041233	-887.9331537737439	887.9337107236978
-0.06269166910674144	0.05588494719804713	-252.04865522938223	252.04870786436814
-0.07426653865635789	0.13087114679227035	-297.36723812032085	297.3672761923938
-0.011296326918444715	0.20692161441056572	-224.04727335892878	224.04736919618594
15.156432297941668	-1.0599736925823877	31.376721588149458	34.861721728154805
0.6805366633040044	1.7112218551752603	1.9856575581215903	2.708181368715139
-0.17095040578013934	-0.10353038553719482	-0.04338284325757226	0.20451076513226785
0.611363481243188	-0.10643433017124652	1.0039706897712375	1.1802756960797445
-0.15257934683051677	2.0240001831770913	-1.5139607250538945	2.532179747882411
-0.13142745820061133	0.5644610567109123	0.1390637200120376	0.6812695351590725
-0.18705299064551414	-0.038197041607640786	-8.466393720626932	8.468545947680047
-0.06414991583673571	0.0714206010885857	-3.944415368211097	3.9455834436673114
-0.030571484039423724	0.055831629572889584	-0.08065407881922862	0.10274661516232739
-0.11462309948419985	-0.025129734101973982	-0.43516392835822915	0.4507078910065435
0.0788951949955824	-0.15643213067967981	-1.2936075447880095	1.3054179189956125
0.8920355794796377	-1.1744616284852885	-8.959989093127406	9.080555717620145
0.7605712214118828	-1.6261145720488372	-7.3949590922353075	7.611019441901538
0.23247601609903937	-0.8067659481793173	-2.61257282456071	2.7477141302792183
1.33329101610092	-1.9727092613291557	-10.425110095087351	10.705128816139553
1.544189220317838	-2.493428305758307	-13.317501151127539	13.636625021404155
1.3530231601274445	-2.432156418875562	-12.55591021584647	12.860674082882149
0.19948253729645476	-0.29527765974621545	-1.3056453832333852	1.353400179470243
0.726075851478245	-0.7165733924061677	-4.167394074958921	4.290435519245926
0.2924664558741737	-0.5267391828857516	-2.5053780496405946	2.5768022753443183
0.17762999530580537	-0.1906205245118665	-0.8461131036460916	0.8853225309225679
0.229710087088356	-0.2706277840527226	-1.4399811282968549	1.4830885919130083
0.27818735073765954	-0.4312101799808248	-2.791732730577089	2.8385034895882972
-0.012670845831106805	-0.09505353753704915	-0.39785517975586754	0.409248664495019
0.0034284413429447585	-0.050586870198180624	-1.1786303640977178	1.1797204418079774
0.6144962222832744	-0.688150969553245	-2.1249790108600757	2.3694532856322263
0.018529921491975597	0.02064248308023492	0.028014276021937984	0.03942422807424256
-0.016753221838149042	0.06279793219260334	-0.141387048380754	0.1556102444553273
-0.30878058430455824	0.039460951559361496	-1.6127530959353087	1.6484401564176834
0.02027142242398891	-0.2063891046436851	-1.6502175072874454	1.6690431388495337
0.22337332139323995	0.013200084794337135	-0.18261482717845642	0.28882184483560597
0.36095746591811884	-0.04371292494624181	-0.5355874943586129	0.6473446347369558
-14.189268348118226	6.536828476630703	250.39350540652057	250.880395831466
-0.0020665523699776693	0.03450046550540016	2.1477968129216407	2.14807488285561
-8.949035571179524	4.415357233920361	128.6675116095057	129.05432213195974
15.174857020496413	-1.1184461411347546	31.454169633543525	34.94126492700086
0.6735383692613708	1.7088946182267883	1.9680322439453402	2.6920485999105357
-0.17165119338838059	-0.10562663474035665	-0.04219533443267547	0.205916401498553
2.1726311447888627	1.4086468948764241	4.22889356528554	4.958644265549306
0.7985356675743085	0.5177384993649871	1.5543008091160142	1.8225156710798815
0.7940096118926572	0.5183531852976464	1.548437399858259	1.815709136884525
1.4053730931358452	0.41191885512639986	2.5524080896294965	2.9959848329642695
-0.15257934683051677	2.0240001831770913	-1.5139607250538945	2.532179747882411
-0.007137859196677322	0.03837133516046738	2.1474183587538147	2.1477730131251844
-0.007137859196677322	0.03837133516046738	2.1474183587538147	2.1477730131251844
-14.78199406611743	6.9842860188358795	250.33652801675345	250.86981655680776
-14.78199406611743	6.9842860188358795	250.33652801675345	250.86981655680776
12.938153738321454	-2.33955146984679	27.173702958911278	30.187405581395154
12.449923616919126	-2.6691607660788117	25.63020385105115	28.618741529087785
0.3303578621070521	0.40204577040984213	4.444104115313731	4.474465164274814
0.30170428755101764	0.3671743482983796	4.058644941462898	4.086372626185405
0.29203848925836484	0.37426417322679284	4.054660715251361	4.082356386496912
0.29203848925836484	0.37426417322679284	4.054660715251361	4.082356386496912
2.476050375994767	-0.7277519621104592	6.51892055399029	7.011189169609997
2.459071665624592	-0.7199788679348125	6.523907652649313	7.009049442488378
2.459071665624592	-0.7199788679348125	6.523907652649313	7.009049442488378
10.002526815480318	-1.9065373818568765	19.496742470911514	21.995644897567
9.948445297571189	-1.891641318128529	19.50674427779447	21.978692932803906
9.948445297571189	-1.891641318128529	19.50674427779447	21.978692932803906
-0.17165119338838059	-0.10562663474035665	-0.04219533443267547	0.205916401498553
0.6735383692613708	1.7088946182267883	1.9680322439453402	2.6920485999105357
1.4053730931358452	0.41191885512639986	2.5524080896294965	2.9959848329642695
-8.949035571179524	4.415357233920361	128.6675116095057	129.05432213195974
-0.11071289500386422	1.4687236861571198	-0.8553673630735795	1.7891896377160652
0.10318889866107955	0.22522049863644433	0.3071684782731666	0.4170662971969661
0.004414442776129124	-0.023605469770938053	-0.1204413918675399	0.18591024523441596
-0.14197982038620777	1.819899838382077	-0.059082065558129504	2.0538929296608006
0.803885775106051	0.13295371459332778	1.6342385157117219	1.9065109961334268
3.1700495220810914	-0.8670999668998699	7.206355633569079	7.975775099350353
1.0869720042356716	0.6386099234873255	1.1534618599179203	1.7144342564105246
5.057379013249959	-0.04851649861401747	8.691703069979269	10.06840376142544
1.7019286699287446	-0.4766363528685663	7.155795202174581	7.387345147498253
0.40887911636962343	-0.1450855626345831	0.7320218075955666	0.8623036959121065
0.1483038860177751	-0.185679246355001	2.1529808661552825	2.361056801533094
1.2916559210121146	-0.22010621483955792	8.869957743970037	9.01530720102264
-0.3292098481834201	0.4533647148231861	6.70010549397684	6.829291238606413
-1.2369848355627313	0.37977355941846025	25.93864698821824	25.99827219622198
-2.0773158834174623	1.1823561731538528	35.43612760943501	35.52583032580504
-3.016506423119183	1.3484742411438613	52.37400352222502	52.478313792562794
-4.1504145145816125	1.8703191190099913	64.6453075218853	64.81637300110602
-12.12889160924561	6.2513404967578925	192.37713513222053	192.8641329577002
0.831480496063736	-1.3920942038085962	-7.743659626275987	7.912759954379296
0.501810520037184	-0.5806150575205594	-2.681450468811365	2.7923688617602584
0.08156565948848797	0.2967688459037583	-0.16024812048651235	0.374010627825334
-0.049273981001768725	0.5514290235563928	-0.231901574006968	0.6162467185722199
-0.14300457349058346	0.6205258166969686	-0.46321766858009916	0.7989322913185112
-0.0025530787589513534	0.15382829580176507	0.15339098540186719	0.21725205914554777
0.10574197742003089	0.07139220283467926	0.1537774928712994	0.1998142380514183
0.3603256263984142	0.11004386251406938	0.9393771851630293	1.0216914845594247
0.2520627963466926	-0.055593360796120865	0.4479726894958543	0.5355236600756972
0.19149735236094426	0.07850321287537926	0.24688864105283828	0.349295851498305
5.057379013249959	-0.04851649861401747	8.691703069979269	10.06840376142544
-0.37641931177918364	0.3924234883747202	4.740545570505903	4.863255266120795
0.04720946359576356	0.060941226448465946	1.9595599234709367	1.9660359724856176
-1.155130570377749	0.27935929143942073	23.94020283648141	23.99563339365326
-0.08185426518498219	0.10041426797903949	1.9984441517368305	2.0026388025687205
-1.3682347290423944	0.7698154220221258	27.784460514120337	27.829128766516444
-0.7090811543750679	0.41254075113172683	7.651667095314675	7.696701559288597
-3.87332165329177	1.667112798936568	59.69199610018342	59.85115726534407
-0.27709286128984295	0.20320632007342357	4.953311421701894	4.965215735761943
-12.096895530397829	6.208376979191895	191.47723887000657	191.96264369229
-0.03199607884778004	0.04296351756599728	0.8998962622139294	0.9014892654102317
0.09169672281455674	-0.24734996518867547	-1.315914017977729	1.3420953755095273
0.7397837732491793	-1.144744238619921	-6.427745608298259	6.570664578869768
0.3887648938854141	-0.4728755449263144	-1.9260079351793533	2.0209542276065857
0.1130456261517699	-0.10773951259424502	-0.755442533632012	0.7714146341536727
-0.04761332958261354	0.0435281946283325	-0.0637410453893438	0.09068987677172667
-0.09539124390796994	0.5769976220686361	-0.3994766231907554	0.7082424145467845
0.14287790364722816	0.11242394223744463	0.14994424045436944	0.2356618623881952
0.04861944871371608	-0.033920729362065374	0.09694440059846883	0.11363398911010979
1.7325169266165599	-0.05435540188305964	3.3615320352107863	3.78469903947132
3.3248620866333995	0.0058389032690421665	5.330171034768482	6.28370472195412
-0.8573050052413164	0.1599923585812923	18.76229579412031	18.806039048076578
-0.2978255651364326	0.11936693285812844	5.177907042361105	5.189594345576687
-0.4346829165000364	0.20542205672316424	4.936170306752086	4.9595286829038825
-0.2743982378750316	0.20711869440856256	2.7154967885625907	2.7371728763847147
-3.528369853631254	1.5352248843019562	53.26663084963717	53.41367448447833
-0.34495179966051526	0.13188791463461158	6.425365250546246	6.43748278086574
-1.500807650466002	0.7057331775304223	21.773727052106874	21.836796300309597
-0.02519791838604293	0.018386260872386675	0.283409163476296	0.2851210352520321
-10.570889961545785	5.484257540789087	169.42010265442346	169.84072635672837
-0.14141114132818583	0.11692027770089877	3.3426856916222167	3.347717893611302
-0.15641442380824677	0.0024466551572296658	1.8352213507388884	1.8418764519653847
