0.0	0.0	6499.999932280723	6500.0
0.8477348744691886	0.6489338956200105	317.7671778871751	317.7689712857404
-0.7063954660581035	-0.6618052663034452	66.10300770294388	66.11459413858132
-0.14133940841108517	0.012871370683434687	6116.122880258936	6116.122890808307
0.0	0.0	-6499.999932280723	6500.0
-0.5049087327242843	0.1729724611834541	-429.68941801345863	429.6897494763465
0.5020734991918683	-0.2005916548487866	-3560.1730226112354	3560.173147221017
0.002835233532416076	0.027619193665332664	-2510.130625224361	2510.130647070009
1.262177448353619e-29	-4.440892098501068e-16	317.76800961110615	317.7680096111061
-0.7063954660581035	-0.6618052663034452	66.10300770294388	66.11459413858132
-0.14133940841108517	0.012871370683434687	6116.122880258936	6116.122890808307
3.0803743916167247e-14	0.0	-429.69016847935916	429.69016847935916
0.5020734991918683	-0.2005916548487866	-3560.1730226112354	3560.173147221017
0.002835233532416076	0.027619193665332664	-2510.130625224361	2510.130647070009
0.0	-2.2204460492505655e-16	317.1468042254089	317.14680422540886
2.220446049250313e-16	0.0	-428.12834019395353	428.12834019395353
-7.664454681993298e-14	5.684341886080802e-14	-428.12834019395325	428.1283401939536
-1.7763568394002505e-14	2.842170943040401e-14	-302.8959299908898	302.89592999088995
0.0	-1.7763568394002505e-15	-81.63730041391142	81.63730041391143
-10.901322885639104	13.854559397401687	-220.082396869548	220.78733901335553
0.0	0.0	-81.6373004139114	81.6373004139114
0.0	-1.1102230246252196e-16	233.61050625721364	233.61050625721364
0.0	-5.551115123125783e-17	156.44379706896729	156.44379706896729
5.3290705182007514e-14	-6.927791673660977e-14	130.96702110495235	130.9670211049525
2.0417989317269343	-0.6994501364608428	25.414321953040233	25.505801961588656
2.6645352591003757e-14	-3.4638958368304884e-14	129.60308967397998	129.60308967398004
-2.6645352591003757e-15	1.7763568394002505e-15	129.60308967398	129.60308967398004
0.0	0.0	77.99414708510648	77.99414708510648
5.283604012398407	-18.628210103396263	46.61270774644313	50.474460932945355
-22.16353968459433	17.947615982092216	72.72227950812855	78.1144631143914
22.16353968459433	-17.947615982092216	-76.36543283693348	81.51698438462648
21.98904737046102	-17.332414789596417	-70.53254216437628	75.8865621231356
31.7649826621199	-29.7567120592303	-67.54353971069601	80.35300736594182
29.08788240255461	-28.922361472526532	-67.20227866611141	78.73216721093118
2.677100259565297	-0.834350586703774	1.022670386387797	2.984771585983101
2.645861896391459	-0.8236493971570275	1.046008539429127	2.961944862547579
4.037072430579904	-1.7314136003238225	0.22217729495763905	4.398307585370688
0.8155749540641523	-1.2909215946770665	-4.266483761744205	4.531503586948519
4.228017521394863	-1.4627760007094601	1.0936948257853771	4.605650243062655
-0.19094509081502498	-0.2686375996143341	-0.25031214512988953	0.41386272800583157
-0.19111674685817379	-0.26833697847846194	-0.2497246640274123	0.4133917666961915
-0.19111674685817379	-0.26833697847846194	-0.2497246640274123	0.4133917666961915
4.453197690573199	-1.1857270113059117	0.576409735177718	4.644261663545087
4.457765009507412	-1.1795791937851305	0.5688220760156157	4.646141895009461
4.457765009507412	-1.1795791937851305	0.5688220760156157	4.646141895009461
-0.14998477823094264	-0.4455104559021963	0.04128382678161946	0.4718891335609482
-0.14955284232946156	-0.4448999374208509	0.04193694572048692	0.4712331847209623
-0.14955284232946156	-0.4448999374208509	0.04193694572048692	0.4712331847209623
0.5861359699800257	-1.3131300180289553	-3.710353240660613	3.9792696553556013
0.5109405790326322	-1.1446685515303074	-3.2343519768345725	3.4687691013122226
0.3773569585147154	-0.8453989775694288	-2.388742008033761	2.5618715983358893
0.37467902152358595	-0.8442262073889778	-2.38876990919362	2.561117712539029
0.37467902152358595	-0.8442262073889778	-2.38876990919362	2.561117712539029
8.930966957487524	-8.647381836557043	-20.627641166685027	24.08399808014586
4.444928401948951	-3.684900409037917	-10.169604763949465	11.694303766275437
4.619622176056426	-5.2617510014799365	-11.303646371536209	13.296591816846568
4.607822100247306	-5.254768001615901	-11.308190104810626	13.293599012489835
4.607822100247306	-5.254768001615901	-11.308190104810626	13.293599012489835
4.434111051404494	-3.678945589131577	-10.175107323599617	11.693108676085613
4.434111051404494	-3.678945589131577	-10.175107323599617	11.693108676085613
28.998005905726913	-28.891572873809036	-66.88868736812941	78.42004735692619
26.791220417474314	-26.69288707596517	-61.79837236191372	72.45218104715457
18.089692444070202	-18.02329681605551	-41.72686171631057	48.920416898599626
17.72443836638101	-16.511187157272385	-38.89551061798534	45.82178262551477
0.36525407768912416	-1.5121096587830514	-4.393179383730424	4.660462558490043
15.0888217088946	-14.055980453000966	-33.11176426917861	39.00810249263104
1.2224675430916534	-1.7564357424661359	-3.3176735141124074	3.947967952956063
14.05224583216419	-12.774083632731283	-30.662137907618693	36.06673712230448
1.2190383101766356	-1.7543308100798252	-3.3185769286640854	3.946730776774012
1.2190383101766356	-1.7543308100798252	-3.3185769286640854	3.946730776774012
12.106226697583047	-11.00507023281367	-26.4159051140808	31.07205076396719
12.078647175279869	-10.988752740206282	-26.4301000934045	31.067613286470326
12.078647175279869	-10.988752740206282	-26.4301000934045	31.067613286470326
1.1278051352211698	-2.879028650349003	-5.266443920943891	6.107060009940012
0.9419134688596706	-2.404489728152286	-4.398396768390791	5.1004574273098005
1.8626247237572047	-3.3048200351371655	-7.0828597453432	8.03480606476589
1.0253078796836055	-0.868683092932729	-1.5617698165854712	2.0603377208811855
1.0238435676532198	-0.8674456018744111	-1.5630251983473493	2.060040119489157
1.0238435676532198	-0.8674456018744111	-1.5630251983473493	2.060040119489157
1.8550108774985934	-3.3008070543650985	-7.083717359749244	8.032150658360267
1.8550108774985934	-3.3008070543650985	-7.083717359749244	8.032150658360267
1.8730655999543937	-1.0882877127054966	-4.910481811593331	5.367082681433853
1.8676338094901435	-1.0857538068142694	-4.913180188518683	5.367146070325907
1.8676338094901435	-1.0857538068142694	-4.913180188518683	5.367146070325907
-0.05793052233846707	0.14696220906362206	-895.9112009400284	895.9112250347356
0.12728499540054733	-0.178106781832074	-793.7892449285018	793.7894641699896
-0.19926168946526202	-0.09587152282765299	-28.848240368815947	28.84942544890036
0.3940054067575629	0.08321526810055632	-453.77766544656055	453.77786559390154
-0.3763759465265989	0.2722300831309176	-199.2975337742366	199.30008194340488
-0.06887279950220127	-0.3585676570202075	-80.18125122765282	80.18673652870689
0.06127751821906537	0.06749951680118957	-14.680534768044073	14.681438342177454
0.3401169156356191	-0.1236565314230411	-17.653260816976946	17.663980401890697
-0.07800301840115727	0.09446459814389616	-24.292359980350472	24.29884567358325
1.1426228472642554	-0.9489441292404213	-4.948906611672335	5.240498981549526
-0.014408493576124892	-0.5614308548199995	-0.5548848979241159	0.8017413824141211
2.116694950169637	-1.7800387173310352	-4.326752312288351	5.137042018911638
0.6226479479557772	-0.13864557210328893	-1.0399278011335793	1.2279424572136552
1.1025428402838346	-1.078917490149949	-3.2388523215275686	3.589992705602217
8.38195603868018	-8.54576956957526	-20.48381888986814	23.762444804133043
1.3906512450852229	-1.9567861351399314	-4.609049763623655	5.198628893524928
1.8129197532565176	-1.9409157004096604	-4.330217611220251	5.081741446912309
0.9488504278344932	-0.8596269601348347	-1.8412218991626097	2.2466849639743276
8.060362934845095	-7.651683768071564	-18.255118335656103	21.372535651559968
-0.07318461034772177	-0.11814128042603425	-0.33839342329554956	0.3899269914511304
1.383341776720375	-1.3773309150037507	-2.740459378358744	3.427479152574821
0.7717872271964814	-0.9755502159050178	-0.592733030366186	1.4922863624112268
0.0049242796468828565	0.4647456243147987	-0.3823550448515412	0.6167882331669571
1.711583431326817	-1.047597839726166	-0.6290835233107733	2.2428899892389778
0.17176149392338486	-0.3836182667899123	-0.36993321965047987	0.8751080488466099
0.7193095417878135	-0.17742359089407841	0.11143405371055357	1.0818279973466283
0.828647318266105	-0.244821656827348	0.3801914618429243	1.0914573706194644
0.16572037673505152	-0.116708528169918	1.6084110028504184	1.8010349091072388
0.07525105588014411	-0.08863936593142263	-0.05536658120561597	0.18990761390265334
-0.15046628202451395	0.12135176461805432	1.8340558919289105	1.849488348820113
0.275654808341774	-0.03136401178160532	1.2727619437359925	1.3930585710656962
-0.2226915203179364	-0.21138612749480193	14.317458697709917	14.353419495378693
-0.38645668729586913	-0.3554352593300792	17.74960134949388	17.775466145070386
-0.10008477266857126	0.45607735465804317	19.294078944429007	19.32252199951939
-0.007857687680276254	-0.6615999642709164	9.753123280584644	9.7765366959451
-27.27265138285943	35.96062489299268	71.88562367800176	84.87936703181052
-26.405100697848894	34.85804930452268	66.28838339660504	79.41324019025662
-6.984158367169952	18.023826185622	24.30686745454835	31.05751895950809
-19.165861770112905	15.961655710845221	44.19308373898557	50.746844835749386
-19.905926876223788	16.215176579827826	44.00433952480678	50.9477052803268
-19.78292443279149	16.114969125595078	43.732471454125466	50.63293679531458
-19.046878945644742	15.515332347369004	42.10559377296468	48.74934935353785
-18.929568168967865	15.60945129577819	42.12935810592349	48.75423299813065
-18.929568168967865	15.60945129577819	42.12935810592349	48.75423299813065
5.54144092136811	-18.955896642694082	48.044712866729164	51.94543309531616
5.286360360802055	-18.083329234638608	45.83314506980036	49.55430949031536
4.542806750214393	-17.82861332392373	45.92571611910461	49.47391178466051
1.865426413842311	-9.75085338108032	29.152552848478507	30.796595509051294
2.5543778929397845	-7.977552488610659	17.045031341307418	18.99208476062146
1.1648220523069281	-3.637844301680547	7.772706005440625	8.660581979510553
1.2620580585525474	-3.1962170960945437	8.943991781994331	9.581418645738566
-0.8332814933923612	0.15800957264006826	0.45559190460705357	0.9627507755486793
0.09500630154691891	0.15336829486308	-0.12274271907276502	0.21820588050785572
-0.7996058714771153	-0.3212513077034471	1.4902816281281326	1.7214851970139304
0.0949331127503447	0.1535344329691826	-0.12305082484786091	0.2184642384908275
0.0949331127503447	0.1535344329691826	-0.12305082484786091	0.2184642384908275
-0.6330815940535441	-0.2543481698014318	1.1799186353911941	1.3629722236179775
-0.6297961140504811	-0.2517147635529098	1.1813403959347741	1.3621925702817916
-0.6297961140504811	-0.2517147635529098	1.1813403959347741	1.3621925702817916
1.1333761350903826	-2.870324510614108	8.032044777546016	8.604478343765457
0.6613648000858698	-2.6698961127563496	6.204239999154276	6.7866296951292355
0.3054870575809418	-0.2673315357597732	2.138167771128675	2.176361622032172
0.311219350749308	-0.2629185544715717	2.1377943500389165	2.1762693614588597
0.311219350749308	-0.2629185544715717	2.1377943500389165	2.1762693614588597
0.6783510392733962	-2.656515432078327	6.205141542438136	6.783879121494213
0.6783510392733962	-2.656515432078327	6.205141542438136	6.783879121494213
1.8212375313891236	-9.519871708108662	28.461976837828814	30.067074832808267
2.1006980121509633	-4.4805949106506535	11.666998045368778	12.673101683575435
1.1100953598710481	-9.378984984388243	26.067304128327148	27.725475930344082
0.5408381619277377	-4.5694389717057895	12.699983587728779	13.50784444543693
0.5753228365340658	-4.542518069876139	12.70265686616498	13.50270188669353
0.5753228365340658	-4.542518069876139	12.70265686616498	13.50270188669353
1.984869187038001	-4.233542720709095	11.023700118501717	11.97432895657943
1.8046361960679551	-3.849122391180213	10.022709999410166	10.887018449268837
1.5712916486900728	-3.351420015416606	8.72674534270654	9.479296273533627
1.4439405651536055	-6.459599552145486	18.700930676770497	19.837746820320856
0.6966082814798067	-1.701366475953717	3.3931352065348	3.8591809381203417
0.7060078394718822	-1.6938683530493368	3.3931824360682357	3.857631930511231
0.7060078394718822	-1.6938683530493368	3.3931824360682357	3.857631930511231
1.4946792959647868	-6.420022657927626	18.703402431971668	19.83098635112166
1.4946792959647868	-6.420022657927626	18.703402431971668	19.83098635112166
1.107657247119518	-1.8240193129771303	86.18961250014048	86.21602666532239
0.8635780710344478	-2.3739851442034405	50.77825548509268	50.84105430318115
0.28826805853826276	0.3189841582546329	36.10193302569769	36.104493038384476
-0.48209213717247495	0.719030221402721	10.713628119154006	10.748546169763674
0.8861890208237008	-0.6470982530896476	26.03160283341075	26.054719595616817
-0.36758362816482343	0.20784964133408967	9.045668396678554	9.055519639411461
1.4340056399585774	-1.2393682239526318	17.98692455582385	18.086510463516053
-0.23315098714602783	-0.3178636586916107	5.020722163094208	5.0361739175002045
1.9005011744825056	-1.4192069410246562	14.262167049433428	14.458058721751218
1.058379823766511	-0.6865286177436405	5.196613004004417	5.347548607326991
0.6905922466903427	-0.9392637467160779	12.328613491362349	12.383611939029972
1.072354505942119	-0.6757323563991922	5.19512856837888	5.347515240360289
1.072354505942119	-0.6757323563991922	5.19512856837888	5.347515240360289
-0.08162188312034874	-0.11127823525657587	1.7576627171611674	1.7630720928947599
-0.07692861770046398	-0.10768221429939179	1.757906170248022	1.7628804766329997
0.7235226039582214	-0.914020057304425	12.328024296390572	12.383016622616212
0.6465939862577574	-1.0217022716038169	14.085930466638594	14.145897099249211
0.6465939862577574	-1.0217022716038169	14.085930466638594	14.145897099249211
-0.26953566274713125	0.40200673754541527	5.989943898398543	6.0094664319294075
-0.2535409813885881	0.41426327648117883	5.990116535004721	6.0097748039690595
-0.34344393623417147	0.22633459059364955	9.04618060118017	9.055526740803298
-0.5969849176227595	0.6405978670748284	15.036297136184892	15.065301544772357
-0.5969849176227595	0.6405978670748284	15.036297136184892	15.065301544772357
-0.2098618649824182	-2.0153799204686735	43.579473597790766	43.62655518473518
-0.09356518478763069	-1.9263267781464959	43.58141496172644	43.62406697416233
-0.09356518478763069	-1.9263267781464959	43.58141496172644	43.62406697416233
0.8608834615915223	-0.04158173987745983	11.922466108057305	11.953578856280158
0.9434747025804835	0.646999233486514	17.63935995637014	17.67641853410741
0.3880077438532169	-0.1252245370449202	21.972756133938432	21.976538474370738
0.9905585431264972	0.6830669856956126	17.636970551327046	17.677966991786285
0.9905585431264972	0.6830669856956126	17.636970551327046	17.677966991786285
0.4466284693344546	-0.08034813097412599	21.972055756443524	21.976741500414338
0.4466284693344546	-0.08034813097412599	21.972055756443524	21.976741500414338
0.9341416846072674	1.1245691765163384	16.39141864114285	16.456484484509346
1.503519778593551	1.7998711677771506	88.46584406586274	88.49692465973467
-0.5693780939863772	-0.6753019912609248	11.46187254348198	11.49585779297648
1.3207701274101313	1.581100631619619	77.71300770491825	77.74031051829834
0.8501711425676114	1.0177441953003243	50.02335772265296	50.04093236608632
0.9836337945814616	1.119921692473671	50.020758901009586	50.042962353082615
0.9836337945814616	1.119921692473671	50.020758901009586	50.042962353082615
0.1594730374094419	0.08437156494558262	0.6644125496447248	0.688472400868303
0.16126321731208482	0.08575780528302791	0.6640352179876075	0.6886965929585082
0.16126321731208482	0.08575780528302791	0.6640352179876075	0.6886965929585082
-0.5461014802123423	-0.5409030200489068	21.550296354787868	21.563999533550625
-0.48859875051592716	-0.49687714100793984	21.55173266574417	21.562996000740856
-0.48859875051592716	-0.49687714100793984	21.55173266574417	21.562996000740856
-0.3255434173331852	0.5272567092543814	2308.183467192592	2308.1837416009917
0.7529676715003152	-0.5167484779101792	3350.1108999895755	3350.111156217067
-0.4225887086319008	0.010869528189225264	110.93292807829386	110.93381563341103
-0.3114009697709469	-0.12223109446502113	34.20766298403112	34.2095649991911
0.2602872772219944	-0.1164502473966385	88.77590433661	88.7764649020794
0.24651703922275048	0.02955045240373555	28.860357674725794	28.861763091985022
-0.5521966068830994	-0.14685166716576936	63.4431969344548	63.44592345890882
0.002934857743495521	-0.07311644085553368	83.71899399706487	83.72343398151857
0.33612463705435236	0.4633822872740446	66.30169032789071	66.3115151846081
0.2644633443653545	0.1443667524671388	35.60110182790299	35.611053089669454
0.23193041630602046	-0.15754437405212537	2.7267841026790274	2.744711874737753
0.07099971020416254	0.39569627311614475	4.665164892520445	4.684534102630952
1.0857626302022836	0.4694151397934515	34.73998072963991	34.7603755986434
0.2055524371470388	-0.2653705785439586	27.249643060611625	27.26287983182065
-0.20686509202895648	-0.4294674699569624	6.786192510749797	6.80425336590342
0.2532094610753797	0.11783792091219113	18.519770062104747	18.537034573288125
-0.10168721814270218	-0.32520581024442996	1.5452852813583944	1.5885482350351323
0.05118998176363779	-0.14448983473269386	5.888094629256803	5.891743025162998
0.30944910607379805	-0.6195509739886877	16.023372446965986	16.05430794699065
-0.16278497365967004	0.039850451980863816	5.753862710918824	5.757994693222161
0.2956232168984646	-0.531492131145054	6.144949626631368	6.293620024466907
0.9591802331882435	-3.1172725894944864	10.610429631568081	11.101266228152117
0.5748536183512702	-1.9887242433414558	5.5402791424943425	5.988365751041217
0.842784598103656	-1.8435587600385657	7.167821055511061	7.45024383824069
-0.14015254783202724	-1.6135654911482449	4.022675135794556	4.4123667523494845
0.6787552737425202	-0.9159537495514424	3.5444365820468793	3.7258811658455766
0.751271852374604	-4.982273742409124	12.501957892898005	13.514067361142365
0.3063043084262221	-1.2936528158329352	4.793978398501659	5.0662758697138175
0.3177637781755508	-0.38511847887312106	0.8221500390207466	0.9719570633787082
-0.15729174451952554	0.22946686843626957	0.4419936877678281	0.5405866642181882
-0.7658148475589871	0.221390289494652	2.310924660373671	2.4485380560341485
-2.229434770837914	1.7377154543451372	3.3517577781352217	4.439900150728428
-2.8888796680290714	2.337541905400289	7.581798775444378	8.44469539723512
-7.681075280754913	6.246101668770222	16.1239038467976	18.921217153526694
-0.6725707400663842	0.6299205555818805	1.6273516849410163	1.875005176957758
-3.886020336402659	3.2796692980556355	8.518809288196946	9.921981457784241
-1.0119250797465753	0.9852643565416905	3.057458791992516	3.3706100463304796
-11.009567924676503	15.487733959669548	-261.71807511588713	262.40699558407107
-11.01493812041019	15.489573604151861	-261.8117760681597	262.50078445634995
-7.616943806728321	12.107656795579759	-207.99911613162533	208.49039665550973
-3.7262279092476414	3.3070922033000056	-56.38141252364632	56.601106980644516
-6.063628721965557	9.638555484229986	-165.58208209514072	165.97317631491646
-6.257898870954776	9.705694446703891	-165.5780440507615	165.98027134165002
-6.257898870954776	9.705694446703891	-165.5780440507615	165.98027134165002
-3.358175508350646	4.261438420597925	-74.376357219816	74.57398818252321
-3.4454205949440206	4.2916229622150945	-74.37326850052715	74.57661844155567
-3.4454205949440206	4.2916229622150945	-74.37326850052715	74.57661844155567
-1.9213674856512564	1.5147550940402965	-24.42208934011677	24.54433913851588
-1.9499710824403063	1.524736811671551	-24.419596796902987	24.544732984706368
-1.9499710824403063	1.524736811671551	-24.419596796902987	24.544732984706368
0.10824503903653371	-1.633174562266759	-83.59673195670622	83.61275363232991
-3.8055962047308793	-0.8686623227957049	-29.774579270888324	30.029364086888677
3.8656964107884972	-0.6402659689045684	-53.654581449754104	53.79746889770574
-3.807582274814557	-0.8679819634471603	-29.798097913366963	30.052915244996715
-3.4793486792477557	-0.793157358176078	-27.229345326234807	27.462196065172122
-2.5423271044717324	-0.7049183655015594	-29.24535933381187	29.36411721083966
-0.5357599131519298	-0.5493527774783225	-1.7151383362019073	1.8789695769152734
-2.667005015928348	-0.49897055532160595	-27.43125434784377	27.565115680260856
0.02360378175919378	-0.4603327656002941	-2.4250185101853377	2.468436381262451
-1.6095684907924215	-0.3011345231382139	-16.555080473229932	16.635867341461235
-1.628958649543418	-0.2943711943036399	-16.55171207315669	16.634281867115245
-1.628958649543418	-0.2943711943036399	-16.55171207315669	16.634281867115245
-0.37062917056214206	0.09385764509539941	-7.5548469348427005	7.564515017403071
-0.3794987567372381	0.09691081578597208	-7.554198556549561	7.564345764463498
-0.3794987567372381	0.09691081578597208	-7.554198556549561	7.564345764463498
-0.6632035728145905	-0.7520264428790856	-5.746345449956472	5.833169702659001
-0.6698896930920766	-0.7496072448045148	-5.744444647397668	5.831749954292464
-0.6698896930920766	-0.7496072448045148	-5.744444647397668	5.831749954292464
-0.3680665304385433	-0.9263556185704955	-2.2246723462250646	2.437780701979719
-0.2669924007411236	-0.6719706631501565	-1.6137588220078474	1.7683458512960968
-0.26877258974806423	-0.6711322865999718	-1.612692183021871	1.7673237757402085
-0.26877258974806423	-0.6711322865999718	-1.612692183021871	1.7673237757402085
0.6328277274977364	-0.5429238657123174	-6.934152995904469	6.984104454206056
0.6247162355123308	-0.5400718443978746	-6.934911740663508	6.983906415668566
2.972586532393878	-3.4136628544949814	-27.649917186372534	28.017981461732532
2.969717438946167	-3.4126800016918293	-27.614071421215744	27.982182668925823
2.5684557773220753	-2.951566216888003	-23.882919077436487	24.201291946342728
1.767934667110958	-2.0316395100835214	-16.439232071508926	16.658376367072297
1.7487792940688704	-2.024755303920242	-16.44093484564039	16.6571966926824
2.3734955295812012	-2.5648271483181166	-23.375846586303897	23.64110310835097
2.3734955295812012	-2.5648271483181166	-23.375846586303897	23.64110310835097
0.84244950588264	2.904132229313575	-25.828341061174356	26.004747780888877
0.9622849715043238	-0.12890679725639043	-18.909381211174292	18.93428918967578
-0.19439681539426257	3.225453086870927	-6.659445474993024	7.4019964720233205
0.9620908116178626	-0.12884028475265152	-18.89912165280792	18.924032810064762
0.737145707072431	-0.5187361785743643	-10.457514196633344	10.496288591173794
0.2240031939634346	0.5088846039383468	-8.648965242314455	8.666818374339849
0.72488556359347	-0.5144795027750613	-10.458487050237135	10.49619453035526
0.72488556359347	-0.5144795027750613	-10.458487050237135	10.49619453035526
0.21385297306734874	0.5123882311378022	-8.649797733460964	8.667599184508052
0.21385297306734874	0.5123882311378022	-8.649797733460964	8.667599184508052
-0.20018506582440043	3.227435942523518	-6.66865322076641	7.411298982129246
-0.03006154786046311	3.7975842637200383	-6.6179275734033585	7.630171381006212
-0.4968452456076568	0.23041565610691372	1.0158699958336124	1.154096365602585
-0.02819294776789613	3.561529675324932	-6.206562858130901	7.155886456788842
-0.027251037185897886	3.4425409652083028	-5.99920507199106	6.916812301339996
-0.02021973954687821	2.5542984371982405	-4.451293476152232	5.1321401924515015
-0.024943068466339556	2.55692360552615	-4.45334117274083	5.13524372177115
-0.024943068466339556	2.55692360552615	-4.45334117274083	5.13524372177115
0.30930606367607727	-0.20381191573028834	-0.0748464570079782	0.3779041282482727
-0.06360927696526722	-0.26580030030840396	-0.033843104966341464	0.27539298377744625
0.36588404300232513	0.9502309125881805	-1.588914947880471	1.8871832533593267
0.36423864958149227	0.9512354164234433	-1.590394321397159	1.8886166124546184
0.36423864958149227	0.9512354164234433	-1.590394321397159	1.8886166124546184
-0.06346855532496654	-0.26549150885370343	-0.03350302694138105	0.27502082030764397
-0.06346855532496654	-0.26549150885370343	-0.03350302694138105	0.27502082030764397
-0.8080199093763011	0.6702821602323081	0.6793517375691325	1.2504771615716832
-1.7560788318158451	2.105952869508955	2.655682407877496	3.8172633395738806
-0.1223767740930316	1.1933323736939083	1.52669201326985	1.9415990142986022
-1.7481251797302604	2.1127974038236834	2.657322639007347	3.8185361228345127
-1.7481251797302604	2.1127974038236834	2.657322639007347	3.8185361228345127
-0.11799450741177166	1.1969578143369586	1.5259446742256948	1.9429714001702176
-0.11799450741177166	1.1969578143369586	1.5259446742256948	1.9429714001702176
-6.936013534191035	17.89957991505551	24.13929621848454	30.84343960724358
-6.885353161679057	17.76884457133235	23.96297301627734	30.618179262327903
-6.810791811906479	17.576430511031393	23.703458641270295	30.286641381517676
-7.231649397351668	17.72060185474017	23.605478383097537	30.39151185438663
-6.904927669707947	16.920037877436734	22.53888273990087	29.01854308990707
-5.8344919731753775	14.291034794466189	19.035860056322676	24.51015789760629
-5.779619214625136	14.336608085796687	19.035302479565317	24.5233352168978
-5.779619214625136	14.336608085796687	19.035302479565317	24.5233352168978
-1.8219816308123788	5.127893998858708	6.866746170757773	8.778795846963604
-5.408285389723217	11.196421867293989	14.4909988307542	19.1109602687531
0.30824832730571206	0.3353843799680016	0.8561489449514699	0.9791375439409957
-0.7094645736745424	1.152209824248858	0.5417827607709158	1.6542666698359878
0.4832004978289119	-0.022364321062060266	-0.08366987466025708	0.5103560686269326
-0.41090998787141225	1.2633303495193018	-3.2467719959291275	3.55056595575954
0.11575303333418843	0.4792028413661692	-1.9313960560396088	2.1647794553382136
-0.25240224337864126	-0.033390023814580644	-1.5302974851187856	1.5575981394486154
0.7441879867295311	0.5119768162146571	-4.836957537050095	4.973280264211089
0.3633959580659376	-0.06483069325324534	-1.1048448276739853	1.1732099212265106
-0.14121668952747662	0.37060487374731244	-3.2239354585171505	3.459140205807008
0.12169151346375212	-0.18903625075849928	-4.54578339744333	4.5534788909054305
0.38919049497806807	-0.5158227090257477	-6.782283273159075	6.903741780245066
1.3078914864657634	0.38551218454646696	-6.504836187178871	6.647674284419715
-0.5804795650330271	-1.657036346296949	-19.0026594376853	19.106715664077914
0.23341888656187873	-0.7552144824035093	-8.613380819745423	8.70045712717982
-0.13206579588145884	0.39473805142463664	-6.119083802482278	6.134812619011708
-1.451601292643634	-0.12613685540396674	-9.209018517267886	9.37050979440307
-0.8992692624826522	-0.4143789686989472	-12.504413225972794	12.553265121251497
-0.5690996982976264	0.9315470319460984	-11.859425470577001	11.93723973926925
-4.391764709148994	6.387074858434028	-106.48218950546482	106.7640317905351
-1.2718335378941168	0.7777308444507551	-22.636311224087642	22.697633775508116
-0.5035408927603744	0.3248614511253358	-7.232740863399552	7.258777334413757
-2.130885313661118	3.281448510164652	-62.30676996737675	62.43889653071313
-0.3717718311425755	0.6343462265302184	-5.730254167758286	5.778809726669974
-0.9536993972847148	0.9217399368955017	-46.84892043846851	46.87708228862481
-0.4764221698148372	1.7288722364957312	-45.35540115404049	45.400563685078346
-0.3399184957489625	-0.4967126321248152	-23.368293980132314	23.376460624941778
-0.18634964147971758	0.22619770544097295	-74.53775552047428	74.5384538961013
0.2695605616531837	-0.38159524959379276	-407.5431264068432	407.5434165569302
0.4010149951127892	0.30567628191550933	-306.21599296123634	306.21643991797123
-0.13341975630969302	0.3515692654262936	-377.8184876185978	377.8187005270772
-0.0652968781283837	-0.08205840440718654	-26.776596094721707	26.777141656351095
0.35535642874892415	-0.5177999790100636	-1147.8062890094777	1147.8068443058316
-0.04724596555201066	0.19341243275758002	-1142.3475699464893	1142.3478540907677
-0.048964919567600934	0.0008511420293777355	-385.26873288885724	385.2687360013441
-0.008965602770866138	0.1461110670342443	-510.64246805117114	510.6424890333914
-0.11368834086336624	-0.042658427355479686	-261.3520263499625	261.35208941504976
0.12968876931047002	-0.00404210359179024	-220.90655163965747	220.90663098341008
0.11128456695344355	-0.13140625088480407	-311.53066693888184	311.5307437715297
-0.48745930949259964	0.36936712947049744	-171.09900193006305	171.10081860070264
0.11108336296600062	-0.09713704633957976	-28.19853184417359	28.19926334270226
0.06043269963557969	-0.4866617784716156	-65.66867409669497	65.6723904325695
-0.12930549913778097	0.12809412145140814	-14.512577130957862	14.514346096137391
0.004078341913511467	0.09789126662548697	-9.127265963712514	9.127791808827546
0.057199176305553906	-0.0303917498242974	-5.553268804331559	5.55364653334991
0.3401169156356191	-0.1236565314230411	-17.653260816976946	17.663980401890697
-0.2769389546639056	-0.06570919151141913	-16.068553843366928	16.071074497358335
0.19893593626274836	0.16017378965531526	-8.223806136983544	8.227771176224913
0.637045363123895	-0.4770359730795203	-3.5731808489193004	3.694404851322231
0.5055774841403604	-0.471908156160901	-1.3757257627530344	1.546094130227295
0.2939932027018526	-0.3468780757813524	-1.0591683500634292	1.152646518438655
0.8085496375819821	-0.7320394143685967	-2.179683971464139	2.437346187163562
3.336793428240036	-2.938250979690924	-6.556410784896329	7.922973644257909
5.045162610440144	-5.607518589884337	-13.927408104971812	15.839471159875137
0.4807972042541156	-0.34546791788300685	-0.8608450802522981	1.0447814537498163
0.46805322358037765	-0.5141590422518277	-0.9803768189103114	1.2019035102245113
3.0491178120820273	-2.985004433147488	-7.0050535968792955	8.202325694156356
5.011245122763069	-4.666679334924076	-11.25006473877681	13.170209957403616
-0.025458491379477293	-0.12469836838963166	-0.1562677182745161	0.20153763330226507
-0.04772611896824447	0.006557087963597406	-0.18212570502103345	0.18838935814886534
0.8549317383544391	-0.5530661104268503	-1.0498972704354155	1.4692019817289128
0.5284100383659358	-0.8242648045769003	-1.6905621079233282	1.958277170845908
0.4978956174283929	-0.23744073853039407	-0.28385682708015664	0.6358715541273045
0.27389160976808846	-0.7381094773746237	-0.3088762032860293	0.8564148082839225
-0.025765096029865698	0.42519947015949766	-0.3022000879416984	0.5222866289206682
0.030689375676748554	0.03954615415530113	-0.08015495690984288	0.0945016042462889
0.09779737086125029	-0.10630153679620219	-0.22096266109625853	0.2986111601587376
0.9819391217848243	-0.6873792184918999	-0.26469531143027647	1.2354100621652948
0.6318469386807425	-0.25391708443806416	-0.14342555078423838	0.7088687669149454
0.15087011587022037	-0.43527712135169994	-0.486897592323174	0.6846729252314715
0.020891378053164482	0.051658854561787676	0.11696437267269413	0.19043512361513845
0.3447231166792975	-0.2364053680456113	-0.051801397119674866	0.4437169084646423
0.1434246669874462	0.06670738169410945	-0.12457058620514053	0.24498597045634216
0.23116175812106982	-0.00772560454257655	0.287806037035369	0.39312511842564374
0.033511525577577056	-0.06137016503575854	-0.11670627549310995	0.1360502636620984
0.795135792688528	-0.18345149179158945	0.49689773733603426	0.9554071069573659
0.03236064592721756	-0.15877708127089935	0.5758367276025707	0.614267933965114
-0.02049219993665439	0.14358357134022728	0.0965116217209912	0.22322735102194288
0.15385193074448839	-0.10151501823924594	0.9360626535268567	0.9635396241201819
-0.13126260045635865	0.09698989828335594	11.80540424304376	11.817014088356805
-0.09142891986157775	-0.30837602577815787	2.512054454666156	2.536405407021887
0.0981483302349346	-0.3068827262448121	11.501283839087131	11.50664242229427
-0.48460501753080376	-0.04855253308526704	6.24831751040675	6.268823722776117
0.0033084969984754735	0.017358277716701058	3.908412301338559	3.908452247784568
-0.42589720563037625	-0.006488749527475796	107.0245157769553	107.02536338562645
-0.006042590226904513	-0.009467731185026284	0.18267064556162615	0.18301561567348276
-0.3053583795440423	-0.11276336327999485	34.02499233846949	34.02654938351761
0.056300426269817044	-0.06461006650963547	41.95311455992613	41.953202088481625
0.20398685095217733	-0.05184018088700303	46.82278977668387	46.82326281359777
0.12005497838934379	0.18847766131033827	55.08528365170507	55.087949062910795
-0.11712012064584826	-0.2615941021658719	28.633710345359795	28.635484918607762
0.3253946718275765	-0.05245752618384031	30.55468856766859	30.560517709355395
0.010729965226775884	0.515839813457885	35.74700176022212	35.7509974752527
0.008789359810242287	0.08684035149099872	20.051025209068616	20.05170093082126
0.23091643474244428	0.16733122504928988	6.6867890371475776	6.694322187565198
0.024757549812668013	-0.10980482407314981	8.8632875816868	8.865029971283002
0.44701210233476407	0.2647795679250052	15.54657878892428	15.555257634621633
0.6387505278675197	0.20463557186844641	19.193401940715635	19.20511796402177
-0.042436319030585444	-0.22089027502152292	8.012127819110692	8.016499568355217
0.3401424378829294	0.0056055265955509415	9.103071838203286	9.110495320034314
-0.09215368170530507	-0.05008583011798661	10.134443403297656	10.135884943431128
-0.17114266306321835	-0.22567576219905	3.4196603081297465	3.4313694035709013
-0.03572242896573813	-0.20379170775791244	3.3665322026200504	3.372883962332519
0.22592111001923565	-0.11278296748686191	16.068769256322444	16.071359169141253
0.027288351056144113	0.23062088839905306	2.4510008057823063	2.4656754041468725
0.39961577782424457	-0.5195919355309226	14.885330671253437	14.900409978480903
-0.09016667175044649	-0.09995903845776503	1.1380417757125494	1.1538979685097497
0.019391483994244035	-0.41960775800852657	4.782628632674711	4.892113564014271
0.27623173290422054	-0.1118843731365274	1.3623209939566565	1.4015064604526357
-0.25310414305190004	-1.5557733075112994	3.2098933060240427	3.5787409954553353
0.11295159521987277	-0.05779218363694544	0.8127818297705127	0.8336257568941493
-0.12725905123517695	-2.135870990065134	5.525692667871853	5.927132443011194
0.878530903609781	-2.8464027523439897	6.976265225026152	7.586934918131171
0.47679618147108005	-0.5293686146648195	3.246775716661099	3.326950265341781
-0.17049187304485786	-0.764284201168116	1.5472026818405618	1.739325604372038
-1.8395567624946367	1.2651167762137123	2.254527308709236	3.1759821647032025
-0.38987800834327707	0.472598678131425	1.0972304694259856	1.2639179860252248
-0.014673096179011096	-0.0011520204320010843	0.008191115340252283	0.016844027816160092
-0.6578976438873732	0.6310725760138818	1.6191605696007643	1.8581611491415981
-1.8677963389483152	1.5450638902462592	3.9379043064476105	4.624172998004103
-2.0182239974543434	1.734605407809376	4.5809049817493355	5.297808459780137
-0.8039753969075031	0.853809415945017	2.5324974750319416	2.7908619490458686
-0.20794968283907223	0.1314549405966734	0.5249613169605745	0.5797480972846106
-0.39156450970558115	1.1590216344673268	1.546109881949327	1.9761905985723256
-0.7064483247264592	1.6078075306376316	2.0670901480214807	2.715731130198895
-0.7239687963803384	2.361064833753749	3.2535461407869644	4.086874118192383
-1.6938150469242852	3.9986760164106094	5.212596741542845	6.785946055801477
-2.1457991912488827	3.8939689309332315	5.3000119938380905	6.919324759249653
-1.568671151550049	3.3037769199501463	3.9783900953732627	5.40568945370197
0.27475009329956357	0.3292968779104031	0.8359744424955808	0.9395623002629762
0.033498234006148535	0.006087502057598514	0.020174502455889046	0.03957524367801962
-0.4806640746983461	0.21868696395517856	0.20342239138255377	0.5828570966586474
-0.1655062061067873	0.4211288373238855	0.0866514472831626	0.4813834854893724
-0.06329429286940919	0.5123940229697942	0.25170892210519963	0.5900260876879684
-0.3291893793306655	0.8593189683596951	-2.049765551946114	2.250900520945303
-0.09290302923394547	0.23194477852807996	-0.6013874771614616	0.6650683056753726
0.011182420693198802	0.17206660263152646	-0.5956189668215515	0.6345971291388637
0.15703628900081568	0.5597304393230653	-0.6908119724769718	0.9135970265852793
-0.04128325566662726	-0.08052759795689612	-1.240584083562637	1.251182428752934
-0.005492784946706145	0.0569209509045624	-0.19179821105284733	0.24400103278761545
0.7496807716762374	0.4550558653100947	-4.645159325997248	4.729279231423475
-0.10209038455453422	0.12115928354719788	-2.2237930130398675	2.41882367616019
-0.03912630497294241	0.24944559020011461	-1.0001424454772831	1.040316529646818
0.2511397242221148	-0.4653014054213532	-5.34319353256226	5.450879330005813
0.13805077075595326	-0.05052130360439441	-1.4390897405968142	1.4528624502392533
-0.3463431423005727	-0.10354823142489658	-3.5372459794310798	3.5903204090374996
-1.1052581503430612	-0.022588623979070153	-5.671772537836805	5.780189385365568
-0.4983300618297783	0.11504441897317019	-4.662124647771093	4.692169443350792
-0.07076963646784806	0.8165026129729283	-7.197300822805907	7.245070295918459
-0.026221133295809662	-0.02485647035903657	-3.763253726120159	3.766014310117167
-1.2456124045983072	0.8025873148097918	-18.873057497967487	18.93161946539095
-0.4061409971156084	0.21016166733539765	-4.9480316008718335	4.969118147033893
-0.09739989564476596	0.11469978378993813	-2.284709262527718	2.289659187379865
-2.1103562831381644	2.5801077160194286	-52.82519290278143	52.93043589910263
-0.02052903052295374	0.7013407941452233	-9.48157706459533	9.508460631610495
-0.3806198424022024	0.6275375843778522	-5.685825300104897	5.732999583773757
0.00884801125962687	0.0068086421523663385	-0.04442886765338973	0.04581014289621806
-0.022527071174965455	-0.016449762182200362	-4.4996962108072465	4.4997826673256816
-0.1638225703047521	0.2426474676231733	-70.03805930966703	70.03867122877561
0.035213502546487634	-0.1572880681714029	-124.94944085038657	124.94954481050104
0.23434705910669607	-0.22430718142238987	-282.5936855564567	282.59387174642916
-0.058629400877079324	0.0027841066411506982	-4.497172175247202	4.497555194960328
-0.006667477251304378	-0.08484251104833725	-22.279423919474507	22.279586461390767
0.0928311241468796	0.2616897899918611	-324.137984516955	324.1381334950617
-0.031156392327611953	0.05261764548390271	-626.5960706571661	626.5960891851487
-0.1089206973712783	-0.12089500271818374	-191.61351477236803	191.61363141055728
-0.015883194091868537	-0.01177136801503995	-176.45646365564372	176.4564647631151
-0.09780514677149771	-0.030887059340439737	-84.89556269431878	84.89562465193468
0.07099108089729908	0.06459890147103318	-124.7752762652954	124.77531318266617
0.05869768841317091	-0.06864100506282342	-96.13127537436203	96.13131780074391
0.0438018100409538	-0.12978478260707985	-149.43869055590628	149.43875333310385
0.06748275691248974	-0.0016214682777242195	-162.09197638297556	162.09199043842588
-0.48745930949259964	0.36936712947049744	-171.09900193006305	171.10081860070264
0.06043269963557969	-0.4866617784716156	-65.66867409669497	65.6723904325695
-0.13870495319195192	0.12656668452113878	-10.02209854874877	10.023857416708541
0.009399454054170954	0.0015274369302693616	-4.490478582209089	4.490488679428849
0.637045363123895	-0.4770359730795203	-3.5731808489193004	3.694404851322231
3.2548225326114015	-3.526243290199996	-8.90516058275311	10.115836419451194
1.7903400778287424	-2.08127529968434	-5.022247522218702	5.723634740423943
0.09726978388457774	-0.18707993771503983	-0.4751723760040941	0.519854884433908
0.4311402544813581	-0.6371848668618604	-1.215389731919234	1.4384222864119998
0.08133898363788886	-0.3483587204825302	-0.08613691754187597	0.36795298199509996
0.19255262613019958	-0.3897507568920935	-0.2227392857441533	0.4884618262888225
0.4873781455786733	-0.13364103704502944	-0.12010848771656554	0.5194453122242397
0.14446879310206912	-0.12027604739303471	-0.02331706306767283	0.18942345469070568
0.06019431768013937	-0.05398399986629336	0.04484382073487122	0.09245861982877943
0.17096744044093043	0.04625839532371681	0.2429622163004978	0.30066649859686434
0.03402474380215333	-0.09357650883636304	0.2957057595847631	0.3120194584451517
0.11982718694233505	-0.007938509402882904	0.6403568939420936	0.6515201656750301
-0.13126260045635865	0.09698989828335594	11.80540424304376	11.817014088356805
0.3253946718275765	-0.05245752618384031	30.55468856766859	30.560517709355395
-0.01484488956037483	-0.10422310243574914	3.4757389477840355	3.477332894471029
0.03960243937304285	-0.005581721637400686	5.387548633902766	5.387697076811975
-0.04717920081638774	0.02837354040633914	6.777511454316171	6.777735052963621
-0.044974480888917326	-0.07845937052432575	3.3569319489814835	3.3581498904675064
-0.04181873520853921	0.018914570356711704	0.41068646406337456	0.41324319637605433
0.06910708626468332	0.21170631804234133	2.0403143417189313	2.052432207770818
-0.10230745317774313	-0.12369444122255127	0.8835177821143354	0.8979815148861975
0.012140781427296642	0.023735402764786227	0.25452399359821404	0.2559164536235523
0.050670931297794625	-0.022708533737905212	0.08009322960842108	0.09745843325345771
0.06228066392207815	-0.03508364989904023	0.7326886001620917	0.7361673236406916
-0.0017419502859654934	-0.23301180658308746	0.5406601671322865	0.588736743138582
-0.1687499227588924	-0.5312723945850286	1.0065425147082754	1.150588861233456
-0.03086319239053483	0.01508299668009272	0.13757692588373743	0.14180071921187937
-0.3590148159527422	0.4575156814513322	0.9596535435422481	1.1221172668133454
-0.1340121815112947	0.23723218346425928	0.38034148134494333	0.4678653824513009
-0.2575523281942865	0.9217894510030676	1.1657684006043838	1.5083252161210248
-0.27403383014779914	0.5053317383712237	0.740758616995575	0.9376449405419691
-0.4324144945786602	1.102475792266408	1.3263315310259056	1.778086189656926
-0.3078300735250227	1.012268154469733	1.5049132899085202	1.8396222929893151
-0.41613872285531583	1.3487966792840163	1.748632850878445	2.247251825203068
-1.4204444865205739	2.9151179319566007	3.5659181676223772	4.819890815638975
-0.14822666502947526	0.38865898799354553	0.41247192775088504	0.5857986380629941
-0.05187218351347319	0.48234249825760933	0.26773911868483036	0.5541021970015794
-0.011422109355936006	0.030051524712184974	-0.0160301965796307	0.035923890686389064
-0.13849757321601552	0.5161507933936942	-1.2708151820845326	1.3786096062062707
-0.19069180611464998	0.343168174966001	-0.7789503698615816	0.8722909147390324
-0.042691052569156174	0.022535067558704557	-0.03648060019284158	0.060507763384278115
-0.050211976664789305	0.2094097109693754	-0.5649068769686201	0.6045605422910945
-0.028805286197025458	0.17409748884828644	-0.5184592443103371	0.5476674795412062
0.03998770689022426	-0.0020308862167599806	-0.07715972251121433	0.08692964959765746
-0.05000500517748296	-0.058276589247281976	-1.2096823810395139	1.2121172073667312
0.008721749510855697	-0.022251008709614144	-0.03090170252312302	0.03906522138620261
0.03552976252302957	0.16873640759696565	-0.6915476507943303	0.7127218900755251
-0.07465606749597198	0.080709182603149	-0.30859479468295276	0.32759463957129287
0.059077880012445017	-0.047333895564101156	-0.25151223328418193	0.2626577565343062
0.07897289074350825	-0.0031874080402932575	-1.1875775073126322	1.190204693704947
-0.3463431423005727	-0.10354823142489658	-3.5372459794310798	3.5903204090374996
-0.10256620145149678	0.611876117479114	-5.111082713620471	5.148599684796974
0.03179656498364873	0.2046264954938143	-2.086218109185436	2.096470611121485
-0.9686453085214966	0.5570705347739666	-14.363122600751058	14.40652255607299
-0.2769670960768111	0.2455167800358254	-4.509934897216431	4.525096909317961
0.051407351565788746	0.15160964537189575	-2.118413628074761	2.1244539298317746
-0.07193638208874248	0.5497311487733276	-7.363163436520569	7.384006701778722
0.025336713676163115	-0.056009033567588275	-63.98024774729938	63.98027727953912
-0.1342574110474414	-0.06488596915059545	-127.63326702506866	127.63335413101815
-0.12289558248481343	-0.17158626638179847	-14.34028242604939	14.3425145987294
0.18332828212039312	-0.31507551208981716	-51.328391670645594	51.32987583384011
0.08880176282197481	-0.24093677874439182	-0.7183537106715141	0.7747179735023242
0.5482436003019203	-0.23609919433512855	-2.8548271382477868	2.9196868778199074
-0.020048170867583814	0.11248635195011748	12.003240041729493	12.004595219865115
0.34544284269516035	-0.1649438781339578	18.551448525939104	18.55592248949028
-0.2395829225533429	-0.254613753163046	-1.9197805188010697	1.9563397366886657
-0.1067602197472298	0.15106552173814947	-1.61746546063001	1.6339806723488337
0.09659573649823441	-0.109641555661002	-0.2643691679427297	0.3020646685664051
-0.007793973676259586	-0.13129522308338987	-0.45398454272878447	0.47265330493591906
0.5306785290990302	-0.200056998277754	-2.7395041326089107	2.797592786019423
0.01756507120289012	-0.036042196057374604	-0.11532300563887647	0.1220940918004845
