0.0	0.0	6499.999932280723	6500.0
-0.10512936869112677	-0.9197335595325162	693.4908746748816	693.4914925356597
0.17126790930214775	0.28471957943828763	-27.073201091466366	27.075239893205733
0.44806429364450984	0.6519564251009107	4890.232913486512	4890.232988606533
-0.5142028343914321	-0.016942445232401848	916.266119400686	916.2665885009462
0.0	0.0	-6499.999932280723	6500.0
1.4210570747220348	1.3793707064098242	-123.0228700149154	123.03880937924428
-0.32061884202994406	0.02036498859524727	-4653.855595290661	4653.855605073273
-1.1004382323713382	-1.3997356946782622	-1696.0382430080049	1696.0392765479364
-5.048709793414476e-29	-1.0412963948917356e-28	693.4971792601036	693.4971792601038
0.0	0.0	0.0010218594354101107	0.0010218594354960038
0.44806429364450984	0.6519564251009107	4890.232913486512	4890.232988606533
-0.5142028343914321	-0.016942445232401848	916.266119400686	916.2665885009462
9.490131953564433e-14	3.5527136788004994e-15	-123.03079842249947	123.03079842249923
1.0563024391342044e-12	0.0	-4666.836841427787	4666.836841427788
-1.1004382323713382	-1.3997356946782622	-1696.0382430080049	1696.0392765479364
-2.524354896707238e-29	2.2561421889320938e-28	684.3056148952566	684.3056148952567
0.0	0.0	-3723.0166126392382	3723.0166126392387
1.725869481112764	-0.8725533206834458	-1944.4311203202208	1944.4320820343692
-1.725869481112764	0.8725533206834458	-1778.5844704595827	1778.5855524643048
6.501604585430475e-14	1.7763568394002497e-15	-121.54562666598713	121.545626665987
2.8651080367624073e-14	8.881784197001252e-16	-121.31995072042606	121.319950720426
2.220446049250313e-16	4.440892098500626e-16	-121.28258032353438	121.28258032353435
-2.2737367544323206e-13	7.993605777301127e-15	-121.28258032353506	121.2825803235346
0.0	0.0	-8.858772653387327	8.858772653387327
19.436922536929785	-0.975648233430892	-111.40389851607233	113.09100075497327
-1.262177448353619e-29	1.1280710944660469e-28	684.2932900194598	684.2932900194598
-6.310887241768095e-30	-3.944304526105059e-31	671.880523884094	671.880523884094
0.0	0.0	671.7546155009677	671.7546155009677
2.3092638912203256e-13	-1.176836406102666e-14	580.1156529072663	580.1156529072663
-2.2299483188337312	-6.022132598500909	90.89825946143289	91.12481727639606
0.0	0.0	580.1156529072665	580.1156529072665
-20.686538589337538	7.685964534159695	5.441969432656919	22.72931941203887
20.686538589337538	-7.685964534159695	565.8149108212226	566.2451061486153
-39.65151802639105	8.637923294588912	37.88635692938309	55.517858766535994
-43.21568655551378	8.945268951562042	47.47520219225004	64.81904214253109
6.032571615552335	-1.242985621665763	55.41645745348421	55.757696242279074
-6.070352939439177	4.763379007625641	38.30621901105401	39.07563664615692
-35.01041190395222	3.74199844149508	28.780818028102637	45.476004446161596
-5.9216260967257845	5.165026328423132	38.33425393216947	39.13129408975353
-5.585702953830525	4.872023722544343	36.15962101021614	36.91144652061106
-4.5489240748141535	3.9677129607025043	29.447926592073223	30.06020354137815
-3.860839948297518	3.367544599583979	24.993543420672253	25.513205491619164
-2.023941471641437	1.137865259209902	15.178402372807959	15.354965809783135
-1.8368984766560799	2.2296793403740756	9.77777065097261	10.195610078727697
-2.40822012911485	1.2349213064873863	11.02205909051477	11.349464367021454
-0.7285401370566642	1.7255437768481454	8.503930837916746	8.707761581094955
-2.908546002749395	0.8007423851393923	10.33900203547298	10.770134228828454
0.500325873634552	0.4341789213479896	0.4573811094807496	0.8050060837539821
0.01230664626561484	0.5496311169926359	0.8984722742062017	1.165975233796217
0.11140547626156272	-0.01176788291488605	0.8976569023861971	1.033604168727539
0.013693466645815545	0.549757566523667	0.9019890939929949	1.1687622592559646
0.013693466645815545	0.549757566523667	0.9019890939929949	1.1687622592559646
-0.06641337927563878	-0.008546611818278038	-824.2217752986628	824.221778018672
-0.12234248378081247	-0.004600398809998296	-815.1677918247879	815.1678007859737
-0.12234248378081247	-0.004600398809998296	-815.1677918247879	815.1678007859737
1.7922828604515353	-0.8640067088970858	-2064.029571139429	2064.030530133569
1.7286775432294235	-0.7212688561994582	-2102.417744692415	2102.4185785241425
1.7286775432294235	-0.7212688561994582	-2102.417744692415	2102.4185785241425
0.46760842319760826	0.9335852777026936	3327.22270208833	3327.22286885187
0.01389537940254864	-0.12261538061235147	752.2809775920621	752.2811871993772
0.2086575709848416	-0.41421017287381195	244.80284265701297	244.80332179279836
-0.23403826407768843	0.26562145798132736	188.0929338446627	188.09406484677592
0.01894006437060782	-0.42988454919318864	104.6480061111663	104.6522093342136
0.11308234333783057	0.2223229738772721	209.32345773227664	209.32507308142468
0.1262953782175019	0.2671239344708774	5.441817386271259	5.45150454322937
-0.2974740523914444	0.003303986376190784	11.370109628351903	11.374801725274727
0.10146831279572542	-0.23398788233032286	38.27269327809635	38.276726830402055
0.4182132862423701	0.40070280655360074	1.8069890248567622	1.9617059259793166
-0.5220359900080412	-0.03315584463003478	3.1584873039343258	3.204550314616878
0.03667718180096221	-0.22286923020482444	2.280932894076523	2.3446515133633947
-0.24120752801522954	0.14192373265280445	-0.08106401526317572	0.8781548737885166
0.4065126771537601	-0.09516129667529731	-0.2750746593150623	0.517874403372998
-0.09733854711749171	-0.038125003785834874	-0.17439276407975376	0.24661899710279966
-0.2468896350607064	0.08501525856679315	-0.14343373542123208	0.3289910446296
-0.295722111606675	-0.007553919838070687	-0.6636592416083601	1.0768162521937457
0.7415801346509254	0.2361949964588431	-0.9770496374848905	1.5622758269494001
-0.36324393710569486	-0.28389736418712536	-3.1949619099401616	3.3620108955958075
0.2744385763900486	0.384334242401194	-0.4790362076501039	0.6860937477727731
-0.5731980852757556	-0.023116371937782307	-7.971771264843742	8.0317857133318
0.964388241379043	-0.28579422737073074	-55.17659666188393	55.193739616025546
-0.434784014086986	-0.3748369847649283	-10.208712519226577	10.225730820076706
0.273614204302712	0.2359205490817723	-110.53252766458155	110.53710031366236
0.21238182412688958	-0.1334607097366055	-391.7032515036902	391.704093313306
0.07865646688896848	0.10953203394130422	-13.230168763553491	13.231592096314381
0.07163934363234578	-0.29716038851728366	-862.1318117034458	862.1323051067966
0.2255084227066166	0.14097206666835063	-167.47441443813688	167.47468375355726
0.7875976091378912	-0.6197369877426435	-952.5962500241781	952.596787430988
0.18465229412268822	-0.11130755110038106	-96.07498393785835	96.07532724006354
-0.060652853807301794	-0.14161568752249043	-117.57251401188638	117.57515847586933
-0.6509461293627914	0.25616151737390747	-113.09245571709144	113.09877655081317
-0.49104338509425294	0.2542392266596153	-7.110642662816879	7.153120989553357
0.9602450303272683	-0.0846261540619644	-4.362386731046129	4.538351031873846
-0.03208009691981945	-0.07112442119747804	-0.6821422774658468	0.7006323483221094
-0.07730531550033878	0.563130804131725	0.7567185746724705	1.0674433746203835
-2.023416239806279	-6.3716712511398015	104.4516356751441	104.66535531409204
-0.19262961092924877	-3.1761740108397016	41.81586036959948	41.9367543565782
-1.6890811753039672	-3.1485210307534524	64.44685375340038	64.54582200739284
-0.41941308039896247	-0.06242426093648484	3.632587655613527	3.6572526841987667
0.22678346946979167	-3.1137497499019258	50.59603884930738	50.69226780770089
0.69841182095296	-2.588010780813229	45.73060329468666	45.80910015018037
-0.4716283514827085	-0.5257389690950072	14.056999919500399	14.07473202240034
-0.47365631206094266	-0.5442875058275783	14.050817332916642	14.06933072018516
-0.47365631206094266	-0.5442875058275783	14.050817332916642	14.06933072018516
0.6919335749286746	-2.6482565815818297	45.71805215482271	45.7999162425554
0.6919335749286746	-2.6482565815818297	45.71805215482271	45.7999162425554
-0.41982263314396484	-0.06711714942576316	3.6297100096108172	3.6545246625130354
-0.41982263314396484	-0.06711714942576316	3.6297100096108172	3.6545246625130354
-1.6982763026061911	-3.2334699789267276	64.4166500996837	64.52010756787134
-1.6982763026061911	-3.2334699789267276	64.4166500996837	64.52010756787134
0.7715958793051997	0.2557886714847426	9.861445923412159	9.894892811233632
0.6298904257320977	0.20881246193790615	8.050367475559952	8.077671761358168
3.425660917417329	-0.11592685470707823	87.64656372816049	87.71418143670533
1.5843868768818146	-0.09508271916753708	25.257780002590067	25.309754506086392
3.412757020002286	-0.23185020188650707	87.66508551379174	87.73241580587022
3.412757020002286	-0.23185020188650707	87.66508551379174	87.73241580587022
1.1411552994090355	0.376265336326147	31.604210631864873	31.627332487650143
0.977067332162032	-0.8962382410361677	41.20255666396067	41.230213905885776
0.5008887739099136	0.011372508218669058	5.823660035380397	5.846838024980593
-0.17011341678819003	-0.7390131468838691	22.828944381117243	22.855894257409705
-0.05609781174097589	-0.9461314626907258	23.41400192864927	23.44637751121418
0.1641934842034396	-0.46888388725493874	8.483082033193973	8.512174110882631
-1.2331329907393729	-2.3004545432750305	60.91218380169367	60.97663493597732
0.12553337351502822	0.08815975827990227	14.987499767085962	14.99654279330232
-0.3460857104652848	-0.05890585189066275	4.4861515370559175	4.502030721430533
0.8263404479416439	-1.2466424649201646	35.50211226260028	35.5370321076468
-0.1308138982057712	-0.00598634033750578	39.75968762199676	39.7629680463292
-0.03429686101796131	-0.3212678400100649	45.071139507522936	45.07251363737323
-1.0186198936922186	-0.21771880773296282	336.5408559779649	336.54523959750355
0.2527143842367804	-0.016478879674058394	461.1303483614334	461.1310913623639
19.44016512380232	-0.9668913990488399	-111.31400043255746	113.0029273572931
12.966623608824452	2.066855296786573	-83.82983534704155	84.85190930640789
6.473541514977816	-3.0337466958354105	-27.358256702389752	28.2769264340113
8.845207871852459	1.4099094176429592	-57.184687539099365	57.88189730655574
4.712926985637753	1.3261775775189086	-28.925200194366415	29.33662615269931
4.132280886213232	0.08373184012381563	-29.744659101241055	30.030442910364407
4.4774690560534305	0.4186053283720478	-29.71803161152862	30.056353112656073
4.4774690560534305	0.4186053283720478	-29.71803161152862	30.056353112656073
5.049362077882761	1.6524721261292934	-28.887435932587003	29.371936883367297
5.049362077882761	1.6524721261292934	-28.887435932587003	29.371936883367297
0.22797556648795836	0.44812377507440626	-0.647104530809	0.8194705915992229
-0.011187853275958837	0.42830897325900685	-0.6731759355683273	0.7979596386180212
2.4037583422951236	-0.5700210456275834	-11.11456523615336	11.385804255708972
-0.0027024150399106344	0.43646998988491026	-0.6705095376770323	0.8000602447522621
-0.0027024150399106344	0.43646998988491026	-0.6705095376770323	0.8000602447522621
2.533681643262277	-0.4440777858308881	-11.103350560144374	11.39741819056978
2.533681643262277	-0.4440777858308881	-11.103350560144374	11.39741819056978
10.366981685461969	-2.8249245917662082	-53.35629997952361	54.427467842264925
8.202386762930976	-2.235088744323274	-42.215663338612025	43.06317453953827
0.86083289333369	-0.32873153972291486	-7.2711247370285434	7.329280499263362
7.341553869597265	-1.9063572046003538	-34.932213725786426	35.74621891607205
0.9451490617916724	-0.24692564663608021	-7.267678632922364	7.333037006275673
0.9451490617916724	-0.24692564663608021	-7.267678632922364	7.333037006275673
7.749673909722468	-1.5107154660080058	-34.89893561054507	35.780936456096754
7.749673909722468	-1.5107154660080058	-34.89893561054507	35.780936456096754
-1.7556859921023715	1.0309538226865698	-1763.3432571776211	1763.3444629646838
-1.7556859921023715	1.0309538226865698	-1763.3432571776211	1763.3444629646838
-1.3062806265102027	0.9258228870503716	-1219.3999997175456	1219.4012934738817
0.2716859730827107	-0.40511713218470635	-129.10156167258577	129.10255860843398
-0.41377225052917277	0.34858678561827805	-163.79605977026594	163.79701278189373
0.0131383704057534	0.6255414723360262	-121.2719638849035	121.27365302839743
-0.4749873022474001	-0.5088597908970549	-66.16343717764613	66.17167562772603
0.33489937185245633	-0.04863193333829758	-31.58912088734408	31.591241838116233
0.2528827203790951	-0.26453021618465933	-12.384822809707067	12.391014555648036
-0.16629253458441537	0.35609878697568215	-15.930058147747202	15.954202714894741
0.1848474713771936	0.15422284364826894	-2.2924863563390274	2.3093130476568327
2.6276995192995587	-0.5639799046736982	-10.71799029868907	11.061004016430694
2.383697616632377	-0.6545657631551529	-15.54106058807435	15.744165738788183
-0.03839310453593553	-0.018866058158639377	-0.6165849792456015	0.6326346462672205
0.20812498771402577	-0.18590419931824254	-3.2799592198922363	3.294766858351469
4.3265466622798305	-0.7946349028635062	-19.434300366344115	19.940505831951054
4.903618597670761	0.9791717369828317	-24.955188254000635	25.46857799759226
1.0294774978765782	0.044536836560699775	-10.166512822304046	10.25435833794689
1.2701007200014247	0.7127864473284753	-8.466228255457949	8.641677604774307
2.744805300449243	0.7167663098784287	-21.2178720430585	21.439692281207172
0.21646808280304136	-0.25411093584504	-13.429565209744748	13.43439139379879
0.2410039585573992	0.4204618231092051	-30.967382942852566	30.99400391009378
0.5256452144394411	-0.22119288991018302	-51.94496134334014	51.948279258624254
-0.5780331333660645	-0.15959111657935574	-40.24966018483738	40.2612405769581
-0.058386949672813576	-0.01459800197180075	-97.5628526886674	97.5644094253159
0.23697579027664104	-0.2818642220792296	-231.60557371234222	231.60718947580753
-0.026999960452640685	0.09040677922841989	-500.176376431664	500.1769281093593
-0.8119628840001211	-1.0609089676379175	-729.6658623064361	729.667690266427
20.214595489461317	-7.662275061158031	532.3506141704203	532.7893737092915
3.8976499034299668	-0.8030941192244465	35.804622606577574	36.02509729249161
-34.86769133124524	4.127425406827151	28.876671780412686	45.46046317816835
-0.7240796821260023	0.4070795162484456	5.43018309534906	5.4933499403944275
-0.7286718695312994	1.7152643995091763	8.5104137518489	8.712074200862194
-2.531932251642022	0.6970580724096329	9.000253968361339	9.375560910058688
0.11204415341161561	-0.012286975186865943	0.8982305628311146	1.0341774538621837
0.08684282337327291	0.0175032898523206	231.50818806023776	231.50824435984123
0.03677488958067317	-0.17139487100197348	312.50484796460324	312.50492628049
-0.10972233355139745	0.0312762005373014	208.26794156722113	208.268016559046
-0.2060117648514412	0.2040245477217093	122.58358275966044	122.58399997005418
-0.04079885394033775	0.01578501184715521	44.50794984736103	44.508176023385715
0.012772354714090495	0.04581189841246283	21.001401237641232	21.00188885333602
0.30565996593287825	0.012569022701600027	23.951278364707193	23.95363857712845
-0.28671990156227045	-0.44245357189478873	80.69672774645912	80.69857075708515
0.2504941050090882	0.1000207627638322	105.64712892875755	105.64756543396567
-0.2339011280432279	0.16322404409200192	59.355764595830976	59.35661397322856
0.09648936637197021	-0.040921832978562084	44.320564207688065	44.32089367423042
0.0515318884731632	0.1918700473617742	4.353189707335702	4.357720766485357
0.07476348974433869	0.07525388710910318	1.0886276789355562	1.0937837767440135
-0.2163897660743439	-0.029556148815849403	5.9888280258252555	5.992808959052891
-0.0810842863171005	0.03286013519204019	5.381281602526648	5.3819927662218365
0.4182132862423701	0.40070280655360074	1.8069890248567622	1.9617059259793166
-0.009279946591204818	0.08544966416854712	0.14210909020344648	0.524593621895753
-0.2319275814240247	0.056474068484257324	-0.2231731054666222	0.3535612518927636
0.05466545851162198	-0.04528337114607865	-0.004319478433037607	0.0711164815677269
0.3518472186421382	-0.049877925529218665	-0.2707551808820247	0.4467579218052711
-0.49368983917798437	-0.1545952295983225	-0.29017576926326144	0.6093530210720772
0.19796772757130934	0.14704130976025181	-0.37348347234509865	0.46746323112166843
0.04241230702987977	0.07976718632159231	-0.02826153539217517	0.09465897835907368
0.23202626936016882	0.30456705607960166	-0.45077467225792867	0.5914347694136993
-0.46928422350030574	0.1268075470281053	-2.276848028346616	2.3323431491732602
-0.10391386177544987	-0.14992391896588758	-5.694923236497126	5.69944256415854
-0.20760163059004436	-0.2197655599629264	-6.374406162346029	6.381571065256929
-0.22718238349694173	-0.15507142480200187	-3.8343063568805484	3.844159754819777
0.11260594930066693	0.29214276963497265	-201.49572264954503	201.49601423687002
0.09977587482622269	-0.4256034793715782	-190.20752885414524	190.208079076436
-0.3609782611357426	-0.024826776757587918	-322.3243110256139	322.3245443331852
0.4326176047680884	-0.2723336117596957	-539.8075006778319	539.8077607736113
-0.03043495836459898	-0.09357133428640238	-8.474536000404111	8.476256372263418
0.09402562201141591	-0.1615538706481608	-57.2310663683213	57.231541809659596
-0.12424351745411873	0.11350951741207274	-51.866911643160975	51.86736029394633
-0.5935541214537778	0.32885943341984036	-39.08089468504201	39.087034476796646
-0.05739200790901361	-0.0726979160459329	-74.01156103204943	74.01174207401654
0.1098079338428934	0.11606575592152987	-1.262889047833147	1.2729563186415287
-0.6008513189371465	0.13817347073808542	-5.847753614983732	5.880164670911829
0.5469766777283355	-0.41677547419072847	-2.5973862893213773	2.6904982071579804
0.41326835259893274	0.3321493201287641	-1.765000441724752	1.8478528247158659
1.580853082085396	-0.12833156545484092	25.266225960661423	25.31810892924339
0.7125359224707624	0.16589831351501275	18.934657676161297	18.94878600345289
0.42861937693827334	0.21036702281113429	12.669552955703578	12.678546484197252
0.9338942275304224	-0.4798525342561507	31.244130493688488	31.262079057132166
0.04317310463160973	-0.416385706780017	9.958426170272187	9.968134848753614
0.21840562413543257	-0.5815608088722648	16.00603334282795	16.018692117263825
-0.3885190409236226	-0.15745233801160446	6.822911038289297	6.837202140145884
0.10538718220540921	-0.232116000514293	5.922102736804576	5.929229705959806
-0.011828605646013858	0.04729369584707749	3.4736153388617805	3.4767599740065815
-0.14965638830037126	-0.7613091580235105	14.01828385298292	14.040387831247799
0.1641934842034396	-0.46888388725493874	8.483082033193973	8.512174110882631
-0.549343035616094	-1.4113136993593458	33.22496872278125	33.259759628468025
-0.7397931006783407	-0.8283465023498001	23.437976951120415	23.46469039015683
0.0560031455550619	-0.06079434156588427	4.249238127792004	4.252184917352463
0.12553337351502822	0.08815975827990227	14.987499767085962	14.99654279330232
-0.4047565145617593	0.04987403498708709	184.1696256865859	184.172473873208
-0.6138633791304594	-0.2675928427200499	152.371230291379	152.37276572429553
0.3056017068041662	-0.03749654388847429	79.93065848785407	79.93137334289251
-0.05288732256738579	0.0210176642144159	381.1996898735793	381.1997180194714
-1.071094928138905	0.4279506271743931	-938.6933853869348	938.6941043998592
-0.23518569837129744	0.4978722598759785	-280.7066143306107	280.7071890740224
0.057053499813454533	0.321842683903048	-53.99238649448947	53.99337586394605
-0.043915129407701134	0.3036987884329782	-67.27957739041403	67.28027716445139
-0.3936114745421188	-0.11813296781541775	-30.065525412469533	30.068657826775826
0.08017829328185694	-0.2620223500535252	-27.03114216872772	27.032891280836218
-0.16155412098713817	-0.1287044730281119	-9.066769596448871	9.070126520113984
0.11686557307317888	-0.05055533238064218	-2.050136441552326	2.0588231147144893
-0.165324082806463	0.14904429392426316	-3.1723070095302877	3.183167887737336
-0.11783402485113133	0.2576098254320613	-10.707614696664594	10.712211712442919
2.6276995192995587	-0.5639799046736982	-10.71799029868907	11.061004016430694
-0.000648481304420561	-0.06976380529412993	-0.42900777600541146	0.43464362520371647
-0.03774462323151497	0.05089774713549055	-0.18757720324019003	0.19799102106350408
3.0550456906931913	-0.23622578167977387	-13.085673201272698	13.440365683550427
1.2715009715866392	-0.5584091211837324	-6.348627165071418	6.500140148400628
0.1865833681718762	-0.12728551216159673	-5.555939594908541	5.562280065050401
0.8428941297047022	0.17182234872229651	-4.610573227395508	4.692078272896492
1.8349476631101824	0.4459132892561947	-13.819468825973996	13.979411318537553
0.9098576373390607	0.27085302062223393	-7.398403217084501	7.460280962669616
0.12021013183876453	-0.06783063646263228	-3.7143082375611507	3.7168719583346217
0.09625795096427688	-0.18628029938240775	-9.715256972183598	9.71751943546417
0.1417573221439332	0.2909633273970434	-20.03417623462584	20.05874679009678
0.09924663641346597	0.12949849571216165	-10.933206708226729	10.935257119996995
0.07588047158489411	-0.24074167721801115	-10.367500183316317	10.371511665956968
-0.6539136049509586	0.08115056063865543	-29.88216000152106	29.889728911001132
-0.07717602314421486	0.12099811703670693	-91.07335309885414	91.07346617622191
0.018789073471401276	-0.13559611900850768	-6.489499589813275	6.490943249093978
0.1105343282434891	0.10550827552667962	-54.22248580741636	54.222880749313674
-0.0167413846828966	-0.3156218805430632	-150.79614323500735	150.79653905770908
0.14318284671604856	-0.07175061706284601	-26.586944669918534	26.587769668784777
-0.29283417402011935	-0.04930505912797638	-366.23976713757446	366.23991412134745
0.26583421356747866	0.13971183835639625	-133.93660929408958	133.93701398801187
17.7461924030317	-6.7266350964653965	467.345311454069	467.73049409101736
4.035705618982975	-0.4302649294089793	35.83916715950733	36.0682401905011
-25.950753674270253	6.064402538701533	22.501105057994103	34.87862272574633
-8.789045566500837	-1.9506122892607376	7.511315075153519	11.724848162397308
-0.7245433799313191	0.4001911413865008	5.428450846446414	5.491192461690932
-0.7286718695312994	1.7152643995091763	8.5104137518489	8.712074200862194
-2.531157381282451	0.686985830559345	8.989738054295517	9.364512667782497
0.11204415341161561	-0.012286975186865943	0.8982305628311146	1.0341774538621837
-0.0050482599845745706	0.03332048874126621	15.706182544200464	15.70621869998143
0.09189108335784747	-0.01581719888894561	215.80200551603727	215.80202565985982
-0.040182950119941926	-0.1250914514057218	182.63140175022457	182.6314490108224
0.0769578397006151	-0.04630341959625163	129.87344621437865	129.87347726966757
-0.07689360396106523	0.034385603730826976	198.75331020258963	198.75332805133837
-0.032828729590332215	-0.0031094031935255785	9.514631364631471	9.514688507707632
-0.021213858646146222	0.11076943554847608	44.226053645925425	44.226197451147925
-0.18479790620529501	0.09325511217323323	78.35752911373501	78.35780251890625
-0.0565520623683316	-0.03458291216730655	11.981930565131755	11.98211392790148
0.01575320842799385	0.05036792401446177	32.526019282229285	32.526062095484235
0.0036927441665369687	0.09291843066924199	15.474809955470166	15.475089357707635
0.009079610547553525	-0.04710653225677917	5.526591282171066	5.526799495628385
0.0657140882488042	-0.09003376742893285	26.284216652548288	26.28445299904049
0.030775278123165987	0.04911193445037076	18.036347555139773	18.036440675189922
0.37443824465377545	0.07541058598462885	0.9887883060032412	1.0691458527846913
0.04377504158859463	0.3252922205689719	0.8182007188535211	0.8925600731946253
-0.009279946591204818	0.08544966416854712	0.14210909020344648	0.524593621895753
-0.064044972278081	-0.023651701551834985	-0.007403187372293445	0.06867291055188006
-0.16788260914594372	0.08012577003609231	-0.21576991809432877	0.2848883413408836
0.013575956022486332	0.06882921257566377	-0.047022443547069796	0.08445636318743396
0.18439177154882297	0.07821209718458802	-0.3264610287980288	0.38300686793423444
0.019116339374693918	-0.08594291562411556	-2.093481451849113	2.0953320043404413
-0.12303020115014379	-0.06398100334177202	-3.6014417846480127	3.604110559818099
0.061945799779701265	-0.4122351420475535	-170.75337161722544	170.7538804646756
0.03783007504652143	-0.01336833732402467	-19.45415723691984	19.454198611760418
-0.10392197390470526	0.11508503316609232	-50.88907425938788	50.889310501509186
-0.020321543549413488	-0.0015755157540195898	-0.9778373837730955	0.9780497924371383
-0.05566056035980109	-0.10712858694363747	-65.49548089525504	65.49559215957088
-0.001731447549212511	0.034430670897704574	-8.516080136794377	8.516149914445663
0.2292221501744402	0.13365797713939734	-1.0590671833337908	1.0918015148359879
0.18404620242449254	0.19849134298936677	-0.7059332583909612	0.7560513098798779
1.580853082085396	-0.12833156545484092	25.266225960661423	25.31810892924339
0.0008583611147984574	-0.33608725679767426	6.676521636478193	6.684975433262792
0.04231474351681126	-0.0802984499823427	3.281904533793993	3.2831594154908212
-0.15078964026529346	-0.45756440923009395	8.10054653439983	8.114860248961932
0.0011332519649222134	-0.30374474879341656	5.9177373185830895	5.925527582285865
0.0330952164623014	-0.2375791750079017	6.590710246445032	6.596455132171038
0.1310982677411382	-0.23130471224703708	1.8923717867489418	1.9157189787115936
-4.261505130564113e-05	0.01510773963705009	0.059616188265886105	0.061500695250843014
0.056045760606367546	-0.07590208120293437	4.189621939526118	4.19068422210162
-0.12990156511834536	0.027187099952983802	3.5889042586710698	3.5940683240349487
0.2554349386333736	0.060972658326918484	11.398595508414893	11.402474469267373
-0.005982593458237595	-0.021065491922038583	308.6534370006577	308.65343777749393
-0.0469047291091482	0.04208315613645448	72.54625287292158	72.54628024197743
-0.12932014597371516	-0.1496230206160155	-6.333600216114972	6.336687024465116
-0.03223397501342301	0.020918547587903617	-2.7331693803338997	2.7334394956488697
0.010621893975622784	0.09863636683387006	-2.341320602024531	2.343421455683617
-0.1284559188267541	0.15897345859819126	-8.366294094640063	8.368790256759302
2.159873098165976	-0.5867934993045477	-8.956306467960518	9.23278309849953
0.4678264211335829	0.02281359463084938	-1.761683830728554	1.8282209179311648
0.527870241008984	-0.17502020210039604	-2.7273290736508904	2.7834516231591984
0.7436307305776553	-0.38338891908333644	-3.621298091420528	3.71668852524143
0.6255467185698551	0.12810589438445805	-3.714767152013599	3.7692459207338516
0.21734741113484712	0.043716454337838474	-0.8958060753819094	0.9228323521626405
0.02123774308650184	-0.012154583917708404	-0.2755761249426112	0.2766603988286116
0.8886198942525588	0.28300760453994234	-7.12282709214189	7.183620563841004
0.002520181184552288	0.05700699740258991	-1.2560501871340943	1.2573457049139884
0.0967264552289137	0.07249149830957176	-9.677156521092636	9.677911415083008
-0.16316303682725183	-0.032873511897982724	-6.393453039244854	6.3956191732623076
-0.4907505681237068	0.11402407253663815	-23.48870696227621	23.494109737738825
0.11100797750736163	-0.042391782477962436	-9.161652489669097	9.162423051559662
0.03217486920868693	-0.02935883458488357	-17.425292180249436	17.425346617225117
0.024259676983289423	-0.01982663396210967	-19.828169730536523	19.82819448387337
0.16399260475796495	0.12933256867295706	-74.68655554554202	74.68684757041359
0.0775819318262243	0.03020590364554887	-39.42188401801104	39.42197193372492
19.54339500401951	-1.873162808291576	467.83768327646715	468.24945373238995
3.9078135285088074	-0.41662977202262175	34.70341880677241	34.92523248052584
-24.760322826080714	5.88253656008923	24.747799823419648	35.498329804831236
-1.5263539910848036	0.4748685844910907	-0.07206184347221212	1.600140490057574
-6.063035158626195	-1.345610373862773	5.181605561558831	8.088269209698815
-0.7245433799313191	0.4001911413865008	5.428450846446414	5.491192461690932
18.56526704568656	-1.7794128271372924	444.42286113933426	444.8140228834508
18.031141007396446	-1.7282188032914823	431.6367362987412	432.01664424983636
13.650983638846629	-1.3083967674803638	326.7827600439565	327.0703800688092
13.603076702155937	-1.740430022858958	326.85146653031234	327.1390437802328
13.603076702155937	-1.740430022858958	326.85146653031234	327.1390437802328
3.5739917296563686	-0.29625950943136004	35.15874783965797	35.34117621462583
1.3188855803701829	-0.7151040101312773	16.427056725597964	16.495424383307864
2.789232187574676	0.36765047685425956	31.517815954617944	31.643130464897183
2.785165027712857	0.3264516713830298	31.536157372199956	31.660589645954254
2.785165027712857	0.3264516713830298	31.536157372199956	31.660589645954254
1.3167859040060843	-0.7365541936147272	16.430143130027073	16.4992739376706
1.3167859040060843	-0.7365541936147272	16.430143130027073	16.4992739376706
-0.23296161997816778	-0.24616033772001583	0.029056763728768198	0.34016220214432136
-0.23119199674174581	-0.24465803412546033	0.026158905167932303	0.33762639313175036
-0.23119199674174581	-0.24465803412546033	0.026158905167932303	0.33762639313175036
-5.49625173979559	-1.219820298734018	4.697219764944485	7.332163273454482
-4.292816274500833	-0.9527337316915937	3.6687368786005785	5.726744573885422
-4.281636504851596	-0.9473959272101354	3.63767075387862	5.697597626736726
-4.281636504851596	-0.9473959272101354	3.63767075387862	5.697597626736726
-17.078294962747528	4.640443447223118	15.19411310414868	23.325156960739758
-1.9713953470577006	1.151208096697875	1.4552736488991895	2.7073051341664205
-21.611047994857433	3.8873637558422653	21.164962451051075	30.497616758702137
-0.3711596498157881	0.5442814624638059	0.22428940641732797	0.6959220745630614
-2.8036711625366677	0.33984006719164483	2.2594671288257677	3.616801759172417
-2.7962761926575004	0.34356566684596407	2.245210375702049	3.6025223863591145
-2.7962761926575004	0.34356566684596407	2.245210375702049	3.6025223863591145
-0.3685068575772117	0.5463131815490566	0.22554081807113135	0.6965084759224964
-0.3685068575772117	0.5463131815490566	0.22554081807113135	0.6965084759224964
-21.561058041531954	3.905515594703877	21.062952181523425	30.393753149815616
-21.561058041531954	3.905515594703877	21.062952181523425	30.393753149815616
-10.408038271207838	0.6370911974681492	11.88339623286566	15.809751796789987
-3.903889892040204	0.23896279215112448	4.457273237064045	5.929986864661146
-3.896169249349711	0.2403508436898838	4.435929960212257	5.908923587215308
-3.896169249349711	0.2403508436898838	4.435929960212257	5.908923587215308
-2.1046760586003526	2.857161583134222	5.43224759183366	6.488632176565887
-0.8644707676695043	1.1735452860001683	2.2312313701169746	2.665128828676466
-0.8623386552298097	1.1727269391100876	2.2335219308293417	2.6659963701238794
-0.8623386552298097	1.1727269391100876	2.2335219308293417	2.6659963701238794
-0.4584568115008236	-1.4779822368012925	1.2073849828370449	1.9627512927245956
-1.379294129707934	-1.3100975358468263	3.5184605095148136	3.9997965206612616
-0.3193679727237385	1.5157315961795872	0.8899406950389173	1.786458119952758
-0.3143973266356418	1.5189730672242487	0.8975907627384998	1.7921478832121422
-0.3143973266356418	1.5189730672242487	0.8975907627384998	1.7921478832121422
-2.0262051980357105	0.11842690729161554	3.9679365419309622	4.456910683164813
-2.024018410286056	0.11559192231704774	3.9568011399730194	4.4459292930695185
-2.024018410286056	0.11559192231704774	3.9568011399730194	4.4459292930695185
-0.04117305818886341	-0.8283560820199144	4.0049071389848505	4.0898838872554615
-0.0412934451585925	-0.8332410877435787	3.9994393041874954	4.085524520400892
-0.0412934451585925	-0.8332410877435787	3.9994393041874954	4.085524520400892
-2.531157381282451	0.686985830559345	8.989738054295517	9.364512667782497
-0.7719328423879	-0.004388629088342428	2.952515319261314	3.216578449974501
-1.2404074782577712	1.0650462064826842	8.487643436687566	8.657981344083996
-0.9294140405238381	0.14093616359246175	4.886215404237824	5.141242574288732
-1.4263764403300698	0.9985994188715386	8.733172917074702	9.020667271856315
-0.9193972736304058	0.5630567120704971	3.0171052945203387	3.2987039956871707
0.15534942478742592	-0.14116828131950876	0.8803904167196734	1.153437806685015
-0.10687253900877286	0.5981446288412184	1.5740425607777295	1.693011667013991
-1.3348454269718515	0.20867518429503545	2.341115353069662	2.8118419778667425
-4.282215125215948	0.5310559645157372	4.808845411642684	6.531609386676486
-0.3310333124674928	0.23904329696788165	0.7390348927050099	0.8557903419202516
-0.6868609566574478	0.3977772713083115	0.586182085860399	1.1286070138154907
-0.5406369230689901	0.2560917933336752	0.9789856229341372	1.1552072279509435
-1.4318666193024736	0.4844333294655479	1.3673698736835487	2.2520844129729944
-5.528023905374177	1.254820672715017	5.8504221600635224	8.147348174125348
-0.3004722093500668	0.2180757790817182	0.3563236892963869	0.5320025995872546
-2.223537776468644	0.4843871965137645	2.9351905663980404	3.716661760976054
-7.133105118641864	0.9480923282005471	6.807614501319266	9.950077059393049
-6.877747350150905	1.0500099281592397	5.398922264415411	8.856471242195799
-0.8930572134797714	-0.3157805289843808	1.317254812389982	1.6284681620156032
-1.8271921023404298	0.006238354190303201	1.6784032443816508	2.751419332557125
-0.9201829195655133	0.3032009584692016	2.381999637819142	2.8332297291513933
-0.41323861208657126	-1.1161978791354756	5.004479081907392	5.349695316066755
1.0566387216881181	0.4737272568981048	13.282480951702704	13.405147521357957
1.317210336594417	-0.4551597263186574	20.821017875812792	20.888689509519487
1.8595005771765964	-0.030661707320965986	32.50382629832452	32.56466999140497
1.6867464676373385	-0.4099681550740688	49.09196352228779	49.12284142629371
4.580795913785673	-0.3279164459835908	90.92512401190993	91.05018510106197
3.4018615202675684	-0.490762387863494	72.85631196723087	72.94264507075357
3.626157036511551	-0.2952387125844619	82.28855328603699	82.37428320327102
1.4708217454392203	-0.30513753821588835	31.779135880435568	31.814904092762447
-0.01716314431301403	-0.22173447871597335	5.240715308651591	5.245432079334293
0.050258360775315425	-0.01584469629192834	1.3499949377934397	1.3510230528367444
-0.024296004509866513	-0.07008174521783637	0.4518333124630457	0.45788108619951673
0.1553942722510047	-0.1612229670292007	1.440538474285896	1.4578378925120767
-0.2827975759393741	-0.01379789909712963	1.5527595538197712	1.6537675245799381
-0.489135266448526	0.009409270008787203	1.3997557654415427	1.5628109253945626
-1.2404074782577712	1.0650462064826842	8.487643436687566	8.657981344083996
-0.5376020715008618	-0.10217390703209163	3.8100495145954945	3.962161604872975
-0.3918119690229763	0.24311007062455336	1.0761658896423292	1.1790809694157578
-1.3411579669549116	0.8039003404766535	5.886969664040158	6.163129404772724
-0.0852184733751582	0.19469907839488504	2.846203253034544	2.85753786708359
-0.5177348950210928	0.004315778957196925	1.2761059244252202	1.384194409295044
-0.35403631364696225	0.36222470415521846	1.403093969665117	1.498232598861633
-0.04762606496235067	0.19651622895808185	0.3379054004300014	0.4162769875304939
0.13613773831696313	0.0986751448082063	-0.012521465189371084	0.2188763120748041
0.01921168647046277	-0.23984342612771506	0.8929118819090447	0.934561494610211
-1.2105498354977673	0.01633711102179608	2.1895212824204586	2.505829410892198
-0.1242955914740842	0.1923380732732394	0.15159407064920338	0.3060125669745448
-1.01176942600555	0.03337002771983513	1.1517710122993408	1.5397555584646123
-1.0048460209765144	0.14918973989062073	0.8962123742298845	1.3618551718092975
-2.2655996782338836	0.34849619690528144	2.7608620251134592	3.629998656402577
-0.3789857959789655	-0.0881996935843771	0.24119199624188717	0.45780235752269194
-0.3078751606784823	0.4859769648926886	0.34499008961851185	0.6708046562927987
-0.16423682675165457	0.11349293652994805	0.4338345648548529	0.4775634110423906
-0.3764000963173356	0.1425988568037272	0.5451510580792844	0.6776438169085531
-0.3607661533734004	-0.044072391205340164	0.292436291961682	0.48692233758854664
-0.4065498320186293	0.2288840201014882	0.33906999327091003	0.593396078356547
-0.6645506339104439	0.29962170056939985	0.7358635884509567	1.1717659970279009
-4.255015440161589	0.9958616817302668	4.578967333521411	6.329600202746484
-1.273008465212588	0.2589589909847504	1.2714548265421115	1.8177479713788645
-0.16476002659200337	0.06803968657352659	0.23893820246316025	0.2981052329429115
-0.13571218275806343	0.1500360925081916	0.11738548683322667	0.23389736664434307
-1.2126021071584165	-0.01787508691467076	1.0360210653018445	1.8511766046669904
-0.6145899951820131	0.024113441104973963	0.6423821790798061	0.9002427278901339
-0.6612002232686708	0.41168697118977343	1.9032034224077918	2.260895165518004
-0.25898269629684256	-0.10848601272057187	0.47879621541135	0.5723345636333895
-0.14806903485155243	-1.1806735501342938	3.494340292553904	3.808763466551091
-0.26516957723501877	0.06447567099881824	1.5101387893534879	1.5409318495156634
0.5381086294940273	0.9289032496462722	6.975191299008884	7.058696450975108
0.518530092194091	-0.4551759927481674	6.307289652693821	6.346451070382851
0.9209384586627523	0.2849556531794272	13.96776541889048	14.001688396439048
0.9385621185138444	-0.31561736050039324	18.536060879434043	18.562981594965922
3.6771294091946682	-0.1535575328719733	67.73991391720264	67.84632333371346
0.903666504591006	-0.17435891311161758	23.1852100947073	23.20386176734852
1.4977742268680865	-0.6340786540193415	34.471805040782066	34.51043618861897
1.9040872933994826	0.14331626615584736	38.384506926448815	38.432208882134624
0.9862574606434081	-0.19059963609045671	22.515657217964332	22.538053419867964
0.484564284795812	-0.11453790212543163	9.263478662471234	9.276850672894483
-0.48444240247118553	0.6446251234399447	3.5407105133508665	3.6340523820296515
-0.7559650757865856	0.4204210830427395	4.9469329233367	5.023928962054345
-0.0066148787602373985	0.041506726871632385	-0.00025135221314233347	0.042031276146983515
-0.041011186202113276	0.15500950208644948	0.33815675264314377	0.3742457113835104
0.0235413307256955	-0.010386644798895867	0.2610055803611636	0.262270832579955
-0.004329644255232731	-0.2294567813288192	0.631906301547881	0.6722906620302559
-0.1484147209861809	0.19059086961649446	0.13558095965074637	0.2770090352432479
0.02411912951209669	0.0017472036567449459	0.016013110998457016	0.02900353173129697
-0.7792080512178211	0.09264512075271046	0.9100131075679643	1.209690847418241
-1.0773880403735385	0.23825455158030712	1.482350753745355	1.8532063465567155
-0.4090035866425248	0.017596524572263947	0.36849816380014055	0.5671014624276214
-0.1612842719694132	-0.03161175655644696	0.2237879857477334	0.3087273594975272
-0.09411208666976367	0.05162946851651287	0.07281195886769554	0.18720007647109996
-0.40915427527126697	0.2796039886093339	0.43926364383552763	0.6758385610592735
0.5204848529435697	-0.12821049676741883	10.926012749689143	10.93915431009156
0.4180772655702746	-0.18740686373297438	7.610048129744898	7.623827284874363
0.8019235401695141	-0.12235365466598944	19.46198867695873	19.478887418001005
0.10174296442149194	-0.05200525844562816	3.7232214177485736	3.724974349347517
0.4027997573292624	0.0327350318195071	9.285992895983782	9.294782584389697
1.5012875360702205	0.11058123433634026	29.098514030465036	29.137426297744927
-0.19944280335384562	-0.006550611252166413	0.09310851428868594	0.22020340086035045
-0.2095607832886791	0.024147135824430357	0.2753896495114546	0.34689806156727093
-0.08437780999505719	-0.078913582981777	0.16335738918924514	0.20008149589932167
-0.07690646197435602	0.04730182642533004	0.060430596558488286	0.10864586359820558
-0.0048221073653473626	0.06249270330171361	0.07431519760989647	0.09721799875124411
-0.04134313310540755	-0.005788993774675828	-0.0003551535417965872	0.041751100092487746
-0.047946846199008755	-0.005074241010524909	-0.0011480852004043494	0.04823097762736809
-0.15620853724599126	0.18072121964280655	0.24306866718266212	0.3407985377076485
-0.2529457380252757	0.09888276896652734	0.1961949766528655	0.335040023351625
