0.0	0.0	6499.999932280723	6500.0
-0.303937589618684	0.21499174764805673	832.0373640005955	832.0374472898258
-0.7940491374752576	-1.2755639977746123	166.137228191806	166.1440223685502
0.45624144977702275	2.0888941677018122	593.197269476035	593.2011228486741
0.1822948107621188	-0.3421156758699711	13.27036709280338	13.276027919203312
-1.703098261808563	-3.0104042635733492	298.6726930323018	298.69271943033175
1.3556996212618375	0.5714712266036793	3.9176243490334524	4.184767779228041
-0.0030213406387495922	-0.27255897161376197	493.56255087714817	493.5626261435318
0.39497184090411147	0.93293564600221	3922.076949536895	3922.0771562286072
0.1901327469196155	1.3344855909794617	147.6968899152959	147.70340955071083
0.22476585991654974	-0.24213547010088	25.968858953198108	25.97305689765382
0.0	0.0	-6499.999932280723	6500.0
-0.39241687882811566	1.9055493865783162	-61.75329647494555	61.78393589756168
0.45755529604907685	-2.741414667103103	-38.262044751508725	38.3628567730872
1.1263019647746848	0.00649323617049169	-379.4460535300829	379.44772517150835
-0.2122764371457322	-2.1569909159794185	-349.97201079490304	349.97872222597397
-1.3326419786327304	1.3807718163911524	-2.288398961623375	2.9865088748760202
1.6636257354938484	0.6861352702265799	-12.676282022732924	12.80338072997551
0.0008796967603835916	0.4792444494670079	2.801958365443235	2.84264783219594
-1.3110273984714733	0.44021142424780657	-5654.9416672555	5654.941866037581
1.2234657731369225e-13	-4.2243986086987206e-14	832.0426441223576	832.0426441223578
0.0	-1.7763568394002505e-15	166.1380116560623	166.13801165606202
-3.469446951953614e-18	1.1102230246251565e-16	593.1977605616855	593.1977605616853
-7.993605777301127e-15	3.3306690738754696e-15	13.274322026271435	13.274322026271435
1.3322676295501878e-15	-2.220446049250313e-15	298.47072647730624	298.47072647730613
1.7763568394002505e-15	-7.494005416219807e-16	4.00952408178329	4.00952408178329
0.0	0.0	496.1228099561796	496.12280995617965
0.39497184090411147	0.93293564600221	3922.076949536895	3922.0771562286072
0.1901327469196155	1.3344855909794617	147.6968899152959	147.70340955071083
0.22476585991654974	-0.24213547010088	25.968858953198108	25.97305689765382
-8.79352725689223e-13	3.2684965844964604e-13	-61.76790943562365	61.76790943562365
-4.030883891457979e-15	-1.2212453270876722e-14	-38.30362401254619	38.303624012546145
-3.469446951953614e-18	2.220446049250313e-16	-379.44736309020436	379.44736309020425
1.3285296158127649e-14	-1.421085471520241e-14	-349.919381229269	349.919381229269
-3.0672983946891165e-15	2.664535259100376e-15	-2.642500016304796	2.6425000163048082
-1.4432899320127035e-15	6.106226635438361e-16	-12.544207349254952	12.54420734925495
0.0	0.0	-0.02037160516230374	0.02037160516228615
-1.3110273984714733	0.44021142424780657	-5654.9416672555	5654.941866037581
-3.3306690738754696e-16	-2.220446049250313e-16	832.0426441223551	832.0426441223551
2.9976021664879227e-15	-7.771561172376096e-16	6.08919188708801	6.089191887088013
0.9880032962122254	1.032962610135229	160.0302562875438	160.03663983514565
4.6074255521943996e-14	-1.965094753586527e-14	532.4668214264285	532.4668214264285
0.03825024143266135	-0.9680234686640994	60.72103479826647	60.728762538760336
-1.1102230246251565e-16	4.440892098500626e-16	13.274322026271463	13.274322026271463
-2.220446049250313e-16	4.440892098500626e-16	39.03763551534629	39.03763551534628
0.5569929514133116	-0.9201767409066499	259.2973496232196	259.2995805781578
0.0	0.0	4.00952408178329	4.00952408178329
-0.9962138869683853	-0.9554501713615083	471.4458081405301	471.4479443590947
0.9962138869683853	0.9554501713615083	24.656630210487247	24.695237202247217
-4.396923762177008e-13	1.6342482922482304e-13	-50.85453559360134	50.85453559360134
-2.3622184593074514e-13	8.171241461241151e-14	-50.79278222180905	50.79278222180905
-1.199040866595169e-13	4.085620730620576e-14	-46.11836315883238	46.11836315883238
0.0	0.0	-7.834014026929481	7.83401402692931
2.3204515835118604	-0.8001635383404835	-38.24282394499369	38.321512764076715
5.329070518200751e-15	1.2434497875801753e-14	-7.834014026929253	7.834014026929481
4.6629367034256575e-15	2.6645352591003757e-15	-2.8289929754512286	2.8289929754512855
-3.3712232289999706	-5.5313956066252015	-2.859644601102218	7.098524541153324
0.0	0.0	-2.4592406500113526	2.4592406500113526
-3.081784482617707	-1.710395096366893	73.83683628198564	73.92091205549164
-3.031689236164439	-1.62820041291765	69.74338922986313	69.82823581816609
-3.1857150267340724	-1.888203924974157	69.85144629974911	69.94954356148814
-3.200243335309848	-1.8831941144361155	70.20845613131029	70.30658070067062
-3.33389826234367	-2.036490676133962	82.3381934128995	82.43082109501081
0.5882780370022773	0.9226469958033068	50.36165815336661	50.37354425176217
-3.38176664867557	-1.4348084429062342	74.06627468432939	74.157319709847
0.1889362354271351	-0.3804334036176772	20.348539553572596	20.35297247182715
-3.784739594154327	-1.740750504390521	72.70922510981505	72.8284688990772
0.4029729454787576	0.3059420614842868	1.2952962027220325	1.3906041825620967
0.3726109963358244	0.2828908928743592	1.1977022627979679	1.2858292741157342
0.37187658132527085	0.2845715565520853	1.2009162942520013	1.2889814228050775
0.37187658132527085	0.2845715565520853	1.2009162942520013	1.2889814228050775
-1.2991317277575192	-0.18192247652836502	29.930387954629857	29.959121518298634
-0.7943667228821427	-0.33105901062582976	9.147580994595817	9.187973476867992
-2.3060535154944946	-0.9775844969836619	52.23905424069461	52.29906636095238
-0.797843334357902	-0.3280669375107088	9.144842011706361	9.185440507713096
-0.797843334357902	-0.3280669375107088	9.144842011706361	9.185440507713096
-2.4552459172540138	-1.5357768592522874	42.8764310951123	42.97412228922797
-0.6539574066340458	-0.40905582817077013	11.420183814435273	11.44620396968975
-0.6582153778234207	-0.4057006584479053	11.415815371578145	11.441970158404894
-2.325335732788055	-0.9631526139353164	52.23068072770678	52.29128855275562
-2.983551110611476	-1.3688532723832216	63.64649609928493	63.73325871116051
-2.983551110611476	-1.3688532723832216	63.64649609928493	63.73325871116051
0.181490179195742	-0.37510845369384854	20.342026273290287	20.346293960827587
0.181490179195742	-0.37510845369384854	20.342026273290287	20.346293960827587
0.44721018790695566	0.7013981661932216	38.285037328368375	38.294073165103065
0.43319194962933294	0.7114331618130043	38.29418494262583	38.303242588963414
1.4076117020343877	2.3761214585379546	193.22576682940098	193.2455026402929
1.4046888074953792	2.377129363056687	193.0851331741917	193.10487447899897
0.9500656975268816	1.6077789289512372	130.59373773924193	130.60708983290263
0.9023098443617665	1.6417354149929408	130.61465835999084	130.62809206570074
1.3355017939910994	2.3531685768059454	168.90884330261667	168.93133465466417
1.3355017939910994	2.3531685768059454	168.90884330261667	168.93133465466417
-0.09145000704268186	-0.188892778530415	19.250180787093733	19.251830658570153
0.8544705762172162	1.5630045390859184	118.58749225491582	118.60557201021822
0.4339512651830004	-0.23256237769791635	47.0719011465009	47.08088837306407
-0.46100528904164373	0.35583823036544926	8.271567870948772	8.29314182724653
0.06858542283724282	-0.2861239900868303	19.013923960764984	19.016712520006756
-1.0598120673946854	0.11324010145737937	22.006581035364402	22.03281901141417
-0.9865885868222835	-0.9227359024169399	41.74324216723174	41.76532706686625
-0.12751638516288163	0.1409518507935749	1.6638428364382807	1.747030780837632
-0.73803571772488	-0.0955233495286227	32.42573845161142	32.43809413753148
0.11581815791978128	-0.3959096548748744	9.763850706624064	9.803677849279314
0.6261608193915988	0.5830928548578052	235.33392254351514	235.3355193211412
-0.490433108849486	-0.16479448086163784	79.30261620134794	79.30804041071696
0.3289864514966568	0.0937941713132027	65.78430974885974	65.78534729216425
0.08709246823573745	-0.3110682514945476	300.71555608047544	300.7157619698867
0.08013668524996467	0.4677991081760189	904.6923137529966	904.6929049244573
0.2376013350998891	0.7988881725670722	1492.2753832232524	1492.2762762291743
-0.1507502092291584	-0.2624865974530675	813.3865097033025	813.3865780008574
-3.375901091235016	-5.539292080362037	-2.862004196629469	7.107850093445153
-4.852447092765164	-5.030133310792382	-2.5246529579587564	7.447976669576631
-4.605610408287312	-4.7744713089698365	-2.3988528385850607	7.0718963831696655
-2.909313901466579	-3.6344881021126034	-0.9285098832960959	4.773441289577499
-1.731154633675905	-1.2310561007699792	-2.2886395661614998	3.122541681505699
-2.928115298629387	-3.546047425008244	-0.9747297731704301	4.727410461677722
-2.928115298629387	-3.546047425008244	-0.9747297731704301	4.727410461677722
-1.3617610268615605	-0.9683734701094071	-1.8002898788506139	2.4562540421916337
-1.375399053694769	-0.9026325477960846	-1.810523548137581	2.4463163310590113
-1.375399053694769	-0.9026325477960846	-1.810523548137581	2.4463163310590113
-0.7403341633983009	-1.9342512293701022	-17.37938872444308	17.50235912461842
-0.7054760365431285	-1.843178335457357	-16.561092113570545	16.67827253670489
-0.037082539347416954	-0.47532999174914403	-10.624693809769179	10.635385854172297
-1.0377871040100553	-1.6305309743687844	-6.424747991112248	6.7091743218466515
-1.0795532236746512	-1.4279070561560476	-6.445028504982634	6.689001880236347
-1.0795532236746512	-1.4279070561560476	-6.445028504982634	6.689001880236347
-0.15569470306432232	0.11119717830228512	-6.182594820545425	6.185554491560135
-0.1949838981712198	0.3019779344432538	-6.178964840673449	6.189411595274254
-0.1949838981712198	0.3019779344432538	-6.178964840673449	6.189411595274254
0.9045250403215879	-0.597161921514525	-11.746037018052542	11.795938010117565
0.8297376217022784	-0.23402277697956916	-11.755094460812499	11.786665218102975
0.8297376217022784	-0.23402277697956916	-11.755094460812499	11.786665218102975
2.813949062432309	0.8784256892070716	-20.98923533992432	21.19523392586528
1.9241090012338071	-0.02603650051442169	-17.881845843317265	17.985085046008287
0.8898400611985493	0.9044621897215159	-7.781808559583163	7.884567942833106
1.1381961246291223	-0.015401749051324853	-10.577907814488432	10.63897839850284
1.070790004047539	0.31187605307326627	-10.579041444821236	10.637667779945676
1.070790004047539	0.31187605307326627	-10.579041444821236	10.637667779945676
1.0852483960654826	0.8452743469680726	-9.361449931151718	9.461976411736899
1.0254339741041498	1.1356414747780323	-9.349543606101953	9.473920098717594
1.0254339741041498	1.1356414747780323	-9.349543606101953	9.473920098717594
-0.19540833486698858	0.059187842753518266	-9.333732470453281	9.335965373118047
-0.25471434569313917	0.34717023583394885	-9.330033707855849	9.339964430353977
-0.25471434569313917	0.34717023583394885	-9.330033707855849	9.339964430353977
0.21463549981440638	0.5726032939305763	76.019676577679	76.0299504711413
0.19856928607266833	0.272884629805039	28.24152371154652	28.24792334038911
-0.023663178157042435	0.1251556828352734	7.391821673745315	7.409646905183639
0.012185708571862443	-0.20628294832770855	15.70171906166659	15.723164271120698
-0.1568313254052463	0.7420684305499675	11.548663699030662	11.589925641180804
0.6448641653121568	-0.3142360090408131	3.2226620408901994	3.468691652618327
-0.5127490113303202	0.5720683082846564	4.692434306667644	4.8262995548493315
-0.22762027755696695	-0.3734108924346357	-1.6321159201933009	1.8699569513200183
-0.37837974940948826	0.5605937661225665	-2.4749266028617494	2.5692251546587928
0.55466456674621	-0.165531129439786	-0.3172790356559283	0.8578222108246725
-0.1942231546554515	-0.025567589802193258	-0.13582936547602278	0.2739444330119299
-0.08477466114897873	-0.12697240525370362	-1.826298783661502	1.996637501850953
0.9194220757173486	0.611640734307211	-7.680438434163829	7.791564783202456
-0.13597019491301784	-0.21497459104482813	-1.957639099870183	1.9787047314948518
0.3884711716906963	0.29049736708782425	-8.894027812433272	8.941206061451968
0.38935253663258806	0.2249151495313631	-2.4386415943338937	2.48367365665989
-0.011859252736936915	0.012170480160927172	-1.6142749353333044	1.6203864089186168
0.15672065494185317	0.19426367922169685	-1.5722203505042707	1.5976220365561833
0.46194822085516113	0.06246436414990217	-2.3057162180196604	2.3562353095518267
-0.3974811970733559	0.00861195518205915	-6.08572418092976	6.170647944831412
0.7258210896726996	-0.31676579182565956	-6.921128475660999	7.029364692672457
-1.421147807806802	-0.5509734463658817	-3.0265135642080545	3.5012000013541416
0.27005075935700973	-0.3927868040663626	-0.63660846517836	0.9360551086419603
-0.33628501755621704	-0.18423687438546743	-1.3100300900428559	1.4708328587007446
-0.3453513565617502	-0.7022166509755854	-1.518149067499371	1.7136604565769784
-0.04532863412013399	0.03386519554845967	0.01041561317675127	0.15096293067697147
-0.5240788107046286	-0.6211883868262532	-0.7650800514970154	1.3770558018082222
-1.6565895431102666	-1.7198603780330397	-0.9343723976758009	2.645317989002684
-1.20104403622764	-1.048257655727587	-1.5079722104632258	2.366088485827467
-5.051514762044462e-15	-6.106226635438361e-15	-34.49681491160181	34.49681491160179
-4.6407322429331543e-14	1.9539925233402755e-14	-379.4473630902042	379.44736309020436
-9.52030207479992e-15	-7.105427357601204e-15	-345.4670535818161	345.4670535818161
-1.5543122344752192e-15	1.3322676295501878e-15	-2.5137407784973567	2.513740778497363
0.0	0.0	-7.710719851192624	7.710719851192624
1.1215766475260405	-0.43355789210113393	-4.489459229470972	4.659404553712956
-2.886579864025407e-15	8.604228440844963e-16	-34.49681491160178	34.49681491160179
8.881784197001252e-16	-2.7755575615628914e-16	-30.965948367455212	30.965948367455216
1.2620986842127468	-0.3414269749962171	-2.4350639274734247	2.7638744180640544
1.2354230715405976	-0.3693164674689839	-2.357115860721302	2.6867564087022275
0.05375236243861867	0.3201544210094883	-0.21505557797051988	0.3894060494854763
1.1816707091019207	-0.6894708884784557	-5.948869383695111	6.104159460161059
1.2531860958633907	-1.1215489494626707	-5.910422200087753	6.145033606107965
1.2531860958633907	-1.1215489494626707	-5.910422200087753	6.145033606107965
-1.1751955566951544	0.33227100885241895	-2.5438118086541563	3.1956950945996345
-1.2921599077408301	0.3639125794042737	-2.6133762721558136	3.298764182612707
-1.347763797983749	0.30577842153334617	-2.6835534349176204	3.370671555682808
-1.3131762417367472	0.08653929361507333	-2.701307961618345	3.358420103963155
0.05697669640726047	0.2979435283231845	-0.224504698129019	0.37738448495553284
-1.2561995453294867	0.38448282193825783	-2.925812659747364	3.735804588918688
-1.2561995453294867	0.38448282193825783	-2.925812659747364	3.735804588918688
-0.4503823661442128	-0.5168040932731436	-3.0395913117537026	3.706347907232419
-0.09755214029847026	0.241850137027186	-3.9495536390041073	4.012923234496794
0.17765041482091767	0.010798244147665004	-0.3523576154864635	0.4187026941088666
0.19574442420288848	0.3170589468829008	-2.1283177907823694	2.1649014929935633
-0.21429827654063216	0.11310129382258999	-4.487165506864677	4.520739970667277
-0.2855951985470803	-0.08959602360114272	-6.984227627953148	7.0080487702599745
0.1783851943870959	-0.10775048788443953	-2.55773631916991	2.6354062260598443
0.06737494224434593	-0.3237115793311567	-23.30415228320543	23.31293593331317
0.4258746651749816	-0.8177949272962856	-15.985256943031864	16.029097794555604
0.3319204442080772	0.8185753931320123	-27.28891122661412	27.308841482408347
-0.23926249483844134	-0.23080214179693587	-419.8196186968445	419.8204696036755
-0.26697330022328813	0.021747290580188247	-131.1718952078364	131.17223814399028
-0.1896130520456509	0.19545141679991138	-321.8337432014236	321.83482576283825
-0.25261210696077985	-0.430153943037054	-354.8902561980007	354.89146152604155
-0.30078243354510814	0.34548633462355893	-1772.266877585457	1772.2673926581435
-0.39391956383220855	0.15568943592752416	-2573.7182409619068	2573.718371031823
-4.884981308350689e-15	-9.325873406851315e-15	637.7589492090383	637.7589492090383
-7.771561172376096e-16	2.220446049250313e-16	6.089191887088013	6.08919188708801
0.9861884431880124	1.031065171812985	159.73629836684944	159.74267018857904
-4.530376074285414e-12	2.901234807950459e-12	532.4668214264326	532.4668214264326
-0.019056137752601066	-0.9783172170539369	45.933931549778094	45.944352594560215
-0.6250271195440604	0.2617176532739306	51.96439523855249	51.96881302799494
1.4432899320127035e-15	-4.218847493575595e-15	9.054132865953873	9.05413286595389
0.7005490647070681	-3.479397640044528	3.3909235293131843	4.908700368861325
-1.1102230246251565e-16	2.220446049250313e-16	38.21024849539437	38.21024849539437
0.5929407418379009	-0.12104537328317239	167.21486780830054	167.21596289485382
-0.05669171617484611	-0.8189759613401004	92.24493196404273	92.24858485975167
0.8769870707006517	-2.0170668137871717	3.5202973556907224	4.164019491541885
-0.8769870707006517	2.0170668137871717	-7.221493125100055	7.55622444143403
-0.9527424522454792	-0.913757528547898	450.99243280546625	450.9944855747067
1.087085294137848	0.4223203998588839	24.770377703410333	24.800012510611282
-0.13434284189236864	0.4914371286890141	20.339627842069397	20.348683475952612
-5.551115123125783e-15	-2.7755575615628914e-15	637.7589492090428	637.7589492090428
0.0	0.0	637.7589492090374	637.7589492090374
-15.198705088095748	-16.963426805482875	579.4930584850327	579.9405764538963
15.198705088095748	16.963426805482875	55.80665007399294	60.27761340515213
0.7961157584902876	0.4069693378465401	53.2068324654408	53.21452738804742
0.05835481772692869	1.1560352012393784	65.38065978947505	65.39104462217082
-0.02238858505700203	-0.026326622947756326	18.526062550194812	18.526620515853594
0.03819916379947211	-0.1478909749596919	5.032106111942436	5.0363580713982135
0.4181406864405304	-0.058344779790468156	23.513732484363658	23.517909785812268
-0.0723793298456771	0.08713411304463596	1.038612068473223	1.0447708599607908
-0.38862595919596665	0.2687041173208133	7.232955802475549	7.248370967285738
-0.12751638516288163	0.1409518507935749	1.6638428364382807	1.747030780837632
-0.73803571772488	-0.0955233495286227	32.42573845161142	32.43809413753148
-0.022591699203865015	-0.2635295594439106	4.921378081913999	4.930456391006529
0.07328915811176206	-0.11784679251236405	0.6770537689111604	0.705082093162909
0.06512069901188426	-0.014533302918599805	4.165418855798905	4.1681393651098775
-0.6496323636345309	-0.15150329624596667	49.512347149414815	49.51703722443137
0.15919925478504485	-0.013291184615671199	29.790269051933137	29.791003186285597
-0.005055675320429415	0.16598041274258823	762.1008360772945	762.1010140688117
0.0851923605703941	0.30181869543343065	142.59147767570212	142.5918908556457
0.02874942428500407	0.7752656539057118	1338.8956656080454	1338.896355207989
0.208851910814885	0.023622518661360364	153.37971761520689	153.37992102118534
-0.07329506961515163	0.0008132665564398837	1.6786303942524081	1.6860167893708533
0.287930569429558	0.5717900273741364	74.3410461834266	74.34393368177045
0.19856928607266833	0.272884629805039	28.24152371154652	28.24792334038911
-0.023663178157042435	0.1251556828352734	7.391821673745315	7.409646905183639
0.11066591353858493	-0.08921926171743602	5.204186886860652	5.20799845999911
-0.06217113784168253	-0.05129323161026761	9.773888242567576	9.77521700061386
-0.03630906712503997	-0.06577045500000495	0.7236439322383651	0.739948810507728
-0.17961271986845023	0.32311219724638596	2.5528343606433177	2.5832354284751338
0.022781394463203916	0.4189562333035816	8.995829338387345	9.00669021270567
0.13342538169890145	-0.3607942438795334	2.461707057743969	2.5407857385353396
0.5114387836132555	0.04655823483872028	0.7609549831462312	0.927905914082988
-0.40785281853352856	0.6467405489442697	3.4115974553034696	3.5314628935283445
-0.10489619279679172	-0.07467224065961328	1.2808368513641746	1.2948366613209872
0.0684183717751512	-0.0321641779069982	0.012017084960445679	0.1591848082190743
-0.29603864933211815	-0.34124671452763755	-1.6441330051537468	1.7107721431009442
-0.11805950133918323	0.232445063816059	-0.7445901405980601	0.7889126891011135
-0.26032024807030496	0.3281487023065074	-1.7303364622636888	1.780312465557679
0.07473752791800423	0.1569004404491507	-0.20515316294914585	0.2688703526989744
0.4799270388282058	-0.32243156988893673	-0.11212587270678245	0.5889518581256981
-0.0263351883601574	0.0375332237640307	0.004701918617572125	0.04609113874457919
-0.16788796629529412	-0.06310081356622396	-0.14053128409359492	0.2278532942673507
-0.06764701897102243	0.03078161557914212	-0.6816221567538276	0.6997229283874209
-0.1987133642251421	-0.13675549558405134	-0.2518618237325617	0.3756370986044984
0.18158572204718576	-0.020998525248794427	-0.8928148031751126	0.921277474859034
0.0549561381593387	-0.08111557167087058	-0.6052153748121516	0.628780842502293
0.8644659375580102	0.6927563059780817	-7.075223059351679	7.162783940700164
-0.07349883113718397	-0.20922184605573158	-1.3851971907169112	1.4028353845749408
-0.06247136377583389	-0.005752744989096593	-0.572441909153272	0.575869346919911
-0.1243401738519162	0.1468353660912547	-5.309714021098261	5.315031878955776
0.5128113455426125	0.14366200099656964	-3.584313791335012	3.626174182496194
0.022222372900663465	-0.011319388287935606	-0.3539824483223727	0.3548598823885993
0.1344982820411897	0.20558306750963246	-1.218237902181898	1.2427621541675842
0.019495375969914946	-0.020146397840218124	-0.06545766877568313	0.07120852078011271
0.44245284488524617	0.08261076199012028	-2.240258549243977	2.285026788771714
-1.3856548025399869	-0.5673950723091513	-2.9294198584090783	3.326739702640455
-0.03549300526681534	0.016421625943269548	-0.09709370579897625	0.17446029871368712
-0.28804110420553625	-0.10934810693124575	-1.3414457672066988	1.3763725631376706
-0.04824391335068077	-0.07488876745422166	0.031415677163843136	0.0944602955630741
-0.5235354169237697	-0.36208019526331353	-0.11148640736969184	0.661135692958462
-0.0005433937808589362	-0.25910819156293974	-0.6535936441273236	0.7159201088497605
-1.6216774048891989	-1.534465069230692	-0.8051992571663473	2.3774453269967237
-0.0349121382210677	-0.18539530880234756	-0.12917314050945364	0.2678726620059608
-1.0114549399464943	-0.9225879678807498	-1.5128207714724873	2.099179907254047
-0.18958909628114595	-0.12566968784683707	0.004848561009261676	0.26690857857342015
6.821210263296962e-12	-2.6147972675971687e-12	-179.29585892011528	179.29585892011528
-1.198580501509789	0.5116475601856991	-200.14768921840874	200.1522040296164
8.881784197001252e-15	-3.552713678800501e-15	-293.0198266380796	293.0198266380796
-7.771561172376096e-16	1.27675647831893e-15	-2.473056569112412	2.4730565691124156
1.7777835977118897	-0.162586176557567	-4.636336891628217	4.979103188102638
1.1102230246251565e-16	0.0	-26.531029576350875	26.53102957635088
-0.3975968913278778	-0.5174637394323955	-2.8206213155513677	3.4437565876472283
-0.05278547481633492	0.0006596461592519795	-0.2189699962023343	0.2625913195851905
-0.07540130504422835	-0.12505665114001557	-0.472205487734998	0.5135974399700369
-0.022150835254241906	0.36690678816720157	-3.477348151269109	3.4993257945267575
0.15296177989342957	0.15997581643144188	-1.4797623534194093	1.4962239774005832
0.04278264430945891	0.1570831304514589	-0.6485554373629598	0.6686775155929798
0.1634038910451328	0.08105232297307448	-0.3730086875931392	0.4380474592872068
0.014981303341963098	-0.188802810857514	-2.1847276315767705	2.1973587667726373
0.2776842969958711	-0.2669500789017619	-18.28787247928081	18.29192856786458
-0.2103093547515252	-0.056761500429394714	-5.016279803924616	5.0210073654485905
0.5275470267955574	-0.7920944957788872	-14.841743130346101	14.87287929379512
-0.1016723616205759	-0.025700431517398162	-1.1435138126857598	1.1562185007604784
0.34046085826842687	0.76180085696529	-19.336653020290555	19.355151354450772
-0.008540414060349596	0.056774536166722456	-7.95225820632357	7.953690127957579
0.06056163594685152	-0.12020362178997855	-75.08976526299914	75.09001560566922
-0.030239206061464255	0.11089542291233005	-44.47862079944581	44.478988300209785
-0.26958492472382856	-0.22149394291928737	-300.2512326343995	300.2514656977964
-0.17574805746365785	0.03417691117093756	-55.92067379156129	55.92096040612295
-0.09122524275963027	-0.012429620590749311	-75.25122141627511	75.25127773786733
-0.0009552742377530316	0.03708064556145703	-181.13121545078783	181.13127302139588
-0.17392633960990067	0.13942492024302125	-128.26125236194744	128.261522004536
-0.01473143819799718	0.018945850995433073	-12.44127538868829	12.442030736906343
0.16005087381649133	-0.2596310786857752	-118.09555270864112	118.09602903537257
-0.1527399174763944	-0.10384727296270199	-55.86558588664141	55.866065549500625
-0.2599230633008768	-0.06667559138857684	-180.92911760271815	180.92936694116835
-0.1115896301653948	0.3776225058602544	-1629.0100586766746	1629.01037722679
-0.18919280337971336	-0.03213617123669549	-143.25681890878263	143.2570154313533
0.09519348698351406	0.196095951509404	-494.2536741637431	494.25374193784967
-0.4891130508157226	-0.040406515581879854	-2079.4645667981636	2079.4646290939736
0.0	8.881784197001252e-16	6.089191887088008	6.089191887088013
0.9697945788214266	1.013925300932772	157.08092836334214	157.08719426334665
0.0	-2.220446049250313e-16	532.4668214264914	532.4668214264914
0.01628983603986893	-0.8165465313316996	45.9355867386795	45.94284647933058
-0.5850520089646172	0.4447117454478906	51.96320639196494	51.968402639716366
0.0	0.0	9.054132865953884	9.054132865953884
0.7111432788924217	-3.4836495439981263	3.3997313613356193	4.919320302415902
0.0	0.0	15.60142060449823	15.601420604498232
-0.584378204195034	1.6950563314646476	22.00911530637162	22.082025958266108
-0.36048914713220626	-1.8056895322767161	167.14800942235007	167.15815122501843
-0.5831221394339678	-1.7463926533702292	92.10301008587984	92.12141111386055
0.7652677040401217	-1.7601127098136196	3.0709559723788526	3.636385842341764
-0.8193435449772517	2.825747024082442	-6.2058757915696185	6.875897354469197
0.05407584093712974	-1.065634314268822	-0.566275950218569	1.2079607361649567
-0.9553791914883742	-1.131441731941777	438.05871024853695	438.0613375250723
1.0875438725675979	0.75453364158966	31.6772401004323	31.706600465374777
-0.13430632495758904	0.5835935682048898	26.628558893552054	26.637335985205937
-14.918302693940063	-16.80780304831282	497.78785217762015	498.29500566851266
18.000087176557805	18.518198144679708	63.305267773994856	68.3720244604944
-0.008939754188240237	0.9163164774040935	51.32957061468714	51.337749612678984
0.06729457191516892	0.23971872383528475	14.051089174787899	14.053295009491835
0.23704913832675564	-0.09611549887503086	14.842446521292386	14.844650525375458
0.0805113209433207	0.016280831115579764	3.891318689441255	3.8921855739645386
0.10058022717045395	0.021489887968982962	4.779967273630014	4.781073686472269
-0.03368256647178983	0.059007228104473466	7.15716744452191	7.1588506048161795
-0.7043531512530901	-0.15453057763309616	25.268571007089513	25.2792435327153
0.004300749017169654	-0.060341883865414045	2.757192900710635	2.757856473988386
0.060819949994714614	0.04580858094681424	1.4082259550882712	1.4102828911214915
-0.004585736759578787	0.020841179475853212	0.91246508576777	0.9127145865432167
0.16378499154462361	-0.03413236409152441	28.877803966165366	28.878288599742376
0.11472357180774959	0.6738393865148182	1103.1235657200798	1103.1241765180353
-0.08597414752274551	0.10142626739089358	235.77209988796562	235.77217868995382
0.08951285961479438	0.017525609267368215	28.440998778386408	28.441145040437352
0.11933905120009061	0.0060969093939921525	124.9387188368205	124.938775980748
0.03737377565755148	-0.023088603127660326	0.08527360644272944	0.09592429648966466
-0.07368284278259145	-0.04268185187234461	0.6383703257956357	0.6440245140180634
0.13342538169890145	-0.3607942438795334	2.461707057743969	2.5407857385353396
0.45155262102858845	0.08465887074401443	0.6734924439306179	0.8152661933289498
0.05988616258466709	-0.03810063590529416	0.0874625392156134	0.11263972075403815
-0.40785281853352856	0.6467405489442697	3.4115974553034696	3.5314628935283445
-0.00718724049556717	0.01210482237222247	-0.008526025939797177	0.016458319140491767
0.18877296254275291	-0.033103347621016896	-0.8842887772353154	0.9048191557185423
0.3365365412749073	0.030007082291566484	-2.066814501970593	2.094249138511673
0.1762748042677053	0.11365491870500315	-1.5174992893644188	1.531925043984521
-0.06489433461681063	-0.14807157287542325	-0.40692067615658684	0.4378594546688403
0.06435094083595169	-0.1110366186875165	-0.2466729679707368	0.2780606541809202
-8.881784197001252e-16	3.3306690738754696e-16	-0.17916737420176787	0.1791673742017963
3.3000221173692807	-2.11338996848815	-179.08803933483432	179.13090854440816
-1.1985806636725866	0.5116516641439457	-200.14592678996434	200.15044165238928
1.6653345369377348e-16	-4.440892098500626e-16	-143.1390799661187	143.1390799661187
-1.9982464245630955	0.8019803757233499	-149.70210839515283	149.71759221698167
3.3306690738754696e-16	-5.551115123125783e-16	-2.4730565691123934	2.4730565691123987
1.7777835977118897	-0.162586176557567	-4.636336891628217	4.979103188102638
0.0	0.0	-26.531029576350885	26.531029576350885
-0.2564579401364753	0.33830082924155924	-1.3775286193078091	1.4453260043106708
0.22997718887046345	-0.09222713865014695	0.006071720197174446	0.24785523656059197
-0.3711161400618659	-0.7635374300238078	-1.449164416440733	1.750575346775965
0.0322835249464254	0.03476938896137154	-0.11256348065754906	0.12215430229613708
-0.08506899976276032	-0.034109742802119564	-0.10640651554478522	0.1404370172890534
-0.01609826295737702	0.12880059639455932	-0.7116960889128228	0.7234362934465257
-0.006052572296864886	0.23810619177264228	-2.765652062356286	2.775889501080232
-0.06388687367513479	0.04124912540342239	-0.3109899244751978	0.3201527074688252
-0.03778548794544111	-0.06694955692082055	-0.8325238882105619	0.8360657932916531
-0.18368358910588306	-0.11427327427180499	-132.29267476810182	132.29285164112557
-0.08590133561794547	-0.10722066864748234	-167.95855786629767	167.9586140566708
-0.07028081604999473	0.027588879731216334	-8.769373420654407	8.769698440098692
0.05554937785199754	-0.00864302873578326	-3.671901968033883	3.672332296807652
-0.24548319577019193	-0.07570403755194198	-133.9967511964748	133.99699744513188
-0.014439867530684845	0.00902844616336514	-46.93236640624337	46.93236949603647
-0.28432773427763414	-0.06788832704501326	-1414.0998673533677	1414.0998975673172
-0.2047853165380885	0.02748181146313339	-665.3646994447959	665.3647315266563
0.0	0.0	3.3639653505319735	3.3639653505319735
0.9947751343328106	5.215686774201132	-1.955123438066174	5.658221783611806
-0.10914160664273703	0.5816229040649701	92.91412199345231	92.91600649461304
1.0534919956392264	0.47186525610469554	64.3490872020812	64.35944006861654
0.0	0.0	303.20336972111886	303.20336972111886
-3.450176731748137	0.8118312911071109	176.31161491815718	176.3472379839675
-0.566832303394099	-2.562939184701929	138.03859682455933	138.06425759319114
-0.5850520089646172	0.4447117454478906	51.96320639196494	51.968402639716366
-5.329070518200751e-15	1.0658141036401503e-14	-143.13907996611857	143.13907996611866
0.0	0.0	-9.867982707747409	9.867982707747409
-1.4198899157584925	3.7135918064633486	-132.77090893253398	132.83042238225832
-5.253926045762876	-0.9275182534100873	7.40299390918442	9.12514919462559
5.253926045762876	0.9275182534100873	-8.216843750977946	9.796966379075705
-0.5504630723065433	-3.052979683918027	5.252173206414176	6.099919502302005
0.13289285296136777	-0.09247020753051965	-0.5514150523178746	0.5746910557609828
0.0	0.0	-2.4730565691123987	2.4730565691123982
3.5161975714832705	-2.2768361181948737	-0.10870494380435591	4.190399126053395
-3.5161975714832705	2.2768361181948737	13.237068979190187	13.884078047557233
-0.8989266467424504	2.2147041294953405	22.057033951235724	22.186160781518584
-0.36048914713220626	-1.8056895322767161	167.14800942235007	167.15815122501843
0.7241448938354442	-1.7442162314508234	2.8523874936903066	3.436814004784856
-1.770759985464391	3.1935276009675273	-6.263530123104659	7.257748898060798
-0.07496155589709451	-1.0157534774155699	-0.6340814085863368	1.1997639744796345
-0.9553791914883742	-1.131441731941777	438.05871024853695	438.0613375250723
1.0875438725675979	0.75453364158966	31.6772401004323	31.706600465374777
-0.13430632495758904	0.5835935682048898	26.628558893552054	26.637335985205937
-14.616123147366181	-16.31199648114375	468.49972291541707	469.0115260384066
21.019035612527944	23.471592500682284	94.54146763793463	99.65467683823624
0.04890626123114493	-0.3339993419317652	2.2076035471244193	2.237619402171598
0.08451912046775652	-0.026794901947768124	0.2541035106195496	0.3031663363637415
-0.3005296963080374	0.6108959382736814	2.2155027511095895	2.3219483566256254
-0.10732312222549124	0.03584461067058842	1.19609470419388	1.2095145369027194
0.0	0.0	-0.1791673742018034	0.17916737420179868
4.76670106090037	-3.4605266041068474	-170.09103304127285	170.19299693121656
-1.4761649089137383	1.3480649468282224	-8.85620974799831	9.079030401960088
-0.6044853916244904	0.5150811507729476	-200.14745045471054	200.14929811193787
-1.890562726808843	1.6110767001706896	-154.37421508872936	154.39419704062425
-0.029204012209243152	-0.2623415329521434	-19.651703178892525	19.653475870327245
3.59264103060033	-2.498569181552221	-0.14956155618604206	4.378616926478535
3.374347835316242	-2.3367832780658264	1.476811716804157	4.362081183247454
0.21829319528409225	-0.16178590348639704	-0.7989862530382865	0.8439227631829898
0.2179726159369915	-0.16125629237001105	-0.7926376922022906	0.8377291711687704
0.15706527996780006	-0.11619700299870073	-0.5711536768213689	0.6036453994058202
-0.13890045977074542	0.19122139623423	-0.5626004244583068	0.6102279882985999
-1.4309085434837252	1.306735878857122	-8.584695459682656	8.800684862691263
-1.3727985068347146	1.2819299868571132	-8.591304288227237	8.794227061230723
-1.3728057954062718	1.282114443426696	-8.592419176143787	8.79534425116537
-1.3372662314597177	1.248922721479243	-8.369976328226272	8.567648024580478
-1.320237776491297	1.2330192133957916	-8.263394884951232	8.458549473267627
-1.2897937128041508	1.2045863688517893	-8.07284487598385	8.263499291057714
-1.265473730282393	1.2050581191176266	-8.07634560434752	8.263228615580575
-1.4043741900531386	1.3962795153518566	-8.638946028805826	8.873456603879175
-1.4043741900531386	1.3962795153518566	-8.638946028805826	8.873456603879175
6.814830421951097	-0.4804739062531631	-6.17851732660626	9.211234727750352
7.922035126051789	-3.3762662290189533	-5.7620177608682255	10.361402552944904
7.744100101128903	-2.4925212681191375	-4.821786449921207	9.456921973717172
0.7669527587453993	1.344204258135398	0.6776006149199045	1.6894508619892878
5.913293937623703	-3.46833406670481	-5.690426089139086	8.909395909204905
0.774015561366731	1.3413696582430679	0.6771996656849318	1.6902579792732115
0.7381102579881986	1.2791457354618052	0.6457854917872838	1.6118497035705501
0.898885216283567	1.298324200016772	0.5743211410723745	1.6803229253584107
-0.1607749582953567	-0.019178464554946466	-4.380863296733963	4.38385442566109
-0.16341227434199046	-0.046227002021194015	-4.380558061019905	4.383848700980454
-0.16341227434199046	-0.046227002021194015	-4.380558061019905	4.383848700980454
5.9040887444661205	-3.9460523010029993	-170.06939439194414	170.21759163349552
5.9040834215238815	-3.945917589879188	-170.0636644978952	170.21186342064138
5.054654473691892	-2.772092050776563	-126.99424634858292	127.12502755882085
0.8138893838855021	-1.140633817155211	-43.29186099723241	43.31453208840807
1.2599945701029083	-1.6438648987438742	-50.419660545059564	50.46218433243894
1.754043882568847	-0.7033826990067849	-48.14922765536858	48.18630034534452
1.4097307798969678	-1.6429232511598355	-50.41522072550733	50.46167871249048
1.4097307798969678	-1.6429232511598355	-50.41522072550733	50.46167871249048
2.8545054049010776	-1.5654782701780725	-71.71721914525479	71.79107496931292
3.0675190568601995	-1.5641120995289268	-71.7110898399868	71.79370812169233
1.8970334012350751	-0.7024880838844143	-48.145900297032	48.18837972629033
4.964552458095275	-2.266600183413341	-119.8569901370188	119.98208784798265
4.964552458095275	-2.266600183413341	-119.8569901370188	119.98208784798265
0.09364267399792774	0.4091930442083992	-66.02831743732881	66.02965175966386
0.6387811360624389	0.5606871217467032	-53.82070705948084	53.82741791848028
-0.476636361543305	0.4781031585387755	-26.576829775152508	26.585402869785195
0.6061723193012709	0.2288383286897916	-53.827885847392444	53.831785282129395
0.6061723193012709	0.2288383286897916	-53.827885847392444	53.831785282129395
0.08287341778035019	0.7616828444933588	-17.383792806797796	17.400668984514507
0.01437131725911216	0.1320856084160671	-3.0145734094782135	3.017499955897846
0.012561645243827357	0.1134662894211115	-3.0138352830645467	3.0159966026524305
-1.4221922948023575	3.725026968702931	-132.51007100367605	132.57004704774087
0.4280899560140846	2.982430842187424	-132.6811980293184	132.7154040239265
0.3496102704705798	2.435676050688602	-108.35738815657876	108.38532332968607
0.14389016648304162	1.0024586290345852	-44.596981091337895	44.60847845582816
0.116910184800945	0.7274427576328879	-44.59489288095032	44.60097882356821
0.12947183004477236	0.8409090470539994	-47.60872816401486	47.61697542622064
0.12947183004477236	0.8409090470539994	-47.60872816401486	47.61697542622064
-1.2396719348183942	1.0099939745028976	-75.1924742553125	75.2094745292795
-1.2851706071512994	0.5463397801122473	-75.18499393787927	75.19796183463868
-0.49270095020606197	0.31419426285200974	-26.57272283022456	26.57914729394234
-1.7778715573573614	0.860534042964257	-101.75771676810383	101.77710912858102
-1.7778715573573614	0.860534042964257	-101.75771676810383	101.77710912858102
-0.6508907919943041	0.601082725671078	-131.62896777743612	131.63194945536404
-0.7307206281681867	-0.21028891662110993	-131.6382044484627	131.64040050258194
-0.7307206281681867	-0.21028891662110993	-131.6382044484627	131.64040050258194
-0.6044853916244904	0.5150811507729476	-200.14745045471054	200.14929811193787
-1.8916110592601916	0.9254561334980985	-332.4153333810667	332.4220329762833
-0.36061797925758565	0.19893983236431353	-71.26550835780064	71.27289173075916
0.2503016080996472	0.5960319018220399	-66.74724333603734	66.75696778970783
-0.03756282915895759	-0.3347348836528001	-42.07316096280225	42.09300975827952
0.8668107616295838	0.5729066386811279	-33.98898171503366	34.01375355262015
1.7824429283926508	-1.7558366664743332	-67.67501994197906	67.72668514038705
0.10306556428269409	0.441977955846536	-3.403281388365677	3.4362437365954417
1.2726850010959971	-0.5503626951352532	-41.136441347912594	41.166745343689904
0.9936258919123551	-0.9795073774146252	-26.46463242349954	26.517991006472027
-0.14355054699558273	0.1644250216383227	-20.72613411793897	20.74850906486963
0.6044543399451769	-0.45074600232576945	-2.6595255641080597	2.767867955437093
0.12693851633378866	0.12553813414466736	-5.046912848328759	5.079699019743144
-0.7073561555215601	0.3693176383232247	-5.383762017752846	5.470080560195534
1.3472209020069665	0.18961092374424787	-3.922100124038242	4.223265869846733
2.398623652825962	7.576337710874131	-3.6036069223646887	8.725839294189663
-2.398623652825962	-7.576337710874131	-19.563457303454225	21.169155632693197
1.1633922143890918	5.1680125237490575	-2.2909705213562424	5.77151460362456
-0.5531520516069013	-0.13166487591424225	92.8941939413439	92.89593414592359
0.7459929457914352	-0.022444919672064856	64.34252775142245	64.34685607465342
-5.393430016462052	3.3073216243750294	229.33041669775312	229.41767038838708
5.393430016462052	-3.3073216243750294	73.69378564916389	73.96486670693353
-3.778241217781215	1.0219293356481103	206.6763872307365	206.71344534165473
-0.566832303394099	-2.562939184701929	138.03859682455933	138.06425759319114
-2.6360382223479206	-8.821121569578885	-20.496973154775638	22.51969786126275
-1.6833235812446725	-9.090489040502673	-21.814381765595584	23.740004656482746
-1.4970595605143737	-9.446628984491507	-19.748168438433726	21.99363869783971
-0.07254260695665031	0.5969969797801383	-1.9473073638455936	2.0380563763002115
-2.347708138077743	-9.216508809060487	-20.420619829517012	22.57670220272991
-2.5226259704551834	-9.399386317045021	-21.348331214063094	23.50985645530845
-2.260739149840048	-11.015592515443805	-21.044852571120614	23.907949299555625
-2.260739149840048	-11.015592515443805	-21.044852571120614	23.907949299555625
-0.15375959848650772	0.6189680602377884	-2.0030759522815718	2.102160018725974
1.11238838271314	1.1909610317851882	-2.0644681420134376	2.6301758121111236
-0.5022235501544645	1.1042665207211877	0.8196953697624079	1.4640811255956285
1.0664938655823666	1.1429780742504831	-1.870949814307835	2.4380855709348426
0.6490303152115824	0.6955758900738157	-1.1385936543218527	1.4837323473516433
0.6639194867246697	0.6006171605061186	-1.1539611412817594	1.4605329075154316
0.6639194867246697	0.6006171605061186	-1.1539611412817594	1.4605329075154316
-0.6875009028037004	0.9105580801469262	0.8604839426379267	1.4290577749742908
-1.0806498481543052	0.8283120735011837	-0.16540135219876217	1.3715912629981761
0.8106124957213896	0.5296481908224081	0.29352913485070614	1.011819735559311
0.8118133999559949	0.4990982265770432	0.2837773543192287	0.9943186727326826
0.8118133999559949	0.4990982265770432	0.2837773543192287	0.9943186727326826
-1.0742380237425821	0.7688809793279245	-0.2000656219336702	1.3361106036202026
-1.0742380237425821	0.7688809793279245	-0.2000656219336702	1.3361106036202026
1.6412630880151102	3.605434795377753	2.0102589035789444	4.442301818564329
1.6951269235507354	3.590205507901196	1.772407615238781	4.347925899836277
1.5814055097770867	3.349348472109892	1.6535016519225163	4.056235482179099
1.5324406408556603	3.362594605146911	1.5211643507447454	3.99616788664915
0.7685162098104779	1.686335112878325	0.7628611707142017	2.0040709676683752
0.5440415895481114	1.451645724144219	0.9537702728910764	1.8201467778821985
0.5427179113250041	1.4104055733079477	0.9124156601655508	1.7653013763679095
0.5427179113250041	1.4104055733079477	0.9124156601655508	1.7653013763679095
0.999088319236674	5.212460539267731	-2.456651393830704	5.848338089908002
0.7239288483593282	4.9247798743037965	-1.9433634346025404	5.343612189033259
0.3695462661311738	2.7623435428019043	-1.9809060821137194	3.419224356111485
0.3561974352523678	2.1643337698241383	0.3315005682056018	2.2183574794884073
0.3986301584334034	2.5643445485088256	-2.063122315979124	3.3153043084113167
0.3986301584334034	2.5643445485088256	-2.063122315979124	3.3153043084113167
0.7992666494843742	1.5180413631302483	-0.06980910190385714	1.7170177832104514
0.8061325054599422	1.4482123799467295	-0.1106477528134369	1.6611476872911535
0.8061325054599422	1.4482123799467295	-0.1106477528134369	1.6611476872911535
-0.42667534986542366	0.6634322775740977	3.0566796736164212	3.156815621510025
-0.4012311600404869	0.6238694183372028	2.87439884142492	2.968563321626945
-0.41455757446106134	0.5982309055022476	2.8511529960094335	2.9425858705388186
-0.41455757446106134	0.5982309055022476	2.8511529960094335	2.9425858705388186
-3.778117352318167	1.02187646021598	206.66050513469935	206.6975635675421
-3.7929643299041538	1.3976184739563842	206.6616143612316	206.70114360157334
-3.11063083117529	1.1461945690723432	169.48432237120025	169.5167405178113
-2.9802170145871436	1.743067174722842	169.47875342566323	169.51391635894203
-2.9802170145871436	1.743067174722842	169.47875342566323	169.51391635894203
-2.7833634178380233	2.693169393523061	269.40483576278797	269.43267397564875
-3.039734642115036	2.857353860877538	300.4804627705944	300.5094224223376
-2.1381192861871	2.0098344483184376	211.35498595405252	211.37535588670062
-2.138051200386785	2.0098053839931205	211.3431356983924	211.36350580799453
-2.1532339596143877	2.394045239766841	211.34345487963202	211.3679819403922
-0.033890475808634246	0.5799043015361451	65.34759583970506	65.35017765540297
-2.038717915985404	1.7984042166931016	147.0548177478364	147.07994442247036
0.01637593284791583	0.8100246467214741	65.34648840140659	65.35151072848004
0.01637593284791583	0.8100246467214741	65.34648840140659	65.35151072848004
-1.9255660097977236	2.316283513281903	147.04930324423168	147.08015011681903
-1.9255660097977236	2.316283513281903	147.04930324423168	147.08015011681903
-0.5531520516069013	-0.13166487591424225	92.8941939413439	92.89593414592359
0.7459929457914352	-0.022444919672064856	64.34252775142245	64.34685607465342
-1.0605894984301814	0.9878090519550627	76.93377185276466	76.95314300854417
0.1302269067326623	0.9540896844923789	66.97310986605943	66.98459212283137
0.047676020128450375	0.994762433026721	47.05804709785069	47.077935092328445
-0.8085013569912363	0.41376976460250514	58.96320783315533	58.983232542057145
-0.7054905650956451	0.6145117044956014	60.82893925849226	60.84213886667516
-0.3825655444946454	0.6068230430089719	99.31918685348847	99.33245750502181
-1.7320299901849296	-0.7435218599942875	98.07140673037713	98.09419035843749
-0.12862821057242166	-0.1252833765986296	103.40570558155962	103.40594957526186
-0.42959493830753376	-0.31399307180944824	66.15110852949736	66.1603267470303
-0.27010942034615093	-0.2888982375397575	22.82520863082653	22.829061525088385
0.44643045155085903	-1.714548768802559	174.08251312106225	174.09345376258196
-0.4063995161027316	0.29478790133620214	11.727927742845374	11.7394986860498
-0.2615492965391738	-0.13470803595781627	10.920621903071158	10.964723625893154
-0.4618564715071115	-0.005135489238902169	11.149815996730862	11.170293392605148
0.44297297746815745	0.353219622713316	16.42514646094695	16.43550745213226
0.7384277294454872	-0.06192362998306833	2.694203342941601	2.8382137715087654
-0.4815183248096599	0.757368040078888	0.5560848575797572	1.1894688884497722
0.10764060410547205	-0.11547767675491792	1.7711711776133896	1.9558218852458173
0.13563783927908435	1.0614002138539675	-0.1729476071957444	1.5862154573230662
0.2702342248957249	2.1792052916720754	-0.01992021561386914	2.2516604465697467
0.4160786859929618	0.9123240996762035	-0.4753279746664641	1.431714362447759
-0.1361946649216409	0.27878237381697496	-0.01814048648882114	0.8307786253740994
0.9103359060869289	1.1589339457479817	0.44832021057456606	1.8187240897606523
-0.3265498937904782	0.7021712303104588	-0.8103891253136877	1.3869255191034342
0.18288668916204032	-0.22947143826224847	-0.6099938044255768	0.690229471906544
0.25858319186451545	-0.018180377901721348	-0.25394441653521305	0.8653821342108483
-0.05819607657203446	-0.08211761276624713	-1.1682879722583381	1.2942822313074935
0.0945874695362787	0.059455798564525666	0.05723965243242857	0.18433057149265045
-2.1796619980034664	-10.076075156310381	-19.420768986632016	22.078778356912867
-3.6570354632921913	-0.6456061840282348	5.152910609059113	6.351629985254666
-3.157794958658905	1.126080090281398	0.21175687575362034	3.359250860696279
-0.42873723587459933	-2.3778635420168652	4.090741661229286	4.751022835221414
0.10978280295078346	-0.5891007211621747	-0.18660199633555252	0.6276242733785382
-0.8650700140001815	0.7627584455815624	0.6589596391065462	1.328297550023979
-3.008262826405296	0.8035128500875731	13.877638176096395	14.222662179762121
-0.2072243881140657	-0.19824038322909188	1.6228188037286868	1.6479630051392153
-1.0066937525524233	2.3537735877175403	21.479382908481107	21.631402463613284
0.9104771986923468	-0.2218390227894782	1.1713124052936803	1.535921232409306
-0.21917032884930626	-1.967343120355198	1.4033063006612254	2.4264672179389386
-0.7157013844674305	3.6301656686679302	-6.304155793024804	7.3172133709788785
-0.04212353190469054	-0.5707875657217172	-0.3563126208509354	0.6741895289162474
1.4104372125909268	-0.011414888096475985	1.054066245583232	1.7914851605328606
1.4104372125909268	-0.011414888096475985	1.054066245583232	1.7914851605328606
-0.29044355001447275	-0.9288119263909155	290.8753539772411	290.87701538660724
-0.03557927355074343	-0.023592681691023607	16.682975908937102	16.68361434049623
-0.481417427512869	0.2625558230281294	54.48221313777615	54.48772693288174
-0.03607933907873227	-0.4134909064976738	57.67483661436814	57.67649898119185
-0.035776872958202525	0.10421200161252228	10.701731780745591	10.703209005613173
0.2998151637273355	0.06907482457917603	0.3765350633648134	0.5046372143774536
0.46951163202287427	-0.3531641454219345	3.4427115429819715	3.5351900199137383
0.0020438884845259686	0.01583766054207831	2.141055468729135	2.285225441520314
0.6559508670018694	0.34427407848746633	2.082100696879798	2.214366563576644
-0.09296706701904112	-0.21975134828607792	0.65326230309638	0.8853387994267832
6.233540149586421	-3.505000684630303	86.5712033713738	86.86607684109526
3.517953742631562	-1.7658932281016178	25.102151839234466	25.408904037519278
-2.8574876087642402	0.27963814659833663	42.41259250630869	42.50966285485533
5.473825995467884	-1.1980119621408103	71.81503614948069	72.03330771831395
-2.8480016433815893	0.27870983538881144	42.27179596074549	42.36854406608687
-4.107047810797023	0.9009444278082628	40.09196915104279	40.31185350477373
1.2137898019854203	-0.5809055244483511	1.9083125213870562	2.3350361005819678
-4.10631285489632	0.900630691356714	40.07660739073597	40.29649365460591
-4.123213660097258	0.8060937297489771	40.082197530954815	40.30177709355301
0.6234027504840444	-0.0382200199523168	7.952629157112027	7.977117416071082
0.6228305865220223	-0.023739898457231862	7.952770193226573	7.977157091881737
0.62899346447985	0.004310044554091945	7.953490087143333	7.978324129861463
5.474555560690459	-1.1983233974308527	71.83441709662952	72.05269056159152
4.868053615407372	-1.0655664158708031	63.87619779930026	64.07028970657495
4.863458038893843	-0.94926320442654	63.87801512683795	64.06992384318791
4.782832471073528	-0.9335264828889289	62.81905641893174	63.00778370571004
4.831503951460711	-0.7119668731402456	62.82589942743684	63.01542641391741
5.46049741594056	-0.7076568285861538	70.77938951458017	70.99375054377887
5.46049741594056	-0.7076568285861538	70.77938951458017	70.99375054377887
-1.172170524755729	2.1676561482943466	22.383608245811658	22.518850659354506
-1.172170524755729	2.1676561482943466	22.383608245811658	22.518850659354506
-4.126100888289682	0.8791626711457083	40.0817406396764	40.30314588526517
-3.852124038750465	0.8207854706374463	37.42027662756942	37.62698036359744
-2.9624275736062105	1.0903921993544226	26.980631998071793	27.164672560011667
-0.8478557118209676	-0.22962193655143817	10.553836701609935	10.59032835496907
-2.941333105273828	1.1857191792765545	26.975441959550317	27.161219400486274
-2.941333105273828	1.1857191792765545	26.975441959550317	27.161219400486274
-0.8396718339332024	-0.1923954293386035	10.553298061531356	10.588397648627133
-0.8396718339332024	-0.1923954293386035	10.553298061531356	10.588397648627133
-0.186480462363938	-0.1783957895120556	1.460368654508656	1.4829958285951363
-0.2006468803129453	-0.18726561636865316	1.4617076848092925	1.487251470829275
-3.208731797235474	1.1346963664379286	13.893202300408326	14.304005234572198
-1.3903821004066037	-0.2611822750169759	4.613402503912991	4.825438967495576
-1.8183496968288706	1.3958786414549045	9.23911558711039	9.519250476461568
-1.0753906064825596	-0.2020113500100882	3.568234742938861	3.7322342802615944
-1.1388862271182836	-0.19780657542516566	3.795721629278521	3.967832149495984
-1.3395331074312289	-0.3850721917938188	5.257429314087814	5.455083620325259
-1.3395331074312289	-0.3850721917938188	5.257429314087814	5.455083620325259
-1.9467204190436411	1.3667926519600253	10.090128884062555	10.366703595664664
-1.9467204190436411	1.3667926519600253	10.090128884062555	10.366703595664664
0.014637171216011477	0.0533112033805193	0.24084645729291115	0.24710999004012768
0.09836390405975662	0.08859617056172583	0.23135377309549965	0.2665507594917024
1.2152161108936073	-0.5815143842387662	1.9131809137871025	2.339908199936747
1.215063348619144	-0.5776483310775803	1.9137779360548302	2.339359426014858
0.3058682783780091	-1.1263125081056131	2.8416000057014283	3.0719417087626244
0.6352182207019124	0.6070413775362955	1.7336419424604639	1.9435832389200485
0.5933774673786218	0.5670565853707594	1.619449870348209	1.8155626875368007
0.5949914934294438	0.5731080537600491	1.6191076842143322	1.817684629307278
0.6933553974892004	0.661704224321775	1.850461457309832	2.08423538879898
0.6933553974892004	0.661704224321775	1.850461457309832	2.08423538879898
-0.09337690400909648	-1.0556648205859667	1.2127297287744945	1.6105467564397458
-0.09170333009909991	-1.0506907590877588	1.2144762518027286	1.6085127099828842
-0.36822338895769746	-2.4940111023969656	4.069131700773162	4.786806100239692
-0.4599267190567974	-3.5447018614847243	5.28360795257589	6.395318810222577
-0.4599267190567974	-3.5447018614847243	5.28360795257589	6.395318810222577
-0.25542890739621105	-2.313631429402019	0.9795696638366562	2.5254090845167063
0.4125550252900838	-2.032828769878099	1.0598605671895707	2.329355893464888
0.4125550252900838	-2.032828769878099	1.0598605671895707	2.329355893464888
-0.3907520670958954	-1.1435781775351215	0.3909718637347046	1.270164250916571
-0.3796106102347588	-1.1677714653440239	0.38224625100478254	1.2860430035895953
-0.3796106102347588	-1.1677714653440239	0.38224625100478254	1.2860430035895953
-2.9313507551429288	0.5338360511730302	-0.3026482723015662	2.99489468194395
-3.0355048874137296	1.0511354956815226	-0.5450937970858621	3.258266870502746
-1.9716514826539255	0.6827440361317965	-0.3540547727878902	2.11634207302573
-1.9544078980732247	0.6758234600352466	-0.3721667138321275	2.1011795839645906
-0.019097958577300136	0.6146330863195532	0.48512283747485535	0.7832513838227001
-3.202383790786176	0.4408473344326043	0.6032201630794096	3.2883860601991235
-3.1764635769173486	0.3825670225634255	0.6297249340404538	3.260802336049804
-3.1764635769173486	0.3825670225634255	0.6297249340404538	3.260802336049804
-3.57079445515037	-0.8711616286174192	4.75062786553907	6.006493214925361
-3.98695198361989	1.1957564437792345	4.6212697815228845	6.21946573156786
-3.9757964370574705	1.1912792535220398	4.582755229959453	6.182859295383634
-2.8470829388198737	0.8530796009724588	3.281728437198772	4.427569039736549
-1.5800090875296238	0.47342264025554825	1.82121872281238	2.457111179679317
-0.6918290235188569	0.2072947083056408	0.7974460277235114	1.07588041203778
-0.6790475773683686	0.182336252808056	0.8041396919425954	1.0681726291079865
-0.8516243144207537	0.7351770602296993	0.6722961204227655	1.3106225071835542
-1.5306718917891224	0.9175133130377553	1.476435812365361	2.378795136291541
-1.5306718917891224	0.9175133130377553	1.476435812365361	2.378795136291541
3.3326928766276263	-2.2679674626566126	1.5427217255323993	4.31630728100113
3.401242185008064	-2.466020167857606	1.2726473759228156	4.38968509266919
-0.007641972411244591	0.15299341582968162	0.04859033422866271	0.16070596009489269
-0.036696199290081895	0.18080870143294822	0.09893550949683334	0.2093481134273831
-0.010479304730304522	0.597418949205223	0.4910755550962426	0.7734173630777804
-0.047175504020386415	0.7782276506381712	0.590011064593076	0.9827654765051635
0.3822167274186846	-0.054744179436194584	1.5222888336518934	1.5704935036357304
0.02918391926603514	0.48828814333557624	0.8864038181490932	1.012417276074999
0.3225887444655033	-0.5145994782277683	0.44533500653541847	0.7531264097706452
0.030102321863788445	0.4916325874909303	0.8855797868298386	1.0133411615572518
-0.01707318215659797	1.2698602381291015	1.4755908514229146	1.9961066380624155
-0.01707318215659797	1.2698602381291015	1.4755908514229146	1.9961066380624155
0.9140269249812963	1.2659336115437407	0.580187894246432	1.665728405550281
0.9140269249812963	1.2659336115437407	0.580187894246432	1.665728405550281
0.5665332737833775	-0.6280518256782679	0.7252658348160839	1.11419009921691
0.13933007860355395	-0.1544596130329286	0.17836789196610522	0.2740177872810209
0.11429821005716165	-0.13103772190535595	0.10896007755633835	0.20520054552924494
0.3235056010990294	-0.5124857838664579	0.4465914066890485	0.7528223144515345
0.43780381115619105	-0.6435235057718138	0.5555514842453868	0.9580228599807794
0.378809033614735	-0.12063868552821438	0.583857685114632	0.7063566895425578
0.3876295283844736	-0.1376649438122893	0.5797569386208651	0.7108631344425227
0.8254333395406647	-0.7811884495841032	1.135308422866252	1.668885994423302
0.8254333395406647	-0.7811884495841032	1.135308422866252	1.668885994423302
2.8347089112246904	-1.8379683421793405	0.41862230329929306	3.404254231259725
2.440523550830626	-1.1216338171494034	0.5762401071430163	2.7470475574718876
0.8213885555738756	-1.189926737675268	0.389280139006252	1.4973789857237114
0.5391383057213978	-0.9049922254316953	-0.05830013260016342	1.0550260405549925
0.5391383057213978	-0.9049922254316953	-0.05830013260016342	1.0550260405549925
1.8884552406381845	-0.5629270203245597	-0.18488691160460924	1.979225403077675
1.8884552406381845	-0.5629270203245597	-0.18488691160460924	1.979225403077675
-0.020502124573796972	-0.2778104600554135	-0.17342244131927892	0.32813767229834906
0.03588700157045926	-0.25432550786725217	-0.16344557491475242	0.3044401366325864
0.03588700157045926	-0.25432550786725217	-0.16344557491475242	0.3044401366325864
6.015201963420549	-3.5092340457129794	-5.649717730484701	8.967535262405303
3.5693851671951684	-1.2779225770810958	-2.887903237756963	4.765876802378931
2.4817220996039113	-2.16908754585062	-2.730400318830088	4.28006673572903
2.4902268058810315	-2.21092131283899	-2.7702243912856472	4.33169086782149
2.4902268058810315	-2.21092131283899	-2.7702243912856472	4.33169086782149
3.5799441975179214	-1.3259361638735372	-2.9268851079537974	4.810484757607247
3.5799441975179214	-1.3259361638735372	-2.9268851079537974	4.810484757607247
-0.7157013844674305	3.6301656686679302	-6.304155793024804	7.3172133709788785
0.0012580453932017066	0.5621435101740418	-0.9469618704031263	1.1100556191499558
-0.08200532846271169	0.828257888346734	-0.9868480489771732	1.2980079644112055
-0.2513425908390627	0.9248870392770903	-2.4165949719456865	2.6461746605667598
1.0786853068250128	0.1859324718698939	-1.0913481111440444	1.8191422350857394
-0.2320993451994393	0.21500654248739665	-0.9292220269509248	0.9908436279883817
0.34347807479187903	0.11747197718335747	-0.6032411179675791	1.1730418972026864
1.6088703889745501	-1.0819351960222636	-2.281368618112126	3.1375214838336465
3.196776323438723	-1.7453008589858627	-2.4191491585897733	4.505923071547998
0.7164476269417592	-0.6780953460820774	-0.14535553382312866	1.0068358936001722
0.5226611993948029	0.02537104233052434	0.3919419075981408	0.6675750732864587
0.3105317559734505	-0.07202815582027688	-0.21256939233924188	0.8553090132674235
0.23885582091564533	-0.11354335247288272	-0.25561705477033736	0.3917957059049139
0.5578539553290021	-0.4027756945037707	0.2704026489441021	0.7515094733369596
0.36050320785155476	0.09094624226271784	0.1673642189574977	0.43095747880762375
-0.008468009522549419	0.022419309843299595	0.2904872673037329	0.576691336162348
0.9561814695118667	0.13625685841858498	1.0869816754773574	2.2161830022422646
-1.1245605364892235	1.2274263084106762	1.222763580448629	2.249159978408432
-1.2591768866900934	-0.001472761923892535	0.4066040898604301	1.7791729774795564
-0.5625748597725218	0.5835122725601011	1.0529696929748176	1.6379553151315371
-0.3524046616160047	-0.5076391896832866	0.03954016906840696	0.7919406289621419
-0.06250180001137981	-0.43684829319827845	0.16844741687299103	1.0657540750528731
-0.790812526333944	-0.5348489348640323	1.790472471278779	2.244472438707682
-0.8368239342882189	-2.0415801906870796	1.7441014362739684	3.2123259918471887
0.7097541597648354	-0.1591163102356879	1.2562213798551751	1.6518494625864295
-0.9716915888767441	-1.5493142896664103	3.4794651621835166	4.11309672742055
0.5291114408511599	-0.09408102624308745	2.2305341688904012	2.2983281826854354
-0.8421972685856289	0.3803005389255463	3.045063173326805	3.2836743214585358
-0.689609887218088	0.16804120393331493	7.530311898778084	7.626536011844198
0.07468953620259111	0.06265910949459687	0.45536936563129493	0.48615402381988293
-2.0033506110486026	1.0042521105494626	14.676901792074947	14.847655100097276
-1.1651329732584057	-0.21320004303626114	8.333323385274578	8.449574549116974
-0.7813396670379062	0.8461717111920088	11.265876533346812	11.350552866815448
-1.020284583557245	0.6847660300841386	18.37031674118822	18.429804048967288
-0.6885058090948926	0.23688337405573187	7.180439784643591	7.259824574866823
-0.05342439260227162	0.08749316647805314	3.3528734641659983	3.398883538621732
1.3871831983155702	0.5806664926806727	31.840087830654646	31.875886241014744
1.8506433221485676	-0.1578439729653417	22.96905826803501	23.058198765163198
0.7442986853810472	0.18410593094172747	7.085593380477323	7.128234611790772
0.35998725197379455	-0.3870068610774118	14.392911784424093	14.428995359908075
0.41687346507945	0.38244774562221645	20.32523232182747	20.33909630840758
-10.734224007893419	-9.311126608026967	221.03536016507024	221.49189598507814
-3.627420904273005	-6.716698451000722	248.60846110854865	248.7256302741219
20.764557377328224	23.187421078566267	93.3973692797367	98.44867661744664
-0.36987438300201464	-0.4302652089307789	-37.53754851191641	37.54209588286989
0.33231155384305705	0.09553032527797883	-4.53561245088583	4.5509138754096305
0.41165484109888695	0.20448411784222736	-9.979177925552113	9.990732971978403
0.14143773735781068	-0.05125766981848606	-11.080045743710816	11.081945923432771
0.31371818317288624	0.41968019065738665	-12.929758045770733	12.94107465720898
0.37881876725171115	-0.0200558062770827	-9.078245522851196	9.087239814809294
1.40362416114094	-1.7357808601972506	-58.59677441912787	58.63944532557775
1.0052626232552029	-0.17155230941141947	-21.81503367167407	21.839303034157293
0.2674223778407939	-0.3788103857238336	-19.321407676238515	19.3274423095326
-0.04142551278443314	0.0933479685514497	-0.8941041486304695	0.909984475329306
0.15166960416020853	0.07306971424675401	-3.079481783417421	3.087032637787615
0.016694424958013297	-0.04087954865353635	-1.0733269162808678	1.0826819066262228
-0.028813211957018386	0.09761094507938635	-1.3713910182289322	1.3817709734473214
-0.2594356835176975	0.09056571912771685	-1.7169324565269692	1.7440142442191087
-0.4191072600468443	0.18114097411612148	-2.2954385429969455	2.3442953425291044
1.1097193926548865	-0.10439978495554246	-2.322925426497979	2.5800346088771575
0.23750150935208014	0.29401070869979035	-1.5991746975402634	1.6432312609695756
-0.09446163226041823	0.0794825581194913	5.015991815006351	5.019451578621435
0.17882822450834676	0.38940367732400305	38.086871237490065	38.089537345626056
0.045860314484733745	0.48520344904888446	23.870246813563007	23.875603198583875
-0.6738754541996534	0.08905300732290547	44.48094918009823	44.496036105716954
-0.13462590279158276	0.3247167572795997	14.482258653057102	14.487196436340191
0.15146751892977883	0.14053704246789608	18.37471854812235	18.37641027451248
-0.8569580840254241	0.4739746620277055	42.454220710369924	42.465728592162684
-0.3875382664582089	0.6411150812951903	97.67395987806869	97.68133907410825
0.00497272196356347	-0.03429203828621851	1.6452269754197801	1.6511184309135623
-0.23446206903996683	-0.22222808745589046	14.583213761024357	14.587415843280917
-0.12090587714129564	-0.06929485313129985	13.820228385483537	13.821590076222158
-1.3766620440036668	-0.45199891940709724	69.66796458386924	69.68518443893439
-0.10099064053674726	-0.13973677956518252	98.15154640800604	98.15169783432177
-0.027637570035674384	0.014453402966552934	5.254159173553574	5.25425174094009
-0.6361979700299584	-0.04483421160496601	28.63793230048727	28.645373172569997
0.20660303172242456	-0.26915886020448226	37.5131762290101	37.5149535744603
0.09389369434263536	-0.17762775290964938	8.918057455744066	8.921412232000787
0.35253675720822364	-1.5369210158929094	165.16445566531814	165.17204153058117
-0.20118548407478593	-0.15458574095474326	3.6428968709440515	3.68546953246705
-0.06036381246438782	0.01987770499692698	7.277725032127105	7.279254093426103
0.7384277294454872	-0.06192362998306833	2.694203342941601	2.8382137715087654
-0.06983320297261932	0.28166120230157016	0.0366195786255783	0.32213398308482766
-0.289058333802413	0.33200329173302134	0.3755442962660844	0.5941666642619541
-0.12262678803462758	0.14370354604429655	0.14392098268809458	0.2731682411029906
0.07269773437687889	-0.10943853229575576	0.667883912637787	0.8431763669570796
0.03494286972859313	-0.006039144459162142	1.1032872649756023	1.1126455182887376
-0.11481365228314329	0.24840197445247444	-0.562471548050875	0.6408898056056362
0.2504514915622276	0.8129982394014929	0.38952394085513065	0.9453256517174298
0.2702342248957249	2.1792052916720754	-0.01992021561386914	2.2516604465697467
0.5063624093314082	0.5451358716366016	-0.13273417810563756	0.9027260451356687
-0.09028372333844645	0.36718822803960177	-0.34259379656082645	0.5289883173120902
-0.1220250373699014	0.09078405708583029	0.3437556904375962	0.40097333374467387
-0.014169627551739505	0.18799831673114467	-0.36189617692641735	0.4298052916294256
0.34425933632839484	0.19892473818694167	0.20868834170926504	0.6702626934101084
0.5660765697585342	0.9600092075610401	0.23963186886530102	1.148461396350544
-0.2387647111115047	0.6130754180267539	-0.36181627632772234	0.9007756576287448
-0.08778518267897348	0.08909581228370492	-0.44857284898596544	0.4861498614746893
0.022723939252764905	-0.06391900188217359	-0.2779562052509006	0.28611478160741266
0.1601627499092754	-0.16555243638007489	-0.33203759917467623	0.40411469029913133
0.31292058980986626	-0.08394174441524534	0.018852386123451373	0.3532714386204702
0.08996091244544846	0.14333072184147916	-0.1617955227097228	0.27256969321722024
-0.1442983103907992	-0.07756935532795517	-0.11100127994894168	0.2395410023731581
-0.10624276136957861	0.034510343184128635	-0.27061622095252036	0.3223836651766694
0.10628008121839735	-0.11368250330806405	-0.6693003815367236	0.70028691858936
-0.058233396420853185	-0.002945452642311698	-0.228371369769094	0.2716116475414642
0.12847944304111217	0.05458155691048683	0.054932305538515525	0.1500122389363745
-0.03389197350483346	0.004874241654038847	0.002307346893913053	0.034318332556275956
-2.0760055867318736	-9.46409737170011	-17.966843370666805	20.497904814464253
-0.10365641127159278	-0.6119777846102714	-1.4539256159652132	1.5808735424486133
-0.02228077873355347	0.14537463829483008	11.92043093647383	11.922155162331292
-0.23877509589070509	0.08527173564209889	17.000247659656566	17.002711109992884
-0.2203615528886105	0.031909449091200484	25.56153454164576	25.562860660557572
0.03332838127927581	0.05108721244629154	0.1184103237884733	0.13319793186802978
0.26648678244805973	0.0179876121328845	0.2581247395763401	0.37143928250942376
0.1664591112309297	-0.40262216519764904	2.6408453411777173	2.676542052656802
0.3030525207919445	0.049458019775714554	0.8018662018042542	0.8586479672569358
0.030238246748078988	-0.22774514151657674	1.8854406689387289	1.9045074171656367
-0.02819435826355302	0.24358280205865504	0.2556147997904055	0.38071802435467705
-0.00861778440957649	0.04227341096008022	0.2878539284212514	0.32084387478940063
-0.035647581742112265	-0.0444360295871222	0.04884786075481054	0.15443776969980336
-0.04870170086735235	-0.21758872965903592	0.3165605139203179	0.41005715493757916
-0.0014668879946664244	-0.0021601294888813558	-0.023305302143164737	0.023451119968603457
-0.08053844046804526	0.8304180178356152	-0.9635427468340083	1.2745568444426023
0.7439793307787208	0.4086970094017857	-0.5308530758616399	1.1162721087045404
0.33470597604629193	-0.22276453753189185	-0.5604950352824045	0.702870126381199
-0.17694362330976504	0.11928945932101231	-0.7547509237931339	0.7843391982437681
-0.05515572188967426	0.09571708316638432	-0.17447110315779077	0.20650442974461372
0.9496282476717774	-0.9157169371158558	-1.3042404253661817	1.860337117233426
2.2471480757669458	-0.829583921870007	-1.1149087332235919	2.645585954314572
0.338704145565565	0.060772712299614035	0.30980891013367406	0.46302848895264104
0.18395705382923797	-0.035401669969089694	0.08213299746446678	0.20454658433381773
0.03340847544070778	-0.17691234910412515	0.21733750507177227	0.3148483468396092
0.27712328053274277	0.10488419328384826	-0.4299068974110142	0.5404606664278143
0.1825363078088329	-0.08918527835292858	-0.1039974928941014	0.22823013839462356
0.05631951310681242	-0.024358074119954134	-0.151619561876236	0.16356556751029036
0.4669584646977671	-0.3423775429468916	0.277614306422607	0.6421388423057366
0.09089549063123487	-0.06039815155687904	-0.0072116574785049195	0.10937063103122302
-0.008468009522549419	0.022419309843299595	0.2904872673037329	0.576691336162348
0.6746965216336173	0.3773512031536198	0.7682746623948675	1.7078384300934133
0.2814849478782495	-0.24109434473503483	0.3187070130824899	0.5083445721488516
-0.9263261161538114	1.1072260562831073	0.7373036813704892	1.694510629693223
-0.19823442033541194	0.12020025212756849	0.48545989907813947	0.5546493487152088
-1.1829064488566967	0.09090565666471445	0.2425222559615608	1.5326905541227456
-0.07627043783339646	-0.09237841858860699	0.16408183389886927	0.24648242335681061
-0.07644540330518641	0.15433162548412083	0.17297003269626426	0.27892720003974203
-0.1604158833828415	0.24015645103294386	0.09989098950909428	0.33407512149117324
-0.3257135730844938	0.18902419604303627	0.7801086707694589	1.0249529936006216
0.1669418518057088	-0.13377718315975273	-0.13679627071006695	0.5586544982354111
-0.22944365181708865	-0.3030711100385257	0.305243687583058	0.507099576817462
-0.27568329108473777	0.028732786684042833	1.2777830144213822	1.314928160340989
-0.5151292352492064	-0.5635817215480753	0.5126894568573972	0.9295442783666937
-0.0817850111639139	-1.284312906183587	0.8172029886587517	1.7907431246869576
-0.7550389231243051	-0.7572672845034932	0.926898447615217	1.4215828671602313
0.6162230544291366	-0.39101860692039514	0.6704992720675231	1.0008373806523314
0.09353110533569883	0.23190229668470724	0.585722107787652	0.6510120819340984
-0.7209400072596299	-0.9546805631984845	2.615970610138672	3.0260970721088554
-0.2507515816171141	-0.5946337264679256	0.8634945520448446	1.0869996553116945
0.37637104613966393	-0.0442993725804227	1.78312882416535	1.8229552935693698
0.15274039471149592	-0.04978165366266475	0.4474053447250512	0.4753728891160654
-0.6900021199620521	-0.0021972130113791233	1.2292766193428597	1.4165834056137163
-0.15219514862357691	0.3824977519369255	1.8157865539839455	1.8670909158448195
-0.5159888858480415	-0.0682754630649221	6.874404613161897	6.895493067180693
-0.1736210013700466	0.23631666699823703	0.6559072856161882	0.7310429446635056
-1.1435451495894446	-0.012163183600354677	6.722078272331019	6.820092340755337
-0.02158782366896131	-0.20103685943590655	1.611245112943561	1.629482208361639
-0.20662686056483243	-0.09337194652518804	1.7371879637037426	1.757473978766666
-0.5747128064730738	0.9395436577171968	9.52868856964307	9.593078888048783
-1.0160316720911273	0.7238943821029852	17.72261283541093	17.767015194846458
-0.004252911466117525	-0.039128352018846575	0.6477039057772878	0.6627888541208309
-0.059809704954370546	-0.016372523648084364	2.1022314209648476	2.1077718075088723
-0.07513252475550994	-0.10824625111039554	0.972252781683879	0.9910183669073105
-0.5535635793850121	0.3615021488142118	4.105955581994864	4.16103440045064
-0.06938184912759977	-0.2267695604111172	1.68238666551121	1.6990182950184345
0.01595745652532815	0.31426272688917034	1.670486798654788	1.6998652436032977
0.26665732841203815	0.10894892708012933	1.8335370089808187	1.8612667051527256
1.5839859937365295	-0.266792900045471	21.13552125905419	21.19693206001047
0.3690112496263075	0.026517772164506348	3.5972869770386042	3.6162613414634284
0.37528743575473966	0.1575881587772211	3.488306403438718	3.511973270327343
0.28613300871652714	-0.3645010570333477	6.62160039533341	6.656128368438756
0.07385424325726746	-0.02250580404406416	7.771311389090684	7.7728669914693205
-11.2225797926289	-10.135496466443206	221.36916892635566	221.8853137027523
-4.176259370373014	-7.643166208185813	248.99955165304394	249.15183293612705
20.552843578934002	22.830037221422977	93.62470058351174	98.5366152151774
0.03426228512335015	0.09951833561442702	-1.6808590941336428	1.684151150472281
0.2794558980495362	0.32016185504295974	-11.248898951637091	11.2569235067367
0.25553143724902105	-0.3851457465720551	-19.119297659095803	19.124883700002766
0.011890940591772823	0.006335360848221459	-0.20211001714271015	0.20255860952983587
0.021953675821122905	0.0007686633583313535	-0.4928650437690762	0.4933543413155607
-0.06337918860555605	0.09257930519311834	-0.4012391048613933	0.4166301340137453
0.007818095617457652	0.04011726747409456	-0.2212510071539911	0.22499450201133192
0.14385150854275086	0.03295244677265946	-2.8582307762634303	2.8620381357762827
-0.05127104163084205	-0.017282903921572668	-0.22941667569351507	0.2357104782654715
0.06796546658885534	-0.023596644731963684	-0.8439102405873528	0.8469714283607512
-0.059088951178696954	0.0836469128463882	-0.5348992203856853	0.5446149889135843
0.03027573922167857	0.013964032232998143	-0.8364917978432469	0.8371559845337371
-0.0751309054293684	0.05008813903227978	-0.2670182823635414	0.28187273323031725
-0.18430477808832912	0.04047758009543707	-1.4499141741634276	1.4621415109887914
-0.06734598361545988	0.08819817963063988	-0.6134319722255711	0.6233884703359905
-0.35176127643138433	0.0929427944854816	-1.6820065707713743	1.7209068721931138
0.9523997939720551	-0.12003139817872929	-1.9046040570762768	2.132836027063066
0.15731959868283132	0.015631613223186847	-0.41832136942170217	0.4471985818140913
0.026510406239128603	0.02215020855548818	0.866781110021836	0.8674692652011949
0.01934990824560515	0.46305324049339636	23.003465703541174	23.00813393338268
-0.6363286157918909	0.2912778868294528	31.391910439871097	31.39971015757183
-0.22062946823353308	0.1826967751982527	11.062310270498825	11.066018434590855
0.019732646779857546	0.04487187404188151	0.35333059115330623	0.3567146886150242
-0.014759924816294076	-0.07916391232810002	1.291896384266474	1.2944037422985382
-0.1498718212853314	-0.1762528534075936	7.552201949469794	7.55574489489455
-0.08459024775463536	-0.04597523404829684	7.031011811554563	7.031670948386366
-0.0655449175313623	-0.047888692161321786	12.207350925048395	12.207620819403393
-0.05536095960993334	-0.021406160969978064	1.6128774604351412	1.6139692568187651
-0.5818130187613857	-0.0756065945414043	24.442503125520272	24.449941954366814
-0.5036919578480902	-0.3253448626348624	29.74505681130271	29.751427518029605
-0.2911570673941909	-0.05104746223083061	15.480404647046264	15.483814966537972
0.10062794181145253	-0.041766139544542266	8.627060358166897	8.62774830512228
0.10597508991097201	-0.22739272065994	28.886115870843202	28.887205269338022
-0.20118548407478593	-0.15458574095474326	3.6428968709440515	3.68546953246705
0.033528485378957716	0.02394670594268613	3.912751843554508	3.9129687697829283
-0.09389229784334555	-0.004069000945759146	3.364973188572596	3.366285323643175
-0.01111844854528378	0.12375521197319381	-0.04849865696581569	0.1333832527571289
-0.058714754427335536	0.15790599032837635	0.08511823559139399	0.18875073032769876
-0.30130152130970167	0.324293316566966	0.37420505152980243	0.5796362501638122
0.01224318750728872	0.007709975166055316	0.0013392447362818721	0.014530414098141965
-0.060493953594744285	0.07631606007959307	-0.005867070597285917	0.09756065787492763
-0.0621328344398833	0.06738748596470348	0.14978805328538053	0.17560758322806297
0.07269773437687889	-0.10943853229575576	0.667883912637787	0.8431763669570796
0.17140660871728247	0.44926586289460013	0.28389827500958215	0.5584069050681641
0.07904488284494515	0.3637323765068927	0.1056256658455485	0.3869187466492657
0.26703869561113525	1.0143722435819107	-0.1598209652414126	1.070179068816893
0.0031955292845896877	1.1648330480901647	0.13990074962754345	1.1814813777528537
-0.04638376764847107	0.13691377217203546	-0.1453545275648048	0.20499944779250256
0.03221414009673156	0.0510845445591092	-0.21654164936161252	0.224805843836923
0.34425933632839484	0.19892473818694167	0.20868834170926504	0.6702626934101084
-0.2387647111115047	0.6130754180267539	-0.36181627632772234	0.9007756576287448
-0.08809479096126724	-0.09255219352524308	-0.12602225654872592	0.17946645888988927
-0.05620351942953196	0.014982838197287907	0.015020976599784262	0.06007454348326881
-0.041295813180817285	-0.051318124742620014	-0.08157533229206869	0.10484955389473766
-0.06494694818876133	0.08582846792674866	-0.18904088866045168	0.21753411128193176
0.02444919516980365	-0.11994327642865345	-0.44142309731836027	0.45808132853351063
0.08183088604859372	0.006260773120589376	-0.22787728421836334	0.24220559005584938
0.018045760241017787	-0.047077881513435844	-0.04263136772241236	0.06602582755522982
-0.07627915666187096	0.044132428871124146	-0.1857400020466816	0.20558581998623437
-1.293542798546326	-4.864404621621656	-9.990785234294375	11.223938804692267
-0.7824627881855477	-4.599692750078454	-7.97605813637243	9.273966009771986
-0.04982074010828544	0.06931903344086783	7.728061859261791	7.72853332367267
-0.17054081278032507	-0.037409584349667346	17.833472682383967	17.8343273368849
0.017841803417477084	-0.016229165725567252	0.23886970539774244	0.24008426005496497
-0.026459587827053578	0.05850257668564748	0.048984223023508966	0.08075961473443569
0.05068645953896682	-0.024558193874296086	0.03018257404982143	0.06389999877336291
-0.08633404128107909	-0.01987783571282612	0.018665286704989126	0.09053777092644047
0.04236189910353497	-0.03796008638315507	0.09428906922953256	0.11011778798198883
-0.09106359997088731	-0.17962864327588085	0.22227144469078539	0.2999393669555903
0.13397197320232457	-0.1471857489815769	-0.34829220607299216	0.40114784695693406
0.2007340028439674	-0.07557878855031494	-0.21220282920941236	0.3017222794242649
1.137192237790755	-0.4566871215983608	-0.5062297880758692	1.3259102198341637
1.1099558379761907	-0.3728968002716462	-0.6086789451477227	1.3196757344804082
0.1687342868050627	-0.10078873171015748	0.14651090927879223	0.2820901618650565
-0.1772022963276121	0.12320804155345708	0.1439763580249407	0.29460117429729155
0.6886895771954993	0.40912965362727927	0.6284723691256003	1.5104303321799515
-0.013993055561882128	-0.031778450473659424	0.13980229326926724	0.1974080979134619
-0.009664455701950556	0.00630378953980186	0.1671160324164906	0.16751390317584572
-0.1885699646334614	0.11389646258776664	0.31834386666164893	0.3871354455393631
-0.010232464839840322	0.0075714362516456565	0.10231035478283518	0.1030991691499059
-0.0662129384653461	0.1467601892324752	0.07065967791342911	0.17582803088983615
-0.0374564829515775	0.09424751797307404	-0.02696876035076247	0.10494234985954713
-0.12295940043126398	0.1459089330598698	0.12685974985985676	0.22913277163162607
-0.11764695708416743	0.11568984133621746	0.42806314005337365	0.4782076935515751
-0.08379615281200761	-0.07057684931361635	0.08926730693710364	0.19542553408634525
-0.12427046318831875	0.14391120402043517	0.2627782237789817	0.3513197659627012
0.1669418518057088	-0.13377718315975273	-0.13679627071006695	0.5586544982354111
-0.23780187475601994	-0.24272669335457098	0.3080711169428959	0.45866522911461816
-0.2773273604931864	-0.3208550281935043	0.2046183399145013	0.4708790492520756
-0.3625827469555925	-0.26936246003118725	0.38686167711491704	0.5947136626008204
-0.39245617616871253	-0.48790482447230604	0.5400367705002999	0.8268692045594108
0.02754751736789538	-0.00409803485625887	0.13636766518929588	0.1391826128221392
0.06598358796780344	0.2360003315409661	0.4493544425983561	0.5118294691119591
-0.055643202766149515	-0.0028558336747979834	0.1278507157791668	0.1394637132923766
-0.1179777986038971	0.23917250067303503	0.5280565698370214	0.591579231371129
-0.02751952657676843	-0.004320928986287635	0.06438723624607531	0.07015490689696567
0.005931702907807125	-0.19671593044961888	1.5468578766974854	1.5593273014646731
-0.45295001506729937	0.6453678950277744	6.470043320535623	6.5179079470095065
-0.12176279140577437	0.2941757626894223	3.0586452491074456	3.075170941039276
-0.015164133994072274	0.018950617295222943	0.5348357713920062	0.5353861963257392
0.01091122252795475	-0.05807896931406952	0.1128681343852816	0.1274026577950916
-0.3336791936723996	0.2571221554034022	2.239468670947976	2.278743850292666
-0.21988438571261257	0.10437999341080956	1.866486911046888	1.8822905501579736
0.057437250582118266	0.03667175021949297	1.8785749052359992	1.8798105036415336
0.016416992675149192	-0.05917755426355713	5.892736483854684	5.893056487827787
-11.299021381806142	-10.109137040154355	222.45789048935222	222.97417894647793
-4.198812390016215	-7.635389228857224	249.16019169506222	249.31251536913095
19.82538380888866	23.080887869519188	91.78008637657034	96.69336835225975
-0.17764909236777582	-0.05445963569904154	6.389639573172481	6.392340645412395
-0.11350797502641505	0.003412173468210926	9.090765073873781	9.091474321125576
-0.19876091736807924	-0.05555332484454133	0.8110161724074566	0.8484215290648424
-0.0024245667067066823	-0.09903241611020194	2.8318806985365947	2.837048003402207
0.023587762897813766	0.06069468692181268	0.017722878452419877	0.1550293936635876
0.049109971479065116	-0.17013321921756844	0.6501610341853672	0.6881469732934921
-1.0268108401453038	-3.632054998795477	-8.057135604982314	8.911296981073457
-0.2667319584010222	-1.2323496228261788	-1.9336496293120604	2.312641823618812
-0.16049416357107793	-0.9354558477968877	-2.2517655994836643	2.4476037505355723
-0.6219686246144698	-3.6642369022815657	-5.724292536888766	6.826362259236413
0.5165381748711111	0.4211160134106564	0.5438578396113666	1.272903109217982
0.1721514023243882	-0.011986359783377198	0.0846145295142337	0.2375272229619693
0.053217745211561945	0.0114649745035119	0.031783124428333934	0.06303761610495642
-0.06721080077344407	-0.043243424977171326	0.10801916884093331	0.13437048180850547
0.010275488317035938	0.04163778771028887	0.026764844714725296	0.05055341668140721
-0.12792244540120337	0.0740520536259286	0.4012982953386483	0.4276542768701679
-0.018962765120746655	0.009887660811228279	0.08957356575238942	0.09209112866579568
-0.06483338769126096	-0.08046451012484464	-0.0003062588152857801	0.10333440542054959
-0.0636904634696351	0.15528301927591404	0.16250950121884572	0.2336206951424013
-0.060579999718683664	-0.011371815255478847	0.10026872256013596	0.1176990708202999
-0.029810081319074727	0.09828804687495345	0.04320596763768328	0.17859373350219038
0.19675193312478353	-0.2320652300347062	-0.18000223834775023	0.38006076473322076
-9.66366292483295	-8.647744316036906	190.33560274935195	190.77714862330723
-0.20439667306266007	-0.5988295696191346	48.33418554408811	48.338327102453036
-5.6297741739279425	-8.497952383356907	232.9482938910108	233.17121858988506
18.571610768401136	22.494132706568678	87.32977007948678	92.07404343727791
1.2493184685393437	0.5737044152909135	5.50369991552266	5.6727987935482
-1.0268108401453038	-3.632054998795477	-8.057135604982314	8.911296981073457
-0.6055795099163795	-3.3881123168761667	-5.331890015898233	6.346265260468855
-0.0163891146980902	-0.27612458540539964	-0.3924025209905333	0.4800969987675587
-6.823302882446219	-5.402567158848685	123.67446865057522	123.98075774140752
-3.3851314686155507	-4.067491071900168	89.20263760851141	89.35946595070504
-0.19994210111442	-0.5857788219594653	47.28080192564943	47.28485322388714
-5.085002747705376	-7.675638468651971	210.40679038144924	210.6081435212531
14.933486256872868	18.07830157930748	70.21845123296198	74.03185053294604
4.327509356790204	4.8295009347730025	21.5055812943255	22.461999984839345
0.5599336232777521	0.16003460777950984	1.1094374677235948	1.2529917130424266
-6.869491965525045	-5.365855671638957	123.61151069923991	123.91891221400213
-2.430096354140504	-2.9199442668506457	64.0362143809503	64.14879730014388
-0.47655447741108103	-0.8202538652149751	29.506746550444976	29.521992015538807
0.35604290431442986	0.32311952156481805	18.16878581636635	18.17514651429044
-6.020219358013162	-8.526037928850808	231.20086210790916	231.43633034448857
-0.019818504170511883	-0.2971473448551935	4.37235150121616	4.382481827440833
14.89496026702036	18.155804396747918	70.45025716563329	74.26292351741176
4.248078828772423	4.740856456463681	21.110850853163356	22.049714678897004
0.5590460430248987	0.16255375841204572	1.1102184459420967	1.25361126363228
-6.869491965525045	-5.365855671638957	123.61151069923991	123.91891221400213
-2.4538557632480367	-2.90165392356258	63.99843357698404	64.11115740576352
-0.4873810118491107	-0.8123948629620619	29.49544139201697	29.51065212044603
0.34938357130702413	0.3279137242083609	18.17254766637412	18.17886368772984
-6.105433639458498	-8.462658167541978	231.08703351640446	231.32252368197595
-0.021448368945553783	-0.2958611494424797	4.367839163523287	4.377900502602536
14.89496026702036	18.155804396747918	70.45025716563329	74.26292351741176
4.2371965096830895	4.760925668030244	21.170621805270244	22.109171741609043
0.5590460430248987	0.16255375841204572	1.1102184459420967	1.25361126363228
4.2371965096830895	4.760925668030244	21.170621805270244	22.109171741609043
0.34938357130702413	0.3279137242083609	18.17254766637412	18.17886368772984
-0.4873810118491107	-0.8123948629620619	29.49544139201697	29.51065212044603
-6.105433639458498	-8.462658167541978	231.08703351640446	231.32252368197595
-0.021448368945553783	-0.2958611494424797	4.367839163523287	4.377900502602536
-2.4538557632480367	-2.90165392356258	63.99843357698404	64.11115740576352
8.248818852479916	10.47148015941819	38.87857787141151	41.1215958325747
8.14246586481094	9.485408984851158	39.49040036657032	41.4390919493179
1.4844244824392459	0.5294099034228953	6.510152647747445	6.744304537727342
0.17097276521272503	1.2355940019741631	5.1446927450041136	5.295470447944826
0.478369599338966	0.09671506481916758	6.210766055799656	6.231475432199658
0.559747339735066	0.9861697808870373	4.955779677739189	5.08577230322672
0.38978444629277464	-0.22934799969562686	3.640295189397707	3.7089649645134486
0.10431924782123328	-0.27167939052601586	1.1372181923075475	1.181599345809663
0.008030882281923696	0.6116010409245091	7.800505726047135	7.825613682697627
0.1757075191859772	-0.2976785351905833	1.522165445749555	1.5671480695025666
-0.9151590030901552	-0.8651000927801188	37.23965194321097	37.264209517516434
-0.4117430397120912	-0.7757021437968292	25.359307244161748	25.379387812997713
-1.6799020061933398	-1.5069824764899815	49.4081588338025	49.46270681941715
-2.3677032328716163	-3.2041047221453276	82.10777282380036	82.21801765017382
-0.5755385182143427	-1.4722239924690737	27.88270551977135	27.93183980898212
-3.400788888626989	-2.9196471602185734	87.89616640189425	88.01177982785465
-1.0893831306397102	-1.2166498920261777	28.986007243098655	29.032311107573868
-1.3456074927206796	-0.8252819407417615	23.186511959189485	23.240601679490098
-0.9561106716699217	-1.0604484951077193	20.4120619428935	20.462415575212
-0.1771422499642007	-0.2197105387866537	3.3360020649808533	3.350827011355996
-2.740587123886565	-2.983047784072216	62.359003536810796	62.490582759085015
6.49668628231103	8.251796227886379	30.99955079051749	32.749289529905845
1.7521325701688861	2.219683931531812	7.879027080894024	8.37230630266885
5.662356516018479	6.6582760443802425	28.124394890193827	29.4662400200997
2.4801093487924626	2.827132940470916	11.366005476376495	11.9728519292182
0.43971960762906004	0.060511194950300926	1.1059270730041268	1.1998205756492268
0.8901531087014084	0.5016994509987068	4.468393402455758	4.5858580745672155
0.15455176610877758	-0.0328007425261124	0.93583217228756	0.9586258875108996
0.021671105807002634	0.3948421108149577	1.861390124283816	1.9029301416712674
0.050912819402889775	0.28179146877832323	1.1193363122465954	1.155384173377238
0.09838884000283266	0.5589604223808826	2.1639663084737037	2.2371561328963216
0.18957423959501057	-0.09279997872644553	1.1662583798878177	1.1933937413646067
0.14027111181971086	0.050825733765334016	1.4365976939363125	1.4510520180707014
0.059939094878053156	-0.18737375473451534	1.0374391155735765	1.0645192050781405
0.052747103057561896	-0.23883486910308865	0.7317114776252134	0.7715089358321966
0.051572144763671376	-0.03284452142292721	0.4055067146823341	0.4100904099774663
0.02405066850138402	0.24749771356782302	3.981286246342572	3.9890442123638086
-0.016019786219460323	0.36410332735668605	3.8192194797045618	3.836569470333818
-0.4117430397120912	-0.7757021437968292	25.359307244161748	25.379387812997713
-1.0189860448230703	-0.8409186290647748	27.078977964484277	27.11152418993955
-0.40313207215713687	-0.4157833789185432	11.743525829426728	11.758571758194075
-0.2577838892131328	-0.25028046850666336	10.585655039891494	10.592610871283526
-0.8557413710676575	-2.0935991714586275	53.89827354146521	53.94588790000956
-1.5119618618039588	-1.1105055506867	28.209499282335166	28.27212975016427
-3.400788888626989	-2.9196471602185734	87.89616640189425	88.01177982785465
-1.6422135789353296	-1.8568211790900078	37.433620434817904	37.51560460912197
-1.098373544951236	-1.1262266049822085	24.925383101992892	24.974978149963043
5.608957495010153	6.958420161244144	26.326907463101616	27.818498587753695
0.887728787300877	1.2933760666422358	4.67264332741587	4.930790942152147
0.12693813636368928	-0.08100367566930011	0.626276795553261	0.6441253842101589
0.027613629745088308	0.048202933143187715	0.3095553767342991	0.31450050330074075
0.0007883505589521937	-0.013552494361801448	0.42336646141711326	0.4235840557113531
0.05915074431910096	-0.1738212603727139	0.6140726541564631	0.6409351493667873
-0.20181730481406596	-0.6779162878620701	20.554503568372777	20.567113002570885
-0.2099257348980253	-0.09778585593475926	4.80480367578897	4.812274810426828
-0.6664383591910569	-0.4665249081575237	16.317033426878027	16.33729982066766
-0.35254768563201344	-0.3743937209072511	10.76194453760625	10.774224369271892
-0.008779474115978247	-0.013904701263200023	0.09259298157743506	0.09404190619277672
-0.39435259804115863	-0.40187867765534313	11.650932847849292	11.664529852001298
-0.2182871883844019	-0.23259155015010635	10.098736628809363	10.103773039012202
-0.03949670082873083	-0.017688918356556973	0.48691841108213074	0.4888378322713228
-0.31784936793756124	-0.27859354192792685	5.724673649902846	5.740255306185798
-1.1941124938663974	-0.8319120087587731	22.484825632432315	22.53187444397847
0.2161925571603524	0.41224368350075186	1.4703553598691457	1.5422804416362552
0.6715362301405245	0.881132383141484	3.2022879675467246	3.388510500515892
-0.029454442942209266	-0.027266195418865942	2.0043554996895696	2.0047573366264264
-0.17236286187185668	-0.6506500924432042	18.550148068683203	18.56235566594446
-0.033302748821463266	-0.01342164181443107	2.1364197995213416	2.1367215011168095
-0.17662298607656207	-0.0843642141203282	2.668383876267629	2.6755533093100192
