0.0	0.0	6499.999932280723	6500.0
0.8554289152681137	-1.937763399377688	437.27535610194207	437.2804863468085
0.7635420493592804	1.6094279928286745	400.274612295393	400.2785761231209
1.6109886420077186	-1.7479568507136953	45.92046635656006	45.98195154580327
0.2611724340456592	-0.33247968589570176	87.97585875127822	87.9768746706017
-3.013465782386902	0.5274082624137009	255.18303181280135	255.2013692374021
-0.8743903490171823	-0.7334583606774027	50.409645547990166	50.42256324229568
0.22621921574481263	-0.18947138140030262	112.96139919677105	112.96178461333818
1.4085210203731	1.3126323921421812	6.668948964394399	6.941312235552524
0.07544532398268522	-0.3076819407570276	1948.7430523957705	1948.7432307954086
-0.668110794273501	0.7492297137561668	154.4965229672074	154.50013665416043
0.12615059337732332	0.3562262145486097	1410.514939365389	1410.515028592051
-0.5619266512765864	0.4829940575508924	1033.0995067274516	1033.0998251598558
0.07148044000078996	0.322836911449478	18.346054203950768	18.35200092575729
-0.11916015105963473	0.1633185518365998	335.4898827123146	335.49010592626064
-0.16189490614539692	-0.2752624777045031	181.09901178000243	181.09959400033378
0.0	0.0	-6499.999932280723	6500.0
3.284333733908985	3.193110450584285	-1434.2130025843855	1434.2203176585328
-1.3460484128987766	0.8514671849481219	-7.692097927593532	7.8552665915677435
-3.136901232551523	0.32020790972858126	-82.81477469962157	82.87478260000033
-0.6827053880281773	0.1509964279777114	-1001.1436456024167	1001.1438897664324
1.0305451135999615	-3.0064496400309357	20.934404037679258	21.174277675566856
-0.7618164807662733	0.10151734370143635	-3.428734916204927	3.513814629009623
1.6075038738671954	-1.269996994996847	-7.69512976696052	7.963164145122049
-0.49249962564784067	-0.3132350248811564	-69.27931574904723	69.2817743906596
0.3636362720858008	0.31457690243679226	-3825.6066085922116	3825.606682673693
0.13395214643058945	-0.3421945594677309	-67.51938337840575	67.52118980064107
-8.881784197001252e-15	-7.993605777301127e-15	437.2799477724766	437.2799477724766
-2.1871393585115584e-14	1.4432899320127035e-15	400.2553554905412	400.2553554905412
-4.218847493575594e-15	-9.325873406851315e-15	45.97462593061282	45.97462593061282
-4.007905118896815e-14	-3.774758283725532e-14	87.97646249476088	87.97646249476118
0.0	1.1102230246251565e-16	266.3107047541025	266.3107047541025
-1.1102230246251565e-16	-2.220446049250321e-16	50.347943538914066	50.347943538914066
5.995204332975845e-15	2.609024107869159e-15	113.00788267612452	113.0078826761245
2.220446049250313e-15	-3.10862446895044e-15	6.803049592301056	6.803049592301069
0.07544532398268522	-0.3076819407570276	1948.7430523957705	1948.7432307954086
-0.668110794273501	0.7492297137561668	154.4965229672074	154.50013665416043
0.12615059337732332	0.3562262145486097	1410.514939365389	1410.515028592051
-0.5619266512765864	0.4829940575508924	1033.0995067274516	1033.0998251598558
2.9976021664879227e-15	1.304512053934559e-15	98.04451245570394	98.04451245570392
-3.469446951953614e-17	0.0	98.04451245570301	98.044512455703
0.0	0.0	28.135879553313103	28.13587955331311
-0.057746209749966304	2.838242143287585	61.18795939015915	61.25377806650328
-0.016277596018554163	2.8582869197168	61.84370563655706	61.90972456679661
-0.03713172517085732	2.3713764863417857	45.13374630337523	45.196015981305564
0.02085412915230709	0.4869104333743899	31.67332955360971	31.67707880591892
0.0845709525897198	0.4335615058665412	31.62336168913909	31.626446723391187
0.32901373055943567	0.6120759477687182	40.303021277750275	40.30901153731662
-0.03805114514383945	0.6089366925978652	33.54137237212399	33.54692105678623
0.04651980744588036	1.0424981984644064	65.16473406126308	65.17336778017741
0.11800024744667031	1.3653351099138844	83.51078826521385	83.52536870593471
-0.11916015105963473	0.1633185518365998	335.4898827123146	335.49010592626064
-0.16189490614539692	-0.2752624777045031	181.09901178000243	181.09959400033378
6.369904603786836e-15	8.31279489688086e-15	-1434.2138758400974	1434.2138758400974
4.1302449834420834e-14	-2.914335439641036e-15	-7.773667167876571	7.773667167876688
1.3301182448147105e-14	1.0658141036401503e-14	-82.86364903401088	82.86364903401088
0.0	-3.552713678800501e-15	-1001.1439763791423	1001.1439763791409
-5.551115123125783e-17	-5.551115123125783e-17	-0.12446195651136804	0.12446195651136804
-4.28678821918646e-16	3.33066907387547e-16	-3.47010385491481	3.4701038549147953
-5.329070518200751e-15	-8.881784197001252e-16	-7.8232665733389695	7.823266573338742
8.881784197001252e-16	-5.329070518200751e-15	-69.38296531608782	69.38296531608785
0.36363631591837753	0.31457690000399235	-3825.6069515372515	3825.60702561873
0.13395214720422563	-0.34219455951066935	-67.51938943131684	67.52119585339197
-8.881784197001252e-16	0.0	9.746998156058908	9.746998156060272
-0.17432509756880998	-0.2264718587848007	427.53288729261476	427.5329828159447
1.0436096431476471e-14	-3.497202527569243e-15	400.2553554905396	400.25535549053967
-2.1094237467877974e-15	-4.6629367034256575e-15	45.860468563056536	45.860468563056536
-2.0039525594484076e-14	-1.887379141862766e-14	87.40598632405528	87.40598632405542
0.0	0.0	219.5960222308754	219.59602223087538
-5.551115123125783e-17	-1.1102230246251565e-16	44.55378632295496	44.55378632295496
1.1102230246251565e-15	-1.5543122344752192e-15	6.061134782459013	6.06113478245902
-2.5779956501980186	-3.078057870589587	180.03465332546423	180.0797206790571
-2.2982327916521923	-2.7440284983602434	160.54765209965248	160.5878857855582
-2.5388063691274256	-3.1915760830488646	165.22843542909308	165.27908660813122
-4.486385253844105	-3.431373134769501	187.69569746377056	187.78095143180508
-4.486385253844105	-3.431373134769501	187.69569746377056	187.78095143180508
-2.1397962438766935	-1.0442082943628188	89.5027603392779	89.53734406276486
-1.5986662201650235	-1.9507408873927994	108.47049838440964	108.50256896080612
-0.18931626420665992	-0.04191614627415234	3.0571604669031407	3.0662758082088826
-0.32657773296569304	-0.2035145148872281	92.04178013555124	92.04268347508666
0.15977826650076182	0.2580502980768424	111.89234546970124	111.89283852580625
-0.16949182864338477	-0.2971379626532408	73.1242693111192	73.13066195893376
-0.6193934452318771	-0.185003661894313	770.8371735918978	770.8383622178759
0.4725235387279978	-0.274583906139651	887.512762160603	887.5134472176532
-0.08837077811109437	0.4343264568378884	226.09465860182343	226.0965604553198
-0.7351062235834476	0.4410746575992126	653.3884425585038	653.389018898115
-0.40656044388834506	0.3568226569378847	308.11292854635445	308.11438247260435
2.220446049250313e-15	5.329070518200751e-15	-82.35283097316182	82.35283097316182
2.7755575615628914e-15	-2.2648549702353193e-14	-48.04538009145506	48.04538009145506
-1.3668147306488592	-3.022579502672184	-34.08067866081272	34.243331136726
0.0	0.0	-48.04538009145493	48.04538009145493
-7.105427357601002e-15	2.842170943040401e-14	45.86046856305643	45.86046856305654
0.0	0.0	1.173593504370345	1.173593504370343
0.5673871954920546	-4.582400628123622	44.45252258947903	44.69290758402735
1.4186945695596922	-7.152251195616219	-17.595088723855415	19.046116104004927
-1.4186945695596922	7.152251195616219	-29.276697863229167	30.17285749182034
-1.6353238779556838	8.901818839635546	-41.216280853323816	42.19961338945613
-0.44879904659570824	11.525704545767567	-41.03849447369065	42.62992158716323
-0.44833393760294643	11.513760284829534	-40.99596482711527	42.585745400570325
-0.44808101398876476	11.507264382756656	-40.97283508227598	42.56172018197974
-0.4338729049470432	11.248410771318824	-38.12528221009607	39.753754969530064
-0.012853312411498077	0.25483938653868643	-2.8221647681909694	2.8336764634286937
0.041672063791758	0.004548696635078064	-2.8057361876598947	2.806049323566146
-0.034415330136523585	0.19077211350907572	0.360493419068621	0.40930907567864894
-0.021744999964806618	0.17620653559324617	0.36530411035990584	0.4061633676922201
-1.6446470338974226	2.7741176608063762	6.7288486170120905	7.469062616739848
-1.517682186799431	2.939062154305143	6.709812886241549	7.4881195593673135
-1.5029144072471081	2.908456294875028	6.719269164642772	7.481667450618038
-1.5246594072119148	3.0846628304682744	7.084573275002678	7.887830818310258
-5.551115123125783e-16	0.0	39.78227591591289	39.78227591591288
0.0	0.0	32.69256541499309	32.6925654149931
1.8198572377266178	0.7361446020699708	3.0110033373448992	3.59443046091656
1.7502601283667176	0.7989255648219763	3.1443950350768977	3.686314244837605
2.2589223621316012	0.6900067900495395	5.2683869934833965	5.773624608645566
-0.5086622337648873	0.1089187747724354	3.670165257552372	3.706846852150906
-0.3852493753974934	0.08249263885695918	2.7797009080315864	2.807482725649683
-0.10411519131646613	0.2996599847294595	0.3250352701664735	0.4541849913450646
0.2111876406346765	0.17543464495399405	4.196296597869696	4.205268442263794
-0.12521744011451716	0.2956830044320545	0.3433955486389787	0.47013652192088207
-1.649876847326432	3.380345834900329	7.427968823641657	8.35796734023114
-1.649876847326432	3.380345834900329	7.427968823641657	8.35796734023114
-3.3306690738754696e-16	2.220446049250313e-15	-5.164746700611755	5.164746700611756
0.0	0.0	-1.3886419359576667	1.388641935957667
0.6570051611406718	-2.0463065197056336	-3.1640807940423104	3.824974957510533
-5.551115123125783e-17	2.220446049250313e-16	6.06113478245902	6.061134782459021
0.0	0.0	6.061134782459018	6.061134782459018
2.309659713403799	-0.9086183838289976	4.249160033551169	4.931974893476356
-2.309659713403799	0.9086183838289976	0.42333281295018166	2.5178018249403293
2.1481303531497424	-0.40551946990587684	2.565127378298647	3.3863975728631264
2.0988573015919934	-0.2932470905352241	2.3251213319561375	3.1632712556578046
1.6047285611394297	0.6767047040227442	1.7030878047631335	2.4581478967133044
0.5299569294501197	-1.1343837454682522	0.09762771824406422	1.2558710126538957
0.10822442866774351	-0.6089931749558217	1.0346673726406104	1.205455012064015
1.1772874128595339	-0.17026041865461683	-0.12267402902461633	1.19584412865351
-0.45421021979131004	-0.0379172433116855	0.6202488858391428	0.7697098943679537
0.5950177054734869	-0.7206144872175171	-0.06248935726651211	0.9366088985196971
-0.31049235480059173	0.09609253351729806	0.6589959680771184	0.7347890604311481
-2.8051355142904146	2.4518259896115144	1.495341497590929	4.014508952697119
-2.9562758682440564	2.796210731794776	1.9348155347888798	4.505759938060041
-1.209919842765086	0.2535443539522415	1.5059105609858314	1.9483216836617128
-1.7463560254789796	2.5426663778425427	1.1708197836450935	3.299353064240382
-0.8531743309027743	0.5863068432479296	1.576632134013825	1.8861153303432274
-1.163666685703366	0.6823993767652277	2.2356281020909434	2.6209043907743754
-1.163666685703366	0.6823993767652277	2.2356281020909434	2.6209043907743754
2.2426505097428162e-14	-1.457167719820518e-15	-7.738927005819733	7.738927005819789
-3.552713678800501e-15	2.6645352591003757e-15	-4.742226379480144	4.742226379481053
1.3318925051207076	-0.08864997618711155	-2.8450344311220306	3.1426131447801
0.0	2.220446049250313e-16	-0.34696969696631186	0.3469696969663971
2.5306816245653216	-0.8631588114881845	-3.9833327300925703	4.797533976679006
0.0	0.0	-0.3469696969664007	0.34696969696638263
-6.938893903907228e-18	-4.440892098500626e-16	400.25535549055235	400.25535549055235
0.0	0.0	325.1421358179191	325.1421358179191
0.0422597780431556	2.180601476211516	43.747624559927914	43.80195730014019
7.055192812446626	3.5305620514212626	53.43256699013866	54.01184897016015
-7.055192812446626	-3.5305620514212626	271.36259913081403	271.4772565447254
-7.090470140861966	-5.350869634218627	297.5141168693807	297.64669712469595
-7.573968294793076	-5.185959244917683	313.3426416150994	313.4770649080597
-7.592845227491004	-5.1847028074591615	314.1684357921459	314.30294063205446
-7.584563241786389	-5.179047531564615	313.82575285608493	313.96011098321287
-6.634718441072037	-5.183143841764847	307.2000389936211	307.3153891795188
-0.9630113759730989	0.004256797021352201	6.601988677577647	6.671856078291702
-0.8872824177295398	0.003922052477426163	6.082823756617756	6.1471969486409535
-0.3471003859174001	0.3246811731839382	2.88526987895672	2.9241543763178868
-1.08079647451588	-0.704781207085023	22.585941564566056	22.62276715893038
-0.3448525002365125	0.338663690779216	2.933124028629078	2.972681097879976
-0.3448525002365125	0.338663690779216	2.933124028629078	2.972681097879976
-1.0407199061718795	-0.6117109352575252	22.644666236698846	22.676820702270128
-1.0407199061718795	-0.6117109352575252	22.644666236698846	22.676820702270128
2.3425123259101586	-2.460461614635387	31.63126523532899	31.813176134140825
0.5766700869465425	-3.1747567831641463	35.32327783817525	35.47034798609041
0.5333184253103246	-2.936091756216475	32.66782054398662	32.8038345691142
-0.15651332231531284	-2.313820204263357	33.8125502796568	33.891987501060456
-0.15856236265517748	-2.405906894949494	27.117494621525317	27.224475101615287
-0.03632128231315496	0.01412521041397255	6.8177384120964115	6.817849793952122
-0.15480515389596738	-0.08524043530018217	6.830077985062003	6.832363855175714
-3.1393256186957395	-2.2300003083220954	112.58756215665463	112.65339506243868
-2.598711175992468	-1.8459782219438434	93.19917446976342	93.25367047584518
-2.4252484716888247	-1.4677754496857611	93.33408242853442	93.37712320315194
-2.5800536255847923	-1.5530158849859432	100.16416041359642	100.20948705832765
-2.5800536255847923	-1.5530158849859432	100.16416041359642	100.20948705832765
-3.5711217806179723	-2.952808788897542	195.1316417578485	195.18665324665292
-3.2031467489718324	-2.164664936252491	195.29820718190962	195.33646779813017
-3.2031467489718324	-2.164664936252491	195.29820718190962	195.33646779813017
2.5779956501980186	3.078057870589587	39.4369069488998	39.64076350832965
1.4210877765228087	3.41722070140749	38.09123638734263	38.270604611204206
0.8771450151293835	-0.6731922030472473	20.832671787365243	20.861993790620627
0.36762158391234284	-0.2821426100508011	8.731212818290405	8.74350200775657
0.35453067940284466	-0.30649608542453965	8.986241412329122	8.998453565678515
0.24118268864278747	-0.4241464988140251	14.982696996167988	14.990639700182442
0.24118268864278747	-0.4241464988140251	14.982696996167988	14.990639700182442
0.6620365074624195	-2.121041029242383	427.5276149806015	427.53338896322856
0.6620365074624195	-2.121041029242383	427.5276149806015	427.53338896322856
0.19533125796703255	-0.06674571701780879	1146.9879081107335	1146.98818997285
0.1246938189772752	-0.3444181719055119	154.1983995851109	154.2010514353741
-0.6119426040504399	-0.48492976591650816	174.24944643533826	174.25190624312384
0.5518688425809953	-0.07771639120261266	103.22080093616034	103.22348601409327
-0.00940816022089433	-0.41120085889038194	150.65628449542555	150.65878445782323
-0.45789217078609934	-0.917016647562972	114.73974815710264	114.75240243761424
-0.2947593377667457	-0.18128586736189495	17.59761625267707	17.601535870763954
-0.4377975248389541	-0.5086686970483293	91.1688422126978	91.17444612447082
-1.853906194638657	-1.628346225002768	116.91647492980262	116.9472422020886
-1.4935991852787822	-1.2805972199405056	54.03496376129563	54.07731842280275
-0.2252191185564279	0.24402316656401843	11.154713828168276	11.160528272909477
-0.3037180714614634	0.18725771767022792	8.448536301836064	8.457219137996907
-0.6113231145224961	-0.7086795952255147	20.961857538831612	20.994290481454467
-0.6655556774915699	0.3154251523098986	5.5842469642195995	5.6861687066603785
-0.8742823077098951	0.8411800710549941	6.584999663293512	6.733907566862652
-0.5015455849725986	0.2889536829320671	1.0400918618933437	1.4269203082362543
-1.4838913917406245	2.6158211989851137	6.184075094132084	6.877987987944336
4.163336342344337e-17	-1.7763568394002505e-15	-0.5584080937412663	0.5584080937412521
2.0816681711721685e-17	-1.1102230246251565e-15	-0.3713936004334535	0.3713936004334464
0.0	0.0	-0.37139360043343794	0.3713936004334392
0.4715024381716516	-3.187301316425238	13.398509396137277	13.78441722631997
-0.4715024381716516	3.187301316425238	14.365976556742387	14.72285592742657
0.0592791492504503	2.2909267779991898	44.92152487464672	44.97994282547717
0.11800024744667031	1.3653351099138844	83.51078826521385	83.52536870593471
-0.2810551018112446	-0.11194392339216493	516.5892434902684	516.5893509288061
5.573097563372621e-13	-4.440892098500298e-15	-1434.213875840098	1434.2138758400981
7.882583474838611e-15	2.353672812205332e-14	-19.384307089255543	19.384307089255543
-0.9608482960321005	-0.9123688649058508	-981.7540676367887	981.755017235854
0.0	0.0	-0.12446195651137515	0.1244619565113516
-1.6653345369377348e-16	1.6653345369377348e-16	-3.0644438897111286	3.0644438897111215
-0.7036425169895137	-0.3401212548481598	-7.23838740420058	7.287931632020104
0.619729857837866	-1.4121014125732785	-64.10279335476275	64.12133975034757
-0.05063565025754627	-0.02286525277165856	-15.294345122990087	15.295082847598618
-0.18835859925660117	0.3864962288517528	-1453.0244719561151	1453.0245422708551
0.5420681984763364	-0.748658371175013	-1543.7282237098905	1543.7287012395386
0.19451451417090748	0.3574097355833138	-881.0793001820314	881.0798951165884
2.498001805406602e-16	9.325873406851315e-15	2.6455024703344634	2.6455024703346908
-7.93809462606987e-15	-2.3647750424515834e-14	87.40598632405516	87.40598632405516
0.8383193268046202	-0.7562166721356869	3.3214341540122465	3.508071804902113
-0.32959120417141313	-0.17258000369038934	25.006934326303647	25.010091131471402
-1.81020503970528	-0.8716282906724293	64.49582601297423	64.52725293129345
-0.9702506705869706	-1.1710601714500823	68.83644772075827	68.85338613958298
-0.0403105211193901	-0.18603132055126215	11.412943222329888	11.41538371546768
-0.588105028458663	-0.5936493953914553	28.221107441321486	28.233799105755462
-0.20827298738768618	-0.05086597529874395	2.698597886116387	2.7071009467085423
0.018956723181026227	0.008949829024591597	0.3585625807867546	0.3591748615003405
-0.31069306942075986	-0.19295560041667587	74.91810688891597	74.91899960534815
-0.015884663544933182	-0.01055891447055227	17.12367324663527	17.123683869738514
0.012122659338542952	0.13076686174784785	55.72597350685768	55.726128254329716
0.14765560716221887	0.12728343632899455	56.16637196284356	56.16671027147654
0.16311946484019196	-0.04432813645346764	42.36067673170759	42.36393657137902
-0.33261129348357676	-0.25280982619977316	30.763592579411615	30.766725387554743
-0.5692666627069064	-0.12004062831846646	736.2698270022228	736.2706547043426
-0.0501267825249708	-0.06496303357584657	34.56734658967501	34.56770751353313
-0.03727422516327773	0.06594532430550962	96.6107205167169	96.61085102977688
0.13634928820827663	-0.010399450539031047	154.67214768637197	154.67227110564036
0.37344847568299894	-0.3301297799061296	636.229893957514	636.2303250822358
0.2560149266278726	-0.07098350089191313	72.35488326857289	72.35550562945274
-0.344385704738967	0.5053099577298015	153.73977533325052	153.74105482586708
-0.6025959142403426	0.4131055459048871	565.6231234900129	565.623595339362
-0.13251030934310484	0.02796911169432552	87.76531906849091	87.76542355875293
-0.14274488626348308	-0.0399282396852485	37.19248815912883	37.19304539317423
0.04661907883305841	0.07352831487797946	133.16113939163975	133.16124099608052
-0.31043463645792024	0.3232225817451536	137.75930099558585	137.7600960833496
-2.657635471514276	-2.8939110088523927	-34.07410705743463	34.30147837904548
0.5708064810815325	-4.574839206443865	44.182115247627266	44.42322795068261
1.067936682463622	-4.31941821151192	-5.421153264553899	7.013327681028116
-1.8741888311032782	11.366949292539541	-37.851886418002536	39.56759185741739
-0.06456847606706498	0.015399573644527237	-2.805505065788939	2.8062902396469003
4.440892098500626e-16	2.7755575615628914e-16	-3.0644438897111286	3.064443889711118
0.0	0.0	-3.064443889711124	3.0644438897111232
-2.3425123259101586	2.460461614635387	-2.0031437100470137	3.943833170563395
0.8815466049690652	-0.2835396646749029	1.7228493264373705	1.9559470748929133
1.2539628987951401	0.9999725906399176	4.436002016566802	4.717041660253868
0.13767304309318895	0.11458835859277029	4.183994328437553	4.187826751325457
0.2376887088141984	-1.0908622286862761	-3.4789740456110847	3.6537291544814505
0.8491736490622739	0.32157455216492886	0.8887221793912046	1.3127197686496783
1.2829459312258886	-0.07024136634617888	-0.2414259851012005	1.307352522572747
0.5158157419886902	-1.2536918800565553	-0.5676376045463832	1.469701214498457
0.16265281178631708	0.15008327074500735	-0.7162952818368876	0.749706513324581
-1.291478434178542	2.9689156612819874	1.0643779868449317	3.408119312558436
0.8135567953523778	0.23945904231478277	-2.934885760563553	3.0549582189890954
1.2975930265792144	-0.7810851648329236	-4.262560063516143	4.523633494485635
-0.15588269444026537	2.248183434919376	46.068020071293745	46.12310810711722
7.04821036281881	3.1702681580070187	58.646644364263004	59.153670762692585
-0.6427974333071149	-2.799841098891061	27.114609428227226	27.26635918425147
2.345966425066187	2.6194369004439735	47.70312513814085	47.83255330931091
-0.4153552173263111	0.40673420796709875	2.4895702182772954	2.5565430847580197
-0.04397989441179471	-0.05128624084382595	210.6866880967213	210.68674515844515
0.1349713984528792	0.035309757297562895	857.9160381351456	857.9160608319129
0.10433975392594806	-0.050769233471545744	78.38518187886665	78.38538398249197
0.16428166931606686	-0.34112187747429445	31.665038628402595	31.667609693901646
-0.03958785033879163	-0.003296294431217428	122.53336095670832	122.53344174147246
-0.6119426040504399	-0.48492976591650816	174.24944643533826	174.25190624312384
0.24644232933018362	-0.12160607408708246	26.061950364411764	26.063772912625346
-0.255850489551078	-0.2895947848032995	124.5943341310138	124.59501154519789
0.21185152875524588	-0.5479610027654658	19.202004236754295	19.211496267183815
-0.6697436995413453	-0.36905564479750613	95.53774392034835	95.54090617043043
-0.0038599091045932454	-0.04682887598866883	1.5202611545974543	1.520987120492032
-0.29089942866215246	-0.13445699137322611	16.077355098079618	16.080548750271923
-0.07860411921777968	-0.21410269916890112	37.26982510760998	37.27078429427109
-0.3022899154510278	0.039258407493404396	29.833791558524553	29.835675272363673
-0.05690349017014669	-0.33382440537283264	24.065225546563276	24.067986557836072
-0.3046594113404218	-0.8499218056893855	48.87145034878481	48.879988987430664
-1.5492467832982357	-0.778424419313383	68.04502458101784	68.06725321465797
-0.5362568971560856	-0.968985687968447	30.592212246725477	30.612569879982882
-0.957342288122697	-0.3116115319720588	23.44275151457016	23.464748542819873
-0.1658398939012105	-0.501331490527338	6.316379005698961	6.339949499983269
-0.44548322062128565	-0.20734810469817683	14.645478533132653	14.6543409814712
-0.39364418313171556	0.1594850883478186	1.594140022360291	1.6556429059762905
-0.2209169258679634	-0.09557793624182055	2.0826780129040503	2.10118226728791
-0.050994568491890935	0.2515180002039006	1.9074289289552586	1.9293435333961781
-0.7757292353782287	0.6227608707360672	3.639091133866545	3.7751888713316757
-0.09855307233166649	0.21841920031892695	2.9459085294269673	2.958718695530977
0.07815963050917954	-0.08094157783675751	0.5318023368869431	0.5612076062229105
-0.5797052154817781	0.3698952607688245	0.5082895250064003	0.8657127020133435
0.4993976205380672	-4.5583572269319825	17.491156111685203	18.085282986867107
-0.44165141078810144	1.7201150836444206	18.99400335342488	19.076845002765726
5.19916936457912	3.8009346215166886	40.08580015492112	40.59987487837418
5.126978349594917	3.805739612711299	39.372107241177225	39.88649382445739
5.127740435724995	3.471933165487396	33.05863668332655	33.63363645581554
-0.0007620861300769444	0.3338064472239039	6.2787303957938185	6.287597530698727
0.010472728840794532	0.3596303969062756	6.296751578628741	6.3070218125032715
-0.16361865389937158	2.2486983357985366	46.08347994621299	46.13860140080721
-0.15700942486100145	2.157864179380852	44.221979024266275	44.274873897040024
-0.13916035529520399	1.912554906479738	39.194757374104725	39.24163907751206
-0.06828829142050097	2.0732807193636376	39.3099447932424	39.36464042614642
-0.057815562579706437	2.432911116269913	45.606696371871145	45.671662238649695
0.001463586670743866	4.723837894269103	90.52822124651786	90.65160506412687
-0.3568005152352337	1.5589445113100018	18.959175545679535	19.02650656239628
-0.31437906163790785	1.5794498640731316	19.16711001033275	19.23464588225397
-0.26932864128921397	1.5420439323029846	19.00099883405968	19.065371596119057
-0.26932864128921397	1.5420439323029846	19.00099883405968	19.065371596119057
0.4977653407835749	0.8655080863720326	16.925614572554128	16.956633796057513
0.4977653407835749	0.8655080863720326	16.925614572554128	16.956633796057513
2.183044370458731	2.0603469857043084	43.96386139656855	44.06622086498435
2.1170980352927025	1.9376646723248987	45.25411469351748	45.3450277888031
1.6560964048281073	0.9467697533394535	23.70429804669393	23.780932995877613
0.3621092307868496	1.0852020593412592	22.154869628106717	22.184387186555888
1.7377837958758704	0.06664320504955867	26.17498106112953	26.23268890884492
1.7377837958758704	0.06664320504955867	26.17498106112953	26.23268890884492
3.4868981294833206	2.1407807972752844	25.870214435695257	26.191781076059566
3.5082445537760636	2.2625128042063882	25.680811556555042	26.017894346806596
3.5082445537760636	2.2625128042063882	25.680811556555042	26.017894346806596
1.6342330772032883	1.4219865246297776	9.049923169577738	9.30558288352288
1.4825989935947659	1.9261965955637579	12.812296666959403	13.040831222845755
0.1337850140427165	-0.2589007980328852	1.2648481527795958	1.2979864802047945
1.4873219143937217	1.9906802439741216	12.78591888597739	13.02515474263468
1.4873219143937217	1.9906802439741216	12.78591888597739	13.02515474263468
0.7616410740794356	0.6073705998134222	2.6943710565622103	2.865070952294682
0.6961578385585383	0.5701669064707696	2.635111607990819	2.7845177722522987
-0.7971769288361505	-0.7929768545658713	5.183355288891217	5.3039113301998535
-0.4716390930363925	-2.5855028846690287	20.491124910081197	20.658980339824673
0.27580503454659033	0.1842805000191166	1.360788976659519	1.4006335562046885
0.32333045079852263	0.1319447084696791	1.3529806579686814	1.397321955507778
1.019488289357061	0.7021116149404487	3.9880922659595	4.181839727760076
1.019488289357061	0.7021116149404487	3.9880922659595	4.181839727760076
0.7914635173919652	0.7112293672763174	1.709188719793544	2.0133523765372585
0.5775746078369737	0.5190233205446904	1.2472893353405716	1.4692543418147845
0.5307882714638977	0.5030725432607998	1.203267753790558	1.4080736700253638
-0.013659092802147	0.7320059878681238	4.79766182437228	4.853202892743111
-0.020888884515687794	0.7185561491403852	4.940243726999187	4.992270762600628
0.23721757714912073	0.08229009057259873	0.5848581700803948	0.6364769571807187
0.7680058486130185	0.5853626338333985	1.7881259238709528	2.0445506272060827
0.7680058486130185	0.5853626338333985	1.7881259238709528	2.0445506272060827
0.13332565606852248	-0.25202952596477207	1.2397168206253453	1.2720819186929557
0.825657126967868	-0.3057962757277188	1.631109909163402	1.8535750832736235
0.9589827830363904	-0.5578258016924909	2.8708267297887473	3.1256570019665793
0.9589827830363904	-0.5578258016924909	2.8708267297887473	3.1256570019665793
-0.8454630619491783	-1.4739723221847898	13.47339763540624	13.584135822254492
-0.3735897507985726	-1.988306796041327	13.457440373792288	13.612660821134881
-0.3735897507985726	-1.988306796041327	13.457440373792288	13.612660821134881
-0.6427974333071149	-2.799841098891061	27.114609428227226	27.26635918425147
0.001463586670743866	4.723837894269103	90.52822124651786	90.65160506412687
0.01973641424178446	-0.7302179875252612	8.979991239386901	9.010664242730282
0.23653179471919814	-0.355909687793938	4.065591579120421	4.090216801636992
-0.5639123840771445	-2.036410458450245	12.727668786948144	12.902635283823033
-0.24504166428411106	-1.300922812468833	10.931995589509727	11.072322788000784
0.22215072093006955	-0.29805422730084563	3.5474856778991195	3.6520214648534624
0.1254073979443091	-0.2713410442087825	1.4867209146645017	1.5224689344063238
1.0851842732218162	1.0142343423213054	4.028503986947872	4.328426989490153
1.408926665827348	1.0163964995141463	12.680069493021538	12.827336957467395
0.3835026739007137	-0.015575290685632154	1.8566187910521315	1.9590993257762144
1.6290238090231928	1.636533146425451	12.809105891411253	13.063303368960703
0.9579727964874274	0.6256678677777691	10.420684952678123	10.525217225095725
0.5055949105538258	0.13815799426641606	8.27212159037647	8.289808746366239
0.736542035708204	0.4337232361540364	10.562015091592109	10.6237361853795
0.45139441180590667	1.2850700601968876	8.389832641770363	8.500745457425454
1.0269075660807143	0.7826256931695001	18.101022290839172	18.18647675061994
0.372386433178838	1.8638844079788857	47.645124671942035	47.69805581204881
1.0002314068031797	1.4890476184204076	37.81367775868034	37.85947129882423
-0.3163635019807938	1.92877931899086	35.78760904677115	35.84434344152071
-0.2106447017113812	0.9279913729017026	42.4643168218606	42.48212218906338
-0.014190523814879029	0.6243817785532007	31.256272327174297	31.26731125935419
3.5171349073005297e-14	-2.22044604925025e-15	-1428.683776405481	1428.683776405481
8.881784197001252e-15	8.881784197001252e-16	-7.186576209551163	7.186576209551049
-0.4667310331259881	-1.4011252792195081	-12.14307226598865	12.23254650358517
-0.6917559574725783	-1.0060555038873695	-972.401127336677	972.4019498230255
-0.3324085519061087	0.14431200492877716	-9.852493110487273	9.859155232186282
-0.3557769757524876	-0.9247195438331155	-5.889174593329258	5.981050148756266
-0.3425730431774099	0.5580929871750954	-1.2492154274203056	1.4104478921075922
0.8825273330222113	-1.5009179292988934	-61.55448348451014	61.57910397341661
-0.24078859789139678	-0.01219229035836536	-2.870446808341816	2.880554231452412
0.22266667476440952	-0.2576254519852919	-257.1880193385051	257.18828263039074
0.3517884044437841	-0.4567578611819652	-963.5032887947619	963.5034713901827
-0.032386880731857234	-0.03427505800775599	-323.03691557662364	323.0369472189655
-2.4424906541753444e-15	-1.865174681370263e-14	2.6455024703346908	2.645502470334577
-1.0103029524088925e-14	-5.995204332975845e-15	87.40598632405519	87.40598632405519
0.046855809412654284	-1.4674460394120037	1.206585469015021	1.900379393568529
-1.6629716859885015	-0.7910212700592174	57.82500831134875	57.8543237423586
-0.14723335371677843	-0.08060702061321182	6.670817701625479	6.672929188934847
-0.3077559890327844	-0.3051933706060658	16.869587301874404	16.875154294933413
-0.2803490394258786	-0.28845602478538956	11.351520139447082	11.358644810822053
0.16311946484019196	-0.04432813645346764	42.36067673170759	42.36393657137902
-0.0022215938789780128	0.009451808886635327	2.16742302240949	2.1674447698248933
-0.33038969960459874	-0.26226163508640843	28.59616955700212	28.599280617729846
0.006348018842238359	-0.05740621035649352	29.225279684609806	29.225336754501182
-0.05647480136720916	-0.007556823219353057	5.342066905065209	5.342370759031953
0.226755223806752	-0.04041822204438017	263.03229013753656	263.0324256173785
-0.03226316471816888	-0.10598174128695691	168.45195975982492	168.45205026822126
0.17895641659441575	-0.18372981657479248	204.7456440601525	204.74584919663593
-0.23847560287970476	0.16788173942944737	76.51306939008153	76.51362520742983
-0.07195903357821548	0.15534084231570625	61.24623160550431	61.24647087591976
-2.657635471514276	-2.8939110088523927	-34.07410705743463	34.30147837904548
1.3675183009249214	-3.76991809093996	38.95623031216067	39.163492807075656
1.2448072961630319	-3.928285836651505	-5.555304523229379	6.916818861646583
-0.06932365894067435	0.3422126477404359	-1.3071041067441052	1.352936218685031
-1.9435124900439524	11.709161940279976	-39.15899052474664	40.92052807610242
2.220446049250313e-16	-1.1102230246251565e-15	-1409.4922060125039	1409.4922060125039
-3.880275740957253e-13	-1.8651746813702832e-14	-1409.4922060125105	1409.4922060125105
-2.220446049250313e-16	-9.325873406851315e-15	-1378.4023687422691	1378.4023687422691
3.3306690738754696e-15	1.9539925233402755e-14	-1244.061859474954	1244.061859474954
0.12726950766033773	4.588601428693371	-109.15884677248435	109.25532156054325
0.0	0.0	-894.6444195888898	894.6444195888898
1.9039692795708685	12.330214254133985	-285.13102998652613	285.40386042194257
0.0	0.0	2.6455024703345646	2.6455024703345646
6.976348746103445	29.41393627360678	-94.49398970233514	99.21225770437883
-6.976348746103445	-29.41393627360678	-797.5049274162117	798.077664354837
-5.925159918789792	-24.981875563424968	-677.3377310879628	677.8241686323372
-7.367177869954091	-34.3204665201925	-725.7423221657303	726.5907293066872
-7.44146586094585	-36.99886127370481	-740.3564241135742	741.3176956446706
-1.2990869539488685	-24.501571256601075	-470.6786385480404	471.31772235551796
-6.142378906995255	-12.497290017095153	-300.7676228355916	301.0898105592104
-6.042230619486617	-12.666215705921445	-305.1772939474081	305.49979101830087
-4.972997259365078	-10.424801694727003	-251.17310844007812	251.43853641708796
-3.5817917172141174	-8.307615433262953	-213.0305852049919	213.22259715816654
-1.3912055421519476	-2.117186261466118	-43.67262266950715	43.74603869334237
-1.3905490192249255	-2.1163333494661183	-43.63552794941454	43.70894408293391
-1.2904661130824646	-2.0192538626752823	-43.64277883386873	43.708521289250896
-1.3550345891495297	-2.003854289030755	-46.44828389965767	46.514811528897795
-2.3965273246731615	2.438612181094175	-1.616449149318384	3.7819413586170367
0.360092297690386	0.7509197277792623	12.741620244116575	12.768807044732057
0.20186051981664266	-0.9264302777759921	-2.9545682366621437	3.102981500772055
1.0747369198558956	0.5324176469797285	0.7447706803113006	1.4498659813817718
1.2829459312258886	-0.07024136634617888	-0.2414259851012005	1.307352522572747
0.6023823485142978	-1.1709869046488557	-0.5065265546027257	1.4109018304539884
0.16069390472958997	0.14984747662289816	-0.7477356714000644	0.7793493642466109
-1.291478434178542	2.9689156612819874	1.0643779868449317	3.408119312558436
17.908200123957812	5.024905945463285	-53.70562460764205	56.83526568898432
17.79057436412917	4.263154778543538	-57.82104337051868	60.646121733600864
17.7845146743871	4.044677458099268	-59.054095257971454	61.80642802072414
18.640045138886613	2.6016066216160603	-62.909772220714885	65.66474762500211
6.225463793441501	-0.7127002225782006	-17.95942257650568	19.021177679949673
12.275145371843402	3.505879089552149	-46.85737168075346	48.565251599458676
8.834385058708712	1.0181260332541644	-29.65943401719086	30.96393008332798
3.170783777858764	2.858654279414379	-20.890164063660244	21.321930697331055
5.603113262210579	0.424820531001013	-25.086523561741732	25.708150752758225
4.640142925863486	1.8634884492037147	-13.855015795622121	14.72973109970766
3.0830650821055277	1.2381636213453078	-9.205732688407245	9.786922590075546
2.9232560748780956	1.4162549418276758	-9.200144922915012	9.75673463522514
1.9595176345776926	0.3139347106581339	-9.047022684671958	9.262120913686346
2.337616932346787	1.1325253237262993	-7.357006707921499	7.8020903757696685
2.341597093858138	1.1376960913800134	-7.391104109950463	7.836188442759146
2.3594700140163325	1.1536542621343044	-7.386923805781918	7.839940064567433
3.1730268093687104	1.3931133044490873	-10.321809566345472	10.894898283556529
1.9969670680289708	-0.7953660296913792	-2.6447338384801355	3.4080935533493175
-0.7076560271543664	0.008625588963914077	-1.275143288975272	1.4583695899776359
-0.2387740699167843	0.23381813483851988	1.4311721354753288	1.4696726363394657
0.08000458010825152	0.032287966371291485	48.51714446257732	48.517221169891876
0.02433517381769653	-0.08305719984283723	29.868037416289322	29.868162812600108
0.010141507210946895	-0.05527783201189104	29.87675069220826	29.876803550802546
-0.04972935754973852	0.051981537580673615	92.65661026450005	92.65663819066991
-0.0026277849031536987	-0.01004466777271959	23.731058633490292	23.731471329263552
-0.6093148191472862	-0.4748850981437886	150.51838780184798	150.5204349138603
0.03270836344070535	-0.08288430736977759	8.642712129718012	8.643171443551376
-0.08961185361085204	-0.25094009800305506	15.422513416845266	15.424815114284696
-0.31058060987288283	-0.1605105124774989	8.766884445611076	8.773852450465657
-0.5033642957725891	-0.11243914427551802	11.31443876588974	11.326188371363667
-0.1433973824772251	-0.03866187521904188	3.361428303069342	3.3647077209905483
-0.08561249495559455	-0.0877128180958163	2.5892929709353756	2.5921923399096327
-0.35987072566569117	-0.11963528660236056	12.056185562197278	12.062148641561569
0.03488184971962298	0.01710178320341007	0.3304568383961699	0.3327325299266533
-0.08587641821151391	0.23441621700049048	1.5769720905590887	1.5966110034695247
-0.013418097914289509	0.02081332512746636	0.06153470851769742	0.06633068827365705
-0.08513497441737697	0.19760587519146058	2.8843738209092695	2.8923880072573196
-0.3985027576143389	0.29899005709592186	0.42180291500586087	0.6527765323415794
-0.18120245786743924	0.0709052036729026	0.08648661000053942	0.21293616967176413
0.873723256707855	-4.377418608213178	16.51099884588646	17.106933357259063
-0.08485089555286837	0.16117057233442061	-0.15218668556244452	0.23735293367727905
0.37357104529860435	-1.105034660411364	6.994597529835662	7.098869736160758
0.07311731952329568	-0.3204319278452532	4.2038519122684095	4.216680407984422
-0.05338090528151122	-0.4097860596800081	4.776139327118492	4.793983834745861
0.006636036778199699	-0.030391528278583067	0.10191192693186794	0.10655384941988699
0.22989575794099848	-0.3255181595153549	3.9636796521885533	3.983662952217105
0.07316982866025798	-0.24050770332429622	6.351082729030515	6.357588331676894
-0.318211492944369	-1.0604151091445368	4.580912860479212	4.7147344563238915
-0.12918710787755497	-0.2923170606854324	0.682953646989878	0.7660181833000523
0.35133782880762454	-0.005737166615413292	2.8645320309092415	2.8860032815534096
0.03573433627909982	-0.02325338203987608	0.07463341853119951	0.08595236894497683
0.08967306166520929	-0.24808766216890646	1.412087496133302	1.436516565461347
0.4057476710686554	0.6192126868002558	2.5332701517795337	2.63922586869126
0.6794366021531607	0.39502165552104956	1.4952338351683376	1.6892011207988937
1.4395393373234222	1.0498992665328857	11.378300787405784	11.517802332352598
-0.0306126714960743	-0.03350276701873947	1.3017687056157512	1.3095346251147948
1.3002834747974241	1.3475715447224512	10.947807503282082	11.146477788826225
0.32874033422576865	0.2889616017029998	1.86129838812917	1.9168255801344785
0.142614761227896	-0.021470066226444436	2.0549600494706977	2.0600147423706634
0.36298014932592976	0.1596280604928605	6.217161540905772	6.229794003995576
0.3224753601032543	0.19479847014304807	1.662087117990398	1.7099561908228587
0.4140666756049498	0.2389247660109884	8.899927973601713	8.913779994556641
0.3375617310565643	0.9510934933203609	6.56409704895751	6.641227057061288
0.11383268074934234	0.3339765668765266	1.8257355928128518	1.859518400364166
1.0397743510377584	0.8087786539999046	16.727968443577712	16.806039796646733
-0.01286678495704413	-0.02615296083040429	1.373053847261461	1.3804369539732075
0.32103862220242446	1.525827286448171	42.88713651904121	42.92575550054762
0.0513478109764135	0.33805712153071443	4.757988152900818	4.77230031150118
1.0002314068031797	1.4890476184204076	37.81367775868034	37.85947129882423
-0.42242847615519474	0.26303081015751867	18.84280187319018	18.84988841457048
0.21178377444381358	0.6649605627441838	23.621514948670416	23.6322337744929
0.06749462597909003	0.08837830031360006	4.804068077671561	4.807250351688095
-0.14745179624870444	0.27541769289799556	12.622120616389967	12.626707622847489
0.06576664645473539	0.2605857853416049	13.830083633112764	13.833353284818601
0.0	0.0	-0.46835660264250123	0.468356602642499
-1.6145640806073764	-0.9474189870052774	-6.576864157204682	6.838096376159797
0.1373986799359585	-0.8274768241632771	-12.17660431253388	12.205461436414184
-0.5464172164787147	-0.7921126473822035	-766.2262894196418	766.2269647513151
-0.3946110632840595	0.2356479550393265	-208.08762163442336	208.0881292273082
-0.08313622961983486	-0.3052788066190152	-7.939709396860508	7.946011080349763
0.8639249345050942	-1.8883436253277928	-5.753919152165254	6.1260667274712155
0.4483593413601561	-1.7762954633712678	-61.4091197332099	61.43644063648123
-0.2599685974573016	-0.024068449136366077	-2.839286884175278	2.8512651529728843
-0.027686428326968663	-0.06894771050744988	-295.5922101393126	295.59221947705026
-0.00470045240488857	0.034672652499693896	-27.44470543731101	27.444727741915237
0.0	0.0	87.40598632405573	87.40598632405576
0.7121430068627879	-1.0794214535696005	1.249695398617282	1.7983428277097477
-0.45139828789514186	-0.19581853911077735	0.4187894548507131	0.6461346005812583
0.0619157448313636	-0.07496536213841208	84.04082032445838	84.04087656713766
0.1648394789753884	0.03454714009403191	178.9914698130782	178.99154905024088
-0.0774304411120173	-0.035252967101554435	63.56479472052796	63.56485165645993
0.04516727639384841	-0.07072877418540248	104.88716503929696	104.88719861176133
0.002738419587883869	-0.07700036679467638	38.19322125692624	38.19329897424351
0.17621799700653187	-0.10672944978011611	166.55242280322628	166.55255022239245
1.7619126484933683	1.588471332463802	-11.608058723487073	11.847978928192967
1.6213875668162574	1.4617794309514025	-10.682233370211534	10.90301822993247
-0.3770483205160062	0.3764281083206109	-8.950044068103525	8.965888264847651
1.257175275428904	2.1658326105877936	-10.038159319889225	10.345818628881625
0.1707858063139353	0.26212874622862425	-0.26787890071290343	0.4118717964183092
0.5675259016479188	2.6600132738273983	-15.58424809194096	15.819814943833723
0.17207346304635476	0.263801586328729	-0.2724662909682434	0.41645940180083346
0.17300284981501193	0.26424807658932487	-0.27155995586478043	0.4165355226803018
0.17300284981501193	0.26424807658932487	-0.27155995586478043	0.4165355226803018
0.569632458650531	2.66274997603879	-15.62022757325652	15.855794777088992
0.6058973767407876	2.697253517280548	-15.61126015625669	15.854139264997885
0.6058973767407876	2.697253517280548	-15.61126015625669	15.854139264997885
-11.983040205168018	19.95696961796169	-160.95556142294043	162.6304877378927
-12.327365773745884	17.727097487514996	-172.72196148182627	174.0666504830269
-12.345104287136852	17.087549418342572	-176.2691595196514	177.52552335579102
-11.954578275580772	16.42882746564817	-163.54782987399898	164.80540000295647
-11.815142301979076	16.237255220290272	-161.6408078374546	162.88371834855005
-11.54516576670315	15.866353997173903	-157.9485814373572	159.16310916734992
-8.480641404406654	11.730946364493242	-126.11042342656816	126.93889938889919
-2.923999280619524	4.262099534193306	-32.763983364066966	33.16917047671363
-2.182738668716157	3.1816182462362708	-24.458013346285504	24.760481812916566
-1.6638751012490987	2.425308836767992	-18.644045673520548	18.874613701545837
-0.9750928801349115	1.42132145440809	-10.926106280159491	11.061227745914614
-0.9738845561809996	1.4228912305084511	-10.933896722218506	11.06901838984671
-0.948564905984137	1.4470786798426751	-10.929316583605118	11.065431445324851
-0.948564905984137	1.4470786798426751	-10.929316583605118	11.065431445324851
-4.381622897929791	6.976116160459236	-66.81756795559978	67.32348923967828
-4.377098695924361	6.981993710232487	-66.85938416746602	67.36530620739677
-4.222944540141074	7.130257889518983	-66.83683401471026	67.34861705536366
-4.222944540141074	7.130257889518983	-66.83683401471026	67.34861705536366
-4.787800727584983	5.758817586385442	-67.01079486424284	67.4287961047649
-4.7840627507293805	5.763673723444242	-67.034827262362	67.45282912738266
-4.629691370014329	5.912431612789625	-67.01640013751337	67.43661970434708
-4.629691370014329	5.912431612789625	-67.01640013751337	67.43661970434708
-0.9968640121957318	1.3419277393876925	-16.54609975028538	16.63087924504725
-6.714486130768882	9.749496393498221	-99.5320433935157	100.2379541780493
-1.4714888793567926	3.552607443512773	-29.237684937695555	29.504428675550063
0.15509115001099127	0.7308460967773865	-2.288782374336595	2.411678631982376
-0.05607405824842335	0.4073345283540202	-1.9043923552368707	1.9529453553754355
-0.83926744683756	0.7666914196558605	-7.737509831505567	7.849237883364762
0.6170921396225265	0.4128784086361407	-8.27394979232237	8.308369048126908
-0.18269241102514067	0.04411088143303479	-0.22170544338299064	0.32046090390658627
-1.837238683490245	-2.0672023077036665	-26.88577822077691	27.027986634196235
-0.35400772880760145	-0.3813318363853958	-2.1115318062990465	2.1788808161322373
0.7661754305785741	-2.161672560855932	22.2876717143113	22.407790241246275
0.4257034924659283	-3.5035900212721556	-4.255237255341127	5.528418453762217
0.8191038036971034	-0.4246958153793504	-1.1859099003319695	1.502557775440657
-1.9435124900439524	11.709161940279976	-39.15899052474664	40.92052807610242
0.15725756773704802	4.5380188992159205	-106.70793857648745	106.80450599443361
1.8747859660353274	11.278032968569688	-290.9183406082735	291.1429026308703
-1.1004352232916403	-24.836648183751862	-482.7757759617716	483.4154733830539
-3.5800746499727154	-8.305384730884224	-212.90174342206632	213.0937556621077
-1.3550345891495297	-2.003854289030755	-46.44828389965767	46.514811528897795
-2.8000839674549454	3.4544011963904957	-0.42787331574583476	4.467262408315596
0.4469083044180007	-1.2544540422439918	1.4668814606160938	1.9811923672776626
0.16927746280220926	-0.7768917222026114	-2.4776603925941645	2.60211771994842
1.0747369198558956	0.5324176469797285	0.7447706803113006	1.4498659813817718
-0.240947191611915	0.2297753992393026	1.4741862579095877	1.5113164480844439
-0.14205479193413428	0.13546825888352965	0.8691332766273021	0.8910240544549239
-0.03476062918600897	-0.13231145994928362	0.39620954251425644	0.41916181285338894
0.37221624866838066	-1.101020435512214	6.9692094258466994	7.073158485181757
0.35210620260164815	-1.0415018591176812	6.592287426247005	6.691476549365656
0.5822722767214136	-1.2936363476981056	6.549846316500818	6.709837760639477
0.5475116475354046	-1.4259478076473893	6.9460558590150745	7.128999573492866
0.5475116475354046	-1.4259478076473893	6.9460558590150745	7.128999573492866
-0.5388594519164533	-1.218438006206739	1.7767762372445148	2.2207869058344
-0.58097914423934	-1.1804433989713317	1.8575846248692045	2.2763136916441304
-0.44832621492837466	-0.910916899936056	1.433448845856803	1.7565709741622508
-0.40995589227535323	-0.8329554196638816	1.310766091891768	1.6062335796551945
-0.4686076865056037	-0.8501996674509145	1.3374750989154547	1.6526561283596455
-0.48648603227373327	-0.20075542495872875	0.46214648125966523	0.700393296932866
-0.9550937187793369	-1.0509550924096431	1.7996215801751199	2.3530494252925114
-0.9550937187793369	-1.0509550924096431	1.7996215801751199	2.3530494252925114
0.6266671700351061	-1.0925032583663985	1.1590974220059407	1.711660581202309
0.6266671700351061	-1.0925032583663985	1.1590974220059407	1.711660581202309
0.1605759179381095	0.27980307927143555	-0.06218120621181387	0.32854359071118466
0.2009720568720537	0.24787619770865743	-0.06517223746917093	0.3256989370118086
0.14355050513658363	1.0030086196422738	-0.43859173430427023	1.1040814046082357
0.1365386783926354	1.0093337276486842	-0.4096258950319119	1.0978118046127432
0.6339779686326996	0.6438132546309282	0.25092790686811195	0.9377571039428734
-0.6300922195510298	0.09599397398248	-0.23641802288762237	0.6797974181517494
0.5495549376015901	0.6458327231277782	0.20577840987483864	0.8726140553965118
0.7505269944736438	0.8937089208364356	0.1406061724056677	1.1983129924083205
0.7505269944736438	0.8937089208364356	0.1406061724056677	1.1983129924083205
-1.9578667162570744	2.415376540710968	-0.29917635806998505	3.1235864651506224
-1.9876256670093229	2.4422209828997143	-0.23699576533937833	3.1577311656090497
-2.389089999225508	2.4676699733871987	0.03969935031162322	3.4349268056788733
-2.389089999225508	2.4676699733871987	0.03969935031162322	3.4349268056788733
-0.7357014721812005	0.1053816344476762	-0.164852691893151	0.7612741655099481
-0.7357014721812005	0.1053816344476762	-0.164852691893151	0.7612741655099481
-0.6944894518956173	0.008465102142794834	-1.2514181040892254	1.431235315379979
-0.926460079050041	0.15595035432002852	-1.1760954257510634	1.5052738094972924
-0.926460079050041	0.15595035432002852	-1.1760954257510634	1.5052738094972924
1.9445884456268772	11.160293242408443	-285.35544589294466	285.5802235278808
1.9465985200371825	11.162904600694462	-285.5020875663662	285.72686553712094
2.600848854791259	11.798238136615662	-285.46442986821563	285.7199740267937
2.600848854791259	11.798238136615662	-285.46442986821563	285.7199740267937
0.9611656704196623	2.3571537759558314	-71.0378609070591	71.08422184718751
0.9615802532113011	2.3576923750259144	-71.07373913791086	71.1201001473026
1.1244330239960005	2.5158666615313448	-71.06568712338708	71.11986164921248
1.1244330239960005	2.5158666615313448	-71.06568712338708	71.11986164921248
1.1031877433439188	7.242180719400758	-166.71452919575887	166.8802909248715
2.061400464515781	3.9485725891643413	-117.36845681329922	117.46466003629345
0.07812483841262427	0.08907489380102504	-4.247460182158547	4.251403957636227
-0.1511447212897653	1.0812389245959655	-13.287033822823602	13.332494505833994
0.669771636931569	0.46666955664629733	-17.460860541422694	17.48048927097438
-0.2956263356562734	0.9493271478920596	-15.51678624235134	15.549236381243364
-0.17256806265677171	-0.07951537101404484	-8.839389162016515	8.87588610901875
-0.10666434819799828	0.1961746227179564	-5.552678291248392	5.663504374586163
0.057306895727770854	0.641104043742484	-2.5827993788579264	2.665214945746367
-0.022693159580625122	-0.07384864864334756	-3.4554165152390524	3.5813715932705166
-0.2925049993488924	-0.0891935635018554	-1.09935612817229	1.3417870662118483
-0.2977541614307809	0.42199900156556275	-0.3983505121550967	1.0329471596906394
-0.5453979192528984	1.202978909977291	-0.9309850540144813	1.621983385819315
-1.2190108139212312	0.4370004068415526	-0.42259329001343343	1.3693142786449584
-0.6181985281673616	0.5499814460332051	0.29725349601022916	1.2808788498635104
-0.05471507363119455	1.0443262979002692	0.5431215327689898	1.1866220712703288
-0.27896781518613223	1.5502384271546572	-0.24712471595462537	1.8361533610411263
0.31010603095142336	0.09542339944378753	0.0121235801392071	0.5941667012625712
-0.29620125030448535	-0.14451287971189405	0.3383517903384282	0.4925249963299167
-0.27114433529497034	0.19384352034151864	0.677133685322125	1.0067460058003623
-0.12196586618418329	0.026263473775306717	-0.31447199800969805	0.36597522457266923
0.5940388758843925	0.19755924026150515	0.6729527141110725	1.0700078585712138
-0.029774756360806537	0.05776325192755183	-0.24121216140024399	0.2861576857205981
0.08600805493213817	0.38544523842843875	0.8725395084341678	0.9678689973435997
0.3510856460746377	-2.1751584043471794	1.9333260390691698	2.934372912331474
-0.24363306796155054	-0.508123485868558	4.97244155911611	5.0062162750345305
0.3420449462943406	-0.44072894087392667	1.3972273759967124	1.5105299352359782
0.6023823485142978	-1.1709869046488557	-0.5065265546027257	1.4109018304539884
0.7278863579541617	0.4898564779220032	-3.5519112527943744	3.658667990783699
0.7288410302783042	0.4910967262786325	-3.564117283023187	3.6708741805083873
0.7372298842408944	0.49891140297538694	-3.562359212041934	3.6718964644794307
0.8979237889704844	0.648758879598285	-4.310094883441998	4.451245828726042
6.202361647415367	-0.7100554550296412	-17.89277674630111	18.950591770378054
3.4963793021658303	0.04848833878673178	-11.329429393887999	11.856769785009124
3.663811803802744	1.0016570200726966	-18.40637727506875	18.794189477381366
1.9614411508828895	0.3164336182687771	-9.068202063646138	9.283300614019906
3.1730268093687104	1.3931133044490873	-10.321809566345472	10.894898283556529
1.4732879854706384	-0.46310122689230043	-2.8297279565651317	3.2237246381549842
0.8684307586482389	-4.350913306403318	16.411001462435447	17.00336694841531
-0.14095412242899688	-0.34348117788707094	1.7613805802024365	1.800085812539694
-0.17725737051537216	-0.716933931257466	2.819532280276776	2.9146486437841976
-0.016869460601191988	-0.19291607768622385	0.3318577180547374	0.3842274544632513
-0.11231764727636298	-0.09940098299920858	0.3510959289351407	0.3817907288368011
0.007603597289934844	-0.06874821220707239	0.3761070853269139	0.3824142662173087
-0.038216268786009144	0.035245445188332926	0.9256616202888371	0.9271203588974861
0.05943294865085734	0.10809388157666194	0.7125863984915118	0.7231845808192738
0.2693073855749113	0.1808677201263378	1.148711989637658	1.1936409993152048
0.3848283291187177	0.25122428449313794	8.575301590159722	8.587607574068997
0.029238346486232088	-0.012299518482149536	0.32462638344199224	0.3261724204876445
0.023535278898904475	0.11763077217827853	3.658022220349965	3.6599887257326627
0.043959347080185555	-0.029252471864678477	1.146045857321596	1.1472616259554322
-0.033668742740496575	0.1999011207094241	8.01768207755501	8.020244381503936
-0.11378305350820786	0.07551657218857141	4.604438538834955	4.606463241343552
0.0738380217150452	0.20766381316452115	12.784850801479001	12.786750420995443
-0.008071375260309804	0.05292197217708382	1.0452328316337645	1.0466028638231608
5.566310707846462	-2.181657769977321	59.06543907910092	59.368160146062905
-5.566310707846462	2.181657769977321	27.872190642312315	28.506182780635342
-1.17894785623892	0.36029972180413805	-6.660175182376371	6.773305500064586
-0.08503841984200533	-1.0627078279892008	-12.09579944039607	12.14269095228914
0.1411457093414095	0.28814789931235313	0.24784721634367082	0.40543749924361705
-1.0689257972808877	-0.6765486733273067	-766.226595395715	766.2277107441207
-0.16948143676537358	-0.2270156274264694	-14.12711149797883	14.129951851610436
-0.26178942290773705	0.32804767621234965	-197.4616086489171	197.46205468190055
-0.046476433229941674	-0.17066290036544626	-4.438610884007176	4.442133773766145
0.8639249345050942	-1.8883436253277928	-5.753919152165254	6.1260667274712155
0.4483593413601561	-1.7762954633712678	-61.4091197332099	61.43644063648123
-0.5192955359388605	0.17030124849998374	-7.241271030302658	7.261864533519418
-0.5191113784987919	0.17054049390034798	-7.238597074707044	7.259190608690703
-0.5024929377523805	0.18663305156388763	-7.238111679492017	7.257933020717747
-0.7624615352096821	0.16256460242752155	-10.077398563667295	10.109198173690631
-0.7912647546990371	1.1066015251856265	-12.96795297302701	13.039113127748085
-0.20559925749669458	0.23532621420206576	-3.5781467772583664	3.591766117299165
0.025883849974113936	0.1290176205322657	-0.8161990438162532	0.8267384103958508
-0.08195790822253729	0.27831690782175456	-1.0881933114206175	1.1262069449795846
-0.4881687021103824	0.18578309649480346	-4.84582170563367	4.875888824445626
-0.3510987447271775	0.580908323161057	-2.8916881258718963	2.973349058919135
-0.15389920283574438	-0.02353441628992811	-0.12931186114250243	0.2023867357702153
-0.028793208189396305	0.0676452977229629	-0.09239358224048821	0.118074168136371
-0.2888166246808775	-0.35475172125711746	-4.014154475328021	4.040136133625069
-1.5484220588093676	-1.7124505864465493	-22.871623745448893	22.987850500571167
-0.09532349065311738	-0.19200623378481502	-0.7430022724931127	0.7733080489768958
-0.2586842381544841	-0.18932560260058082	-1.3685295338059336	1.4055727671553413
1.545521883216142	-3.0106778514886186	22.188182716943004	22.447208541317387
-0.243925600751591	-2.299109336187035	-3.274912206076145	4.00879700109034
0.669629093217517	-1.2044806850850995	-1.4911431101139243	2.030439513520804
0.7730330104439439	-0.4252060751605856	-1.2240536503406898	1.5088696366823289
-2.4182557547168058	-26.193269665618423	-526.139986988283	526.7971348106419
-1.6370467274940466	-18.54514245639475	-390.3686171889972	390.8123072739211
-0.7581068811966439	-7.650771976772109	-135.83801562948804	136.05541344629
-1.4045509439599846	-6.083733029314488	-109.65546522600512	109.8330807400838
0.7512941098619303	-1.5790423345760507	-26.485025265676036	26.542689781885226
-0.38980216639367565	-3.2282799383458247	-63.186464082221654	63.27205528748958
-0.8408559820992247	-3.0945422612493996	-49.55030764523984	49.65648213805731
-0.8399065165035934	-3.093308777136706	-49.506774675698324	49.61294932714145
-0.7263053005843597	-2.9831891606136836	-49.51718251395836	49.614799214330056
-0.7263053005843597	-2.9831891606136836	-49.51718251395836	49.614799214330056
1.2678752629130228	-1.743230614101516	-22.4662113238537	22.56938217817004
1.0939824674459357	-1.5041414438209448	-19.384904822400124	19.473925492709732
1.09477853495251	-1.5031072445550533	-19.37719385593327	19.466214659240734
1.1393472952507278	-1.4600573467894442	-19.382003505205684	19.470283500527366
1.1393472952507278	-1.4600573467894442	-19.382003505205684	19.470283500527366
-0.2126722311178122	0.12939634056445104	-4.895540389018294	4.901865827554796
-0.2126156658721649	0.1294698264623683	-4.895135188493222	4.901460636479975
-0.2013932305269468	0.1403607487757469	-4.894736725905717	4.90088848975661
-0.2013932305269468	0.1403607487757469	-4.894736725905717	4.90088848975661
0.08582661450068865	-0.39389760010858016	-1.2562168634774054	1.3193188906450777
0.06381773720777029	-0.2928887930246767	-0.9340799253909822	0.9810004361264042
0.06201666637863988	-0.2925906108862266	-0.9110487254136233	0.9588874347728632
0.06201666637863988	-0.2925906108862266	-0.9110487254136233	0.9588874347728632
-0.3697875192667644	-2.2989027629279786	-3.3124553692716896	4.04895755673237
-0.3697875192667644	-2.2989027629279786	-3.3124553692716896	4.04895755673237
0.6114448369909237	-1.2076082090630815	-1.5400549577876912	2.050354029987464
0.6114448369909237	-1.2076082090630815	-1.5400549577876912	2.050354029987464
2.2463209959145822	-0.888307302052886	-4.0537816069058215	4.732594274837313
2.2463209959145822	-0.888307302052886	-4.0537816069058215	4.732594274837313
6.097511600316762	-0.698052067911187	-17.590301884107546	18.630234694698572
5.793602678383487	-0.6632601289501742	-16.71357543691162	17.701676470858988
5.802438773681383	-0.6517808471116875	-16.75775897899045	17.745861489172995
5.842926336468876	-0.6155601546612441	-16.758955144487974	17.758977448388276
5.842926336468876	-0.6155601546612441	-16.758955144487974	17.758977448388276
3.5010950445750466	0.05461472542789744	-11.361297996533175	11.888639175507357
3.5282396040564463	0.07932625907274674	-11.360527666964053	11.89606473716685
3.5282396040564463	0.07932625907274674	-11.360527666964053	11.89606473716685
1.864103176452543	0.5096309889322148	-9.364942355889267	9.562256518545677
1.8658676587119043	0.5119232898265974	-9.387539634256184	9.584854091702352
1.887786844106005	0.5326027389580718	-9.385519404991559	9.588293870538026
1.9826675162392027	0.3363834182292528	-9.066816933704057	9.287157454964953
3.8704543603452075	0.8689861571873245	-18.452336338695616	18.87545132550298
3.8704543603452075	0.8689861571873245	-18.452336338695616	18.87545132550298
-0.7624615352096821	0.16256460242752155	-10.077398563667295	10.109198173690631
0.8979237889704844	0.648758879598285	-4.310094883441998	4.451245828726042
-1.4672482939190632	6.796627360082075	-23.628102210429354	24.64381338564128
-0.16810375089214	3.6945244164662108	-13.679382525861085	14.202410170236385
-0.3856275093611884	-0.04326318518944358	-1.2083115842078842	1.27625105841281
0.1565764961186883	0.9994968967198841	-3.4654906568771002	3.6437419888065565
0.46294164840869884	0.7227038578164229	-6.180990704689997	6.259790880676306
0.3984492898817818	0.6340632802649967	-2.3102506465475083	2.5263431755888557
0.5568029582758279	-0.11881795855148725	-4.463903787296559	4.533290624519855
0.5946816143747105	0.5464710008435727	-6.264152940662373	6.31744477155498
0.5045122140585508	-0.04217893500799552	-1.4177560237730922	1.5118940321786973
1.4137934181560377	0.7390601384485903	-7.032260105618551	7.212206563246729
0.7337321016359951	-0.16408963549500455	-2.185160887824145	2.315101746365476
4.513711576212211	0.28487361114508813	-14.48915990752479	15.179261503060115
1.926246280797516	0.2847609893278603	-8.090429227687057	8.35945469273444
0.9246072286817684	-0.74849105015435	-1.5750464346565376	1.9787340487584508
3.0462593695928506	-0.2877719843324933	-9.167726278728168	9.696445398638291
1.7069772570713908	0.0778318208529537	-4.627707111863492	5.011697583749983
0.9690459184479208	-0.5752755351726606	-3.1313459905629726	3.5099945168680207
1.286540716963948	-1.5134546168905079	-3.0041220928478487	3.7216705973836324
0.46771165345218657	-0.7413834817943877	-1.6819473907783669	2.149509726442259
0.4816226841938289	-0.4294016223246858	-1.2721701826617853	1.5094645008210232
-0.23475662371514044	-0.7141183089011602	-1.4791784702759485	1.8673438201713892
-0.22216783442794336	-0.6784782372504108	-2.7367116598976002	2.9895236736110222
-0.04767523078591518	-1.550484907066821	-17.27997082346194	17.37480988751441
0.48274456781273917	-2.544378743519648	-46.35222978268307	46.434001140627316
-0.13075478440804447	-0.5437557301693222	-7.83439521998324	7.869830716923573
-0.8039081026826975	2.180865123257699	-54.86164806253407	54.911854540351726
0.24858717129405536	-0.884792529378136	-10.639974481874507	10.679593174682074
-3.092111677216261	-7.83155303692503	-212.92985989992783	213.09626842015965
-0.9211329781934977	-2.5907155025832016	-51.17841983857857	51.252228731565
-0.0177830163950939	-0.9795494624698785	-12.37341113285277	12.412136659242117
-0.6721794920645598	-3.364301517110116	-73.95482617962749	74.03436138190494
-0.01743671330474046	-0.9790995679585943	-12.361857809506022	12.400583393751704
0.010956424912513316	-0.9516151871513672	-12.365112704945632	12.401681487349599
0.010956424912513316	-0.9516151871513672	-12.365112704945632	12.401681487349599
-0.6714682483731597	-3.363377515442617	-73.90962838558754	73.98916370669106
-0.5020402779836849	-3.1988971476005026	-73.92089215810626	73.99177849499186
-0.5020402779836849	-3.1988971476005026	-73.92089215810626	73.99177849499186
0.610462153930754	-4.629582924844427	-92.82168829721213	92.93907423922518
0.37929168419666737	-2.87644744785327	-57.67187082342286	57.744804929755674
0.37994389757554525	-2.8756001345386704	-57.64176707071546	57.71470128601233
0.5121057709842156	-2.7473338196989925	-57.651241510423475	57.71893747402721
0.5121057709842156	-2.7473338196989925	-57.651241510423475	57.71893747402721
-1.07778873193445	-12.20963655830611	-257.00848353427295	257.30059747700403
-1.0751765024689015	-12.206242919232414	-256.85664693978913	257.1487613189402
-0.48632942309333155	-11.634642870412897	-256.89730472087723	257.1610907658467
-0.48632942309333155	-11.634642870412897	-256.89730472087723	257.1610907658467
-0.38903676688449007	-3.227285580952794	-63.1453884047963	63.23097973793811
-0.24424563484730036	-3.0867780036542785	-63.1561585971884	63.23399578650033
-0.24424563484730036	-3.0867780036542785	-63.1561585971884	63.23399578650033
-3.092111677216261	-7.83155303692503	-212.92985989992783	213.09626842015965
1.545521883216142	-3.0106778514886186	22.188182716943004	22.447208541317387
-0.23917171292614575	-10.14936470871936	-216.27548796705676	216.51568693804566
0.062429015867535846	-3.010559398407069	-85.81232360071134	85.86688760313291
-0.21898089387944975	-3.0492982315419335	-58.629240421339986	58.714117177406315
-0.5034568672501365	-3.2058166358494913	-78.16218156785213	78.2332109000905
-0.4736535429418194	-4.994184136837273	-111.17355998055724	111.28676867095359
-0.6700818262206817	-2.1614822534102758	-68.24840861365874	68.2903697998523
-0.17801807727279706	-1.3964138755528528	-27.79540620478132	27.841999326430717
-1.5879054343488532	-2.7773833189360277	-75.873818043321	75.95150043452507
-0.8953165315409177	-1.8219491168721733	-45.47254356280276	45.53301656567125
-0.07157738976167866	-0.873747578037711	-12.279387229118651	12.33655927056039
-0.10405515449283032	0.2679537472764912	-4.046173471763238	4.058771517880332
0.10414418971629985	-0.43903419768314333	-0.37883777078524977	0.6044292315569155
-0.45673752560113734	0.3175099827860475	0.7975688125726866	0.9817114482624978
1.1362186636878504	0.04997489651932008	2.123797385519468	2.5854122049750683
0.06717515529169774	-0.6688598475384687	3.0352779543012645	3.247329495124404
0.22747141425729178	-0.06279228348719401	2.4716328915307173	2.4865387320663723
-0.11806068386581234	-0.6919189263618463	2.1380035493617466	2.2543222713747073
0.3260877821979533	-0.8158875405084219	5.910769863937886	5.977347730372722
0.4306712372665499	-0.7583942461723201	5.080527469131484	5.236233817290224
0.42453115220840215	-0.8143565125538363	-10.272421434709916	10.313391554722527
0.41757169147163575	-0.8128810828013348	-10.274793285167693	10.31535354824166
0.41757169147163575	-0.8128810828013348	-10.274793285167693	10.31535354824166
-0.49375034577474397	-0.2160564845025052	-1.795599965422447	1.8747397270750288
-0.4948840508913098	-0.21592940827515233	-1.7951229430426328	1.8745671803973023
-0.4948840508913098	-0.21592940827515233	-1.7951229430426328	1.8745671803973023
0.12532648306574587	0.25585306837949456	0.22006917607997245	0.359997169735192
0.1261399240210601	0.25476751607375353	0.220341204029495	0.3596776527275451
0.1261399240210601	0.25476751607375353	0.220341204029495	0.3596776527275451
-4.473531265698654	2.8228958629927376	21.24855820210216	21.897087676369374
-4.452471944631753	2.886115886980448	21.35152401135667	22.000948819047643
-4.436376483571489	2.9013992543947764	21.303667140064476	21.95326371071173
-3.3361171326789316	2.1716563179988917	13.487552091134383	14.062710624112334
-0.9862731965401874	0.6953913226946036	9.0383596638632	9.11856618790706
-3.2548257422423776	2.1187394225124625	13.1589000026529	13.720043608993759
-0.4241564334395129	0.6104457428990486	1.6935225095430804	1.8494786225801016
-3.361124271920119	1.8823013883558	16.326548575274238	16.774874165509736
-0.41894955384935134	0.6037622960757976	1.6954841189131487	1.8478944873341627
-0.41894955384935134	0.6037622960757976	1.6954841189131487	1.8478944873341627
-3.3121382869541276	1.8197848226979827	16.336268847448068	16.76769383931291
-3.3121382869541276	1.8197848226979827	16.336268847448068	16.76769383931291
-0.45581823342289296	0.32138361395219056	4.177188581698569	4.214257008810764
-0.4449722058894552	-0.2405643757892626	3.1854531151558554	3.225365565601706
0.799153956276883	0.3177069476592186	9.669065712999357	9.707235266167382
0.4719666123046296	0.3384771331730866	2.7501394416646043	2.810798143127799
0.056888932609137105	-0.1669010398588512	8.853930087533307	8.855685761288445
0.08317503910721276	-0.20036482667551853	8.853437520444446	8.856095080751606
-0.17467379452634113	-0.09443352144428015	1.2504492989572658	1.2661169273528081
-0.17094364047015712	-0.09918768442764904	1.2505739352046792	1.266094424745891
-0.08776860136294436	-0.29955251110316755	10.104011455649125	10.122189505497497
-0.08776860136294436	-0.29955251110316755	10.104011455649125	10.122189505497497
0.48020007969395695	0.3279739143759397	2.7499240021088682	2.8107367401490357
0.48020007969395695	0.3279739143759397	2.7499240021088682	2.8107367401490357
6.088095346306048	-1.8754768759874452	65.54771606960642	65.85737848107694
6.098150833996678	-1.8452903295650671	65.47340267180776	65.78349259061304
6.105836158231593	-1.8379927670074818	65.56387226898686	65.87404420184609
5.9918500038792235	-1.803641153306198	64.34162765405384	64.64603110053851
5.181850020068925	-1.5594001112239693	55.66429740759746	55.92768727758046
5.347392814918254	-1.7702409871484759	55.65139191118807	55.936702483452436
5.347392814918254	-1.7702409871484759	55.65139191118807	55.936702483452436
2.4942064825990906	-0.6351318141914241	25.059512750960046	25.191702152001692
0.923717312457423	-0.45765826086065503	8.265956779277055	8.344840438620974
0.18702004787780122	-0.06139224394213996	16.668585507241186	16.692208495322358
0.45634764821194496	0.06501173303773397	2.609664165239926	2.653734451993745
0.29413451507406824	-0.4700310249230425	4.582713515893003	4.618108600552446
0.7182647981666919	-0.223523422609494	5.825634308106436	5.875551185457179
-0.5569029179545469	0.9285278464427373	6.738411486634126	6.869511994857042
0.03512159533860249	-0.17035985637481582	0.5015854095658283	0.547780549684356
-0.4848770811545885	0.7922417689553488	4.603877160758241	4.698580351133506
-0.44153263393721726	-0.48641087127765725	4.106454380825755	4.161008768223358
-1.2875806275843742	1.0329357868573408	6.185355794519818	6.403254338030081
0.24898181808489767	0.3830678761640811	0.1628035016098269	0.5034456515078278
-0.2529482277937407	-0.3409610260758379	0.28369615428509437	0.5293397019899738
-0.1689905681357604	0.23149609137206853	0.07556457572591314	0.32569595936091905
-0.46602435405913467	-0.07245690242426471	-0.6018386848369766	1.632465325826223
0.21478407469845273	0.0652956288773632	-2.447570264528396	2.4615473828667533
-0.012556906350209868	-0.4152949243926208	-1.353622091440208	1.617680611148453
0.45228708418482333	0.11885634601294227	-1.3326808984566454	1.5757819976533436
-0.7220594240437782	-0.13634044061214246	-2.7496931209385007	2.8496053361532816
0.7019085770699047	-0.18122292928247574	-1.211525821450476	1.418284815226924
0.062015927262470905	0.07522665809203123	-0.31587876951053057	0.8484163647466647
-0.13764657626605598	-0.11946920912169885	0.09897616319193059	0.2499910751729491
0.585019849052235	0.08330509493755506	-0.24698470794747912	0.6554915662978102
0.289610524104068	0.4343903022141376	-0.076721303287215	0.7606543046664572
0.4962920212422569	4.341478153497231	-100.10317425218258	100.20290926652464
0.6068957221016619	2.9007025659035266	-66.61135494357629	66.67738165834686
1.784434081023565	3.9467929461812212	-107.49661050814203	107.58794282852347
0.2769663834922156	0.001779642983119556	-9.871846305157193	9.876717207769977
-0.11617057721064256	0.9165142501293524	-11.75019014548456	11.78645249550271
-0.03497414407912276	0.16472467446661326	-1.5368436773390453	1.5460420103312844
-0.2769656670939454	-0.03336768221289198	-6.322724176061139	6.330414218233516
0.012278487120139455	0.07804855145741632	-0.7521613102820258	0.7690700613180401
0.09211911731703416	-0.12419624025856921	-1.7645036756733516	1.7764018294671962
0.008931313275500966	0.23958991165173887	-4.479868715650774	4.5836119587601045
-0.11559566147349923	-0.04341528893378248	-1.0728095755976175	1.079892415826058
-0.0262597393288525	0.3647295897784655	-1.3102199610514245	1.3602917311765093
0.08356663505662335	0.2763744539640185	-1.2725794178065017	1.304923214569858
0.09470767198951038	-0.1506233674774319	-0.07755939582463697	0.23906523533252777
-0.38721267133840276	0.0614298039755765	-1.021796732347653	1.1027218308793205
0.00019851445518395683	0.14489543757592202	0.20808548072587318	0.2894375224935851
-0.29795267588596486	0.27710356398964076	-0.6064359928809699	0.7435096371970544
-0.40748265625289926	-0.17738349554039531	0.19467500560666678	0.5048615278915631
-0.21071587191446237	0.7273649415736003	0.10257849040356234	0.7760173219719474
-0.2066234635534001	0.44880731689085074	-0.022102157639519837	0.7015878283279221
-0.07234435163273213	1.1014311102638068	-0.22502255831510554	1.1345655327132045
0.31010603095142336	0.09542339944378753	0.0121235801392071	0.5941667012625712
-0.085662022590655	0.07286741026051083	0.7216798904171653	0.7436056015959853
-0.1854823127043154	0.12097611008100784	-0.04454620509504023	0.2631404042043771
-0.013917809427868383	0.2108934383076995	0.09738129856810782	0.23270768154774107
0.6079566853122609	-0.013334198046194345	0.5755714155429646	0.8373001770234728
0.30674919962632774	-2.0196727831965045	1.749856956372626	2.68982761351388
0.04433644644831004	-0.15548562115067538	0.18346908269654397	0.24454529881759443
0.1806009889350096	-0.28592297141685735	0.6837206615792674	0.7627860813219778
0.16144395735933104	-0.15480596945706937	0.7135067144174452	0.7477438539140003
0.9636282966245162	-4.4277458126877205	16.84657952834982	17.448485730310363
-0.8460100585639627	0.6764392016818304	-6.67485751481611	6.762176118370538
-1.0689257972808877	-0.6765486733273067	-766.226595395715	766.2277107441207
-0.17911188938829664	-0.2248900889535879	-14.127243573295251	14.130168703884655
-0.39644236818157325	0.35782857894195774	-197.46042095047667	197.46114313905565
-0.04949933756394646	-0.16999981605652534	-4.438859949551627	4.442389871860862
0.9636282966245162	-4.4277458126877205	16.84657952834982	17.448485730310363
0.20545899711536014	-1.3191026173671874	5.186338817006828	5.357222715580565
0.23849233036035344	-0.4909120170529201	0.5713268290947212	0.8023511267961847
0.1957491289120612	-1.8138067833284264	7.215562409601372	7.478651094306906
0.24961272453047123	-0.982476620494512	2.953757765553185	3.1257753214253237
0.7600402265539155	-0.4041004996589056	0.15473151957674877	1.0043008241335034
-0.47342950681963414	-0.04553697861931467	-1.3681496423005501	1.5315542008614589
0.5380414118686594	-0.6440780948651857	-1.6881127071622	1.9923742164736145
0.05182190744739809	-0.6898049375805019	-1.6165330448412112	1.925262734693907
0.061766011161026306	0.07372911095143946	-0.3162615703443254	0.3570602235101138
-0.050657459019233096	0.1279860707383232	-0.39838464405591095	0.4214936975529708
-0.3004412857079444	0.4529222524227339	-2.493303481815986	2.5518553613661648
-0.9731908818508765	2.9443440940462806	-11.208493552477606	11.630394238266172
-0.4940574120681866	3.852283266035794	-12.41960865795175	13.013419147375108
0.3257594410817172	2.2694845963304044	-7.8019453125259055	8.1330504726689
-0.49386319197385725	1.4250398201358072	-5.87743721333518	6.069359697567488
-0.08270366366546592	-0.057923360531383535	-0.4106256142841544	0.42285743080283983
-0.3029238456957225	0.014660175341939957	-0.7976859699237298	0.8533936276099701
0.12584193172543237	0.6378195393324002	-1.9177314804760166	2.02973490206069
0.27260735815634946	-0.0037562590674035945	-0.39251916607149184	0.4966082735281655
0.22409342260426757	0.025537910871733793	-1.173651343513351	1.202724874390183
0.060933580748599836	-0.09996851047489297	-1.8149984923508413	1.8237723903999759
0.2717759549229604	-0.04438735894832805	-1.475253951432366	1.5067933597296959
0.46515826690371026	0.3847635873806459	-5.0188795498752015	5.05505362657988
0.12952334747100006	0.16170741346292666	-1.2452733907871705	1.2623911449750989
0.1494470889229658	0.0676683496636795	-0.9227956242289013	0.93726474489856
1.2643463292330719	0.6713917887849107	-6.10946448138965	6.274941818348169
0.34700462792066955	0.3476565971408478	-2.262025485128159	2.3189472614967337
1.5792416528768463	-0.06289560781298756	-5.828403742558897	6.040507431237704
0.12186177843355736	0.0367512761915134	-0.5815424930185167	0.611451065442596
1.674062535727308	-0.2564183965952105	-5.298390057369069	5.564229753754388
1.2503350554319854	-0.06810486392879621	-3.2877937283405823	3.5207645794413085
0.9830078674649531	0.022914621544071777	-2.0081892608540968	2.2898413912732525
0.7239693896064378	0.05491719930888193	-2.6195178510093955	2.721856192476731
0.6895403990105212	-0.45234289913364867	-2.5150196599623023	2.8081585680230234
0.2795055194373993	-0.12293263603901186	-0.61632633060067	0.7018359488449968
-0.06666530657852363	-0.37778582503368685	-0.533304075993958	0.8241330852898465
0.5343769600307101	-0.36359765676070077	-1.1486433147844086	1.3253766411524122
0.02648985130652004	-0.6590606774104368	-0.9337766872144936	1.2452797005959022
-0.2612464750216605	-0.055057631490723374	-0.5454017830614549	0.622064119575487
0.12395651645627695	-0.5676817271619254	-1.3776794803138663	1.5758312802782557
-0.3461243508842203	-0.11079651008848534	-1.3590321795837335	1.4136923933327663
-0.8034591311632602	2.1814483979322374	-54.87971868289774	54.92992523572411
-0.2577744701433424	-6.726888567452189	-136.79564657492097	136.96207547810258
0.01860275721719662	-3.4224761412671714	-79.47984139213581	79.55361145994307
-0.026697779660366565	-1.833327347793539	-59.20518765647962	59.23357196197587
0.08912679552790241	-1.17723205061353	-26.607135944231715	26.633315641157036
0.008657001656984714	-1.8607798845938008	-41.31209464388403	41.3542164763488
-0.22763789553643446	-1.1885183469481324	-17.31714577745595	17.359900701057512
-0.07257185335958338	-0.10779822026327049	-3.1960560293546365	3.201740317056662
-0.43088501389055306	-3.0980184155862207	-74.9661255384975	75.03147058303384
-0.277760617208991	-2.8696676212709313	-62.411562848742506	62.47811873319793
-0.1958929257328284	-2.124516515566341	-48.76199713181474	48.80864993775565
-0.5655358523499583	-1.6461569367937878	-59.88845692568002	59.91389785350539
-0.10454597387072365	-0.5153253166164886	-8.359951687978738	8.376471946346925
0.023041997727094102	0.007849416706486867	-2.6361049280643707	2.6399093779270433
-0.08408565909290046	-1.0931445352208995	-19.75870263914758	19.78958931206269
-0.11697441590699068	-0.31111875703844	-5.400598637569367	5.412500636440981
-1.3535771798110867	-2.288691292322111	-57.364385432108854	57.43364297700171
-0.23432825453776648	-0.4886920266139171	-18.50943261121214	18.517857457523373
-0.8186519660163403	-1.7422636149791169	-39.72046491516511	39.77818244222963
-0.07666456552457748	-0.07968550189305687	-5.752078647637659	5.754834123441622
-0.2769669796398639	-0.43224197734318814	-3.268273915372016	3.3112894777698783
0.20538958987818526	-0.4415056006945228	-9.011113313746636	9.025269792790514
0.036219267206282976	-0.20860467284515827	-0.0935636544988818	0.2314776496618664
0.06792492251001689	-0.23042952483798507	-0.285274116286368	0.3729515818950491
-0.3337249582843845	0.15561444951470593	0.5390812405317136	0.6528374901710917
-0.12301256731675278	0.16189553327134154	0.25848757204097306	0.32887395809140607
0.24562117272278014	-0.05521399879242941	2.3258329908306554	2.3394181856582708
-0.018149758465488344	-0.007578284694764613	0.14579990070006216	0.14712054640810177
-0.010223052814532355	-0.40987168267842045	1.3288338457807416	1.3906468627091944
-0.10783763105128	-0.2820472436834259	0.8091697035810049	0.8636754086655132
-0.125276210892702	-0.24683920158915282	3.0466155397258756	3.062347098592188
0.5559474481592519	-0.5115550445831673	2.0339119294056083	2.173886718698037
1.3571082993254004	-0.41309291038253493	13.646226110273664	13.719762233414285
1.1370981832736904	-0.2220389038088891	11.413286640686385	11.471939918587408
0.923717312457423	-0.45765826086065503	8.265956779277055	8.344840438620974
0.3147472056437678	-0.23636424929810673	12.238523641595034	12.254799660952742
-0.12772715776596663	0.1749720053559668	4.430061865646147	4.437408834369613
0.010391035475817087	0.0029129667252172364	0.27769311569343175	0.2779027266813474
0.2837434795982512	-0.4729439916482598	4.305020400199571	4.340205873871099
0.36607075254261956	-0.06418099964402825	3.224948418563746	3.2462931628211322
0.3521940456240724	-0.15934242296546575	2.6006858895426914	2.6292580226360474
-0.10853932824895106	0.5814458919062873	2.4490927213629328	2.5233697814082516
-0.42733173846933514	0.26042820902386066	2.7756696643257137	2.8238727197089855
-0.02103185123626078	0.08665374551258936	1.5136491009454793	1.5222694937398051
-0.01248094373691993	-0.05043541819758434	0.32473482820475197	0.32886503920985405
0.04760253907552242	-0.11992443817723147	0.17685058136107637	0.218915510474502
-0.2772452516468694	0.40230761636007173	2.7260980714795893	2.769535528399446
-0.20763182950771908	0.389934152595277	1.877779089278652	1.9290448227340604
-0.7633767964406941	0.696142602534207	3.847873615516361	3.9841548686508284
-0.5242038311436802	0.33679318432313377	2.337482179003458	2.4190994693792525
0.19830815461084278	0.23306316836646268	0.15948153371185336	0.34507814220732214
0.050673663474054886	0.15000470779761843	0.003321967897973538	0.15836750930050567
0.007757356471645535	0.08463297346395533	0.03695161108599027	0.09267328816130908
-0.17674792460740596	0.14686311790811318	0.03861296463992288	0.23302267119960998
0.4004600607079312	0.08787868851349016	0.1580942788531216	0.46104718849933307
-0.8664844147670658	-0.16033559093775487	-0.7599329636900981	1.1714181373268895
0.029340427940066444	0.011927771400313151	-1.0763045728790062	1.076770479741409
0.18544364675838626	0.05336785747705004	-1.3712656916493895	1.3847769031253438
0.021959483660580245	-0.30768018727616053	-0.10180306849939635	0.3535434431874323
-0.03451639001079011	-0.10761473711646025	-1.2518190229408117	1.2641371679610207
0.08675947470710937	-0.09815899071959772	-0.023676810703823825	0.19288019643200363
0.36552760947771396	0.21701533673253998	-1.3090040877528215	1.38290180122134
0.22472884247236638	-0.1074741165895037	-0.333657491817962	0.41639051408733757
0.4771797345975383	-0.07374881269297201	-0.877868329632514	1.0018943011395864
-0.18629429678062034	-0.24584857744280547	-0.04359567192552899	0.34136118050281483
0.24831022404309125	0.3210752355348367	-0.2722830975850016	0.5070551842438499
0.09503585241149358	-0.007088297263371096	0.045388143409969176	0.17135268064397777
0.11739385524166378	0.3124348111487043	-0.14036379595444193	0.3864174220719964
0.07718081645091063	0.12904378832880425	0.01825434925725776	0.20288420195048293
0.3987565328989567	2.0129952200653345	-47.40715427512795	47.451548267620495
0.2081391892027052	0.8877073458381919	-19.204200668448337	19.22583339072636
0.09942951050177287	-0.07234202313297908	-1.57509618276937	1.5798884710144048
-0.0073103931847386845	-0.05185421712559016	-0.18940749290398198	0.1965133584527914
-0.26261262605727764	0.09940660281010949	-0.627374918645267	0.6873473303884301
-0.12460004528112512	-0.037976798834532983	-0.394421813702386	0.41537450049089036
-0.053353875736184754	0.41608341003181754	0.07489897430073983	0.42612427355301047
-0.1573619961782776	0.3112815315417827	0.027679516102822505	0.349893048418937
-0.2066234635534001	0.44880731689085074	-0.022102157639519837	0.7015878283279221
-0.042428219122567806	0.2271665500425493	0.0008601993056777391	0.23109637638654607
-0.02991613251016433	0.8742645602212574	-0.2258827576207833	0.9034691563266585
-0.05645445556816972	0.03072749415537783	-0.07911380242551784	0.10193271400679521
-0.12902785713614567	0.09024861592563002	0.03456759733047761	0.1612076901975819
-0.7826938452171553	0.6258138357346004	-6.17530470432024	6.256088298892337
-0.6776858354388369	2.3035659198707776	-54.87255777033975	54.926060939211474
-0.6776858354388369	2.3035659198707776	-54.87255777033975	54.926060939211474
-0.39075125193573496	0.520137303595095	0.42888412325436986	0.7792117469983304
-0.3742202079535148	-0.32653420772306674	-0.015194425498808117	0.4968865297231768
-0.05465027492432887	0.8569493127177541	-0.14274332299057013	0.870473683332889
-0.3736797802391471	-0.32740587529122916	-0.015154573367174977	0.49705215664830815
-0.3736797802391471	-0.32740587529122916	-0.015154573367174977	0.49705215664830815
-0.05391460019035026	0.8556503363023582	-0.140961988592485	0.8688581957695817
-0.05391460019035026	0.8556503363023582	-0.140961988592485	0.8688581957695817
-0.5366350875787811	-0.12869236838522718	-19.57329930782258	19.588794895726785
-0.5366350875787811	-0.12869236838522718	-19.57329930782258	19.588794895726785
-0.04949933756394646	-0.16999981605652534	-4.438859949551627	4.442389871860862
-0.39644236818157325	0.35782857894195774	-197.46042095047667	197.46114313905565
-0.43839454021881197	-0.5228628926620026	-502.11840626028544	502.1193575398848
-1.1693221989950986	-0.03937901824606979	-362.1888270121151	362.19293846092614
0.09556592295752359	-0.05334833553696734	-3.9418406931917107	3.945829028979512
0.04808324641775958	0.2181712419384575	-59.12106866934308	59.12895621503456
-0.31535929838399174	-0.17130951086758517	-8.990242945891042	8.998485786321751
-0.12889051965548193	0.14551262812484472	-15.35430661305384	15.356171334143472
-0.35560342398326356	-0.1951937605420206	-25.914638630571194	25.931055540185287
-0.0667615982131019	0.2617932182614391	-3.4546909958495826	3.546983745498289
0.276676047219189	0.1088847986657078	-2.5047559200933085	2.5701999331039955
-0.10230511736319511	-0.054159113543139806	-1.623236828605866	1.8549753467721495
0.08152329605979663	-0.06337564655908676	-2.346442097772015	2.5364687016543948
-0.08939007728479079	0.051546169965996855	-1.9176893807832545	1.9255284832024706
-0.14886124733445344	0.9282439014258943	-1.345246414262307	1.730209221186248
0.15656686764370042	-0.07350384980219812	-0.8568192614999977	0.8851751418543711
-0.15051421023831638	-0.3577626756894392	-7.054069745061274	7.110734346985028
-0.6482387626644706	0.9593203931629526	-16.225657487981557	16.274522596363653
0.1363483969017968	0.08014584185030837	-5.97569902282772	6.040114608012308
-0.23540186633572427	0.763354659207399	-16.297225857854517	16.334418483730964
-0.10250372300258716	0.22832005290031457	-5.496986098822648	5.529885428554124
-0.3919425932814317	0.10567653213951425	-6.033712656869021	6.047352722599754
-0.3538233623393232	0.09539873073992194	-5.446890785125273	5.459204256542019
-0.3575231981904845	0.09619772056836072	-5.44605573452733	5.458626191842129
0.41264065793284727	-0.8331357709273624	3.0511404079197373	3.192698717248247
-0.216891529020786	-0.9806710124010644	4.164422001681636	4.285952377058661
0.2515179066822897	-0.9864101095105151	2.9452635261152733	3.1162226171747367
-0.0019051821518184546	0.0039334890160032145	0.008494239437911132	0.009552704250587381
-0.47342950681963414	-0.04553697861931467	-1.3681496423005501	1.5315542008614589
-0.02905605343656764	0.0376307777137343	-0.36331717463477686	0.3920962687367049
0.567097465305227	-0.68170887257892	-1.324795532527423	1.6002779477369096
0.001307126844077711	0.023931571995782996	-0.54810953759975	0.5661080098590618
-0.12253278289419085	-0.31197917755971405	-0.6190216327981541	0.7176439624819004
0.17304756349751124	-0.4017573320165708	-0.449401874443307	0.6415107623529447
-0.02321677957951153	0.0022380547852867833	-0.178934595969041	0.18044837870668035
0.08498279074053783	0.07149105616615267	-0.13732697437528438	0.17661184480343342
0.0028765891655691926	0.19927339653707749	-0.6689458374845741	0.6980019303845723
-0.4969340012337558	3.653009869498717	-11.750662820467175	12.315417216990538
-0.11962129840003924	0.21410253679879096	-0.8566889870151309	0.8911033451668777
-0.3742418935738181	1.2109372833370164	-5.02074822632005	5.17825635240061
0.06139665760470749	0.010248714031837742	-0.015365912094793543	0.06411471717820337
0.21121070055164196	-0.014004973099241336	-0.37715325397669835	0.4324935563499621
0.16875004040209063	-0.035108105513239875	-0.6404089667667577	0.663198914296233
0.055343382202176966	0.060646016384973675	-0.5332423767465936	0.5395259600939502
0.06407332840243601	-0.0713894187800492	-0.5402819895935554	0.548731691089088
-0.003139747653836171	-0.028579091694843795	-1.274716502757286	1.275040699310888
0.11618867904933874	0.012848569198466877	-0.3408123748428179	0.3603026085329934
0.15558727587362164	-0.05723592814679493	-1.134441576589548	1.1464907511967026
0.21309026656160104	-0.04131208179518332	-0.6933796792650679	0.7265600659431225
1.0372447888703844	-0.02679278213361289	-2.5944140490755143	2.794204513498186
-0.06666530657852363	-0.37778582503368685	-0.533304075993958	0.8241330852898465
-0.12495526829722531	-0.09474420602741312	-0.27013209077656536	0.3123485715003593
-0.1362912067244352	0.03968657453668975	-0.2752696922848897	0.3097155480751278
0.12395651645627695	-0.5676817271619254	-1.3776794803138663	1.5758312802782557
0.029709292292495908	-0.935718715770134	-20.485882917889306	20.507263373803926
-0.011106535075299288	-2.486757425497037	-58.993958474246504	59.04634808613914
-0.1888443817626317	-0.7157376197937354	-9.947666708179563	9.975169947320968
-0.03879351377380275	-0.47278072715439706	-7.369479069276386	7.384730753736545
-0.1264013853202371	-0.6257371578026905	-16.221664150554727	16.234220403649143
-0.304483628570316	-2.4722812577835307	-58.74446138794277	58.7972501793847
-0.5000230390372263	-1.286730653274739	-47.343804240947215	47.36392613391309
-0.06551281331273197	-0.3594262835190491	-12.54465268473281	12.549971719592298
-0.03530164398427116	-0.2382076653149489	-3.1220618166133707	3.1313350323205555
-0.08167277192271952	-0.07291109172349106	-2.2785368209559955	2.281165604120426
-0.025209065336742505	-0.07195205938128513	-1.4015126243518654	1.4035847790717924
-0.20911918920102399	-0.416739967232632	-17.107919986860278	17.11427267845158
0.21181130762477043	-0.34982518733743573	-6.842508786307581	6.854718680035665
-0.006421717746585148	-0.09168041335708707	-2.1686045274390544	2.170551112754849
0.21117769483796758	-0.12230245646277128	0.7487582901188827	0.7875232610378308
0.3447697533212843	-0.3892525881203959	1.285153639286725	1.3863634576602062
0.013596395512149804	0.033742652563872925	0.25644162759279454	0.25900914450152274
-0.14132355327811644	0.1412293527920939	4.173620238053353	4.178399689868091
-0.06791557156921998	0.021825791544394922	0.4503643667128855	0.4559791144809284
0.046883720332959206	0.06482795396819445	1.0632847342325942	1.0662903792588767
-0.1416343421782868	0.01967184612090176	-0.09715492331323282	0.17287668303759357
-0.7248500725887792	-0.18000743705865663	-0.6627780403768654	0.998541454289296
0.018581519827333234	-0.0792077620583897	-0.31340259396056896	0.3237905624792132
-0.053097909838123354	-0.02840697505807057	-0.938416428980243	0.9403466054818077
0.26878857822640284	0.20188405193993428	-1.1290787589743259	1.1780591301711731
0.09673903125131116	0.015131284792605702	-0.17992532877849587	0.20484267105016707
0.16317487131300729	0.20591008822261314	-0.09551157894003634	0.2795486805039144
0.08513535273008395	0.11516514731222355	-0.17677151864496526	0.22750650373993545
-0.01842382881318963	-0.03909444269975978	-0.004279149392738633	0.04342952955844553
0.11345968122468321	0.03200614543638868	0.049667292802707805	0.12792315108553226
0.13194883412918706	0.20879313102926045	-0.13533219338266234	0.2816378329678311
-0.014554978887523294	0.1036416801194439	-0.005031602571779613	0.10477958910416532
0.07096527058035237	0.09481167329664575	-0.048209260185582706	0.12786499047625868
0.006215545870558253	0.03423211503215852	0.06646360944284047	0.07501921147422426
0.005171020695443118	-0.12866590407247003	-294.04118559786855	294.04124691825024
-0.44356556091425514	-0.39419698858953267	-208.07722066241695	208.0781106216346
-0.8683563583422723	0.18127744765878645	-304.08151765698324	304.08426311901974
-0.30096584065282594	-0.2206564659048562	-58.10730935513179	58.10867534190632
-0.10672603325745858	-0.4829632771569626	-15.828835272583405	15.837176195418724
-0.24887739072580498	0.287769516614942	-10.085803357987789	10.093879344766563
-0.11992251546656059	0.1903986939178533	-3.328028728544332	3.338545802483149
0.05316091725345866	0.07139452434358584	-0.12666226730525143	0.2084379430151405
-0.17570986509328185	0.16787413740657373	-0.6848751862865158	0.8785383576669208
0.07340474773008672	-0.22203325094971355	-0.9383616423193503	0.9764369891052286
0.027214754387624586	-0.13409858592637763	-1.606355033060119	1.7910292237588532
0.054308541672172035	0.07072293936729088	-0.7400870647118957	0.7454394778955415
0.09357956827503214	0.44754315921689336	-0.5432704097435961	0.7236536035724224
-0.22204988006116122	0.49785964011730416	-0.8022236431075186	0.9799045509403481
-0.02039093554832437	-0.0171588979083033	0.0002476385888077193	0.026651066673477407
0.2152958883607386	0.11118368164664001	-1.8419587318466124	1.8630635752264386
-0.365810098599055	-0.46894635733607926	-5.212111013214663	5.247670771758591
-0.6482387626644706	0.9593203931629526	-16.225657487981557	16.274522596363653
-0.1547255750474329	-0.06592853079235111	-3.630400889893772	3.66820295351657
0.2910739719492297	0.1460743726426595	-2.345298132933949	2.3719116544957393
-0.4558100519718999	0.5003763253383555	-12.574361310124068	12.593338771464971
0.2204081856361756	0.26297833386904357	-3.722864547730451	3.7410797122659964
-0.06499905071897111	0.07262304390527748	-2.7214709093597236	2.726558727405606
0.010737464880409046	-0.006287853146224223	-1.7503643248787035	1.7556052234079635
-0.04824213716402509	0.16198486214126137	-1.0251508645842218	1.0477214777405555
-0.13043991707446193	-0.825608976801484	3.4257571778000884	3.5262525428265077
-0.08645161194632409	-0.15506203559958015	0.7386648238815476	0.7596998342321528
-0.39977666228284175	-0.0723038589090226	-0.549901399242005	0.697796934292105
-0.0736528445367923	0.026766880289707938	-0.818248243058545	0.8337572665693539
0.02687497545481183	-0.03830097473624647	-0.12301709558108544	0.13161472097242483
0.14617258804269942	-0.3634563572803243	-0.32638477886222156	0.5098960413805198
-0.3043516349991853	-0.18265806089349057	-125.03884467545163	125.03934849341088
-0.13921392591506976	-0.21153892769604205	-83.03837598696533	83.03876212822372
-0.2528295277346326	0.29820381094303205	-9.919950856358783	9.927651951772322
0.003952137008827588	-0.01043429432809007	-0.16585250162900708	0.1662273929942401
0.11201711790064751	-0.17770704994194525	-0.7683811826171056	0.7965784783070017
-0.0386123701705608	-0.0443262010077683	-0.16998045970224457	0.17985851079822684
-0.15657554516442138	-0.39173771891891773	-0.6748173070505723	0.8072003097511297
0.18379029955204595	0.25763913299254004	-0.9315377260095465	0.9838289140077234
-0.27790820112825054	-0.2841415901501331	-3.0288533667108997	3.054819491973844
-0.025774026150550793	-0.04403148315057665	-0.5437488037750442	0.546137432026262
-0.062127871320253665	-0.14077328403536954	-1.6395088427287199	1.646713847758485
-0.6619827729276597	0.7823871663123785	-13.399199483901262	13.439061628846826
0.013744010263189166	0.17693322685057422	-2.8264580040802993	2.8354609675168274
-0.1547255750474329	-0.06592853079235111	-3.630400889893772	3.66820295351657
-0.011716558741291336	0.0026695856440918306	-0.35514725996011676	0.3553505040005265
0.23212474437746694	0.2603087482249517	-3.3677172877703345	3.3857292082654697
0.02452753021117367	-0.021805067699440683	-0.8095916285541135	0.8102565431642863
-0.08952658093014479	0.09442811160471817	-1.9118792808056102	1.9163021842413197
-0.017037493373894264	-0.064478190060652	-0.6676433973373392	0.6709660342983892
0.02777495825430331	0.05819033691442777	-1.0827209275413643	1.0846391891095744
-0.07443001151433003	0.06847072425791081	-0.311818711079836	0.3278093581243775
0.026187874350304938	0.09351413788335054	-0.7133321535043856	0.719912119616178
-0.03832708299119654	-0.26490135929427855	-0.4451077189361254	0.5193867315431647
-0.11824846217322484	-0.12683635962463918	-0.22970958811444692	0.28781357820796494
