0.0	0.0	6499.999932280723	6500.0
1.3955838506772125	0.5496229465065707	157.06478204637742	157.07194370397164
-0.18352783972605705	0.020060340487121298	256.5516477307179	256.5517141596053
0.1831668472459313	-0.021282341579052316	-2.113405184753243	2.1214345398656294
-0.31114318914591715	-0.4037517118802614	1530.1664985410814	1530.1666931109992
-0.5167502915357521	-0.008817224895772025	4460.392749310321	4460.39279146004
-0.5673293775208754	-0.13583200863797165	95.80802918606115	95.81037349616331
0.0	0.0	-6499.999932280723	6500.0
1.4780019197526277	0.5277899237545091	-90.25345296366301	90.26709712704033
-1.3080814052782552	-1.382821525858396	-2040.4677853391147	2040.4686731922745
0.15490204255183926	0.03988073050004459	-1008.539871357847	1008.5398840344278
-0.3248225570207114	0.8151508716031425	-3358.6091919918867	3358.6093951906646
-1.3877787807814457e-15	-8.604228440844963e-16	157.06214166195917	157.06214166195915
-1.634803403760543e-13	-5.240807787743051e-13	256.55187480547926	256.55187480547954
0.0	0.0	0.004006816133232061	0.004006816133217401
-0.10090881669875076	-1.5688092376117366	-814.9291739130441	814.9307570214844
0.060907213108293945	-1.5406675955960054	-818.4059342699475	818.4074532312516
-0.048576079670297534	-0.6851725603586778	-265.6671607838128	265.668834334602
-0.411332975960662	-0.5163354905498057	-230.05314366673034	230.0541331684482
0.635201190002259	-0.15176986514428809	-174.46816030213597	174.46943484019187
0.0013163348202451645	0.40455813836266563	-44.072766188572245	44.08460886891829
-0.20841423434440212	-0.3036357296113408	-49.6989425553592	49.709162866247986
-0.41809945448987934	-0.5957527450633749	-38.85743560301897	38.867386715243164
0.5579642810212654	0.12301655070371524	-7.7470853637979555	7.783797838267326
-0.20615160124114734	0.12394001500892805	-5.255668838886346	5.412493276990309
0.1278842438526236	0.04802748648350112	0.8889706187804812	0.9101700748973414
0.3530831644426961	0.1158669390471559	-0.5865415117517369	0.8844565767096978
-0.4080033060437278	0.3013045178515337	-1.2669629831919247	1.3713737314820267
0.1552883166535104	-0.6807625613873706	1.0674543812715807	1.2831565638189548
-0.02620149485711041	0.3624446681267132	5.907741259851989	5.971690873459624
0.04005036583631936	-0.5096694202790923	0.4678171883913999	0.7068943743061502
-0.488139463541053	0.6404497836310041	9.430185141053263	9.465533669089183
-0.09329125526438507	-0.30320019154165195	0.42500478125869806	0.5483999119734182
0.5928473822580438	0.46117001725696805	9.867352713277501	9.940401760320954
-0.2867148939805304	-0.2740327902445093	23.65841831433398	23.6621540930126
0.324318949866559	0.0025214629167896376	15.771864967506328	15.824281149849638
-0.2598574415507293	-0.07518907453627219	65.0372843331648	65.03798699468015
0.0038170295656739916	0.4558998916474554	42.538225462435896	42.54089755234188
0.15145068715820004	-0.8326218471108755	184.38620521774374	184.38820013991062
-0.19479532410140438	0.2616111669615495	277.49968725628645	277.4999140409644
-0.14388039646969042	-0.31708766964698737	892.4882204330353	892.488782926525
-0.24078379009577877	-0.3646559135403671	985.5046767969224	985.5047835597553
-0.015039789668818901	0.1750971447436731	1642.414221140273	1642.4143059242776
-0.4884703014799564	0.7251003820060364	1316.3675144949782	1316.3678988820711
-0.3608109192694173	-0.4923413798902393	213.08137558679934	213.0828308950033
0.02102513138684846	-0.18784946684095785	398.8329905031816	398.8333457208679
1.3322676295501878e-15	7.771561172376096e-16	-90.25636049483936	90.2563604948393
1.634803403760543e-13	5.240807787743051e-13	-2040.4662735967045	2040.4662735967038
0.0	0.0	-1007.0873293249006	1007.0873293249007
-0.3248225570207114	0.8151508716031425	-3358.6091919918867	3358.6093951906646
8.881784197001252e-16	0.0	157.06214166195912	157.06214166195915
2.7755575615628914e-17	2.7755575615628914e-17	256.5518748054792	256.55187480547954
0.10090881669875076	1.5688092376117366	-192.15414859572317	192.16057911954934
-0.18616421942305791	-0.0017773431078293989	-68.23038057677073	68.23077732014647
0.13758813975276038	-0.6833952172508484	-197.43678020704206	197.43805701445552
0.5173703038886628	-0.07720319912408125	-145.2221246393582	145.2230667529597
0.11783088611359617	-0.07456666602020684	-29.246035662777736	29.24636808723215
0.4019869130336942	0.40956239937874744	-2.0046425987325955	2.0898341012598607
-0.6081385142748416	-0.28562238436981946	-3.2510262401537497	3.3226591757304482
-0.08872950853285444	-0.12853251916739789	-0.15860421533435276	0.22259566772474493
0.44181267297555055	0.2443994582145538	-0.4279372964173841	0.661860908984953
-0.23465813733025626	0.18156713833479704	-0.906934712640074	0.9542335354251212
-0.17334516871347158	0.1197373795167367	-0.3600282705518507	0.4171401960569055
0.0051958434657275385	0.20544388926803775	2.361471093157058	2.3745019892902373
0.15503989107156682	-0.016765583582139282	2.588349437607677	2.5967963048110483
-0.18643722939440477	0.17376636244081478	0.9579207290872539	1.0003925793583395
0.3005277068869423	-0.2248701107262448	13.147825982650613	13.186605405951427
0.023791242979616704	0.22739157364303444	2.6240389848557157	2.637675743898212
-0.24076875994466326	-0.09662800141943884	62.53267985370783	62.53321802252578
-0.019088681606066013	0.02143892688316665	2.5046044794569724	2.504768972154377
-0.015039789668818901	0.1750971447436731	1642.414221140273	1642.4143059242776
-0.4884703014799564	0.7251003820060364	1316.3675144949782	1316.3678988820711
-0.3608109192694173	-0.4923413798902393	213.08137558679934	213.0828308950033
0.02102513138684846	-0.18784946684095785	398.8329905031816	398.8333457208679
-1.1102230246251565e-16	-1.6653345369377348e-16	-35.062525400812675	35.06252540081269
0.6668502047638559	0.4131500386346113	-55.18944582673784	55.19502072481218
5.551115123125783e-17	8.326672684688674e-17	-1068.2244131758507	1068.2244131758507
-0.08953474809482272	-0.2870303622752454	-972.2416522895655	972.241698781555
0.6638319719591124	0.4112800789480291	-54.93965270276459	54.94520236827528
1.5636312130634016	0.7325977487500139	-54.93491378647719	54.9620450380044
1.5636312130634016	0.7325977487500139	-54.93491378647719	54.9620450380044
-2.220446049250313e-16	4.440892098500626e-16	-35.062525400812696	35.062525400812696
0.0	0.0	-35.06252540081269	35.06252540081269
2.220446049250313e-16	0.0	20.494185492766576	20.49418549276658
0.0	0.0	16.44560788449581	16.44560788449581
1.4061121310266433	-5.0659249113888105	-2.0958341032865104	5.659793911561517
-11.557449366358513	20.418790593534528	-14.790091544349302	27.735328608992315
11.557449366358513	-20.418790593534528	-3.826825971967577	23.772804676316184
10.704751101315223	-17.346698910756082	2.1935188946911426	20.501492247709756
10.232672966981784	-17.8185674253866	2.0578267973427518	20.6505107024042
10.200156983289101	-17.76194602746834	2.0512877177883695	20.58489034383203
9.906961415949818	-17.251392724111824	1.9923250501374365	19.99319370496024
9.735783173493303	-17.35744697284577	1.999966554478274	20.00165757219785
8.579336319788467	-16.193178172370516	1.6049964460762354	18.395652872407
1.152457084115487	-1.3803738881386831	0.5768132253192118	1.8884657525849469
8.534520556376272	-15.401449784665216	1.861348477604409	17.70613777061089
0.047833996216941274	-0.7898584280187195	-0.5061451555014185	0.9393334583330033
0.06157589372992257	-0.7848808996621687	-0.506866489559872	0.9363456923497228
0.06157589372992257	-0.7848808996621687	-0.506866489559872	0.9363456923497228
8.751391498626846	-15.320807865071838	1.8756466480770875	17.743507464679247
8.751391498626846	-15.320807865071838	1.8756466480770875	17.743507464679247
1.174195704433849	-1.372207764320005	0.5795502880515154	1.896725662069137
1.174195704433849	-1.372207764320005	0.5795502880515154	1.896725662069137
0.8525976736828538	0.8522190895924822	136.55306230411674	136.558781939507
-0.12160731538437197	0.4103594777559181	127.46494785611867	127.4660935904258
1.0067209727599071	0.3852382139183091	9.09465352755238	9.158308707653317
1.021821455242252	-0.5593487115146298	15.294826326492114	15.339123261289174
-0.05295903187110193	1.0556885924588169	28.79671382545519	28.81610678437436
1.3305648332119677	0.0348631196338971	14.428242641960333	14.489506684072218
-0.015547810630431542	-1.104765134505046	0.9255463521827205	1.441313216088749
-0.02045246645419858	-1.1078038360434164	0.9321691805455681	1.4479596070662897
-0.016462696864841586	-0.891698748380005	0.7503260636283986	1.1654985542722125
-0.004577158527583587	-0.8871423108033816	0.749240231915075	1.1612077140279016
-0.004577158527583587	-0.8871423108033816	0.749240231915075	1.1612077140279016
0.0	-2.7755575615628914e-17	239.87931576248695	239.87931576248707
-3.4661162828797387e-12	-3.1356028884488296e-12	238.919001765095	238.91900176509492
0.6335392247040381	0.24656640092972218	0.8085829156616569	1.0563963606553828
0.6346617965263285	0.2476610601191896	0.8080587735307461	1.056925057962675
0.6346722260670736	0.2476944951253987	0.8081184636809469	1.056984791185956
0.6339254990117994	0.2476831879761592	0.8080475075415138	1.0564796611139518
1.6653345369377348e-16	4.163336342344337e-17	-1068.2244131758507	1068.2244131758507
-6.821210263296962e-13	5.684341886080801e-13	-1068.2244131759217	1068.2244131759217
0.0	0.0	-0.7442866402936588	0.7442866402936754
1.4905463660486475	1.3477067916797978	-1067.4749525487714	1067.4768439461768
0.0	0.0	238.91900176509617	238.91900176509617
-0.33446291567604824	-2.619157256996792	236.54642966058844	236.5611659494232
0.33446291567604824	2.619157256996792	1.628285464214045	3.1021224559665956
-1.1413276287700487	1.2847922314272116	0.25515070966074105	1.7373605609573475
-0.5039874666078825	1.99608292084734	0.8195525514777273	2.215855766522239
-0.6468792353134781	-0.7831986315529139	5.934341014036887	6.020652465674005
-0.32445230208187703	1.0228196041978272	2.241338837790048	2.484960568066156
-0.42716790052062625	0.8713494755889285	-0.1922249247332215	0.9892789017931157
-0.3307186434762071	1.0203808140103394	2.2417210446379827	2.4851287831249236
0.48764840780505175	0.32283142471313314	0.3087881829917052	0.6613404874740354
-0.8180759453163722	0.6978125987581529	1.7244778275893395	2.0322436992490793
0.48823234947308547	0.3234008467316921	0.3083064428156699	0.6618245971708813
0.4882471647864719	0.3234483416413112	0.3083702413740771	0.661888456915221
0.4877869325303329	0.32336656110809214	0.30826557237277946	0.6614602690264213
1.1217124315421323	0.5710497490842513	1.1163130799142933	1.717939930140373
1.1217124315421323	0.5710497490842513	1.1163130799142933	1.717939930140373
1.3299822462682156	0.034502175276978984	14.414726813795074	14.47599365473162
0.7680199350581436	0.20355811628925854	6.284168662483698	6.334198158085686
0.6707663564805942	-0.12576851831359015	19.67717078761734	19.689001890147864
0.8245515410339256	0.22580594066122953	6.28739077043588	6.345246745936806
0.8245515410339256	0.22580594066122953	6.28739077043588	6.345246745936806
-0.05314344811719951	1.055574336545486	28.789682803693164	28.809076648572347
0.30415184685849056	0.12100606670301316	32.277509072050776	32.27916886647559
-0.3901851450612812	1.01638295332002	34.05141965359307	34.06881945680437
0.19534780158790133	0.07771864400431737	20.730896435742892	20.73196247297174
0.37958304783319136	0.15027545097698392	20.732067799842813	20.736086932173297
0.8458037034100705	-0.056837814295241096	19.679866223389855	19.69811536701816
1.225386751243262	0.09343763668174282	40.41193402323267	40.434202299191455
1.225386751243262	0.09343763668174282	40.41193402323267	40.434202299191455
-0.08740052079800992	1.1356234114309756	34.051724643125226	34.07076797718023
-0.08740052079800992	1.1356234114309756	34.051724643125226	34.07076797718023
-0.08374876599560427	0.29925781073004937	92.46806123172533	92.46917225241715
-0.08375933118404155	0.29925126502011345	92.46287041044948	92.46398148189787
-0.05086948109841106	0.217436581542177	54.923624488463936	54.925069807155424
0.43717770235633324	0.409643784506028	54.924612641889006	54.92887133589381
0.43717770235633324	0.409643784506028	54.924612641889006	54.92887133589381
0.10193341005211329	0.004431803618541664	10.013502392327302	10.014931843128677
0.5955024026800713	0.84741320750455	35.725921738915225	35.75327968362967
0.5765269790062652	-0.002367767190083775	41.94345709144963	41.95794053014303
0.02214236683294671	0.4409153310675843	11.096846080683296	11.13709435308774
0.4287101346511045	0.4808978846460627	15.313378839231547	15.351095147762297
0.08326157875324108	-0.4929612203995794	12.590659966918437	12.601304744282508
0.5385046046668125	0.7754683619499216	6.390630468038899	6.461499512772537
0.18238010353351758	-0.14019450270455916	1.6104028123842853	1.6327259426458227
0.5937883292419867	-0.01702988443531772	0.7412867051089755	0.9601355951006043
0.08088547404597622	0.011179250475232536	0.8077838875271374	0.9794497776819822
0.5103735123584854	-1.4682609979105443	1.0241553116121744	2.09343149515786
0.5846387546209703	-0.12544360128204782	0.42096943115390584	0.7436218345862442
1.0822792980376335	-1.6801564583908226	-0.2084947961165734	2.2182236290646884
1.4630297190357981	-2.995211180883001	0.6969344845138479	3.408178876316953
1.536049529008268	-1.8456089390754884	0.4262907154740041	2.6130049518822593
1.077836904512419	-2.605883957441462	0.03256011856957619	2.972166608149845
2.7796796082030015	-4.703733894597309	0.7030958326561401	5.510494969623109
1.329802697667708	-1.790966162533136	-0.2732386832378674	2.6322546654936176
0.08188619475311434	0.06830751477282815	-0.6181934410328255	1.0003472958710546
-0.1932085300793273	-0.5294353343086107	-3.075731086697254	3.2470802047658616
0.07102015727731226	0.1770304431171804	-0.5839707961314491	0.6299883460543995
0.447632425085849	-0.06007087763451019	-6.862607254793265	6.895431628547207
1.0688245490010426	-0.21276598843029618	-41.985124367865794	42.00283875037541
-0.1581590689723777	0.506390702520764	-133.48139780429742	133.48337956965239
0.13942786927934528	0.3826517112393135	-738.0131245034535	738.0142083241454
0.03198409904394575	-0.06286230101288462	-805.7802906798261	805.7810661492232
-0.313910602613857	0.6565371601776651	-1682.7102624043953	1682.7110806209932
-0.2887772148943547	-0.2815967991677899	16.66953358350029	16.674412701159476
0.2771616766849547	1.5592659845171397	-192.24734227259614	192.2538653429874
-0.0009916563274021614	-0.25294626886121657	-60.093355066488016	60.09388742580491
0.13857979608016252	-0.43044894838963177	-137.34342514055405	137.34416958865063
0.020857486924845497	0.014067514734413238	0.058532958752136724	0.06371057205756657
-0.20729471631925028	0.15969884770640155	0.8993877703351172	0.9366820073007729
0.05418751609619225	0.12089864109349985	118.87075071798478	118.8709011853868
-0.03316238470934378	-0.3087481079344577	279.96223978519686	279.96244453548115
-0.7128096219852953	-0.9459173759602075	-972.2422674490655	972.2429889033596
1.331978327497176	-5.140025796838109	-2.1700887114227085	5.736141252839552
-12.110863232341867	22.41262382214489	-14.666024699450759	29.395424734308
1.490543858348471	1.3477058157108552	-1067.3479779887193	1067.3498696063962
-0.3492187372827402	-2.632499023109631	237.91439042832602	237.92921043393366
-0.677623719582021	-0.2788776523386748	3.3645791617214797	3.4434487923889208
-0.04628960965548291	-1.0850234311465097	55.05125136430784	55.061962327457096
-0.42822467071249715	0.8709381924155131	-0.1922272534678388	0.9893740549411114
-0.8784138893637515	0.09613188958365632	1.5828608655284029	1.8128157161838772
0.06099231417782276	0.6022723713556043	-0.32696410760231487	0.6880098831755674
0.02706049914590232	-0.050112016031609925	1.785581674896403	1.7864896872052252
0.07487291090621095	0.054543819650151586	8.227920717430898	8.228442155923451
-0.19600391267043948	-0.09990143391984556	1.570669705205042	1.5921309424887944
0.2181462795033862	0.5408167649874298	9.526176375478252	9.544963410598946
0.21949649742604332	0.06703615944724597	1.2122670926184484	1.2416697821084812
0.2092136372250612	0.41386172519881675	14.1011117466131	14.109425365653818
-0.03174478627724453	-0.20394492167872796	4.785772463301395	4.790221219633622
0.11500636503048561	-0.2890162987208515	7.804887503617043	7.811083524648887
0.29769895232135957	-0.05451294967792375	0.3136519137563928	0.43585989824583593
-0.21681347827538333	0.06569220015315629	0.4941319737707446	0.5435898794361462
0.03733304152550854	-0.10347815712919757	0.10144946204377309	0.20152686853462282
0.10341399430208856	-0.6101840322970505	0.48350863115352577	0.7968809222761933
0.3696264765308882	-0.754598808484296	0.43919721841487536	1.0950237043470432
0.531797846299395	-0.09097838284404561	0.4141806157007065	0.6801702712525806
0.052840908321575245	-0.034465218438002196	0.00678881545319928	0.06345156333366359
1.1736009460654064	-2.2754480101924113	0.5231326800500311	2.6131725217885156
0.28942877297039193	-0.7197631706905898	0.17380180446381677	0.795006354528438
0.6147143505739531	-0.7741018165264335	-0.22135897393426573	1.3807453579108322
0.7150883470937549	-1.0168643460067024	-0.05187970930360169	1.2515093075827854
0.1267041703916823	-0.13848232572462887	-0.46395736726496317	0.7057644451742966
-0.04481797563856795	0.20678984049745702	-0.15423607376786225	0.29458285069675805
0.15753375514252616	-0.28111454986239487	-1.6771568777101156	1.7777562850413402
-0.3507422852218534	-0.2483207844462157	-1.3985742089871378	1.469323919724521
0.447632425085849	-0.06007087763451019	-6.862607254793265	6.895431628547207
0.13793843884797136	-0.07002289629517122	-10.502247127655602	10.504313625086015
0.38620299905915934	0.011225685628364374	-13.160322288074456	13.166732369247478
0.5446831110939121	-0.15396877776348936	-18.322554952135746	18.33179275604192
-0.1581590689723777	0.506390702520764	-133.48139780429742	133.48337956965239
-0.037283400734095556	0.2332804009753638	-630.4551208126417	630.4558651963395
0.17671127001344084	0.14937131026394967	-107.55800369081172	107.55834312780595
0.009091742578793423	0.04876471789525994	-685.9029385688868	685.9035838876165
0.022892356465152336	-0.11162701890814457	-119.87735211093926	119.87748226160677
-0.5893068160297963	0.6822007725581107	-1490.2586328037012	1490.2592016552553
0.2753962134159394	-0.025663612380445747	-192.4516296006939	192.45187896573768
-0.2887770104192732	-0.28159614366187774	16.669480763133286	16.674359881636953
0.2771616766849547	1.5592659845171397	-192.24734227259614	192.2538653429874
0.03447070480066587	0.051896519191053064	99.19965346890902	99.19967303287761
0.019716811295526368	0.06900212190244678	19.67109724907576	19.6712281525092
-0.07703706397296729	-0.14203994628999148	112.54108420613525	112.54120020840361
0.04387467926362351	-0.16670816164446625	167.42115557906163	167.42124432707752
-0.7128096219852953	-0.9459173759602075	-972.2422674490655	972.2429889033596
1.5419265212028375	-4.807684588831714	-1.4740035435211185	5.2596630071508805
-0.5077243166328065	0.1977883237498328	-1.042396966223745	1.1762209137336772
-12.417248968161813	22.106374132632226	-14.441184128890338	29.179233168021074
1.4902527523835896	1.34744260624992	-1067.1395229546677	1067.1414142028032
-0.3396796641314267	-2.560591080976844	231.41564757247187	231.4300627626945
-0.4299909835874003	-0.17696381127809035	2.135017800142381	2.185065089051889
-0.19228268579544378	-1.1418423082433544	55.05693124067673	55.069106167875645
-0.42774485061533774	0.8714060818353412	-0.192478561906628	0.989627310395789
-0.8763699573497888	0.0981249994384593	1.583336403495633	1.8123484720920588
0.06061919965282836	0.5985880289464806	-0.32496393660846934	0.6838010499119491
0.12050865788977684	0.19978908432619152	2.9414785793460116	2.9507175818084876
0.09763762161360934	0.3410276806612383	6.584697796132241	6.594245828790458
0.04997614924018318	0.001995629475678405	-0.006067922926977623	0.05038271249673834
-0.012643107714674653	-0.10547378660487597	0.1075173849707507	0.15114415603788445
-0.028762174189622354	-0.13759567320103722	0.13583701915792382	0.1954776911094229
0.1321761684917109	-0.4725883590960133	0.347671611995602	0.6014032311667705
0.3749740273616118	-0.8231595115822619	0.4703557780170724	1.0195252133312738
-0.005347550830723552	0.06856070309796594	-0.031158559602197086	0.07549849101576944
0.33112218736624555	-0.40690334462438343	-0.07751333243916059	0.5303023208873789
0.38396615972750925	-0.6099610013823188	0.02563362313555891	0.7212069866954066
0.1267041703916823	-0.13848232572462887	-0.46395736726496317	0.7057644451742966
-0.005339656850173451	0.21101702604771638	-0.1255507930881402	0.2456006898654017
-0.0394783187883945	-0.004227185550259367	-0.02868528067972203	0.04898216083135635
-0.08620006909627442	-0.12049671734403555	-0.6117513642583112	0.6294359717038708
-0.264542216125579	-0.12782406710218014	-0.7868228447288265	0.83988794802065
0.3780496052063106	0.01789976725894905	-2.7811854035537014	2.810287163174742
0.06958281987953843	-0.07797064489345924	-4.081421851239565	4.085144465372465
0.3614477793996291	-0.03461733403294886	-11.255120389850374	11.260975883424761
0.18323533169428297	-0.11935144373054049	-7.067434562285372	7.070816872617158
-0.08470847711627164	-0.028030024319930583	-24.784920072485885	24.785473648747814
-0.07345059185610606	0.5344207268406946	-108.69647773181151	108.69790592090457
-0.008432089389410338	-0.12194584913613121	-111.2438071790832	111.24387433736429
0.03132444585456267	0.010318830227986643	-8.633544931856049	8.63360792424249
-0.3007051360159951	-0.2802942261163547	16.669561705571954	16.674629707669467
1.4895983822531524	1.3468509440688308	-1066.6709418850141	1066.6728323027025
0.9750040255752621	1.0612945169408794	-1009.8719793882299	1009.8730077254284
0.5149674712029279	0.2892407695371294	-56.800962667807916	56.80403341056749
0.9750046445539164	1.0612951205286931	-1009.8707226045976	1009.8717509443078
1.0596484381966367	1.3326460682958203	-1009.8706939439371	1009.872129176345
0.4122501147103715	0.6482576375014879	-1009.8719064430227	1009.8721986523767
0.4122501147103715	0.6482576375014879	-1009.8719064430227	1009.8721986523767
0.5149693195501664	0.2892425719254041	-56.801303666834684	56.80437441709449
0.5197303302722318	0.3045054130170384	-56.80125193237472	56.80444581410738
0.4833147270076872	0.2660103974285652	-56.801389797680415	56.804068847265775
0.4833147270076872	0.2660103974285652	-56.801389797680415	56.804068847265775
-0.26264557020740525	-1.9798886290445878	178.93415806048046	178.9453041085235
-0.7371383383108133	-2.1645559227754427	178.95326606689767	178.9678745230063
-0.5216977743696872	-1.954472266282949	178.95529089154556	178.96672391393102
-0.5216972952322871	-1.9544707302649846	178.9549754712906	178.96640849565497
-0.649723109235091	-1.9404813227437774	178.95553637163255	178.96723612421758
-0.649723109235091	-1.9404813227437774	178.95553637163255	178.96723612421758
-0.46609365848588763	-1.3531941736602828	71.7275686488919	71.74333766628686
-0.46609365848588763	-1.3531941736602828	71.7275686488919	71.74333766628686
-0.43571874476180916	-0.17919299205031286	2.134606560918075	2.185979442458516
-0.43311808953482406	-0.17665700184787983	2.134977819178543	2.185618737147116
-0.43311596726455254	-0.17665019827700001	2.1349355564612518	2.185576483194616
-0.43467767494884424	-0.1764985128633089	2.1349843006314537	2.1859218581835664
-0.43467767494884424	-0.1764985128633089	2.1349843006314537	2.1859218581835664
-0.8763603598637094	0.09815576704505792	1.5833125480174788	1.8123246562506743
-0.8776485201877424	0.09821076882905747	1.5832413084549393	1.812888667541311
-0.8776485201877424	0.09821076882905747	1.5832413084549393	1.812888667541311
1.477893099953279	-4.847356782488053	-1.4601609609836754	5.2738132147055765
1.5499487342700742	-4.821003944497526	-1.4601771553495362	5.270345096550201
1.5499487342700742	-4.821003944497526	-1.4601771553495362	5.270345096550201
-0.528822137891113	0.18471707385636957	-1.0386491729367264	1.1800700637419506
-1.3821102571804733	0.9931039007660765	-1.8274943889737125	2.4972424516755805
-0.23187241993469065	1.0393362744010337	-0.43330388471463277	1.149668198621229
-1.343798244141352	1.0068927416860716	-1.8314290704931175	2.4847050437556466
-1.343798244141352	1.0068927416860716	-1.8314290704931175	2.4847050437556466
-0.4276953106730783	0.8715648969085543	-0.1923795747407579	0.989726502157235
-0.4283594722811658	0.8711954172894847	-0.1927256570422008	0.9897557635505569
-0.4283594722811658	0.8711954172894847	-0.1927256570422008	0.9897557635505569
0.06083519156078238	0.5987986502378738	-0.32535022465876695	0.6841882144150654
0.060877499510647345	0.5989342810006253	-0.32526733543127573	0.684271278370644
0.060425538855271035	0.5986062297208665	-0.3254919711874751	0.684050939122312
-0.21571738646980568	1.045222307468953	-0.43292041314098345	1.151713396192927
-0.15529184761453463	1.6438285371898196	-0.7584123843284585	1.8357643353152389
-0.15529184761453463	1.6438285371898196	-0.7584123843284585	1.8357643353152389
-12.119472845234668	21.576244600875995	-14.094872330568183	28.479490499976077
-12.524331340832092	21.325412702043693	-14.105378635182017	28.470929189074315
-11.439170801607997	19.47768960073288	-12.883229534430347	26.004088602519356
-11.0627799583913	19.614232083430387	-12.902463249026596	25.95335736514519
-11.0627799583913	19.614232083430387	-12.902463249026596	25.95335736514519
-0.3065463933398015	-0.32102576017590556	-1.5235786228694128	1.5930473423382046
-0.5767865202065057	-0.3357190111043228	-1.7658443279039813	1.8929014553323853
0.3170661729172563	0.7891270376457543	-1.587992483870126	1.8067795530390451
-2.197127442860273	3.9374769492785124	-3.0435091448162694	5.467557156843411
-3.3064226464276043	5.044654349048724	-3.4102019452063197	6.976350861687153
-0.08783393135536259	1.2938292768400115	-0.9887504039767323	1.636323916243308
-3.2483847713119998	5.424412698099735	-3.5946268144093336	7.333345025946071
-2.3638855515317276	3.490640037568948	-2.7208451271113896	5.104734347960294
-1.0197860449743015	1.779429209153607	-0.6626771753919278	2.392101290832499
0.2899914082105721	0.6350272575338484	-1.0354295678835594	1.6064597317396387
-0.6800997078120734	-0.3645203240974873	-0.09967608206332493	0.790459224426978
0.5086492031706678	-0.25211013296235263	-0.7170467983427635	0.9251591360096155
-0.022701616665915664	-0.6016982704087976	0.12503104146141963	0.6306097987195504
-0.30464428149835276	-0.21705351348181282	-0.4618683412409751	1.0239225439185438
0.5935991742408722	-1.7240380628337824	-0.37397065243915834	2.015249614852488
-0.14185478699460302	-0.48211646832330607	-0.16343081576267676	0.7258680412187021
0.1898604146395109	0.20856724437285412	0.5385265954997079	0.7856041488134335
-0.5582856061115917	-0.3366577519338235	7.308561395045434	7.338822148374833
-0.34350469674359174	-0.10844571146006465	4.610939737481596	4.627094228196118
0.25267210887532554	-0.49013654077247804	12.915537511860812	12.928057318421342
-0.22355795904480763	0.3100410890659778	14.926146418748566	14.941087315666891
-0.35985734147584414	-0.8763469772946795	38.357154634874924	38.38035415156346
0.4643799809787492	-0.5517648678470554	48.58650083393688	48.60091055849852
-0.6542569399209442	-0.4206943465143489	14.746793947235671	14.767910725598611
-0.3091337232824296	-0.663382420162481	67.37093647815267	67.37827268865794
-0.3314775098230508	-0.6314936847410104	20.036145976001084	20.049289932199855
-0.16487334309814716	-0.2902056932821466	6.633228889493255	6.642992372755341
0.4243411608664923	0.5096409534729854	3.3816992371278443	3.481853639191834
-0.13977907032209091	-0.17352219650541967	3.4828120802486118	3.525229615160668
0.23262021339629946	0.07356655502709959	7.856181221795481	7.897267181712554
0.14351297090696308	-0.2695563441294675	1.5026525659577632	1.7376482853111836
-0.1982890081857236	0.24631124971124743	0.027536322518017298	0.3467359174637244
-0.1210144615371993	-0.3554481761273624	0.12462139508334485	1.3654475361913314
0.23274748363154826	0.025855656086837733	-0.4267951523641667	1.3822861199120364
-0.15193888841470835	-0.17668692795943067	-0.14411644435103155	0.3054387766096869
0.06991983210055651	0.43360058590299216	-1.8657360894458646	1.979290112357745
-0.308421966319122	-0.19503572270593503	-1.9278158098336724	2.024167125309627
0.4129126469393366	0.17372025300254368	-13.806690786116445	13.814661263622728
-0.09888027464083847	0.6135918740476085	-23.551623434351683	23.592847773495073
-0.04279848890234168	0.28423274248711694	-94.94409060309121	94.94814998913297
0.6171942950267969	0.2574580394505426	-309.8019518480863	309.80501961176003
-0.30566404192016605	0.2397197905060069	-291.2171006451212	291.2182390555425
0.47797415044767333	-0.55184910423119	-285.27749694861325	285.2784630524862
-0.07435579604299325	0.8352610474885858	-249.59589088970117	249.59851940806072
0.0508170386615929	0.1392871359912531	-414.81709173841085	414.8181823080755
-0.6159754760457348	-0.018784922262119724	-261.1579201509828	261.1603327208028
-0.2500679447829739	-0.15636611501710262	-248.78470841912934	248.7860995612352
0.3073550442131444	-0.10786075347749943	-12.055114333676274	12.060321821918818
0.5140860777713363	0.3978670061755113	-14.914197534953738	14.928968161329218
-0.12599541490443983	-1.0772032635205784	55.05781277348351	55.068493615818916
-0.12599496728948112	-1.0772018285572096	55.0576532407904	55.06833408497446
-0.16538852246989255	-1.0728999475439283	55.05800694331995	55.06870795861739
-2.126106810322568	3.5748585283232077	-2.9031020646806494	5.072272199357822
-0.0710206325377046	0.36261842095530483	-0.14040708013562017	0.3952849574855901
-2.0054454194250306	2.462025889545708	-2.0064726731129157	3.758828964442924
-1.3009772270025735	2.5826284595030153	-1.4037292720934038	3.2175218972442288
0.011734223258398777	0.33431144199244556	-0.31656498850202397	0.4605596858039496
-0.09956815461376137	0.959517834847566	-0.6721854154747083	1.1757642304393585
-0.40081442997489847	1.3521935355363706	-0.059295327165383827	1.4184763958367803
-0.6189716149994031	0.42723567361723674	-0.6033818482265441	0.9736248949957184
0.37659099635149024	0.8194700915681995	-1.0092178665339377	1.3606441476518076
-0.08659958814091812	-0.18444283403435113	-0.026211701349621697	0.24581558408783108
-0.35106614172088624	-0.38554997910028377	-0.5639407263755243	0.7806440610239551
0.04642186022253343	0.16849646561847098	0.10207238513454914	0.24327848289458878
0.004958709408500628	-0.8154010602914841	0.08387921889919056	0.8315160769261244
0.5886404648323715	-0.9086370025422984	-0.45784987133834887	1.1837335379263634
-0.14185478699460302	-0.48211646832330607	-0.16343081576267676	0.7258680412187021
0.1898604146395109	0.20856724437285412	0.5385265954997079	0.7856041488134335
-0.20743434305320857	-0.08060693910411763	1.9412641981039207	1.9539788054504867
-0.3508512630583832	-0.25605081282970593	5.367297196941513	5.384843342924346
-0.2375887707415238	-0.099533520947446	6.073325829762278	6.078786225903352
0.014030811696716161	0.4095746100134239	8.852820588986289	8.86230108976354
-0.03708609047819862	-0.04809920211355575	0.7003690732966222	0.7029976886030902
-0.6171708494427457	-0.3725951444007932	14.046424873939051	14.06491303699552
-0.3461117132367431	-0.7199845559024786	48.94523984323098	48.95195761330781
0.03697798995431352	0.05660213573999762	18.42569663492169	18.42631507535014
-0.236451155678377	-0.5486916734036528	15.890002675049061	15.901231295549108
-0.09502635414467375	-0.08280201133735757	4.14614330095202	4.148058636650746
-0.006735598147802689	-0.041543726128849885	1.9768372824616096	1.9772852325330503
-0.1581377449503445	-0.24866196715329675	4.656391607031646	4.665707140222291
0.4243411608664923	0.5096409534729854	3.3816992371278443	3.481853639191834
-0.13977907032209091	-0.17352219650541967	3.4828120802486118	3.525229615160668
0.05273854527769831	0.3857714824738353	4.476631692602819	4.495699287871025
0.1798816681186012	-0.3122049274467357	3.3795495291926643	3.40156789384153
-0.07382363800983022	0.025912513752187505	0.15046486634679068	0.21963799489778932
0.08133113453263427	-0.14633467388039043	1.2243512690808933	1.2436013851809748
0.13600547438415903	-0.14913418400126457	0.12783643053007904	0.27440890523241934
0.08298945729047108	-0.18234215415120844	0.31362323989919405	1.009379037184118
-0.20400391882767038	-0.17310602197615396	-0.18900184481584922	0.35606849900721316
0.4238109493373875	-0.02161323943843996	-0.1957964491277881	1.0482221593194507
-0.1910634657058392	0.04746889552527769	-0.23099870323637867	0.3340639605925858
-0.011932235127808964	-0.07439313842585198	0.00668654626188106	0.07564011621425212
-0.14000665328689937	-0.10229378953357868	-0.1508029906129126	0.22979866039543473
-0.308421966319122	-0.19503572270593503	-1.9278158098336724	2.024167125309627
-0.3158069536314557	0.4427628852336203	-18.14924904026633	18.181621608729255
0.2169266789906172	0.17082898881398817	-5.402374394085349	5.411226164765814
0.23344246147179887	-0.10344013175132741	-58.208794609061776	58.2095219433085
-0.2762409503741406	0.3876728742384444	-36.73529599402946	36.73862804582448
0.5749084714878031	0.22152066493002426	-298.6938996807127	298.6960087584368
0.04228582353899382	0.03593737452051836	-11.108052167373579	11.1090108533232
-0.21423974794521	-0.0949572359400894	-219.7156295966298	219.71579889569753
-0.09142429397495602	0.33467702644609626	-71.50147104849138	71.50244015984498
0.4803677101919527	-0.5225916807233117	-267.4612657628435	267.46220768299975
-0.002393559744279284	-0.029257423507878348	-17.816231185769794	17.816255369486434
-0.11431833326508799	0.0080968997536916	-46.37756470828409	46.37791632120921
-0.03644466727480895	0.6186857181037394	-172.77612766097866	172.77729558463182
0.07640720449690372	0.2084784296311547	-30.442198520438424	30.443307502219653
-0.2815184588902738	-0.26247073793552367	-136.76735661634063	136.76796941951417
-0.030756492621632544	-0.03199108486047307	-19.273311904800316	19.27386834436633
0.062207006728932535	0.13809570777889416	-92.74403989798843	92.74426179735471
0.22294668357227215	0.17344072114191147	-8.02581857474334	8.030787676321752
0.2911393941990641	0.2244262850335998	-6.888378960210396	6.898180485007465
-0.5406294355968129	0.37405555338138496	-0.4622093977461313	0.8036387689839408
-0.07834217940259036	0.05318012023585187	-0.14117245048041288	0.16998612601177765
-0.09783048091270191	-0.05615759662816308	0.006367676815636828	0.11298241439573857
0.011230892771783796	-0.12828523740618805	-0.03257937816525852	0.1328331696920925
0.07168209822172106	0.027943295117513443	0.02437515202074235	0.0807050121338645
-0.025260237999187626	0.14055317050095753	0.07769723311380679	0.16257347076072431
-0.2813854089054531	-0.25303759539859055	-0.11690000779386223	0.41994186472914885
0.13953062191085008	-0.22907887292471563	-0.046530807968814564	0.30592617648955317
0.27649746018745197	0.1718919910690067	0.19814619012266627	0.40588101660943315
-0.08663704554794108	0.0366752533038474	0.3403804053770417	0.37972313220400034
0.011941982702136738	0.0996874428702385	13.139290337658265	13.13967392192427
0.025036007252176785	-0.04308530713024087	5.286406297263425	5.2866411534258715
-0.004619580445074212	-0.26721696895937463	1.4506211145449552	1.4816233164630515
-0.1351594898770167	0.09369477245395498	2.0321909657036565	2.0436062986976165
0.04959297204263105	-0.0010956876286305553	0.08387880763519277	0.09744905221551615
0.08641250234152795	-0.148038496372634	0.043957622894886264	0.17695985301690315
-0.2680950519380122	0.07358096873698508	-0.9278312322024257	0.9785906683512725
-0.040326914381109774	-0.2686166914429201	-0.9999845776312466	1.0455764569583543
-0.28365960584526184	0.36167931926645647	-32.555921338058035	32.559165973221674
0.007418655471121284	0.02599355497198791	-4.179374655971419	4.1794620726028
-0.006760107693243509	0.07762503653576808	-4.826860540847782	4.827489412328787
0.049045931232237334	-0.041687662015249705	-6.281191626525798	6.281521440994413
-0.07641699044552198	0.06106614961600741	-17.334166219270966	17.33444222201489
-0.015007303529434038	0.2736108768300889	-54.16730482922042	54.16799793783009
0.032169363341362	0.003772596417144558	-9.64763575811071	9.647690128813107
0.04423784115554172	0.20470583321401017	-20.79456276232772	20.79561737340655
-0.04108383988533069	0.03166023076991508	-17.99168218551292	17.99175694913133
0.10329084661426322	0.10643547700897905	-74.7523577124755	74.75250484822338
