0.0	0.0	6499.999932280723	6500.0
0.8976227824961427	0.5418159325130318	1098.51871131024	1098.5192116616984
0.03819640856818296	-0.45471825808635913	2443.209357559681	2443.2094003688544
-0.9358191910391451	-0.08709767448663042	2947.6880174301577	2947.6882241967423
0.0	0.0	-6499.999932280723	6500.0
1.2403484774421227	-0.75542364329076	-4.001445822279826	4.25684130488526
0.14287567179455551	-0.1832660654162918	10.452089059356776	10.454671951479158
-1.0301373589719047	0.40888376289544953	-141.19039182081042	141.1951274351345
-0.0788331251010355	0.7239346220094354	-4612.55837432315	4612.558496299488
-0.27425366521118727	-0.19412867613695645	-1742.1179633560403	1742.1180270144766
-2.7755575615628914e-17	1.5146129380243427e-28	1098.5069037540459	1098.5069037540457
0.0	0.0	2411.4204331405044	2411.420433140505
-0.9358191910391451	-0.08709767448663042	2947.6880174301577	2947.6882241967423
4.163336342344337e-17	-2.7755575615628914e-17	-4.128868451802418	4.128868451802305
0.0	0.0	-0.0012901524482269444	0.0012901524482928175
-1.0301373589719047	0.40888376289544953	-141.19039182081042	141.1951274351345
-0.0788331251010355	0.7239346220094354	-4612.55837432315	4612.558496299488
-0.27425366521118727	-0.19412867613695645	-1742.1179633560403	1742.1180270144766
-1.3877787807814457e-17	0.0	1082.1268617311766	1082.1268617311766
1.747854804062881	0.03740514211765455	1201.0880679526538	1201.0893856303117
-1.747854804062881	-0.03740514211765455	1210.3310750354028	1210.3323376626417
-1.6602590231050272	-0.33759226053371094	1136.120410834439	1136.1216741912067
-1.6602590231050272	-0.33759226053371094	1136.120410834439	1136.1216741912067
0.19274161301093662	-0.24410189770736807	0.2853241090636587	0.42207216570554174
1.6545155662892221	0.28018926817540235	4.73356457354625	5.022206821410897
0.248208377596983	1.1505923321892575	2.9785311545404465	3.202673563160955
1.7020412863547327	0.25628568420728226	4.960190522145164	5.250344456163204
1.7020412863547327	0.25628568420728226	4.960190522145164	5.250344456163204
1.7179265830014998	2.3809897163909657	6.746945843346673	7.358101792391546
1.8155410391159974	2.328564300696177	6.795353650489832	7.409131676682162
1.8155410391159974	2.328564300696177	6.795353650489832	7.409131676682162
2.438355788291949	2.5811131981537696	13.172517382788087	13.642688096260015
2.5200617413018698	2.544757868581189	13.308369672761009	13.781843386736728
2.5200617413018698	2.544757868581189	13.308369672761009	13.781843386736728
-1.4210854715202004e-14	-1.7763568394002505e-14	-4.128868451802305	4.128868451802418
2.1316282072803006e-14	3.608224830031759e-16	-2.5288420277948944	2.528842027795008
12.42988991029052	12.147034072325328	52.996564867164665	55.7745227470013
12.42003671069872	12.159512875845103	53.93540367403408	56.66787215657581
10.710054379823273	10.484629377772904	46.50863205501027	48.86506393770869
6.8019803861267665	6.673118795417385	29.56769998341578	31.066947612217895
7.052340475009656	6.551064239655734	29.99784291011911	31.50605383267969
7.052340475009656	6.551064239655734	29.99784291011911	31.50605383267969
4.633386811998015	4.114573020931029	18.405880918151905	19.43356558437165
3.944704844283004	3.9781055427366994	18.041884366270644	18.892163219280725
2.103533814463737	1.9831996272544972	9.33580753458175	9.818249812353939
0.3508469692758817	0.41461952669313795	5.146519131510859	5.259700932911737
0.542490448854432	0.37942090304170484	9.6753536585569	9.743383206659468
0.42922297190153835	0.10924691929908564	3.582349451240277	3.729904372056454
1.027670568658882	0.3466185741932287	6.047731259100593	6.194649164191973
-0.3481131654916668	0.19226424571388043	3.2808284665130856	3.3077883136245547
0.21139576230566987	-0.39684711777905246	59.6496520666765	59.65486286955757
-0.05865452044959632	0.4301793448128891	15.13266603920632	15.147068752327035
-0.16882858708982973	0.09350975657900076	165.3880533502305	165.38891454343968
-0.29093948710413325	0.19683212803032815	170.32621936108356	170.32663875711467
-0.2090918017748964	0.1065312492582034	223.00600442911013	223.00787615000553
0.07147924573453543	0.16193128800470585	126.65410788706961	126.65430847578372
-0.9808705587222877	-0.7061446734156245	1722.360787405542	1722.3613883331357
-0.7643269892047009	-0.14805817723366133	1582.8363396952695	1582.836809253399
1.5987211554602254e-14	1.509903313490213e-14	1063.8531514755693	1063.8531514755691
-2.3092638912203256e-14	-4.163336342344337e-16	1063.8531514755418	1063.853151475542
0.0	0.0	1063.853151475563	1063.853151475563
0.0	0.0	-1.6683489068351969	1.6683489068351969
6.917572796879437	24.595263007360995	950.7995980313959	951.1428154554212
-6.917572796879437	-24.595263007360995	111.38520453732664	114.37868492697177
5.159451244357115	24.563370629061446	733.6617231953551	734.0909365983207
4.104605728455908	23.53252928491702	613.3009350804823	613.7659689925345
3.8811751192201402	22.251556713035615	579.9164371072663	580.3561573065675
3.77607000623085	22.38466941837537	589.6899741064216	590.1267640865818
0.4727842837477819	10.66864107656992	240.72972749837498	240.966707303813
3.3860950836736765	11.587811145950083	350.3644384157227	350.5725197636498
-0.2494637223095964	9.547713432493328	208.81146241578398	209.03003803318825
0.7222480060575771	1.1209276440810674	48.298307105779294	48.31671129381313
-0.18503816334979165	7.301934149786343	159.87746044644578	160.04456798109254
-0.02973475459767272	7.365202903216502	159.18420201209165	159.35484356676096
-0.02973475459767272	7.365202903216502	159.18420201209165	159.35484356676096
0.07311024050474753	2.939923308653974	81.92236197324452	81.9751296762825
0.6587803698822994	1.3155587020918187	35.02663541931193	35.05752237497381
-0.24048025067136272	1.876319985151532	55.93408546540387	55.96606404142376
0.6920474691631497	1.3300007006331827	35.00548219503661	35.037574334851584
0.6920474691631497	1.3300007006331827	35.00548219503661	35.037574334851584
-0.19011210053895233	1.9008903712825718	55.72703627814816	55.75977133346547
-0.19011210053895233	1.9008903712825718	55.72703627814816	55.75977133346547
0.5847122065930586	0.42678361813484766	15.309947101891517	15.327051669644867
0.23952232788699251	0.17482823954610094	6.271588190438431	6.27859492954801
0.2457201649247741	0.17729011326888244	6.2916029508892946	6.298894972560767
0.2457201649247741	0.17729011326888244	6.2916029508892946	6.298894972560767
-0.06347153203684747	0.14526803048656173	-32.28881817310029	32.292981132035365
-0.5005863853378586	0.046079065368748284	-87.12540776741864	87.13258263759757
-0.2660038834102202	0.36582971636702205	-8.209790675041463	8.257631427919424
-0.062251763040781796	-0.16306818123395053	-5.8444896656556775	5.848761044066397
-0.3129660477603473	0.057990716549217294	-3.803393166529205	3.997713252142738
0.26363316290009187	0.055504113567346504	-3.131083637470901	3.36018881804901
0.1676819258920537	0.060210059705666286	0.5294928121799468	0.9533997638980302
-0.07244436204034746	0.12673982278854676	0.27967300592544936	0.6321928353084046
0.12045982130246188	-0.3682355084226962	2.697706821741277	2.8117343143369817
-0.12448287279163466	0.4519190804139142	3.6352443424803105	3.7816212524882595
-0.5193877061556472	0.26981631553839613	3.571217982150551	3.62155244258202
0.5219828922155291	-0.08225920463054165	13.23380910400349	13.245090256491943
0.27405216734938465	2.5959062263205035	59.642692004437365	59.70230048235122
0.08711207375356572	0.45334582004072055	8.624916680173094	8.638389807757585
-0.07584598712134416	2.755165476407428	60.483572087463145	60.548383938694876
0.250301916261336	4.412056302029705	102.72258986001683	102.82168823705342
17.092140228977662	0.31005194228435556	177.6906371291377	178.57558599420264
14.917267926142472	-1.8153287454097722	129.29711115743282	130.2559144702908
14.893755908176473	-1.7855514279183777	131.4925965183929	132.43245485191014
15.144703284483345	-1.8053866942973897	133.9031849178211	134.8544563217209
15.144703284483345	-1.8053866942973897	133.9031849178211	134.8544563217209
15.051742382154782	-1.8598573799889684	133.20482484241774	134.17114866673734
0.0006791236149052415	0.02436359117279706	-0.22605586470954575	0.8258586569570614
-0.03621270064126255	0.17000709372011216	-0.5854387824082767	0.6264440313791635
0.2296391761840747	-0.184943037884921	-0.033087377383740804	0.3259638836477713
-0.16217401589574199	-0.1857710079545109	0.06102204541705498	0.2898529864518719
-0.07941019252113295	0.3871720940188904	-8.436852447035934	8.44718337805682
0.06737453506577933	-0.8064018922668647	-6.104312397042532	6.1592964667577155
0.12772664775939957	0.5145195996762135	-26.793087070538537	26.8147517213447
0.003963527365362806	0.25196724450059277	-38.755369613214924	38.75644019829032
-0.267307703341311	0.2777117273987333	-176.92547962006958	176.93138759181315
0.21920647317798972	-0.2683376246683601	-33.014538106667885	33.01665129506961
-0.2585003227133853	0.11640988023641916	-741.2067927281023	741.2078303023137
0.1691432291728513	0.48170763975191244	-3579.840022285991	3579.84014344239
1.8413311034528306	-0.3003920629416825	1317.5410357834771	1317.5423981295899
1.8413311034528306	-0.3003920629416825	1317.5410357834771	1317.5423981295899
1.207579561706188	-0.24092834995944593	865.9657245462475	865.9669417060849
0.1089313891447852	0.02543216262957032	40.353848181932975	40.354244581181696
0.8247924449772113	-0.24665261707507696	296.7686327144722	296.7699141811599
-0.4495404299271364	-0.010196779306073085	26.621691393243367	26.631124325346
-0.26655529972267655	-0.0520540812904502	21.522513019741833	21.552837187204606
0.3567016251222264	0.381940869519585	9.28291064300656	9.298589381385689
-0.001303755450091381	-0.4455775312788475	7.741772235624611	7.7558402619798015
-0.29274068384625546	0.3167798201133032	24.10024747289257	24.104484944040486
0.42514464277267583	-0.5380715663289956	16.09014160633223	16.120996511211043
-0.0820406183603684	0.8043039647296776	6.9825416653497285	7.05050801443313
0.18983295290631563	-0.5551116883024975	1.2367237489929992	1.3759182216696166
0.08898011973647318	0.031713992288568485	-0.2415888384914056	0.6061584185663207
0.004022418736341207	0.2835962102853963	0.18140539128746958	0.8568547444299057
-0.05110339674848581	0.16733178856907427	-8.06813527304416	8.085118317697292
0.06814794698640757	-0.0840269281951515	-28.057418813754243	28.061970264045087
-0.20018771712940742	-0.13859911927496665	-32.31222537166463	32.31691373336261
-0.012549821287623105	0.1758428920244293	-51.10562883124154	51.10835540466368
-0.13596355702242874	-0.502287067947247	-257.90601845789047	257.9077461580351
-0.3656549370989506	0.12923301344589275	-159.9689497402201	159.96948073141562
0.26375555147274576	0.09920515933446672	-257.6273588495803	257.6275507709722
-0.2737988516238008	-0.1116192657432283	-851.9877713442861	851.988650909882
0.16062785289749806	0.015224382683377518	-94.14998467151422	94.1502263752999
0.9507170142541024	1.1967479252909754	4.648349384628474	4.89517111287812
3.6826697977439125	2.9178250956400538	13.757531533523428	14.53839447149353
1.6700093519906958	1.5903035329921849	7.401641472928982	7.752566868887114
2.2746954922923077	2.387802009744514	10.640242893341659	11.13959635039361
-0.02276011830374189	0.08862960426907127	1.283527910880945	1.2943326128350838
0.5621518625659292	0.266854819613234	2.4920016810470083	2.572309929728194
0.4882788243966948	-0.008865849689076527	2.27220166717264	2.328006621628695
0.36032907856188534	-0.3073816804716927	51.08236757526261	51.084753864744094
-0.1489333162562155	-0.08946543730735981	8.567284491413904	8.57010900481347
-0.05865452044959632	0.4301793448128891	15.13266603920632	15.147068752327035
-0.16882858708982973	0.09350975657900076	165.3880533502305	165.38891454343968
0.17610296308177326	-0.2748369869111493	85.25859936306934	85.25933844899484
-0.3851947648566697	0.38136823616935267	137.74740506604087	137.74853770101075
-0.17513277530135313	-0.16474372608426824	216.32288490280317	216.32306355181044
-0.027119707149383276	-0.07592154943669793	434.13852702810345	434.1385569486734
-0.7786180762715513	-0.4654793978946584	1071.8993754746352	1071.8997678326518
-22.251591473334656	-24.873422571345795	149.9719491232279	153.7154709108015
3.2729137491497475	11.200048143769337	338.6458459662475	338.8469727369976
0.026552457298235466	0.2021653367307456	-50.10666406975512	50.109510873666025
-0.527138842636094	-0.15608627136199732	-37.01874369766351	37.02307176393155
-0.032714945523687866	0.4069209908385503	-2.2139375133552104	2.255582864447037
-0.23328893788653238	-0.041091274471528216	-5.995853161686253	6.002048563472387
-0.3388978636591308	-0.01139006528006687	-2.6056635836419604	2.7901280973456513
0.02593181589878353	0.06938078182928417	-1.1977295828872447	1.2075851547970864
0.25913339589860307	0.22353312672179398	-2.6853460016797235	2.8650568785364863
0.00449976700148879	-0.16802901315444746	-0.44573763579117737	0.4951319395125234
-0.10992160102605186	0.09926841961210806	0.26838099968271034	0.3368161566717168
0.2914615728069312	0.12142037375225223	0.19390487091163788	0.395943985240949
-0.013858045888825644	-0.160478733658694	0.06720694158559845	0.2206396219853644
-0.24718832937572352	0.15771421071641592	-0.008974033050911462	0.2933536700139639
0.17474396733537606	-0.030974387927869163	0.28864703897636085	0.3388391652944408
0.20296745786092885	-0.3700630933968674	0.8681487381043179	0.9753483984797958
-0.08250763655846696	0.0018275849741711536	1.8295580836369592	1.8363859158571858
-0.4810103657605884	0.3211870199493118	1.6043603956509425	1.711135335906048
0.35652749296895375	0.13073206046460237	2.030883946829368	2.070485916582211
0.1531308958293981	0.7416387741742805	16.085352157933066	16.103734063494038
-0.030208219217747752	0.5443314928282391	11.16367673274193	11.177795270273847
0.15112949073773424	1.309935959317984	32.393663113762365	32.42077114858333
-0.07584598712134416	2.755165476407428	60.483572087463145	60.548383938694876
0.3216155203521698	1.8067331334799723	41.87542870422457	41.91857423664647
-0.07131360409083373	2.6053231685497336	60.84716115579227	60.903114000406966
14.928490889904527	-1.8739742676640796	131.84726348754728	132.80793076445715
0.12325149225025626	0.014116887675111135	1.3575613548704628	1.363217902280212
0.02441516639442537	-0.1294797047277714	-0.4693285695980531	0.5070603370679004
-0.023736042779520128	0.15384329590056844	0.24327270488850736	0.31879831988916096
0.016654355801128576	-0.03720744276145264	0.039523034460211166	0.056778795486875124
0.2129848203829461	-0.14773559512346837	-0.07261041184395198	0.26918508816089615
0.03805619535331802	0.10471602563457223	-2.40188869617442	2.404471465590708
-0.11746638787445096	0.2824560683843182	-6.034963750861514	6.042711912466113
-0.3061852613342205	0.3403294484862802	-94.75381619120245	94.7595802445792
0.0388775579929095	-0.0626177210875469	-82.17166342886715	82.17180734723397
-0.21185737655657452	0.27890320545489244	-650.3962433581955	650.3970163190974
-0.04664294615681076	-0.16249332521847332	-90.81054936990674	90.81081398321643
0.020010010691469425	0.35710324673193206	-1658.3488215114742	1658.3488659541488
-0.1251695455395856	0.14427014126130464	-850.9491911279619	850.9492240095215
0.27430276402096754	-0.01966574824132422	-1070.5420096465555	1070.5420534787202
0.07829473136614504	-0.04771805393901246	33.42590241925128	33.426319561145846
1.1292848303400431	-0.19321029602043355	832.5398221269965	832.5406221449391
-0.12773417280501814	0.07278408918425812	11.638515165347888	11.640226303512032
-0.1010671438220715	0.05907262625519889	4.446633391155286	4.450221596557884
-0.22073911330004672	-0.14205349474553008	10.536542836740196	10.540676425276088
0.41811519174275574	0.009587201077251993	7.987214821453248	7.999374514106276
-0.6846704914654324	-0.06164128236770221	13.535298198288588	13.55346267309833
0.1120410366220538	0.17614908384067937	4.633185837976826	4.637886663433496
0.24466058850017258	0.2057917856789056	4.6497248050297335	4.660702717952193
-0.12730129863079068	0.05481187301293647	8.910326026981634	8.91140392245591
-0.16543938521546483	0.26196794710036675	15.18992144591094	15.193081021584577
0.5085368039437484	-0.27727888051938404	13.421494762402068	13.43471230434927
-0.08339216117107266	-0.2607926858096114	2.668646843930162	2.6862842068617736
-0.15449256446187742	0.8670838578920959	6.304920652622632	6.366139081496605
0.07245194610150901	-0.06277989316241829	0.6776210127270981	0.6843689329365259
0.008135181731592826	-0.11335316367737969	-0.37581611592058917	0.39262306845512096
0.08084493800488035	0.14506715596594816	0.13422727742918356	0.2135353501111998
0.24535984184284088	0.12451923531130876	0.022157984257995	0.3093173986668622
-0.07797453927215092	0.08581450906107549	-0.0980534010539432	0.20624842568694443
-0.16336288383434877	0.07326246591301203	0.25730080808341776	0.3412889200760991
-0.012549821287623105	0.1758428920244293	-51.10562883124154	51.10835540466368
-0.08127173402338957	0.07902094369687439	-56.02023069582553	56.02051924431535
0.16858723495503986	-0.20141108497098237	-69.33494740856196	69.33558538019196
-0.22327905795407899	-0.37989692667313896	-132.55084035350293	132.55164153352774
0.2140848332631723	0.41188527195928454	-285.4855042157589	285.48591572773614
-0.48788368488697315	-0.5235045377025128	-566.5022671285274	566.502735182146
0.46942013657056353	0.022421079975139382	2.091386849267554	2.1435384117702303
0.018858687826131232	-0.03128692966421591	0.18081481790508613	0.18446820985846454
-0.15777531591676325	-0.03894276244699324	7.2602081716260445	7.262026733936282
0.008841999660547738	-0.05052267486036657	1.3070763197878592	1.308082270877187
-0.2292221108089538	0.2814738210851949	102.91519984377585	102.91584003044605
-0.15597265404771593	0.09989441508415771	34.832205222265024	34.83269767056469
-0.02567127231447846	-0.04645296496397422	46.46986411535883	46.46989442415479
-0.7529468039570728	-0.4190264329306842	1025.4295113592764	1025.429873408497
-31.45176356492391	-33.864234611866834	264.1296719187452	268.18561371761905
2.9365270029363724	10.044401646368076	303.72621078185875	303.9066192289642
-0.2924629878062377	-0.07272018930300062	-24.480810610392314	24.482665520058596
-0.23467585482985626	-0.08336608205899668	-12.53793308727119	12.540406243872951
-5.534269381073358e-05	0.012916185179977226	-0.06023216026651078	0.06160149375451763
-0.2332335951927217	-0.05400745965150544	-5.935621001419743	5.9404470697178695
-0.03455718867906238	-0.024258324355284338	-0.36174640486901005	0.3642020414901323
0.060489004577845916	0.09363910618456851	-0.8359831780182349	0.8433831133069541
0.05898139525864513	-0.13512680638883978	-0.3540171571242992	0.3834921202969809
-0.05448162825715634	-0.032902206765607706	-0.09172047866687819	0.1116398192155425
0.01952083948506045	-0.00038013343429780383	-0.02591321312810147	0.032445373942239376
-0.03337888537388609	-0.1600986002243962	0.09312015471369992	0.18819424804312504
-0.11950120795785056	0.00031398515576798436	1.2725701712492608	1.2781687987286467
0.0369935713993836	0.0015135998184031693	0.5569879123876984	0.558217117128539
0.23176606645787695	0.10683434629950345	1.0106217157982011	1.042346074753246
0.12476142651107683	0.02389771416509892	1.0202622310311669	1.0281398418289651
0.16035665080291023	0.4798244622894758	11.048614981425954	11.06019162482541
-0.007225754973512161	0.2618143118848045	5.03673717650711	5.043542438668625
-0.0589663418204166	0.48743840456910054	10.34245206527855	10.354100055065192
0.02875812260266885	0.056893088259138545	0.8212246674633797	0.8236952152086539
0.13562944888492906	0.5954938048505786	14.675582123338845	14.68828508975377
0.015500041852805166	0.7144421544674056	17.71808099042352	17.732486058829558
0.3216155203521698	1.8067331334799723	41.87542870422457	41.91857423664647
4.506825554315602	-0.6671699446797703	53.11982246242013	53.31483968606803
5.660488895041561	-0.36689230336769063	47.6133533955094	47.95016506847931
4.761176440547365	-0.8399120196166188	31.11408762961775	31.542926009909824
-0.06960941913172478	0.03665892948427946	0.07518023156674614	0.10881826850864273
0.04587337635220464	0.11718436641628899	0.16809247332176122	0.20998005138051826
-0.04222524025090092	-0.045926486604119444	-49.36533534551805	49.36537476803492
0.08110279824381042	-0.01669123448342746	-32.806328083349115	32.80643257919905
0.026962022353861387	0.04020891086485198	-238.53728971675488	238.53729462941905
0.24734074166710618	-0.0598746591061762	-832.0047199298007	832.0047588493012
-0.10631581201343379	0.06402044070691154	4.601942410200349	4.603615493882279
-0.021418360791584358	0.008763648477346571	7.036572755147539	7.036610809629753
-0.0953653239206502	0.0007456579195540478	3.7222100078686764	3.7234315414265313
-0.005701819901421322	0.058326968335644845	0.7244233832866103	0.7267900551313526
-0.11154365874473693	-0.06677098210316307	2.8211874746504995	2.824181141319028
-0.10919545455530982	-0.07528251264236702	7.7153553620896975	7.716495283957061
0.005207524963427683	-0.0168325582261143	0.0753987962576757	0.07743017376828458
-0.16857040879777646	0.09009502413912632	0.18190201182574206	0.26385874630781453
0.007936420646437448	0.006021804666383607	-4.464234997325012	4.464246113314721
-0.23121547860051644	-0.38591873133952254	-128.08660535617793	128.087395420213
-0.11769944333456692	-0.05708788672388109	-87.08529952283922	87.08539777234982
-0.3701842415524062	-0.4664166509786317	-479.4169676056881	479.4173374097961
-33.655501206690744	-28.82724276279662	257.1656203147877	260.9998064341587
2.4271682510026142	-3.7560192771888135	40.34854957717306	40.59561896942674
3.2115784698099077	10.177487994154745	303.25069012352753	303.4386024528389
0.27831147974613285	0.19586170713234152	2.381387361066927	2.407901344974195
0.11029210269646647	-0.2806631403039902	2.0170001649908302	2.0394180081129782
4.372572858104765	-0.75511058644497	26.71570010355999	27.095606656822646
-33.70244003467634	-28.767796041310515	261.56173008948383	265.331903850198
2.4198357965243513	-3.7467329273184555	41.03296478205235	41.274663072107224
3.2115784698099077	10.177487994154745	303.25069012352753	303.4386024528389
3.502063659190593	-0.5166214577272203	19.82252741707817	20.142282803012193
0.8705091989141717	-0.23848912871774955	6.893172686481817	6.953323853810448
-30.887351922517443	-26.42504484561508	240.33314410694916	243.79370717926625
2.3370264353335273	-3.6185157314637326	39.62877297435432	39.86220009120444
-30.171805292328216	-26.623056962081982	238.18675603694675	241.60938671336163
-30.171805292328216	-26.623056962081982	238.18675603694675	241.60938671336163
-2.420315879880999	-3.3230392441699808	20.369196758980628	20.77991086079931
-2.3418899175725927	-3.3504722240997333	20.318064841897137	20.72519894789955
-2.3418899175725927	-3.3504722240997333	20.318064841897137	20.72519894789955
1.9422542030553434	-2.638227682989477	40.48816219791104	40.62048590133965
0.8026628924992245	-2.3318140576994617	28.690283322306072	28.79607580266574
1.2527726450807342	0.08134937689188337	23.516471325130464	23.549957125376395
0.8422930784943219	-2.3271572660907855	29.026360217567213	29.131678737263677
0.8422930784943219	-2.3271572660907855	29.026360217567213	29.131678737263677
0.6365116412493943	-0.2722566432030957	21.44750736787573	21.458677569792087
0.6558155463638	-0.26264323941492274	21.568225979143634	21.57979257058455
0.6558155463638	-0.26264323941492274	21.568225979143634	21.57979257058455
0.9526477500424864	1.5092525174906832	36.98859914146513	37.03163306343927
0.9893707699213374	1.5235644994746942	36.99390317965549	37.03847966331933
0.9893707699213374	1.5235644994746942	36.99390317965549	37.03847966331933
1.8936593778545028	6.371546520483605	179.60265040259227	179.72644413708383
1.2324489106159888	1.538962516135295	61.511347670844245	61.54309634728922
0.16538660766137991	0.025189582511229158	4.08533086099653	4.090982166823936
-0.3114070275320595	0.20741980148073552	15.66943885872902	15.674526826771826
0.1765687277485293	0.2064934338355141	4.519451019285651	4.529621746896536
0.9303531833055267	2.4464683988465077	76.02627653383499	76.07329115986694
-0.020594525880727715	-0.1602576177053372	1.5168244285920407	1.5317776505101568
0.7543420945295023	0.22421168928062324	16.58874739953122	16.62642463938736
0.5829539718062646	-0.9675820850980578	14.706545464811276	14.764967231691763
-0.4228078372762655	-0.5348957463090576	7.662826051890918	7.732922408627671
0.2477533297116398	-0.719097915499686	9.244016185188782	9.276303064335025
-1.811291551109383	-2.0766231148128873	18.172574801838422	18.404304044364412
-30.232002606746406	-27.42411266120638	240.0379707006023	243.54847766161888
3.502063659190593	-0.5166214577272203	19.82252741707817	20.142282803012193
0.34640673712172615	-0.027048365882211725	2.604167442754832	2.6272451944050474
0.5241024617924454	-0.2114407628355378	4.289005243726984	4.3260786594054
0.8735263844247989	2.543200528415397	72.48048670711651	72.53048566194366
0.37044085108231517	1.4883669340615464	39.0695924178017	39.0999359850193
0.6496921423473884	2.3399790580066617	68.05257127767405	68.09602249012087
0.018956340381623568	-0.006716737983690822	2.0659454762145213	2.066043360653655
0.14643026727975633	0.03190632049491998	2.019385384782009	2.0249388061702813
-0.0037194594675970874	0.08672706025643573	1.2360920022337658	1.2391363344465913
0.1802881872161264	0.1197663735790784	3.283359017051886	3.290485412449945
0.6891292297215912	1.1922824720924399	44.04393751432147	44.065461172600585
0.24122395358393556	1.254185926754068	31.982339019513518	32.007829987266355
0.23167115010149358	-0.09371601074736893	1.657100966611008	1.6816413443130154
0.5226709444280087	0.3179277000279922	14.93164643292021	14.944783295074343
0.24022868119273966	-0.10138863289070617	1.8037127977656557	1.827798981253315
0.3427252906135249	-0.8661934522073518	12.902832667045622	12.937168250438447
0.07021140121409752	-0.22733925548953665	0.798765227911731	0.8443093435867349
-0.493019238490363	-0.30755649081952097	6.864060823979188	6.888613065040936
-7.66109248465408	-7.321835020700249	74.38453833749685	75.14469176864937
-22.57091012209233	-20.102277640506134	165.65343236310548	168.40378589296952
0.31956144117341634	1.3710800197802457	38.52641638549274	38.55213015442454
0.33013070117397203	0.9688990382264155	29.526154892181303	29.54389233569633
0.10380333245217016	0.014283699101550244	3.245242133923245	3.246933270592252
0.41886761197583855	0.30364400092644195	11.686404298996967	11.697850024482092
0.09171402757830002	-0.23208551467126887	0.7573403471681919	0.7973954793097954
-0.0215026263642025	0.004746259181732233	0.041424880743539054	0.04691386427693952
-3.840608766864577	-3.6761638154675107	39.3316065704938	39.69595047312338
-3.8204837177895032	-3.6456712052327376	35.05293176700305	35.448741295525984
-2.8133715620289372	-2.715724864737607	19.93747183365305	20.31758273614988
-3.7384914496571118	-3.2049678900273872	24.766821077294036	25.25160517214623
-16.01904711040628	-14.181584885741142	120.94913945215839	122.83459798467342
-0.44824618278351747	-0.6614407985106594	7.081837514604782	7.128136568450274
-3.3923625840810603	-3.014723016956852	32.24976905588902	32.567813904673116
-1.770419044111767	-1.6262112265542459	15.62436837732028	15.808220448087466
-2.0500646736777353	-2.0194599786784906	19.428563389682765	19.640520847438516
-12.57067920261796	-10.999780029603173	95.469084577111	96.92578598169202
-3.4483679077883194	-3.18180485613797	25.480054875047394	25.908812002981424
-1.888313554308429	-1.6029015971350065	17.330881169030224	17.506983283950706
-1.504049029772631	-1.4118214198218453	14.918887886858792	15.060830620722411
-9.78563002398051	-8.628922092945624	74.28344148781757	75.42631717451988
-2.785049178637451	-2.3708579366575497	21.185643089293436	21.499468807172143
-2.1074279357619465	-1.890879715507843	15.664495403076604	15.91832575480088
-1.3409399720263722	-1.290925140630127	9.81555947197079	9.990486248180542
-0.040052592849051064	-0.03160155672871248	0.4026905676659822	0.40590954887605324
-2.744996585788399	-2.339256379928837	20.78295252162745	21.093559258296086
