0.0	0.0	6499.999932280723	6500.0
1.764917315670849	-1.344104172834331	67.3601966239334	67.39671830566857
-0.3134394245698786	1.0857193605170323	1519.9979495231964	1519.998369599576
0.06571373180890105	0.05222923075493875	-3.810537775106737	3.8114622289364783
-0.5113960756689535	0.11348218742578647	4533.7367664526555	4533.7368623287675
-1.0057955473392362	0.09267339405771052	369.2829362066915	369.2844649947739
0.0	0.0	-6499.999932280723	6500.0
-0.42573743126653696	0.9062673199123061	-1835.2378669279979	1835.2381400731726
1.3661882069430742	0.8611520632662297	9.533686831826461	9.66950038524203
-0.11909365828614682	-0.018014955829130486	-3151.9193594306707	3151.9193601664156
-0.821357117242749	-1.7494044272656184	-1508.9437757433611	1508.9451245891096
1.1102230246251565e-16	5.551115123125783e-17	67.3784588310757	67.37845883107639
5.551115123125783e-17	2.7755575615628914e-17	1520.583866565499	1520.5838665654985
-6.938893903907228e-18	3.469446951953614e-18	0.00046321836725837784	0.0004632183665762568
-0.5113960756689535	0.11348218742578647	4533.7367664526555	4533.7368623287675
-1.0057955473392362	0.09267339405771052	369.2829362066915	369.2844649947739
-1.6653345369377348e-16	2.7755575615628914e-17	-1835.25258159567	1835.2525815956703
-2.7755575615628914e-17	1.3877787807814457e-17	-0.06771531546030474	0.06771531546030474
1.3877787807814457e-17	6.938893903907228e-18	-3154.645732265237	3154.6457322652377
-0.821357117242749	-1.7494044272656184	-1508.9437757433611	1508.9451245891096
-2.6423307986078726e-13	-1.2534417948018017e-13	43.17083000385918	43.17083000385963
-0.6537578350047414	0.4322995006000977	24.201051967540934	24.213739870178586
0.0	0.0	1353.5532598388274	1353.5532598388272
-0.29953602182197814	0.16026439797613531	3.9660588251085898	3.9805815039827337
0.0	0.0	0.00041235377434789555	0.0004123537745166267
0.10739771791017874	0.048418963521986554	-253.00821910160022	253.00824652890117
-0.8880900259599576	0.28019615360637234	-2487.9971454694537	2487.9973197489444
-0.9107856101472862	0.2699641236977186	-2375.001207780093	2375.0013977587223
-0.9851011395221576	0.26739512442145497	-2324.253796240315	2324.2540191970766
-0.9851011395221576	0.26739512442145497	-2324.253796240315	2324.2540191970766
0.8880900259599576	-0.28019615360637234	-666.6481742401999	666.6488246682586
0.8033878921414725	-0.31838308725855313	-526.6358430366963	526.6365520646796
0.8323206360437325	-0.2816421309216821	-568.2172395461239	568.2179186721332
0.09940037675914937	0.048461122320077266	-263.2588506777538	263.2588737781625
0.9317210128028819	-0.23318100860160484	-831.4760902238777	831.4767924502958
0.9317210128028819	-0.23318100860160484	-831.4760902238777	831.4767924502958
1.7823536174623769	-1.7149413739220432	1330.5755828455872	1330.5778817766393
2.0768050239574194	-1.872485288367122	1490.8648149347248	1490.8674373426315
2.1720732701518624	-2.2544487673587517	1456.8915870893916	1456.894950562113
-0.15271557941963063	0.43730823767867194	34.80346271124035	34.80654503445633
1.2219556640321416	-1.928886547074232	940.7373407472577	940.7401697361383
0.9273409343411688	-0.26034015048387554	521.3449874734927	521.3459816685448
1.056433239416947	-1.2391402221919634	940.7518761187093	940.7533432523487
1.056433239416947	-1.2391402221919634	940.7518761187093	940.7533432523487
0.9937595498526062	-0.8967766476611344	574.4579887917794	574.4595652723348
0.013818227383308637	-0.3095006611847584	97.34924485344065	97.35274787672124
0.2160196942756567	0.24713412989807226	132.00857245046842	132.0129038320288
-0.10394446091322553	0.013631310708314526	20.521052433552313	20.521794829621737
-0.47166460958377543	-0.32336693014228113	82.21944612962443	82.22458647798913
0.48425488424372864	0.07962575841816483	30.935029998605295	30.953146442031173
-0.7524258054988735	0.0023855314921197367	2.1441807384824765	2.458457222674494
0.990552864666691	0.10566127217671938	-0.23859660986992223	1.0338120763846836
0.05864498852896369	-0.4426221512413857	-0.7944683339454497	1.3089405341692086
-0.15667319739085162	0.02094779074662041	-1.2031144617814193	1.5346861222300245
-0.3503764407857542	0.5393015945075259	-5.810523028650229	5.999710528011923
-0.29076353942005206	0.045175120951567185	-17.962403747511594	17.98939338689921
0.3609705581632293	-0.4704313736962156	-23.1425750658728	23.169176435378013
0.37080868872337525	0.18545388612621566	-122.7891733078069	122.79086567731552
-0.1375955709681061	0.20489374005491195	-397.89625394112426	397.8972487449271
-0.47097880034221173	-0.42270585255922366	-627.0221799849812	627.0225138812692
0.2606972367023221	-0.05448234721255309	-1196.8295872269712	1196.8299261693346
-0.11799973325201929	0.4141713256509055	-261.59757155134184	261.5996133314581
0.4253947377818744	-0.16945655159422704	-304.70064540632734	304.7034170735309
-0.5760505933531676	-0.03061583172576647	-114.09299025039182	114.09576388067065
0.44040059145368904	0.3885838044079861	-66.78533484457628	66.79974410935348
-0.2578167679585263	-0.8045565088205662	-8.889755854918947	8.930902507960312
0.24181441259279843	0.47542360287164903	-2.5310107803606217	2.7515210294502093
-0.14745486641931133	0.21915573082803633	-0.9523848646968222	1.3162747108085264
0.2874770882579032	-0.2252846009827662	0.3581427088016007	1.0697916677937598
-0.20315723731254987	0.36209042984647904	-0.11068289253422212	1.0319804446105643
-0.4696456977070417	-0.06782609935742843	2.3755986279822476	2.531945792031969
0.33623543771454706	-0.43289193122696107	4.68404615610083	4.71807353387794
0.13551095702439855	-0.1805853177748504	9.297068370933061	9.300788900446749
-0.2150680753490862	-0.002568617639420542	17.549220487196372	17.56138411633654
-0.0466352376906924	-0.1862106231446988	11.127591242930821	11.130122007247587
0.08381228367117656	0.34163016514216926	12.287071498379964	12.302015347792837
-0.2753342194364176	-0.39506279994850363	81.33713165502625	81.35098649164695
0.39966634276866636	0.16442218532893937	84.02484560903514	84.03155900175848
-0.1495901455167413	0.7279071694273238	302.709481785546	302.7130045059437
0.026028115904985716	-0.11921232309172075	3020.096538339462	3020.0967845133086
-0.44103462378279923	-0.09488129852558541	986.6257563834876	986.6258687531406
-1.3211653993039363e-13	-6.267208974009009e-14	43.03114728803814	43.03114728803837
-4.440892098500626e-16	-2.220446049250313e-16	43.03114728803894	43.03114728803803
0.0	-8.881784197001252e-16	9.472627592711433	9.472627592711888
-1.2275170084223426	0.32068502117432607	33.529362804480115	33.586869561826916
-1.227543735041052	0.32067237075714994	33.525971998220875	33.58348541792905
-0.7194074126121964	-0.015334429713809355	33.53428844664672	33.575531027713296
0.1595302200018826	-0.6847009438028586	33.53454268503093	33.575434745773244
0.1595302200018826	-0.6847009438028586	33.53454268503093	33.575434745773244
-1.6630218768558054	-0.21162741220465872	213.86158507087728	213.87056015642992
0.9500667176513471	0.3183612321422383	120.4446941754889	120.44894277433099
-0.13331016813281388	-0.6987613696827923	68.51119964536588	68.54039680979578
1.326716514427062e-13	6.272760089132134e-14	-1835.2525815956667	1835.252581595667
0.0	0.0	-0.06771531546006315	0.06771531546011135
0.0	0.0	-3154.6457320634286	3154.6457320634286
-0.15342974488137884	0.25402387859685405	2.9799303387887903	2.9946708736595724
-0.15342974488137884	0.25402387859685405	2.9799303387887903	2.9946708736595724
-0.6447275349570202	0.42632818524168015	23.866764944067896	23.879277589811032
-0.7394920683747894	0.5009272075879563	23.847060372424686	23.863781447887902
0.048103608148271505	-0.0705592977046211	-0.04842387000528481	0.09817047822915259
-0.11461926020445623	0.025042950459364804	23.855485631819587	23.855774132358977
-0.11461926020445623	0.025042950459364804	23.855485631819587	23.855774132358977
-1.6653345369377348e-15	4.440892098500626e-16	-1672.2937184922243	1672.2937184922243
2.6645352591003757e-15	1.3322676295501878e-15	-1672.293718492235	1672.2937184922353
-2.6645352591003757e-15	1.6653345369377348e-16	-1672.2937184922616	1672.2937184922616
0.0	0.0	-1672.2937184922253	1672.2937184922253
-7.105427357601002e-15	-6.661338147750939e-16	4.652684603690886	4.652684603690432
0.0	0.0	1.517462691125299	1.517462691125299
14.588592912035294	-0.9527794693890171	-14.221839239544124	20.395968798412696
-27.26287104576841	9.959005770274942	-151.36618766986282	154.12387454024986
27.26287104576841	-9.959005770274942	-1519.4100681312634	1519.687306643127
-40.51880523322052	10.824749438463584	-307.68519267373176	310.5303955631473
-16.20061326709989	1.7751195996684537	-66.81632413832301	68.77522876138403
-22.711902157053967	8.438100679686796	-324.22927312262533	325.1332858879541
-18.136347596020926	0.9328279663414172	-82.65285289435029	84.62441352064775
-17.316321097212857	0.8906505848605661	-78.91574269525827	80.79816012725976
-17.194353913761535	0.8587870354846362	-77.77952054151314	79.66201816017208
-17.26752583566821	0.8241528250090845	-77.78092748430332	79.67885137652807
-17.290381531546444	0.564896869324004	-78.43998704985901	80.32501459919858
-0.5493584453876406	0.5866532034376926	-9.28142730306993	9.316160661173377
-16.123568942234034	1.2981865996972406	-76.53220137197737	78.22296728406243
-1.1668125893124335	-0.733289730373237	-1.7681029620606132	2.2417300309574206
-1.1632264015192646	-0.735661108747668	-1.762947060492965	2.2365766846267783
-1.0957600836290684	-0.6929932788588307	-1.6606973637430968	2.106856800867476
-0.1714254928297649	-0.7678291298271175	0.03637222641862525	0.7875729877653526
-0.9333648908470248	0.08080716632670432	-1.3627825666886828	1.6537460934696764
-0.8867039655775273	0.07676744168504956	-1.2946541250401786	1.5710717571636668
-0.8834131807651822	0.07471241528595159	-1.282179452969803	1.558840897130126
0.04873778183972334	-0.0710186632093698	-0.049786814111623494	0.09948743017129197
-0.8346753989254588	0.003693752076581791	-1.3319662670814265	1.658328327301418
-0.8346753989254588	0.003693752076581791	-1.3319662670814265	1.658328327301418
0.3022535835579414	-0.4775223520153411	0.07777836846092256	0.5704684917226555
0.31068421269571994	-0.48386239947796306	0.06881798844166419	0.5791229724161228
0.31068421269571994	-0.48386239947796306	0.06881798844166419	0.5791229724161228
-0.8439679108679672	-0.28956649535728585	-1.7382258789967526	1.9538576704106099
-0.8415703112725177	-0.2908091420093633	-1.7300486888972137	1.9457335408134657
-0.8415703112725177	-0.2908091420093633	-1.7300486888972137	1.9457335408134657
-14.47370700259183	1.2430007078109087	-72.1247264838944	73.57315689525
-14.462739843403575	1.2357486380287543	-72.00857498790414	73.45701321359994
-7.066476576528796	1.1781592994631591	-37.908865318268774	38.5798551093726
-7.46372958476507	0.014921508676761008	-34.201959366385694	35.0068779879871
-7.093440750284808	0.014181226222270915	-32.50513962943123	33.27012481361918
-7.091029304632428	0.022750099564934068	-32.41110926495411	33.1777518519712
-7.091029304632428	0.022750099564934068	-32.41110926495411	33.1777518519712
-7.066535444694482	1.1903053425890193	-37.80323832261528	38.47645484807775
-7.066535444694482	1.1903053425890193	-37.80323832261528	38.47645484807775
-1.7487976856159124	0.1608381719182775	-6.078997264120082	6.3275880080755105
-1.7469154175826596	0.15959351604235236	-6.064926685831978	6.3135187709444365
-1.7450895734845946	0.16015937406434802	-6.040197582057601	6.289274638213844
-1.7450895734845946	0.16015937406434802	-6.040197582057601	6.289274638213844
-0.4504226994140108	0.48100092340575556	-7.609904927033224	7.638383041910711
-0.4502070701253724	0.48085833783537774	-7.604046134410656	7.632524402928727
-0.4515985586538219	0.4843312985693987	-7.593125404727858	7.621946698637811
-23.605222088524215	8.0493924293242	-341.3579678384408	342.2678212089471
-15.76059362839741	2.9921902719311273	-191.83820378444358	192.50778151904566
-8.664654958934921	5.0993795388739365	-153.25687425308973	153.58629308328995
-8.643310975282668	5.093803489171567	-152.60337382715684	152.93280668984133
-8.785310791371948	5.026591211705378	-152.61815509156406	152.95342287266115
-8.213096650106163	4.699193963952786	-142.67766822293925	142.99109898881804
-8.21072342935842	4.697624663993184	-142.59119446402119	142.90462692087178
-1.987484078725742	1.685936957238623	-39.68254471363683	39.76803781099538
-6.70635577923164	3.025890874147099	-108.25109559069345	108.50083372954023
-1.995568682881479	1.7046811669767237	-39.638744976305006	39.7255375740302
-2.447167241535301	2.1890124655461225	-47.23187038103286	47.34748427266801
-2.447167241535301	2.1890124655461225	-47.23187038103286	47.34748427266801
-5.343627090338035	2.0565061363784034	-90.35458737338104	90.53582179106513
-5.362212346676014	2.0993201400189623	-90.26226169023718	90.44576469762407
-5.362212346676014	2.0993201400189623	-90.26226169023718	90.44576469762407
-2.323933288532544	0.9970471637753803	-28.51752826953038	28.629428698103748
-2.329086096161429	1.010022536815065	-28.476417292769842	28.589353427459084
-2.329086096161429	1.010022536815065	-28.476417292769842	28.589353427459084
-14.277670513494222	2.420622685189625	-156.03760013244857	156.7081489411765
-14.234223747555474	2.409272351989004	-155.0664050540537	155.73698242661925
-14.378671530425251	2.3409013869483504	-155.0783219050737	155.76107324738373
-11.290401048071995	0.36257897851907195	-125.22594481482894	125.73484311879722
-3.255234540811194	2.0322770952962843	-42.27763882396112	42.45273073239295
-11.286547795153183	0.3600310024592873	-125.13798439128352	125.64688544077876
-10.803431366555952	0.3458278350671975	-119.79553855099819	120.28264082113881
-9.84222676692035	0.3181654090611563	-109.17451849882373	109.6182240615538
-9.861762188099057	0.3677022107404786	-109.04040446944872	109.48656659714632
-9.861762188099057	0.3677022107404786	-109.04040446944872	109.48656659714632
-7.40249706328728	0.8028695843634858	-86.14429400311921	86.47043789723581
-3.813995371181418	0.8250500697110598	-48.672297306628806	48.83857954074669
-2.715581871923857	0.7887989261257295	-43.7028093076582	43.8012150414189
-3.063277951954907	1.18548189956583	-37.93873466771873	38.09224880625446
-1.5700738937915393	0.6565101233184658	-33.25362233838399	33.30937330749917
-1.908223784784557	0.8794115409588026	-16.607503386767107	16.782087248300492
-1.6389341609198829	0.5771530729749614	-17.93898057316352	18.029804507257218
-1.5954444721017582	0.003921870330028665	-6.165692450373857	6.370199481776385
-4.3625108552445235	0.2718111560794517	-22.358111378686868	22.80149201117397
-2.62391874553811	0.6086832116229604	-14.042159627455064	14.320285941851072
-2.152552167559095	0.3975487698323965	-10.52540271627934	10.78459337240956
-1.649153213068479	-0.1841558477775901	-7.0974857304606696	7.290226551722355
-0.751507253998737	0.1540856326789054	-2.2873009774690725	2.5361542754277893
-0.7705850320964227	0.10075101927661345	-5.451207187213594	5.562018005956995
-0.7983262770400185	-0.6406708110943031	-1.4357554478824268	1.7688011261373837
-0.06026692018114968	0.014231926537583095	0.6211854710614421	1.0065205450310388
-0.44140236976441083	-0.21952941576004556	-0.16057666069898568	0.9510653864965342
0.6313608111065572	-0.13307312597680693	4.721652994546208	4.791038705120793
-1.1370250046489567	0.29027834498834626	6.870219312944257	6.987182603103942
0.4394978562711266	0.18714155211756986	0.7645061370128535	0.9122114582848677
0.21999611165957006	0.2568545227612723	7.902803421137156	7.9557190450899595
0.026042578686410855	-0.8548252581713585	2.7356044476514927	2.9696019018692104
-0.24439439655310086	0.5983461606202745	0.6091591264523818	1.0161405083627986
0.12653200191921515	-0.2292664831383423	0.33236228808786217	0.6531874696006554
0.02731724789343521	0.27970176726507906	0.941797899925148	1.3722787863232615
-0.22995254687131328	-0.20579242101700318	-1.0241315769459052	1.0786815870118247
-0.12177377735874284	0.5215154678953299	-0.8983406393094726	1.0551317099022532
-0.22359302967345723	-0.2513931659157811	-2.309936783570511	2.3384781580719953
0.4979307207866682	-0.0951058445511963	-3.345409430779427	3.419424560700068
-0.29898204828126496	-0.07773585553709114	-13.242388536956101	13.25533488842273
0.06964302812027535	-0.045417948120582696	-5.233658369865222	5.236179204223011
-0.8068556525461461	0.21543306705236615	-184.52960937316507	184.5315484746815
0.6651673603836443	-1.2796569027457985	-482.0634715294151	482.06564908960485
-0.6805096715719299	-0.6009998245518289	-815.4374668422577	815.43851357175
-1.7823536174623769	1.7149413739220432	22.909961677779926	23.043093377648145
-0.12993890769414418	0.3720861679257791	29.61272154068206	29.61534415268659
0.8282974697276586	0.12369379956771809	528.9374232199625	528.9381891671219
0.11555061788782946	0.023471893754716557	6.092516073576457	6.095255102682586
-0.10173239050452082	-0.33297255493947503	91.2567287798642	91.25749277403865
0.6061887976181529	0.1444317657249477	72.63563323754984	72.63844038109617
-0.39016910334249616	0.10270236417312459	59.37293921291859	59.37446345093263
-0.6235403018808554	-0.29533151818003067	57.98970333684553	57.99397551551328
0.15187569229707987	-0.028035411962250567	24.229742792778914	24.230610962475872
-0.3759964412285641	0.5115453729937979	-5.610432930846626	5.755410630561138
0.025620000442809994	0.02775622151372792	-0.20009009780360262	0.24429989745078476
-0.27107316207933985	0.33428327619791726	-11.003171164943952	11.02282256797683
-0.01969037734071223	-0.2891081552463501	-6.959232582567642	6.96657081892238
0.16752279906670825	0.19265949771848917	-251.40648799953783	251.40710234552728
-0.30511837003481435	0.012234242336422757	-146.48976594158637	146.49014639939978
-0.027509612556897323	-0.08595692106504027	-87.30845382382148	87.30850047090159
-0.4434691877853144	-0.33674893149418345	-539.7137261611598	539.7140134103677
0.13659910460197677	-0.2865326302382345	-1038.9959282603963	1038.995986123975
0.12409813210034529	0.23205028302568143	-157.83365896657486	157.83394004535975
0.5169087699688225	-0.26860809078971143	-258.76771740042665	258.7700788448982
-0.09151403218694819	0.09915153919548439	-45.932928005900706	45.93333822863268
-0.3934702045242515	-0.09035381796491203	-51.39784785287002	51.399622822603895
-0.11605005096711979	0.06604474303879904	-19.704060277987377	19.705006996849107
-0.06653033786179618	-0.006306756799653491	-42.99108211953441	42.991134061217636
0.4614123174440715	0.08487091177154296	-52.22664860879184	52.237206291009386
-0.021011725990382507	0.30371289263644313	-14.558686235784439	14.562537818344092
0.18249669806320024	0.2903428859818413	-0.8671486882726753	0.9428842286926091
-0.3299515644825115	-0.0711871551538051	-0.08523617642414666	0.373390482115917
-0.08980112769011797	0.2891959684904895	1.0083739559000575	1.062071735130495
-0.3798445700169236	-0.3570220678479179	1.3672246720821897	1.4698740569014734
0.14788142013753391	-0.13319244216120613	5.875025959273796	5.878395968562492
-0.012370463113135353	-0.04739287561364424	3.4220424116592643	3.4223929318842568
0.09105589061290767	-0.06071720923860554	1.85724362785064	1.8656932847616825
-0.30612396596199387	0.05814859159918499	15.691976859345733	15.695690831574858
-0.3022943033189352	-0.43669323579311664	78.69907280190903	78.70877260236362
0.026960083882517628	0.041630435844613095	2.6380588531172293	2.6422138892833327
0.3562343205729464	0.39890558826038675	76.04711976609408	76.04912841751087
0.0434320221957199	-0.2344834029314474	7.977725842941037	7.98243058424761
-0.18155288129761146	0.7080665764095092	293.26956388453203	293.27197993080387
0.03196273578087017	0.019840593017814587	9.43991790101395	9.441024575139787
0.16812648839358593	-0.23539360383688723	2308.109474769499	2308.10968360431
-0.14209837248860022	0.11618128074516648	711.987063569963	711.9871009089987
-0.012204675081593569	-0.03059291713324635	42.354723582226406	42.35473638930455
-0.42882994870120567	-0.06428838139233906	944.2710328012612	944.2711323638359
9.195303541560587	4.001131313962926	-0.5762529588453162	10.156019224361103
-1.7393469284247702	-0.28048457863973025	183.81505232493296	183.8235483836035
0.07632505156896469	0.0688571664350715	30.04653274594433	30.047011772826444
-0.4073372355837347	-0.8345378342030327	18.953002403164394	18.975739178637685
0.21610805847199976	-0.09096756021526411	10.692988993645848	10.695559424741614
0.05791900897892106	0.22674402473550453	38.86520824855563	38.86909820641649
1.5544175493151577	0.7357470347510499	-162.7605793146233	162.7696646075323
8.487492124579695	-3.607537444479142	-3.7365362806796667	9.950555379222294
25.930212321185536	-9.871969969074598	-1345.734001975361	1346.0200387344557
-0.8522389114249769	0.3257941550898701	-68.15985437202778	68.16596072094688
-3.2539087879014974	2.0314004368608614	-42.242594055583496	42.41768690864326
-5.896379512065084	0.3852476207633766	-66.92583969692267	67.18802975180839
-1.5061175512221956	0.41762196360010934	-19.218454306196566	19.28240814542742
-3.7809743148136947	0.7948751935065183	-48.580782120227695	48.73671716958035
-0.03302105636772295	0.030174876204541574	-0.0915151864011104	0.10186237116634096
-0.41384862129004496	-0.0706457138541187	-6.752987587039808	6.767465007951158
-0.5170864753221379	0.31195726002049273	-8.901415930366214	8.922969298687406
-1.7846467753116746	0.5474873799593558	-28.048405790252193	28.11078073478035
-0.820632881571996	0.06288754334731972	-21.484073596610287	21.50028584132994
-0.7494410122195434	0.5936225799711463	-11.76954874177371	11.809087466169236
-1.3803888224945422	0.8340324454919437	-12.811497644804398	12.946750445927728
-0.5278349622900143	0.04537909546685884	-3.7960057419627056	3.8353368023727623
-1.6389341609198829	0.5771530729749614	-17.93898057316352	18.029804507257218
-0.5463687899083666	-0.02955931818048148	-2.341405084252325	2.404489629098006
-1.049075682193392	0.03348118851051015	-3.824287366121533	3.96570985267838
-0.5584631119307377	0.06960344467570272	-3.1541363094432633	3.206792968971719
-1.7383252266218878	0.02497184385919249	-9.124356821694885	9.289483580722113
-2.0657225166918973	0.1772358675445565	-10.079618247548716	10.305215461480133
-1.1579873159161178	0.4083323891397598	-7.08251717045792	7.189520096541523
-0.6912593507144323	-0.0697513141141135	-3.660796643031874	3.7287553663795405
-0.7746720789075605	0.2701021365973142	-3.298845813965271	3.4020104789300087
-1.4032532192358984	0.15553582120260562	-8.294525166034653	8.41498297703895
-0.7492989483231964	0.24201294862979086	-2.230877550244686	2.3696103953706116
-0.5709895802465473	-0.16231785260314852	-0.8451743020439106	1.0421974725354293
-0.1805176737521897	0.316403485282054	-1.442126675425162	1.4939568028923602
-0.5515921454227656	0.001632073056295369	-2.114046611264809	2.1892760031697183
-0.20619741549017748	0.00739857261142058	-2.8033705535207414	2.8144161665039347
-0.012795471183479595	0.09172037360889751	-0.5337900224280434	0.558325836283343
-0.3743042902890268	-0.12723543993042155	0.35547497367817377	0.5496679003858224
0.3140373701078771	0.14146736646800465	0.2657104973832683	0.45685264464521647
0.07049959604646847	-0.20310230792182044	-0.021492594340970235	0.25722063882470764
-0.3377397259761613	0.1450841493991451	-0.1489780421466776	0.42046613995800325
-0.174162239834718	-0.1615112572373702	0.009893975788662149	0.2733786077138232
-0.0032138558111930726	-0.2599072438782508	1.649190742533259	1.675372195796196
0.22320996747076313	0.5167617666395231	6.253612678603896	6.280346849293763
0.06245356479991839	-0.7586970313315029	1.2244861143584005	1.4485743551036607
-0.03641098611350754	-0.09612822683985539	1.5111183332930918	1.5210275467655492
0.12653200191921515	-0.2292664831383423	0.33236228808786217	0.6531874696006554
0.037544014064886055	0.104278689201836	0.1415898180715807	0.22762042855442077
0.020558405291775113	0.21068069672777073	0.35988044996842494	0.44023031150899655
-0.030785171463225944	-0.035257618664527646	0.44032763188514257	0.7044280462598443
-0.29898204828126496	-0.07773585553709114	-13.242388536956101	13.25533488842273
-0.6308405828008053	0.16874428664228458	-155.1973172722312	155.1986911123054
-0.1760150697453408	0.04668878041008155	-29.332292100933863	29.332857362376085
-1.7772690021353401	1.712220890390978	25.685277490205465	25.803563033652868
-0.378776932266749	-0.08225537442038727	22.175639307421434	22.179026502619386
-0.22526572262568273	0.9110930747198979	14.28887917142276	14.319668404404895
0.8282974697276586	0.12369379956771809	528.9374232199625	528.9381891671219
-0.0856768644201777	-0.3429111902288526	84.85059692395967	84.85133308888997
-0.016055526084343116	0.009938635289377582	6.406131855904539	6.406159685148676
-0.00788751067004595	-0.02142125856341158	4.040468506497451	4.040532988993002
-0.38228159267245015	0.12412362273653615	55.332470706421134	55.33393046193962
0.11968398713724666	-0.07774041056646175	18.91089485226062	18.911433365598413
0.03219170515983323	0.04970499860421118	5.3188479405183005	5.319177596877462
-0.2524762706078898	0.43211871398241825	-4.296152205485264	4.426080253202575
-0.12352017062067437	0.07942665901137963	-1.3142807253613626	1.3293303773585627
-0.022569416460576412	-0.03391022822115357	-0.13949679273076127	0.14532252860293415
0.048189416903386406	0.06166644973488149	-0.06059330507284136	0.09897736884785059
-0.27107316207933985	0.33428327619791726	-11.003171164943952	11.02282256797683
0.028547100221761202	-0.00895280553491331	-1.1472542775488144	1.1476443120636586
-0.04823747756247343	-0.28015534971143674	-5.811978305018828	5.8189265068587215
-0.09412812496589784	0.03532299998686505	-74.4210789797602	74.42114688937507
-0.21099024506891653	-0.023088757650442288	-72.06868696182619	72.06899951002471
-0.3315064268526186	-0.056370277582684813	-0.1015824535586599	0.35127356022100026
0.0015548623701071157	-0.014816877571120272	0.01634627713451326	0.02211692189491674
-0.1719423919708249	-0.4278828340081944	65.44520148555594	65.45357008731999
-0.1303519113481103	-0.008810401784922192	13.25387131635308	13.25520251504362
0.008565701166591631	-0.16308090885270252	6.8325322915809	6.834483613965614
0.03486632102912827	-0.07140249407874487	1.145193551360137	1.1479469702819964
2.6604657552248923	-0.6870395932048248	-1.2381361325695424	3.3664643946029886
9.099185283108644	3.598216480174463	-0.46704599844074846	9.795941334001524
-0.029252229819280294	0.039439772921660156	14.976302096910729	14.976382596827918
0.10557728138824499	0.029417393513411348	15.0702306490336	15.070629175998528
0.05791900897892106	0.22674402473550453	38.86520824855563	38.86909820641649
1.540395101473924	0.7291098384432235	-161.29231119383854	161.30131452804477
5.923144627806739	-2.5175830174858564	-2.6076071085146912	6.944168874978875
24.32392251211862	-9.260440809966248	-1262.3735973881728	1262.6419196482932
-0.8518432636976576	0.32569079334502904	-68.09623338124962	68.10233999028468
-3.26141928891237	2.0505282089892725	-42.178521305680995	42.3553784217275
-5.896379512065084	0.3852476207633766	-66.92583969692267	67.18802975180839
-3.7809743148136947	0.7948751935065183	-48.580782120227695	48.73671716958035
-1.1011775073211991	0.27084763554994395	-17.23368284386932	17.27095176032256
-0.6834692679904755	0.2766397444094118	-10.814722946382872	10.839828974457788
-0.025191174240658094	0.0019525547221174184	-0.16592733141334293	0.16784006386890926
-0.7242498379788852	0.5916700252490288	-11.603621410360365	11.641247402300325
-0.08990909894133968	-0.014495312433899381	-0.31027837614116416	0.32336733115111943
-0.4685540129893981	0.0840987571096021	-2.843857933302099	2.8834256378205994
-0.8983317137735378	0.011270450983233503	-5.073481116572358	5.15241084651185
-0.83999351284835	0.013701392875958986	-4.050875705122528	4.137072734210264
-1.8566286014049342	0.31655385665159397	-8.539042166215447	8.744284832055804
-0.2090939152869631	-0.13931798910703747	-1.540576081333269	1.5609306294243286
-0.4633964048526966	0.18110052531981632	-1.7306713582413256	1.800765664526729
-0.3112756740548639	0.08900161127749787	-1.5681744557239456	1.6012448144032798
-0.522600373658618	0.10297020414075722	-1.4566463438912602	1.5509779446080763
-0.22669857466457852	0.13904274448903367	-0.7742312063534257	0.8186324507625355
-0.07222241696161637	0.03266600535629472	-0.23474054937233893	0.247762529324639
0.05942694577813677	0.059054368252602775	-0.29904947305570445	0.310563306958704
-0.1515655651958493	-0.1352935188038714	-0.0453702204637338	0.20817039580208938
-0.022596674638868747	-0.026217738433498814	0.055264196252395946	0.06520821191173386
0.176667804220364	0.23917807377836353	3.1690930065362926	3.183012432916594
0.046542163250399116	0.2775836928611596	3.0845196720676036	3.097334416377169
0.13156068987931846	-0.013228761952834636	0.3457297482128484	0.3955907720911176
-0.005028687960103313	-0.21603772118550765	-0.013367460124986269	0.2575966975095378
0.018767133708589907	-0.04852759386364379	0.07445522379931072	0.16652476670103572
0.06616431460724356	0.06194205763149308	0.05279440269358593	0.1745897158679157
-0.11571661977905942	-0.04867208243237695	0.31307800539224606	0.3633135636908931
-0.1334449652666373	-0.018333526587656655	-11.004947634204479	11.006656889965946
-0.16553708301462766	-0.05940232894943449	-2.237440902751624	2.248677998456784
-1.7198216689100403	1.6568761317038758	24.855042624867565	24.96950478028441
-0.3482881816841257	-0.04796377501617144	18.06357902910713	18.0670000974701
0.08171506474502621	1.1195754096691672	19.936537325649056	19.968115759548255
-1.245717921711772	1.200124599330165	18.003245686705977	18.08615402594727
-0.4119790719776404	1.7366823287782864	18.862290234931834	18.946550746075445
-0.4119790719776404	1.7366823287782864	18.862290234931834	18.946550746075445
1.4793287239571553	0.700205503053626	-154.8981483219296	154.90679473406755
1.8114326337476683	0.04751988668435192	-124.65967304429313	124.67284239094054
-0.3795162035180132	0.6597001607072611	-30.313036656928464	30.322589404848966
0.7484381702002003	0.019634015847833003	-51.506225433296066	51.51166667440208
0.7484793699409151	0.019606772384914123	-51.51151640683769	51.516957677299516
0.7365982714642301	0.04499502415642698	-51.520793343142785	51.526078331972386
0.7365982714642301	0.04499502415642698	-51.520793343142785	51.526078331972386
0.7961118494390185	-0.19186191221557353	-27.72408328099227	27.736174913667746
0.796203404310663	-0.19192245317305082	-27.730922691091656	27.743014389002024
0.7899244239880765	-0.17834068507807616	-27.743183822567623	27.755000173092178
0.7899244239880765	-0.17834068507807616	-27.743183822567623	27.755000173092178
-0.11263358940835544	0.8794479437599492	-75.74240098706392	75.74759020785038
-0.11259429790357756	0.8794219621242673	-75.7367364747786	75.74192572356125
-0.10623097055342456	0.8297209565881264	-71.45643404780208	71.46133002339653
-0.12274090868463794	0.8649545788088421	-71.44597742178152	71.45131840286624
-0.12274090868463794	0.8649545788088421	-71.44597742178152	71.45131840286624
6.204122808058676	-2.590987697881628	-3.0434090338071815	7.380155527839946
6.19927839242107	-2.59328068823164	-3.046575811121441	7.378196357349407
6.185733133967872	-1.356962823483586	-4.118611053112268	7.554309996009103
0.027567706294428618	-1.2296806684402273	-0.39623287879384606	1.292236440827761
1.1382757174285616	-0.664858794584584	-0.7180514635215474	1.5011018386137067
-1.0496416336173577	-0.5359175384660484	-6.072344287181865	6.185654396191943
-1.0613383239404741	0.15702266533807696	-1.669078694716942	1.9841670404612262
0.4839892076366366	-0.9688029222514215	-4.701198973696481	4.824323418424234
-1.0139260302129738	0.1500081210000918	-1.5945173154252785	1.8955299787395603
-1.011646836286661	0.148500996582824	-1.586091269620553	1.8871055569102102
0.3111693553283107	0.19982441625815783	-1.0627782588225188	1.1726695154450724
-1.3291795189651276	-0.0016224141391902591	-4.803615437774738	4.995031741630061
-1.327805030818667	-0.0011200176812432919	-4.786056274255324	4.977780842367986
-1.327805030818667	-0.0011200176812432919	-4.786056274255324	4.977780842367986
0.08171506474502621	1.1195754096691672	19.936537325649056	19.968115759548255
-0.3482881816841257	-0.04796377501617144	18.06357902910713	18.0670000974701
-1.1253630512241426	0.44663273752553156	-6.461209815713859	6.619586407809329
-0.48059921217194107	-0.7783222791048807	-22.8637390945197	22.88245630040752
0.7241406761383253	0.4471434242495357	-22.48924183539863	22.524889919478657
-0.1025365878391365	-0.0013718423065384178	-22.173573422173845	22.174221373990378
0.08692862330154955	0.25925919046320167	-27.93448960508207	27.951580134273758
0.27720015406701093	0.4625702241983281	-13.99001244537318	14.001097783542766
0.934029937028863	-0.45439370045004424	-27.31230293747301	27.332380008096102
-0.251860579227875	-0.059830850512544755	-2.919723059354588	2.9344975737371084
-0.3642869468788396	0.35699830644566666	-4.37287621746599	4.456039539019555
0.6575243640354886	-0.24326717574914689	-3.746295515827477	3.8138860870385605
-0.04845619159849687	0.43688353267552466	0.5036010402584362	0.9974223270497993
-0.6896129142319042	0.17309687565925516	-0.32699445373974745	0.9552975950534843
0.28840197274579066	-0.249174898002655	2.339670877035617	2.5171267192886058
-0.18696480112748248	0.7059044682229979	1.4365916057774393	1.7596917885911763
0.4663030664006681	0.6850892622120686	16.089351558303434	16.11836328929566
-0.42118900235501	1.1183291176660664	19.546345333415665	19.60561510723428
0.007599204636643375	0.016646086158517592	4.840251340193483	4.842297766684769
0.3096569752455166	0.3150386960329533	97.91418140660917	97.91644230189729
-0.2011914679647157	0.0003947695640575122	414.62444674642956	414.6247941617306
0.345997817779608	0.024850718257055163	27.599837442002595	27.60234733629505
-0.1312885424586828	0.016166737604845986	-0.9946119780550402	1.0033698379342828
0.007768371838008423	0.06325992140653364	-0.31966874730632233	0.3259605394242801
-0.15113928293294218	-0.06685546561215168	-3.7653098725759686	3.771518388864856
-0.11993387914639767	0.4011387418100689	-7.237861292367983	7.2513041791119734
0.00041048423333760013	0.037637850101228	1.3569912515126288	1.3575131796558593
-0.1307623955814479	-0.04644825188615019	11.896880064840452	11.89768933538776
2.7983662013039794	-0.7230656581533323	-1.4267656988452642	3.555184622773124
9.703630965265699	3.440306915540085	-1.016179006913128	10.345471731983347
0.10421269520796955	-0.0949177321207881	15.811927566624009	15.813131967901786
-0.04629368622904849	0.32166175685629267	23.053280681931632	23.05596623851471
24.058774018407348	-9.375814265148279	-1234.4974809273017	1234.7675367518605
-0.9151423870212999	0.2957296401733928	-68.10378105958229	68.110571398426
-3.26141928891237	2.0505282089892725	-42.178521305680995	42.3553784217275
-0.127823226456029	-0.07369613290351296	0.2106714675361676	0.25720101955552477
0.01210660667696957	0.025024050471135997	0.10240653785607844	0.10611254413536833
6.211747402195233	-1.3741648431933506	-4.172342515108834	7.608059993739055
0.6659832001150411	-0.38899607613728815	-0.4201180822899915	0.8782657759201928
0.48492147567982896	-0.9694193875355347	-4.709693268757781	4.83281837774685
0.3123489695288747	0.19928109374261074	-1.0648532202499512	1.174771132504411
-0.8026592300543955	0.6632827591583731	-4.623183036188617	4.740912026676984
-0.3227038211697472	-0.21665002163284147	-1.8380267795252425	1.8786743811323459
-0.021830546318869774	0.06255681320306868	-9.334581916799092	9.33481705707527
-0.08070604152026671	-0.0639286555096071	-12.83899150537475	12.839404316915108
0.11339123828070152	-0.04034400756160522	-4.403203104939055	4.404847647218902
0.8206386987481615	-0.41404969288843896	-22.909099832533954	22.9275323608772
0.04333532669501694	0.39472216356437834	-1.9221368561890801	1.9676822446139894
-0.4076222735738565	-0.03772385711871168	-2.4507393612769093	2.488357294405565
-0.18473482582174708	-0.11649003522941831	0.24690334247815487	0.35796358698340724
0.1362786342232502	0.553373567904943	0.2566976977802813	0.6394587400663919
0.0266909476392099	0.08314721824409052	0.08685042754661501	0.1231619395456213
-0.7163038618711141	0.08994965741516463	-0.41384488128636243	0.8321356555078631
0.5066903864040082	-0.37181591164307914	1.6422516394697193	1.7639309657881164
-0.2182884136582176	0.12264101364042422	0.6974192375658975	0.7531957535004891
-0.25324955108980496	0.7147682385823855	1.4095369748094275	1.6066434695564122
0.06628474996232249	-0.008863770359387624	0.02705463096801175	0.15304831903476385
0.4663030664006681	0.6850892622120686	16.089351558303434	16.11836328929566
-0.47245292846393844	0.6795021515794495	16.04674459096351	16.075654476680935
0.05126392610892845	0.43882696608661687	3.499600742452155	3.529960630553342
0.3096569752455166	0.3150386960329533	97.91418140660917	97.91644230189729
-0.2011914679647157	0.0003947695640575122	414.62444674642956	414.6247941617306
0.29870160786238015	-0.005004742315662412	19.203364749796606	19.205688360788223
0.04729620991722776	0.02985546057271757	8.396472692205986	8.396658975506828
2.7960508092995378	-0.724161594571642	-1.428318271411065	3.5542092267737697
9.69835056831674	3.4378075636772505	-1.0226420175556945	10.340325008766234
-0.005822131142438514	-0.06162927881085941	2.741313853148802	2.7420127108901786
0.11003482635040807	-0.03328845330992869	13.070613713475206	13.071119257011606
-0.008524155636118937	0.2085556262619982	18.298737109969284	18.29992753893418
-0.03776953059292955	0.11310613059429449	4.754543571962345	4.75603869958053
23.428089814929596	-9.130040833497002	-1202.138230207349	1202.401208608863
-0.7481783285641459	0.24177495330652177	-55.67851932587741	55.684070794631054
-0.6653463965387694	0.2150076897637856	-49.51426790065227	49.51920475806935
-0.6653090158674175	0.21498297167293878	-49.507886630295275	49.51282351434698
-0.6294918226010795	0.20340927214123838	-46.84260853941586	46.84727964421916
-0.5250404803641207	0.16965764783754297	-39.0700320575417	39.07392808767539
-0.5340511757484839	0.1889090679975964	-39.06104787191454	39.065155294024976
-0.5340511757484839	0.1889090679975964	-39.06104787191454	39.065155294024976
23.445128934094114	-9.134492250668877	-1203.7600474652909	1204.0230370690724
22.3260969601779	-9.664159750217635	-1203.9081053507796	1204.1539293705127
10.188918250099626	-5.595787781384639	-627.1318435478045	627.2396551459972
12.054346778036757	-4.0416047052832145	-582.9405132272582	583.079140260135
12.055396427868352	-4.042298789657744	-583.0488808680143	583.1875086487906
8.826136540040133	-3.5697102538391587	-427.6526631024103	427.75862793882186
3.193442694561472	-0.4610148362867483	-158.0614958564608	158.094424580074
1.4185787056133496	0.2744735778424806	-92.7231052562535	92.7343622917159
1.6704126467109242	-0.7017367898255094	-73.11096708206234	73.13341384488277
1.6537367575341364	-0.6658390178494445	-73.13962752603292	73.16135114599602
1.6537367575341364	-0.6658390178494445	-73.13962752603292	73.16135114599602
1.3972116617612071	0.32015861100340337	-92.7383014945714	92.74937879070659
1.3972116617612071	0.32015861100340337	-92.7383014945714	92.74937879070659
8.72826879083122	-3.359492792876697	-427.8023542859984	427.9045725398981
8.72826879083122	-3.359492792876697	-427.8023542859984	427.9045725398981
10.189734573031298	-5.596327577585608	-627.2336286974815	627.3414408773232
10.045582311452607	-5.287554984415551	-627.4204515071979	627.5232297143957
10.045582311452607	-5.287554984415551	-627.4204515071979	627.5232297143957
7.17942038159591	-3.5989991513121264	-426.4516596690984	426.5281250499521
4.2595911647738625	-1.4950892700851026	-230.30827306217776	230.3525548577312
0.45818877245496703	-0.8155361115705403	-57.970880918083964	57.978595622040096
3.76077459534294	-1.3683641634181412	-192.0335884571179	192.07533199596148
0.6287755966587605	-0.6585725961507148	-71.06663248376086	71.07259351393961
3.7024757097063943	-0.5067732732167924	-183.5485435641786	183.5889793551222
-0.1308007640598975	0.08657415447411287	-15.070409798446871	15.071830513166779
0.7179696533322691	0.08266074908886167	-27.134675158507697	27.17383149945011
0.34530373881069687	-0.3582331571338969	-38.714033532737595	38.72496161853628
-0.1724472163302436	0.43514707831083843	-6.15147818503429	6.1707369481720145
0.07451176712411933	0.20806520733745548	-2.8232839637047773	2.835135812277235
-1.0192888693273945	0.4646522221558154	-23.443153784540577	23.482654108590793
-1.7751454731641576	0.7711774043686689	-27.623691414008963	27.703735011810956
1.4133414120481471	-0.465365820796514	-1.6076751160008005	2.190597766086703
5.4751257944076155	-0.6563351924951428	-2.755850183159789	6.164615850279487
0.6694521818820504	-0.39128995164465874	-0.4271224869754443	0.8852726523308
0.4854228625128239	-0.9682837884865033	-4.7259875539814065	4.848522167721119
0.3123489695288747	0.19928109374261074	-1.0648532202499512	1.174771132504411
-0.7975216777570608	0.6468359127594964	-4.453191305018573	4.570049269277181
-0.005137552297334598	0.016446846398876638	-0.16999173117004243	0.17086275739980356
-0.2212033187334116	-0.08783580836329691	-1.349010819818392	1.3698453304795395
-0.1864189548404449	0.05011195124458522	-1.1017285414585174	1.1185119639260257
0.11576726545538003	0.5516257285249375	0.25547146183596314	0.6188365470253744
0.020511368767870186	0.0017478393800054032	0.0012262359443181853	0.020622193041017572
-0.09937040112653445	0.051836143998675345	0.14259111088816728	0.18136616925165888
-0.11891801253168316	0.07080486964174888	0.5548281266777302	0.5718295842488302
-0.04197369272330656	0.00032687193790632016	0.00851750578047756	0.04283042879559829
0.10825844268562905	-0.009190642297293945	0.01853712518753419	0.11021789023916558
0.1734408880478952	0.25086272010697186	9.787145286577775	9.792890609593668
0.2928621783527729	0.4342265421050967	6.3022062717256615	6.325472679701994
-0.04041486027257213	0.08029816466277195	0.5624410022316896	0.5695797022107161
0.09167878638150058	0.3585288014238449	2.937159740220465	2.9603809283426257
0.11836402037593113	0.21680426784590884	22.01693195790549	22.018759882332514
0.19129295486958547	0.0982344281870445	75.89724944870369	75.89768241956477
2.7067767616077303	-0.22124979405078538	-1.0656610423662618	3.280430667727075
7.124340452523774	2.704003667065164	-1.9847192548516819	7.874450662461955
2.663284163484776	0.23089209609123135	0.5994200082511839	2.7396529053509786
4.362102238144277	-1.760329632698139	-254.30663969127485	254.3501782330898
2.817318143451634	-1.8386695186139883	-172.1450199778236	172.1779468168624
0.35211629437313674	-0.16884501906926055	-18.176450587075575	18.180644940970264
3.4086583009698033	-1.1995191443488809	-173.85713787004232	173.8946870549912
0.29219886375773846	-0.3544303798905342	-31.22449454988704	31.227873141891948
0.336576732901022	-0.30414221626018056	-39.84213793387381	39.844720372047654
-0.013659619735576549	0.08673387199608776	-5.4440489757625	5.4447569826635505
-0.11714114432432093	-0.00015971752197489059	-9.626360822684372	9.627073530503226
0.7180355675141253	0.19923344347376432	-25.656909405992167	25.68491894270655
-6.591418185625947e-05	-0.11657269438490264	-1.4777657525155297	1.488912556743558
0.08541572753232253	-0.2504439343963674	-4.707480248090992	4.716976582711922
0.25988801127837435	-0.10778922273752953	-34.0065532846466	34.00798503582436
0.011795604879202642	0.12844569267387043	-1.7387805817370623	1.7435582421263742
-0.18424282120944624	0.3067013856369681	-4.41269760329723	4.42717870604564
-0.011757686360268318	0.12550089808781506	-0.994335171400682	1.0022929470438362
0.08626945348438765	0.08256430924964045	-1.8289487923040952	1.8328428652333988
-1.0409483881569108	0.27236871852621236	-20.960266979275147	20.98833080292547
0.021659518829516333	0.1922835036296031	-2.4828868052654336	2.494323305665324
-0.11123074716594517	-0.024568201101028364	-5.477759089746227	5.480720783420537
-1.6639147259982128	0.7957456054696973	-22.145932324262745	22.22301422839042
1.420529737097003	-0.47023175584513704	-1.6311699046336676	2.213535158059317
5.241337995919802	-0.48243226422123997	-2.911249984237781	6.014959796021809
1.3108627009162777	0.22792136184758857	-0.1488888826313908	1.3388342194652785
0.6752971710925159	-0.3955298257052312	-0.44002420586204616	0.8978259375026386
0.4854228625128239	-0.9682837884865033	-4.7259875539814065	4.848522167721119
2.095826908189519	-0.8657615815503683	-2.0711941104957137	3.1113610955619557
2.095826908189519	-0.8657615815503683	-2.0711941104957137	3.1113610955619557
5.2809347176226895	-0.5111528540831763	-2.9858194641023075	6.088075771887383
5.2809347176226895	-0.5111528540831763	-2.9858194641023075	6.088075771887383
1.3262716053694115	0.21642631214989755	-0.164034941816755	1.3537888247200092
1.3262716053694115	0.21642631214989755	-0.164034941816755	1.3537888247200092
7.168936051606007	2.6745146817253986	-2.02532443177494	7.915087614722015
6.4922162473454765	2.4220508518237036	-1.834141647723186	7.167933992094879
5.41514134491701	2.0202265617022124	-1.529852964013801	5.9787558268872765
5.4725274795584475	1.9777272983119865	-1.5813267775227964	6.029971530473535
5.4725274795584475	1.9777272983119865	-1.5813267775227964	6.029971530473535
2.6885668031598104	0.21417386814786687	0.5802876304287317	2.7588032976055117
2.7320388115910617	0.18142124169192583	0.5465090145001728	2.7920640819843214
2.7320388115910617	0.18142124169192583	0.5465090145001728	2.7920640819843214
2.7235464530310907	-0.23233880719811362	-1.0873372883111396	3.3021188624427738
2.7520354501332513	-0.25332895432802793	-1.125980742841135	3.3400160645033092
2.7520354501332513	-0.25332895432802793	-1.125980742841135	3.3400160645033092
4.870242457268239	0.6725919723729656	-0.5283348531678344	5.37704291976088
0.9387455783965939	0.10590541519489427	-0.39854675229271674	1.1379888725685459
4.799157702491251	-0.12831523808274226	-1.9401668756481738	5.362384485629827
0.4122653968856875	-0.0013057002143251617	-0.30977389454730403	0.5342322649984437
1.6240569707871078	0.3166182445165553	-0.46286098380595064	1.9671092633649228
1.6985406252258515	0.2964507032762107	-1.142407642838112	2.203320534534945
0.9468313409793675	0.13633920029675956	-0.14873380191530225	1.0884922699452337
1.9111450825769827	-0.11750970060051523	-0.9366849887939517	2.18800885899151
0.11559644360683025	-0.295746128822081	-1.3192287362153423	1.3640647176157452
1.3529261164316542	0.07268904359042444	-1.7384911699852634	2.3642544619132426
0.9731361879067248	-0.25076674607574523	-0.6534392750601984	1.2978738765543618
0.8147629019497917	-0.8306222980040558	-3.5940188222397453	3.853798143478384
0.028977803327728	0.02798296963229868	-2.9230738255966227	2.923351390025362
0.23091020795064632	-0.1357721923698282	-31.083479459049975	31.084633645799
-0.8581365682761821	0.35955924684179924	-11.752603947791147	11.789375758514023
-0.8057781577220308	0.4361863586278981	-10.393328376471601	10.433638469876396
4.4553464181264175	0.624397844326892	-0.5183161026695557	4.937974163146111
0.4148960391418206	0.04819412804607341	-0.01001875049827856	0.43906875661476896
3.114191727130321	-0.6460651430548705	-1.5963763284513552	3.5613884159604496
1.6849659753609292	0.5177499049721282	-0.3437905471968185	1.8009960696693774
0.3883194457150771	0.10025401380637661	-0.001719404716783307	0.42316121745421564
0.09830985782523816	0.0707265271413268	-0.15051964903256349	0.23567527433309052
1.1374276672467922	0.14563770356885186	-0.31062193005660377	1.3082727715776163
0.2066399000732491	0.2744517537535422	-0.12080505815673537	0.389996744110678
1.4919007251526022	0.02199894952266848	-1.0216025846813763	1.813323790424267
0.9468313409793675	0.13633920029675956	-0.14873380191530225	1.0884922699452337
0.46211564015972906	-0.10017625640694792	-0.7101373303401523	0.9856982893211212
0.8908104762719252	0.17286529999737235	-1.0283538396451113	1.3785561725921212
0.9731361879067248	-0.25076674607574523	-0.6534392750601984	1.2978738765543618
0.6698216579912764	-0.5516083722910656	-2.7462434199583003	2.883446818732755
0.07882007404391196	-0.26635731588254863	-0.6595902154668303	0.7291761522677656
0.0661211699146034	-0.012656609830441659	-0.18818518681461488	0.24117517247786394
3.03447703272634	0.9576444916219968	0.031524180876975005	3.3416993550409804
0.43357879879019845	-0.1307164986227728	-0.0997135762502773	0.48425195917122404
0.9872905866098787	-0.20253014867233204	-0.45012670729625337	1.112022848933907
0.3591280735875793	0.0643714647666292	-0.050435017654532274	0.36832098734763974
0.05576796555424128	-0.016177336720555782	0.04041626715625372	0.07074776926712927
1.1610836941058769	0.3469761629938482	-0.17291149206187534	1.224094026818017
0.5238822812550522	0.17077374197828013	-0.17087905513494323	0.5769020428513605
0.1403041097201469	0.10459579543100608	-0.005306821909432072	0.17508194077341707
0.24801533599493022	-0.004341781624629469	0.003587417192648765	0.24807927668079854
0.04520833142551725	0.002452620132607348	0.01601101619176159	0.048022507382342455
0.053101526399720884	0.06827390700871944	-0.16653066522432505	0.18765276695074803
0.23100582331602723	0.12363308966372054	-0.03646853424872008	0.29909625567024944
0.3262957637295511	-0.06574785979467894	-0.03979322992116706	0.3631184277105621
0.580126080201214	0.08775247369981026	-0.23436016588671665	0.6460580881968049
0.7388025802487741	-0.025550951289023495	-0.4368300517256221	0.8586632621608019
0.7530981449038281	0.04754990081169198	-0.5847725329557542	0.9546605282634649
0.7880306651552191	-0.04239637755739932	-0.11338760525731459	0.8093987373235488
0.15880067582414836	0.1787355778541589	-0.03534619665798765	0.27909353262168485
0.028065574966919825	0.054324568348159574	-0.13308948808051196	0.14646380802768447
0.038055594947683576	-0.06698117817860123	-0.05509569873410291	0.09471136445017948
1.8880697518206162	0.6361348981726966	0.014526967578237033	2.0526582695617335
1.1464072809057242	0.3215095934493002	0.016997213298737972	1.2890410854792467
0.6973973312936507	-0.18365571825805033	-0.26918843745742366	0.7697758604978178
0.2898932553162281	-0.018874430414281752	-0.18093826983882969	0.3422469884360893
0.13436470993368144	-0.010244817953169106	-0.10741143189261021	0.1723254109865308
0.4457613702675326	0.09799729165297938	-0.12694873399410644	0.47373267721027407
