0.0	0.0	6499.999932280723	6500.0
-1.7585721764098103	-1.3085699474374195	471.42871871987455	471.4338148301084
1.9682350163200901	1.709950613576533	116.71038858830188	116.73950781381923
-0.3930682617774437	-0.35064523402434133	360.4230199159065	360.42340481778956
-0.0893843858762464	0.02313032639111294	-5.361432420576027	5.3622273525880235
-0.27649578745371184	-0.18076655647514894	4407.603469358663	4407.603549229327
0.18544108114466085	-0.0373903140473566	1000.0965794540219	1000.0966517902483
0.3638445140613588	0.1442911120097419	117.42061563631597	117.42173171592586
0.0	0.0	-6499.999932280723	6500.0
1.1225466576695426	-1.7184422692109518	-23.477480646330687	23.56703741097064
-0.9272156449439319	-0.33578352463943995	-65.22211036513235	65.22956507527208
0.5234892412034218	1.4291897711309418	26.228215041592826	26.272340753263624
0.011792182282079011	0.1263542975357268	-2639.860595818609	2639.860598888248
-0.7306124362639337	0.49868172521580806	-3765.9893872209914	3765.9895700982897
-5.551115123125783e-17	-1.1102230246237681e-16	471.42520601952594	471.42520601952606
-2.7755575615628914e-17	8.326672684688674e-17	116.72298098432636	116.72298098432636
0.0	0.0	379.98653181762126	379.98653181762126
0.0	0.0	0.0003976484260868052	0.00039764842616584416
-0.27649578745371184	-0.18076655647514894	4407.603469358663	4407.603549229327
0.40203570741147354	-0.21817142260335823	101.89234361330558	101.8934597414967
0.14724988779454617	0.32507222056574353	1015.6248514770324	1015.6249237646776
0.0	5.551115123125783e-17	-23.522270410015494	23.522270410015494
2.7755575615628914e-17	5.551115123125783e-17	-65.23721460065141	65.23721460065141
0.0	0.0	-0.021870433174654202	0.021870433174650587
0.0	0.0	-2636.320596746386	2636.320596746386
-0.7306124362639337	0.49868172521580806	-3765.9893872209914	3765.9895700982897
-2.7755575615628914e-17	-5.551115123125783e-17	461.34946489438823	461.34946489438823
-1.8932661725304283e-29	3.552713678800507e-15	89.45869521973712	89.45869521973702
0.31873583033153163	0.30620568112856916	27.25928885794009	27.262871886309213
-0.1243723326253195	0.6860446105563607	374.3264120937807	374.32720688815516
0.1243723326253195	-0.6860446105563607	5.6382492906659145	5.681195362640753
0.5414792322818094	0.28054433733488526	-268.0244390130709	268.025132801302
-0.5414792322818094	-0.28054433733488526	-2368.2957600848895	2368.2958615935104
3.1554436208840472e-30	1.7763568394002536e-15	86.41154741712865	86.41154741712859
0.0	8.881784197001252e-16	85.27166740978087	85.27166740978085
1.1102230246251565e-16	1.1102230246251565e-16	22.826002016994526	22.82600201699453
0.6554044392552768	-1.7629316819688938	62.412165351219834	62.44049861205698
-0.0911007649493607	-1.0160492618229626	61.17152797844506	61.18003343141873
0.7720806680534891	-0.7465959994140424	1.0208283439710135	1.4817572851778316
-0.07872293688910942	-0.8779990152570608	52.86017454555598	52.867524365703275
-0.2670735819479668	-1.0589452160693866	52.86010341995676	52.871383818066796
0.624397493196242	-0.2844489004411047	52.86903252782829	52.873484695403214
0.624397493196242	-0.2844489004411047	52.86903252782829	52.873484695403214
-0.40986326709848814	0.2305634923682632	6.623236237371536	6.639910065487419
-0.433491154467438	0.20786446497020447	6.623098131030141	6.640523403320991
-0.32174890255128097	0.30499935192308997	6.627062637550407	6.641875199292967
-0.32174890255128097	0.30499935192308997	6.627062637550407	6.641875199292967
1.169566107091724	-1.1152097383482025	2.7089455394883686	3.154356285405676
1.146598577801533	-0.9715279229985968	0.4029286464829376	1.5559261865329725
0.06435996718408155	-0.1432182596375296	1.95026844492077	1.9565788209329007
1.1431089381406443	-0.9748803778768079	0.4033583277550432	1.555566692943638
1.1513675482446364	-0.9635494401308164	0.3952742987965069	1.5525194124442852
1.1513675482446364	-0.9635494401308164	0.3952742987965069	1.5525194124442852
-0.30116604019349325	-0.4909855143570324	1.8226410694124269	1.9114884846587898
-0.12424763719805787	-0.3556641201628893	0.7424108116324053	0.9711376086576141
-0.1112295968367156	-0.08568454038108744	0.9568361264888171	1.0886915250092195
-0.12730027102651278	-0.35859674879050824	0.7416103698716799	0.9719994485326403
-0.1144495698279804	-0.3466143091688254	0.7470719292256496	0.9702353584524357
-0.1144495698279804	-0.3466143091688254	0.7470719292256496	0.9702353584524357
1.0438954023236129	-0.7806378369452965	0.8965077156671296	1.657274591042083
-0.061825903710188146	0.11773247093352177	0.30629982973513337	0.6415937852547087
-0.5403473602974813	-0.6445787308476294	3.5492271788368304	3.76627417615017
0.6496392354281506	0.41703304599083824	14.921035195132022	14.97042382783215
-0.3432783561895971	-0.420754112118028	9.7799987566361	9.795992513926096
0.28744142373282766	0.047160861691112305	33.72354438707899	33.73480997064769
-0.023735216138055647	0.06726810217402827	118.9694081579662	118.97250733654113
0.13355411334102119	-0.029590430561304372	83.95787164981765	83.96178169174397
-0.5346419456382492	-0.20458362155118814	224.11537004642216	224.1166535606515
0.5132176313537512	-0.06764493741670366	295.82967970739725	295.8305511262622
0.14862043653860463	0.13851218260619044	1168.6740539562436	1168.6747548303651
-0.20946867913667916	-0.11029684824840522	2513.5189141711267	2513.5190464845
0.3535358538342905	-0.19465859995597046	96.56766193566153	96.56850527625812
0.048499853577183144	-0.0235128226473878	5.324681677644067	5.324954465238582
1.509903313490213e-14	-6.927791673660977e-14	-23.522270410015494	23.522270410015608
3.0886307660326456e-14	0.0	-65.23721460065143	65.23721460065141
-0.5987371928141405	2.80198310687162	-18.45302685885065	18.674147793426073
-1.5817790700269603	0.4482205858272539	-3.1979433601858007	3.61090964368968
0.8819208964242711	2.4238225258502504	-15.066036053702291	15.288788129731742
-1.5816992532308314	0.4477952495192196	-3.1965625774083266	3.6095990669948863
-1.419880110805501	0.19869832531463794	-3.2465114565607798	3.564305990108644
-1.419880110805501	0.19869832531463794	-3.2465114565607798	3.564305990108644
-0.6410926789290644	0.17971316738902868	-5.153554651412699	5.343038982457575
-0.2587364242318829	0.3397482304966401	-7.974432866569485	8.024884979545265
-0.5478111295507292	-0.6217658788970107	-6.721422330782661	6.773749904998268
0.024882983104818283	-0.007130440076881829	-40.104930608120505	40.11367459965354
0.11439061588677066	0.4997594857853991	-45.24229841614162	45.25358944108761
-0.2591067129585691	-0.4431298516313574	-213.56475535758634	213.56595198442076
0.1083564698674798	0.010470244184679033	-92.81573523515294	92.81951709752599
-0.15877103536503961	0.6009752279140628	-1159.0567552642447	1159.0571860558612
-0.5326046348935862	0.13873986536584984	-2198.602013947542	2198.602283042849
-1.5376588891058418e-14	7.216449660063518e-14	409.40998708192967	409.4099870819296
-0.15825889317070269	0.8433469720592758	51.8663276279836	51.873425003617065
0.7783394351762324	0.7055252454355139	27.248365077064257	27.268607913153037
-0.5239303937833029	0.3470056030455453	375.68635029316647	375.6870208205073
0.6543513732097068	0.7315389340637353	10.964884664344481	11.008724750589408
0.4644655963384139	0.31103867268029717	-220.18596159899607	220.18667116691358
-0.5420577999320813	-0.161554048769176	-2425.0360666345805	2425.0361550711095
-1.4876988529977098e-14	2.55351295663786e-15	21.822607351312072	21.82260735131208
0.6552481064854516	-1.428527896683754	-0.26767314776562956	1.594268153947522
0.46872361598753554	0.35418463153804425	-0.8804809646061185	1.0584872745743767
-0.11487364145901234	-0.08918533024984067	0.9565241105743041	1.0890768341782826
-0.13809051184595686	0.12132262813390739	-0.1127534637078415	0.21564209500306794
0.07626460813576871	-0.0035901572003856352	0.4190532934429748	0.42595169025164065
-0.12893615764099564	-0.26115510003269504	4.797978947410409	4.806810636879074
-0.21434219854860148	-0.15959901208533295	4.982019809225691	4.989181877047022
-0.24084856181861777	0.1315072820868405	9.61874543153349	9.6236711111986
0.5282899855514454	-0.0843464203957282	24.104798955545498	24.11113885944909
-0.01727229560243221	0.03975710385136037	114.27357506976222	114.27464967404838
-0.006462920535623438	0.027510998322667898	4.695833088203976	4.697857662492754
0.14890486470955394	-0.12554623333088386	39.26442697556825	39.268013448321646
-0.015350751368532728	0.09595580276957948	44.693444674249406	44.693768243422326
-0.5346419456382492	-0.20458362155118814	224.11537004642216	224.1166535606515
0.5132176313537512	-0.06764493741670366	295.82967970739725	295.8305511262622
0.08433677255866105	0.3092958123390592	778.1142417386038	778.1148750440506
0.06428366397994356	-0.17078362973286873	390.5598122176398	390.5598797863147
-0.07205426763665224	-0.28698793085401847	1042.0912425148576	1042.0912938700887
0.08122303367811086	0.14591753454362544	834.5964779425943	834.5965063209148
-0.21863744517813774	0.03077354806198778	636.8311937136746	636.8312462934966
-5.551115123125783e-15	4.6629367034256575e-15	-4.9523309349548015	4.95233093495483
0.0	0.0	-62.48313803117247	62.48313803117246
1.2797972193420937	3.136017680235386	-13.743860688495717	14.15892278523203
-0.547849454785522	-0.6727261742648009	-1.0999049170251767	1.4008891309257523
0.09628837662624302	0.32308820524154624	-0.45726348855462834	0.5850018142746821
-0.7373810555553074	-0.14337503785251754	-4.696291162858071	4.758037168182892
0.17413017250120474	0.02492305609620147	-1.5352950847685087	1.5516292269465721
-0.09882695095055939	0.08419214176258472	-3.2458788294708523	3.251471089134244
-0.3340396457825283	0.23063303263785395	-3.1932589523301242	3.221784663464449
-0.2790367881392128	0.2520849276665695	-23.318226514441484	23.321676095503797
0.3039197712440311	-0.25921536774345133	-16.78670409367902	16.791998504149742
-0.11380048292362781	0.09910178984070495	-26.97930601330459	26.98424437735095
0.22819109881039848	0.40065769594469414	-18.262992402837035	18.269345063736665
-0.2591067129585691	-0.4431298516313574	-213.56475535758634	213.56595198442076
-0.1461148108498687	0.2633742342415267	-67.86876794053771	67.86957976204559
0.2544712807173485	-0.25290399005684766	-24.946967294615224	24.949937335480378
0.09807094931260651	0.2592352457132056	-698.2914768842419	698.2915458386877
-0.19794426270267412	0.23699440171771102	-190.47867194262162	190.47897336212029
-0.05889772197497206	0.10474558048314628	-270.28660643738147	270.2866668550533
5.995204332975845e-15	-4.440892098500626e-15	409.4099870819301	409.4099870819301
-0.35148354318267006	0.6991987891365279	51.83301493434715	51.83892221885118
0.7783394351762324	0.7055252454355139	27.248365077064257	27.268607913153037
-0.5239303937833029	0.3470056030455453	375.68635029316647	375.6870208205073
0.6543513732097068	0.7315389340637353	10.964884664344481	11.008724750589408
0.4644655963384139	0.31103867268029717	-220.18596159899607	220.18667116691358
-0.5420577999320813	-0.161554048769176	-2425.0360666345805	2425.0361550711095
-1.1546319456101628e-14	9.880984919163893e-15	21.822607351312076	21.822607351312094
0.636202803337354	-1.3772991189985824	-0.2029308502468757	1.5306494700454762
0.4030348098288158	0.30454777772498853	-0.757086833314914	0.9101466255663332
-0.09854875454867376	-0.07453045582286562	0.9590967234569484	1.088638218516194
0.04737817139442714	0.05112742092171768	3.3711164589090172	3.3718370191665663
-0.05384109193005058	-0.023616422599049777	1.324716629294959	1.326020643326188
-0.22205662349180957	0.09356373246650371	117.23470603445966	117.23503137672907
-0.3125853221464397	-0.2981473540176919	106.88066401196252	106.88162218392249
0.3421760051681655	0.018794530257037853	92.0859724419631	92.08670901837716
0.1710416261855858	-0.08643946767374153	203.74370726543418	203.7438421078851
-0.22378527378295812	0.03999402252162225	495.1431413678964	495.1431935541874
0.005147828604820402	-0.009220474459634474	141.6880523457781	141.68805273930917
9.769962616701378e-15	8.881784197001252e-15	-4.429949607702582	4.429949607702497
-2.5616000420009084	1.9925909438553164	5.374713601964256	6.278515728088358
5.551115123125783e-17	-2.220446049250313e-16	-62.483138031172444	62.483138031172444
1.279877441210269	3.135590185335965	-13.738472148284536	14.153604807401
-0.5477912815239301	-0.673036174183513	-1.1002538517974416	1.4012892343368382
-0.17955346435723665	0.19475837739973462	-1.769131903359811	1.7888538128129896
-0.15448618142529166	0.03587465523811935	-1.4241270489703133	1.4329308506514598
0.0046092590203780925	-0.06299571703055395	-2.8490982744056215	2.849798358279756
0.29931051222365296	-0.19621965071289735	-13.937605819273397	13.942200145869986
-0.005898096854187119	0.04003549565446965	-17.580605785682522	17.580652360479462
-0.05299962512078494	0.06471008482867663	-252.706000651699	252.7060144945738
-8.881784197001252e-15	-9.103828801926284e-15	409.4099870819307	409.4099870819307
-0.35148354318267006	0.6991987891365279	51.83301493434715	51.83892221885118
0.7547498864961322	-0.5614685554769855	1.4287210698418926	1.710595868510591
0.3374106902457994	0.1765881944806006	1.799593581952177	1.9061916022597352
0.41733919625017657	-0.73805674995747	2.676275290498502	2.851552068859583
0.4074915417600984	-0.7475172732614132	2.675840956299822	2.8521844705140915
0.45284939648336175	-0.707482946904037	2.6766306855114834	2.849553740970161
0.45284939648336175	-0.707482946904037	2.6766306855114834	2.849553740970161
-0.3321306399085651	0.2671371709917085	123.75971598640524	123.7605286585779
-0.040483225353045826	0.24800545754124964	52.5522373617185	52.55519396817984
0.29163520233374174	0.06902380387133655	193.45496925716637	193.4572638796269
0.061760681665180284	0.9728667773216628	62.72335887500167	62.737950104409435
-0.3917185338989301	0.2857956251740523	2.8918799543059857	2.935570132731506
0.8478104328552485	-0.14247280113329108	22.54874185392509	22.595668239126518
0.45349813166794684	0.3816436062853841	7.459314221580927	7.533276560615142
0.1197542185422717	-0.3062140152747876	3.0190281444138005	3.077377900887704
0.40276213851467574	0.30428582567088897	-0.7558155261768547	0.9088808027101934
0.3921531358113124	0.30107986263970365	-0.764900826222371	0.9107724411561073
0.3921531358113124	0.30107986263970365	-0.764900826222371	0.9107724411561073
1.509903313490213e-14	-2.581268532253489e-15	-62.48313803117246	62.48313803117246
1.176836406102666e-14	-9.880984919163893e-15	-57.74719084800829	57.7471908480083
-2.121600124978805	0.36503760311863015	-3.5827094642577095	4.179742413987067
0.0	0.0	-53.5792836287805	53.5792836287805
1.7198974225773491	-1.4601816022057594	-2.6573053609072748	3.48589288944955
0.0	0.0	21.82260735131208	21.822607351312083
-5.982991521249517	1.0612875890187703	21.222567745737123	22.07532334106006
5.982991521249517	-1.0612875890187703	-52.97924402320554	53.32656763903251
4.276780845220024	0.38727405536806037	-54.15549392155232	54.3254853404854
6.26954669045336	0.04440337999613311	-54.86477034127476	55.221845423389794
6.264185901807384	0.05609061121924519	-53.92630068165817	54.288940645196604
6.258979649705559	0.07009458529218993	-53.79297307117809	54.15592018738865
6.233404185856707	0.06980816456030192	-53.57316404237435	53.934628082849045
6.192011747962816	0.06934460884822546	-53.217415594289676	53.57647936078884
4.992944875843893	0.31048789922638914	-48.7746706427471	49.030545556593964
1.199066872118558	-0.24114329037816776	-7.196821521022352	7.300010373674622
4.889747267233933	0.3040705224078478	-47.76656230263265	48.01714861829372
4.889300855416748	0.30364165994076164	-47.75561162641708	48.0062069208307
4.210275957025001	0.05863510563200042	-47.823512560228856	48.00852231956617
4.210275957025001	0.05863510563200042	-47.823512560228856	48.00852231956617
1.1988830443500536	-0.24131989150583702	-7.194836940987977	7.29802949099767
1.0966326907898771	-0.2779468440513903	-7.209403873452067	7.297627142926178
1.0966326907898771	-0.2779468440513903	-7.209403873452067	7.297627142926178
-2.130563414825929	0.38457876541417274	-3.5620065190242127	4.168344003674984
-2.139268318094384	0.40799354389487924	-3.604393119426838	4.211244166280768
-1.324382351215006	-0.2617117100304099	-1.6283603439980805	2.1151924359930887
-0.6926987349915001	0.573955039231925	-2.1423542357125807	2.32356140349124
-1.3252496276194565	-0.26254489204786724	-1.6310931911449382	2.117942726809513
-1.3476103542445317	-0.2685137074179603	-1.6074956533692915	2.1147566180389594
-1.3476103542445317	-0.2685137074179603	-1.6074956533692915	2.1147566180389594
-0.7526251766059306	0.45233685037460075	-2.202632046972258	2.3712109178681526
-0.7529254946815483	0.4520483384090519	-2.203114214169265	2.371699125410831
-0.7839561248676388	0.4415514369054026	-2.195369467254281	2.3725939338418325
-0.7839561248676388	0.4415514369054026	-2.195369467254281	2.3725939338418325
0.4038474940317519	-0.14789045044750837	-0.4078680889018661	0.5927231746049358
0.40351818037986004	-0.14820681811466888	-0.40738109559612934	0.5922428048375519
0.39793489312487523	-0.14945127295576383	-0.4120780788313177	0.5920271997195012
1.832746290066253	-1.4795981169475338	-2.6720782583012244	3.5620460089550234
1.8193851532859144	-1.450469064252522	-2.54310103843263	3.446938603170634
1.8064091807118752	-1.415565801801132	-2.4588871370929946	3.3634902438316083
1.675444668380492	-1.3129374012784945	-2.2806180282854385	3.1196374865392773
1.553257436492613	-1.2171871865851305	-2.1142965680016186	2.89212781333572
1.209336384075292	-0.947678547280298	-1.646150667840075	2.2517551243538723
1.2082575183550548	-0.9487150006102163	-1.6455393503543054	2.251165506267549
1.1855927952415997	-0.9543659377448909	-1.6545039006422742	2.248072013191966
1.5835276883664748	-1.1038172107006547	-2.066581979473592	2.840099212911467
1.5835276883664748	-1.1038172107006547	-2.066581979473592	2.840099212911467
-5.996678267797372	1.072907546837699	20.888215785763386	21.758419969385436
-5.9806928555408065	1.0701571338327704	20.459027383973318	21.342111536152697
-6.608255746752819	2.438327584302859	20.64194537270273	21.81064864217727
-7.21772775491568	4.077708473581542	20.435548205333383	22.05300276134986
-4.99425396602961	4.271836016550688	18.188494275134737	19.339402256174083
-2.092509276554691	-0.29675594349178214	2.068784821391103	2.9574532624681247
-2.101463365171609	-0.30535802880166774	2.064639985117107	2.961778193764077
-2.0651869901111377	-0.27067350736997126	2.1001467266005927	2.95785018636297
-2.0651869901111377	-0.27067350736997126	2.1001467266005927	2.95785018636297
-4.829860399261696	4.131221950028416	17.589791952752787	18.702816023740368
-4.324369818253933	3.698850491815849	15.748853826391624	16.745389399201265
-4.382257313539125	3.6432386708787665	15.747981346126119	16.747426179953443
-4.115111386878322	3.8788947617876723	15.778372963267065	16.76117596314163
-4.115111386878322	3.8788947617876723	15.778372963267065	16.76117596314163
-0.11854708315879031	-0.8158305635215708	-0.4917719127410436	0.9599336088825794
0.4065528288972715	-0.7935821027992074	0.023357326661876954	0.891965986614049
-0.6894934788239763	0.11836560579990874	0.08357308297903199	0.704553854702243
0.002985200981303171	0.49594910147723037	0.14612743955806629	0.5170373789899214
-1.1979692608130423	0.054787962535245316	1.7783837697821263	2.1449431002514254
-1.2049585470110498	0.04807343929310668	1.7764083478410602	2.147059098827942
-1.1743718739878397	0.0759506042286093	1.794485887241606	2.1459490656130904
-1.1743718739878397	0.0759506042286093	1.794485887241606	2.1459490656130904
0.0018037932457702565	0.4948141372657291	0.1469980144549843	0.5161905659364666
0.004737077193076569	0.49870294033250806	0.14207928544190948	0.518568786129966
0.004737077193076569	0.49870294033250806	0.14207928544190948	0.518568786129966
0.4049222085558827	-0.7951486201618072	0.022752612288064352	0.8926034979165887
0.40646482540308354	-0.7906840700606916	0.024382814393375158	0.889375890484693
0.40646482540308354	-0.7906840700606916	0.024382814393375158	0.889375890484693
0.33080894787285964	0.1702459799330905	1.8005538492656699	1.9053641168505178
0.36125808070371584	0.19708917212105612	1.7935410267912508	1.9068667906868888
0.36125808070371584	0.19708917212105612	1.7935410267912508	1.9068667906868888
-0.09854875454867376	-0.07453045582286562	0.9590967234569484	1.088638218516194
0.28671528964954573	-0.05365837399797391	0.9027317051391767	1.3538940267575068
0.31021696725390685	0.04259542988408523	-0.04683615132822605	0.3460091724079898
-0.6515564619604711	-0.5655715437129083	1.8033140704687178	2.221790480792897
-0.7478842355399107	0.9522529945055628	3.0590241804186857	3.3793952089264585
-0.5237332231317355	0.629167746127877	2.885731408862162	3.0988487843950727
-0.2984689117990579	0.2332207185423124	0.9912285482819879	1.0702753919889605
-1.6623959705123372	0.7040051715155192	2.7874571920904536	3.4710392332193125
-0.5661272031754337	0.07987928338582126	1.47638545212765	1.6753311123009798
-0.9976096357914435	0.9013149248601185	3.3836019052798925	3.643601956514084
-1.1047119061420143	0.9416132799300077	3.929944009097739	4.270324471443265
0.5490991370982656	-0.7914936478303214	-0.3335382323294058	1.2915857099569703
-0.8873382330385513	0.5923218383474342	-1.8222538711444374	2.1162001927502394
0.3113252154707692	-0.9507139943497455	-0.4193857868285993	1.093684009179165
-0.1501759605245478	-0.15249827036073949	-3.520039410929988	3.654124012466661
0.004163150923390018	0.5657606802040667	-3.0462385723607146	3.185138766504372
-0.6584919948657197	-0.3755932936310217	-2.831632450165719	3.078248876756774
0.26259045257415947	-0.2909820018886087	-7.619622377345598	7.687172434481484
-0.8007573126370342	0.20163574828898403	-17.241867225674532	17.268687692436835
0.1816616524456721	0.1077089252621586	-24.230635670394275	24.246834784894848
0.3220149284906049	-0.012435349613128954	-46.93001658727261	46.93133052576576
0.007431318040761847	0.10965551554926103	-8.093167683516612	8.095117200819011
-0.019478550561025043	0.032170647138022146	-2.0104855166090005	2.0153624927947322
-0.10080968073777243	0.09282857762566782	-48.958838245719114	48.965660184012286
0.9736575769641996	-0.07351782161736639	-56.76096468779136	56.769534136021164
-0.11327772422357105	-0.36484542350785265	-4.019403961676895	4.039773735421802
2.454632211381114	0.4006026406376093	-22.87125491627242	23.01146711807074
0.5881715399736456	-0.10775670242431737	-9.81895237926203	9.875486324149701
0.9748774352598698	0.36895746169158306	-12.986321583960635	13.0513832559257
0.02832342261003612	-0.41243081998312214	-2.151228698419828	2.1950321399344843
0.4120440043820585	0.46009739083543866	-5.459638950682247	5.516597437262168
0.5506222691154371	-0.28751497051070707	0.6917839561139172	1.380536867938253
0.0	0.0	409.40998708192905	409.4099870819291
0.0	0.0	320.86330899341385	320.86330899341385
7.362434049278801	0.22298240749177567	67.58610473616993	67.98709884744724
7.5164374123630395	0.3757962305712361	67.92479584068899	68.341238240027
7.63684046003884	0.2821383532767072	68.93791432105427	69.3609822969619
7.66241493553245	0.16245437646647432	69.24808335967123	69.67169398727586
7.689264903652608	0.019373385184681874	69.25853815935373	69.68485616012418
7.081403235251777	-0.44140761514922	61.288622510161446	61.69882706872164
0.6078616684014525	0.4607810003339034	18.045656774322303	18.061770216532622
5.690257960595046	-0.35189789832165785	49.32009739763647	49.64961001962962
3.716837735853957	-0.21398977531681423	29.231269954827198	29.469250373068384
2.9726838339303745	0.2023122629419433	32.41869089934863	32.55532673858085
3.6126779623903524	-0.30428289323379554	29.334864802731463	29.55989213670418
3.6126779623903524	-0.30428289323379554	29.334864802731463	29.55989213670418
1.9694693276750184	0.6705473997150424	24.301183059968285	24.390078748581498
0.9702057184854584	0.3303270137682451	11.971319603426304	12.015111656559242
0.9264584175023798	0.29544201540102394	11.984805754566375	12.024191455499698
2.854512305239409	0.10707813920523757	32.48843803822922	32.613774887193216
3.780970722741789	0.4025201546062615	44.47324379279559	44.63796634269291
3.780970722741789	0.4025201546062615	44.47324379279559	44.63796634269291
0.029537615382480675	-0.29927611620870276	5.712998826871946	5.720908517036056
0.008367878255063771	-0.31546522148268796	5.72432509978718	5.733017196503515
0.008367878255063771	-0.31546522148268796	5.72432509978718	5.733017196503515
-0.2525151159348747	0.0024969821892107807	-1432.8714682149935	1432.8717817697993
-0.44917907957581976	-0.04860634476463685	-740.0406879429669	740.0413744496988
0.4314665723024226	-0.212949930551987	-33.781956913348864	33.796273890398815
0.02544398300018467	0.1561385174039244	-110.74482481491357	110.74770798313524
-0.9274108916574735	0.122080255147059	-88.2555974181274	88.26478284525652
0.9840457221396582	-0.3224529603480589	-8.349704210301086	8.428374576780405
-0.09798566581709134	0.4607517256047836	-5.866958839711666	5.935042473630386
-0.05463216058444647	-0.19269828626757227	-3.601565481079241	3.6098297746434143
0.04915529815209545	0.22752881750638143	0.18469078330333377	0.3282926689243493
-0.3840880090865341	-0.2944584844516852	-0.25768835076998525	1.0321825495504071
0.12287819246193095	-0.6584435831665937	0.11647444055171854	1.175175337024677
-0.20770330570075743	0.7933505400783973	1.0621622901147725	1.3491531633152556
0.5970705396608543	-0.9198349035999973	9.024369030253313	9.104363875939208
2.6745816502998245	0.47494242013748433	24.246278550103312	24.409811538993026
2.4518321743094673	0.006508076349316674	23.73361043176982	23.877320616328806
1.8969988594856837	0.026865149854575603	19.899233720849406	19.995563233591515
-0.14889006139223343	0.04156387284276898	44.22471754722144	44.22498770986176
-0.07316656209957613	0.051999859623734726	73.00998848723822	73.0100436668673
-0.2988533921728068	-0.288780994777984	90.94601622239088	90.94696572473622
-0.01373192997363288	-0.009366359239707807	15.934647789571647	15.934656459186275
0.08305593988036544	-0.039754674463541605	15.302815475693812	15.303092504667973
0.2591200652878	0.05854920472057946	76.78315696626927	76.78361651370919
0.06622100876344453	-0.019858878603571127	26.137737030783697	26.13782846158921
0.10482061742214127	-0.06658058907017039	177.6059702346505	177.60601364629588
4.440892098500626e-16	1.3877787807814457e-17	-3.9526960684631263	3.9526960684630126
-3.0360968935635233	-3.0126457257386248	13.7483073491676	14.398259394214751
-2.506965168548137	1.7369094958042746	4.68681529815423	5.591776693676259
0.8967508037928388	2.2004454810519456	-9.662249632133783	9.955605972157318
-0.471550629103312	-0.5793641520956881	-0.9471224049880418	1.2062601985357957
-0.040483225353045826	0.24800545754124964	52.5522373617185	52.55519396817984
0.15482424393756353	0.3054630929268904	149.7350702824867	149.73628874277935
0.13681095839617824	-0.23643928905555384	43.71989897467966	43.72097513684756
0.4876050508164565	-0.1248184316559336	15.894809479596697	15.930508419508772
0.3602053820387919	-0.017654369477357455	6.653932374328392	6.665159819617743
-0.0028650828531182893	-0.1119483165570826	0.3721689996904164	0.41295300399716844
0.4563632145210651	0.49359192284246667	7.08714522189051	7.120323556617973
0.1197542185422717	-0.3062140152747876	3.0190281444138005	3.077377900887704
0.23485640187008722	0.21310031276738536	0.8635424165483515	1.0458921981156033
0.05185888777945856	-0.2667586867653593	0.03918928859082521	0.3080018286419037
0.21444709544174428	-0.1396681848955412	0.2322363245961208	0.3727039763368919
-0.8660035574022156	-0.42590335881736724	1.571077745872597	1.8490865044560054
-0.16261471719748477	0.055451677353215684	0.8505702418268815	0.87890156215127
0.007440069783616443	0.14530357806011995	0.3037760238830929	0.36459311845080117
-0.5927095881260424	0.7514977390922272	1.9046779147087114	2.1359005283243873
-0.373359749655769	0.008235032973283207	0.5901001509716812	0.7121539801952177
-0.1503734734759665	0.6209327131545938	2.2956312578904807	2.386694804199855
-0.5584849756606549	0.0025428973720820758	1.5946937211454315	1.6954172889074806
-1.1039109948516823	0.7014622741434371	1.1927634709450217	1.7756219443118317
-0.3296918134098233	0.2558917617739862	1.2028958461084782	1.273238273913522
-0.23643538976561057	-0.17601247838816494	0.273489606019172	0.40209283838745796
-0.07721516702330761	0.16009944527062667	1.4860158053256927	1.5031023827311856
-1.0274967391187069	0.7815138346593811	2.443928203772047	2.7672220887120806
0.30654056122609774	0.009274557000164663	0.08332573842273647	0.34709666761300734
0.24255857587216784	-0.8007682048304859	-0.4168639707521422	0.9444890423439627
-0.006904588990745003	-0.22142602279266912	-2.999298304030378	3.1096526896483465
-0.1432713715338028	0.06892775243192963	-0.5207411068996101	0.5444713228183148
0.1411182732109203	0.3381389046367438	-0.5747414844891792	0.6957440943017724
-0.13695512228753026	0.22762177556732294	-2.4714970878715357	2.4893946722026
0.06363508563009435	0.18573388222415388	-9.629889597547864	9.644736174317561
0.11802656681557772	-0.07802495696199531	-14.600746072846409	14.602098610577285
0.03528661277340807	-0.02181543138264779	-0.2690267305312977	0.27220661238807364
-0.05476516333443311	0.05398607852066993	-1.7414587860777027	1.7431558804066587
-0.005034126395000178	-0.3308582335403828	-19.896006529735686	19.89924742620472
-0.09577555434277224	0.4236868111660506	-29.062831715983428	29.066412757807566
0.002346094279534472	-0.1978837437064932	-1.6946903135704234	1.7062059486155494
-0.11562381850310552	-0.16696167980135948	-2.3247136481064716	2.333567786806252
2.454632211381114	0.4006026406376093	-22.87125491627242	23.01146711807074
0.26518472311010616	-0.26021145652177335	-4.425973885813888	4.468892225124998
0.32298681686353936	0.152454754097456	-5.39297849344814	5.406594099024703
0.6068514612156928	0.5805146017729967	-8.952699882728695	8.993085169949284
0.3680259740441771	-0.21155714008141374	-4.033621701231938	4.058298085976418
0.14910954758960143	-0.19284271964020955	0.3438134472107483	0.6491144741750459
0.4015127215258356	-0.09467225087049749	0.34797050890316883	0.7314223937632072
0.0	0.0	-3.9526960684630614	3.9526960684630614
11.721129930615506	-18.44359830959093	286.6912270362489	287.5230769260199
-11.721129930615506	18.44359830959093	30.21938588870122	37.29292813585641
-0.009005186206915025	0.16541034633625126	-531.3959516384762	531.3962067792544
-0.24350992972795968	-0.1629133641470405	-901.4755165765173	901.4755749905449
-0.6085600175355048	0.02204573394518656	-591.9116945335811	591.9122169482878
0.15938093795968508	-0.0706520787098234	-148.1289934093856	148.12915750141093
0.5894476053195351	-0.18887836817941675	-15.322788448192748	15.335920224438834
-0.1579810330171125	-0.024071562372570257	-18.459168465156115	18.460353665959982
0.11752415172737386	0.2757170001942037	-47.619365161070064	47.62051291112547
-0.076897860033692	-0.16562773297421818	-17.490764108056176	17.492274143043094
-0.015182308693497158	0.04604925018393892	-45.634695545787345	45.63492092896669
-0.3809158986242953	-0.13252661266033733	-37.39611802757972	37.40155108681938
-0.5464949930331783	0.25460686780739633	-50.859479390547676	50.86323175843714
0.9840457221396582	-0.3224529603480589	-8.349704210301086	8.428374576780405
0.22381471680297252	0.36566031323489157	-1.951133936566737	2.0025493540622272
-0.3218003826200639	0.09509141236989208	-3.9158249031449293	3.93249311956816
-0.16497686507137949	-0.20672062021439147	-0.4295465717036217	0.7085737436519486
-0.21911114401515464	-0.0877378642372937	0.17185822093363645	0.3236088058984585
0.22758473995332454	-0.561630276820462	-0.192471214927626	0.8073934990924605
-0.10470654749139359	-0.09681330634613172	0.30894565547934455	0.36778183793221647
0.5970705396608543	-0.9198349035999973	9.024369030253313	9.104363875939208
1.5476280198095713	0.4233079716901066	15.15004008588046	15.242889241954126
1.1269536304902532	0.05163444844737772	9.096238464222852	9.1669222970389
2.264281333605718	-0.09536346108361743	19.786768116947698	19.922248281850198
0.1875508407037494	0.1018715374329341	3.9468423148221223	3.9550723344786105
-2.8481808523746444	-3.1588199120825715	13.368533088132367	14.028825835874256
-2.4058441877595884	1.6668494909983909	4.497767853191673	5.366226713680909
1.364450968947563	1.4836344587318304	-9.697819287762316	9.910574987955725
-0.15599104457456303	-0.1916562373086389	-0.3133123023820374	0.3990362365884856
0.15482424393756353	0.3054630929268904	149.7350702824867	149.73628874277935
0.23485640187008722	0.21310031276738536	0.8635424165483515	1.0458921981156033
-0.17617503827865014	0.2786563056262799	0.5385487862661311	0.6314441986165473
-0.4165345498473922	0.4728414334659473	1.36612912844258	1.50445632970784
-0.04671877367740898	0.3810884007950525	1.1807086948744574	1.2415651554334939
-0.10365469979855753	0.2398443123595413	1.1149225630160233	1.1451296487663611
-0.8667945097849833	0.6411918204368486	1.9293338969961185	2.2101558675547612
-0.1607022293337234	0.1403220142225325	0.5145943067759281	0.5570662211573193
0.24841425332336187	-0.7843307637847159	-0.3854321875669773	0.9085385844783832
-0.005855677451194023	-0.01643744104577015	-0.031431783185164985	0.03595045786557949
-0.21037533067612127	-0.03038632561098216	-1.0354631142375914	1.0662292222537495
0.1616221756523263	-0.2211592575695567	-0.6219664079604579	0.6937976235203921
0.04184856603304997	0.03011956038786967	-1.341868781832329	1.349625843874205
0.015871285363704787	0.04397006462111804	-0.20114592720215543	0.20650653333949573
-0.15282640765123504	0.18365171094620486	-2.27035116066938	2.2828881388631044
0.06363508563009435	0.18573388222415388	-9.629889597547864	9.644736174317561
0.7589661820321797	-0.03957058405296206	-6.261559845204382	6.309057534732641
1.6956660293489343	0.44017322469057135	-16.60969507106804	16.7024095833381
7.391108653750304	-11.63016192801077	180.78821644334016	181.31292634108385
-6.464170920376319	-0.5406407009557075	-0.34022179552434295	6.4956561581966525
-0.9269377333739792	12.170802628966467	136.46261827713423	137.0074225625957
-0.6085600175355048	0.02204573394518656	-591.9116945335811	591.9122169482878
0.1096324030716416	0.01678420185801932	-56.49156368194963	56.49167255627156
0.0497485348880435	-0.08743628056784272	-91.63742972743597	91.63748494513936
-0.11664895610934609	0.02959066300066819	-7.406302361539792	7.407280017445546
-0.04133207690776642	-0.05366222537323845	-11.052866103616326	11.053073648514435
0.03175108119039427	0.06264443731584712	-13.173319454447668	13.173506667004528
-0.04693338988389143	-0.01659518713190821	-32.46137609133968	32.46141426196217
-0.40954663034081107	0.22027155952744656	-42.68720195855141	42.68973482059259
-0.13694836269236732	0.03433530827994979	-8.172277431996266	8.17349693784455
0.2215252467526184	-0.10165462315339563	-1.1548948309319615	1.1885575092399323
0.7625204753870398	-0.22079833719466327	-7.194809379369124	7.239817067540472
-0.07635793365276722	0.04744580697402562	-0.5409026168855962	0.5483222406439693
-0.2454424489672966	0.047645605395866444	-3.3749222862593324	3.3841708789241904
-0.16497686507137949	-0.20672062021439147	-0.4295465717036217	0.7085737436519486
0.22758473995332454	-0.561630276820462	-0.192471214927626	0.8073934990924605
0.604718628857571	-0.835087573799634	7.8704209843786845	7.938895523449737
-0.0076480891967167786	-0.08474732980036315	1.1539480458746274	1.1654683524894716
1.5476280198095713	0.4233079716901066	15.15004008588046	15.242889241954126
0.6546734828382864	-0.029574353381901296	5.4946070182020685	5.533550243377664
0.47228014765196674	0.08120880182927902	3.6016314460207823	3.6333720536612355
-2.808266130255804	-3.34561368142702	14.098672728679357	14.759812406467075
-2.924414567821431	0.7696289262184883	4.334182586993612	5.284852689144426
-0.255528019485669	0.33240461657267345	4.656674771174506	4.67551145035003
1.364450968947563	1.4836344587318304	-9.697819287762316	9.910574987955725
0.07864531173399819	0.5819465171639898	-4.330058256747967	4.369696939231401
0.14849028110886742	0.16154194981138725	-0.05947656178480898	0.2273381326007522
0.24432303454900284	0.025095037130291334	68.78799882823921	68.78856973291667
-0.08949879061143927	0.28036805579659907	80.9470714542475	80.94771900986271
0.03248103997905864	0.01949444889279048	-0.08962646357335552	0.09730341447462601
0.00936752605399133	0.010625111495079193	-1.2522423182589733	1.252322429399579
3.236776095000908	-11.755982148507297	192.57170079929847	192.9576344291665
-6.534791303370577	-0.5427795456519928	-0.0035999817284675384	6.557295172070073
-4.064418840909125	12.075779286667503	145.3030854597254	145.8606547017083
0.07857014754522182	-0.2110424625861056	-0.12050132500231892	0.29105419311014946
-0.24354701261660128	0.004321842371714096	-0.30904524670130284	0.4175195505417992
-1.9106903361645893	-1.3941229882170274	11.090195641405842	11.339610038781979
-0.9328139439719633	-2.0896341078142266	2.8359058323952726	3.6440464388949017
-2.774441435953731	0.7301599460981534	4.1119121388122135	5.01382890271839
-0.2537243245235505	0.3227928933112169	4.657856187677304	4.675916546508391
0.15502379940086605	0.15084424665618604	-0.06105874595577021	0.22475438947358367
0.15502379940086605	0.15084424665618604	-0.06105874595577021	0.22475438947358367
0.2862101331444711	0.26416367871037294	-4.340200703209971	4.357641659614609
0.2862101331444711	0.26416367871037294	-4.340200703209971	4.357641659614609
-2.77267764205255	0.7207608518918465	4.114047536173299	5.013244921430791
-1.7420860919080687	0.4476236170729181	3.6101343327377546	4.033398164648867
-1.1068322025650996	0.17946521273110336	0.35078175662614425	1.1748757925829663
-0.4818983048712418	0.40226850067978803	-0.5442339131892701	0.8308047154068439
-0.9404934822226084	-0.6105112027357338	0.2612055672094101	1.1512950391234342
-0.4709007462883489	-0.3056801417764715	0.13078442207052848	0.576448113005611
-0.4615741400795105	-0.322958107641016	0.12983679037379806	0.5781091749970543
-0.4615741400795105	-0.322958107641016	0.12983679037379806	0.5781091749970543
-0.352744358039507	0.5294930047761193	-0.49581461060362647	0.8066123928651064
-1.0599009076337111	0.21988904509858417	-0.3695445568070919	1.1438113068259477
0.23756381365994517	0.004772898718272717	0.004151091342347368	0.23764801215698098
0.24266369805144847	-0.004098331957688093	0.010318847109637472	0.2429175689045814
0.24266369805144847	-0.004098331957688093	0.010318847109637472	0.2429175689045814
-1.0251181333925716	0.1635879244941937	-0.4030975794998767	1.1136048918037535
-1.0251181333925716	0.1635879244941937	-0.4030975794998767	1.1136048918037535
-0.6425875315929281	0.11892799887455703	0.6005401973091901	0.8875309196074015
-0.6384460318157685	0.10641039583608004	0.5801069127763492	0.8691723293652401
-0.7353431204400065	0.3525413120821082	0.9294442706037744	1.2364794918077717
-0.22190953567880767	0.1063888091112166	0.2804847707089405	0.3731408947420985
-0.2208874379935801	0.1021143901298617	0.27112756220852036	0.36431959036551415
-0.8593334698093487	0.20852478596594176	0.8512344749848695	1.2334919197307543
-0.8593334698093487	0.20852478596594176	0.8512344749848695	1.2334919197307543
-1.1668616943504255	0.29878837822422066	5.620140134731693	5.747766161103475
-1.1848858540576168	0.2784135298910785	5.579782859801806	5.710993376227132
-0.09360560164118598	0.11908682007780552	1.718406115079584	1.7250690582460055
-0.09984911036487809	0.11407909484317275	1.7118323601530534	1.7185324884877964
-1.284734964422495	0.3924926247342512	7.29161521995486	7.429525864714929
-1.284734964422495	0.3924926247342512	7.29161521995486	7.429525864714929
-1.1365919366170898	-0.8293070400097976	6.597106136429435	6.745472612968473
-1.1340131258753525	-0.8430492834122715	6.5976112058745136	6.747235840535041
-1.1549750225830646	-0.6794513405420145	3.5512855503966168	3.795688407576535
-0.13279887033247983	-0.5096083179360383	3.514188054938618	3.5534284660232633
-1.1628112034409679	-0.698610740477139	3.54570437519313	3.796341183010492
-1.1628112034409679	-0.698610740477139	3.54570437519313	3.796341183010492
-0.14508358941428945	-0.5208985265309376	3.528741945296351	3.5699305650605115
-0.14508358941428945	-0.5208985265309376	3.528741945296351	3.5699305650605115
-4.015053755830131	1.9574952540995596	-1.942675059712568	4.870978415026689
-2.045070282798728	0.42510488731894264	-3.145875324052793	3.7761830174519044
-1.6266315885431168	-1.5331134539451772	-3.1050289694574653	3.8259080083926866
-0.5833646613887694	-2.2869528212010906	-2.8569028739636266	3.705720114339236
-1.1290153591883318	1.035763226881514	2.8802373373606756	3.2623991575173132
-0.54812651150802	-2.1488094065968544	-2.6843316190853876	3.4818760431294287
-0.3552229239889511	-1.8926584549910674	-2.653883384052551	3.278938299072835
-0.4566204380590794	-0.8469136961540352	0.7712938051459791	1.2331500991538373
-0.4562330255829229	-0.8489781813286673	0.7707184441744606	1.2340662243961569
-0.4489598480499042	-0.8687584803477357	0.7892606530592681	1.2566776121204057
-0.6690970934319529	-1.4988713632659783	2.0341637922164577	2.613834083797658
-0.6681987433397133	-1.503658587635874	2.033191388111561	2.615596667963721
-0.5144379762995245	-1.1576482125700962	1.5653289886508575	2.013715634898981
-0.5104835112955679	-1.1790964985545762	1.5932115301514382	2.046749849887814
-0.9594433593454721	-2.047854978902312	2.382472183210706	3.30342746200822
-0.9594433593454721	-2.047854978902312	2.382472183210706	3.30342746200822
-0.35510211538371034	-1.8933022328501645	-2.6552067542791202	3.2803679313813103
-0.8411562562778687	-1.397188731250091	-2.524106554704058	3.005127966943775
0.3836792168392195	-0.4026697487368751	0.1305106202959933	0.5713017503843478
-0.7101822295557576	-1.5999451688277615	-2.4913871950120776	3.0448634612905483
-0.7101822295557576	-1.5999451688277615	-2.4913871950120776	3.0448634612905483
0.39281396288790826	-0.4197970517109097	0.15495384538412768	0.5954351923292769
0.39281396288790826	-0.4197970517109097	0.15495384538412768	0.5954351923292769
-1.1278281301471473	1.0294365933700316	2.882073364402154	3.261607405669309
-1.073574496087561	0.9799160372397653	2.743432600383649	3.10470933768962
-0.9711995720326223	0.8864722843765672	2.4818217805125937	2.8086475517428067
-0.9224289749886496	0.8419564260329566	2.3571924731303753	2.6676060789815423
-0.9242284607118144	0.8237561502075809	2.304188367847576	2.615732493417204
-0.9242284607118144	0.8237561502075809	2.304188367847576	2.615732493417204
-3.8502821840286074	12.288261926942482	142.89860533115524	143.47765491417468
-3.682865670576156	12.158033701190028	136.87367810518472	137.46194033647436
-3.647305195960569	11.991617032339224	133.06477952806807	133.6537962988554
-3.561556763926594	11.709693172713642	129.93641609521376	130.51158503539176
-3.511218211267883	11.441443691676396	129.9712072926476	130.52107114249927
-1.9404984210007874	3.3801456976154967	40.44126451019163	40.62864499638524
-1.6249734243266405	8.110818550191055	89.66858354647331	90.04932421409254
-0.5610356168804754	2.0308515540794048	16.65472235313548	16.787462454407628
-1.1127084044901916	6.124482854455449	73.13849050072196	73.4029032324481
-1.3790160235589093	5.912094990475151	72.89545305509824	73.14780672363081
-1.3790160235589093	5.912094990475151	72.89545305509824	73.14780672363081
-0.619991900967903	1.9798111714820839	16.569177000997414	16.69855289306148
-0.619991900967903	1.9798111714820839	16.569177000997414	16.69855289306148
-1.9261760550312639	3.3551976310838185	40.142776975077595	40.32877444963367
-1.8292990459602267	3.3894661971255293	41.57670849999663	41.75473034034226
0.007879355250598477	-0.37175692424454065	3.2271279516434084	3.2484796615095357
-1.472773688633961	2.728868549220864	33.47352226199722	33.61684813484576
-1.5940863577297792	2.6308390604150906	33.34012689638838	33.481733631115674
-1.5940863577297792	2.6308390604150906	33.34012689638838	33.481733631115674
-0.4952721516528408	-0.03579768358454649	2.4984985885847024	2.5473655362967857
-0.5034769573025929	-0.04457491890545788	2.487078974062054	2.537919973748512
-0.5034769573025929	-0.04457491890545788	2.487078974062054	2.537919973748512
0.1466261495771457	0.3246384072447177	8.83181560105881	8.838996330709952
0.11385767873572716	0.299879640395261	8.824253435591812	8.830081543524063
0.11385767873572716	0.299879640395261	8.824253435591812	8.830081543524063
3.3849954210595	-11.608907685874414	182.3510040129283	182.75180572618873
3.5008763877116706	-11.69904797355803	183.04869235469343	183.4558708020344
3.52549034058935	-11.814236876108808	186.34742158565044	186.75512230385056
3.59760240123543	-12.198515362937533	186.3661186097448	186.79985435154492
1.9245463528801652	-6.829707658004063	112.8604377829301	113.0837570206828
1.6587336823857395	-5.343859638401783	73.8041683619285	74.01596787761348
1.5539773180641068	-5.006371280198938	69.14310888536511	69.34153232539438
1.2997798016355917	-5.206373404596475	69.35971327524604	69.56698625918155
1.2997798016355917	-5.206373404596475	69.35971327524604	69.56698625918155
1.50760231878819	-7.152198873706709	113.15099572512806	113.38731651762721
1.50760231878819	-7.152198873706709	113.15099572512806	113.38731651762721
0.510171508567893	-3.4920463045207435	54.507377742321296	54.62425313290494
0.5518120121689811	-3.4265869303648535	43.27375996498454	43.412944795073734
1.6356287858494443	-3.7225981766899574	71.52292445559178	71.64457085624412
-0.3166011833061158	-0.5958393732792322	16.392248552610113	16.432937171165385
-0.3712834367883734	-0.06189928603138157	9.48088485593524	9.572711338802044
-0.4696480586085039	1.313331022538645	18.658578680162	18.74633672461524
-0.89644037422826	1.8205668596559226	24.77214120975167	24.855487698922765
0.36531690697466424	1.14436451948653	9.533097042104693	9.60943210655897
-0.7622570473731369	1.1914918330758144	16.74649132989302	16.80669926671024
-0.5665196169099239	0.9936830042680276	13.435765661929626	13.514218647902556
-0.35837329287438224	2.2541385674262258	26.220818595864714	26.331775848908993
-1.2923417958948757	1.533118883239485	9.492840627318	9.741699704522432
0.5924480842846923	-0.46420177712444904	4.16525192312166	4.3579910558513815
-0.08922690054618862	0.05672184527150609	0.012444151348302401	0.1719106303137289
-0.3363870207083827	0.06855403645613418	0.02955423596014109	0.6052644451631689
-0.08756404880759538	-0.06022077708142108	-0.13693626672161013	0.9154347529229248
-0.341650448698716	-0.2242846549709707	-0.18923823614086582	0.6711597854976025
-0.377720964671536	-1.2914864110714912	0.8948070270795577	1.8515982463972076
0.11876419727068639	-0.9074317046943472	-0.2837704397903028	0.9682678764869881
0.15161775214913029	0.33510260366709965	-0.3190137946711711	0.5064891744565962
-0.5762407001659435	-0.13785371056193457	1.0859169620370088	1.6534603137774062
-0.17380911074059352	-0.3855431803910421	0.1722327571263524	0.4761689552562416
-0.1607004829711066	-0.4817054063963976	1.915695427577581	2.1348138738797178
-1.2602288107202404	-0.6336630042176135	5.039350493590236	5.307576756355566
-0.36564125439912065	0.04139055497469893	1.7428018492356603	1.8494271282640238
-0.5969704856972855	-0.38062344304783474	1.6614597766747048	2.011556355026733
-0.21991069427599852	0.26181054250561175	0.6347349082156238	0.7334940202425174
-0.3253638255534145	-0.5514420804874582	1.231686225108611	1.4733366508145345
-0.7362783329152651	0.4856903883980084	1.0886121695736777	1.4855293114060724
0.18709702651253204	0.11722231608208462	0.7452142431835596	0.7896647528294045
-1.4770122255505798	-0.4465942771044947	-0.19131388371353258	2.0924721141818536
-0.11553886179142536	0.19192685107029317	-2.1532803473965907	2.56396322343613
0.8209145091258866	0.3969972175095414	-2.283783657649009	2.463058058968242
0.2725435031260103	0.2652406769805889	-3.3115657024493736	3.378052634575184
0.8007162600273919	1.0849874044409449	-5.755487639339969	5.912990947766023
0.2458382927429683	0.017068683599436855	53.38787609518548	53.38844483369989
-0.001515258193965481	0.008026353530854475	15.400122733053722	15.400124899216776
-0.028554175398348654	0.0421197016543564	31.03602835596992	31.03607007213977
-0.06094461521309061	0.23824835414224263	49.91104309827759	49.91164893772294
0.1509342233321177	-1.4953349447699793	27.301499568759517	27.34283610819842
0.3592372852357752	-1.9967113597507642	27.20587817356178	27.281417024706517
-0.029906534165737658	0.032382007273591314	6.540975020223073	6.608259150128961
-0.34137690262263565	-0.09428129330497288	2.9399098357121662	2.964452188673082
-0.35963658218146216	0.8570706263568977	13.152260457705637	13.218404376854046
-0.11001147642704166	0.4562603961817471	5.506318222456363	5.527932347761192
-0.17895161980739668	0.480313286078839	5.913863977060817	5.936035012884706
-0.7174887544208634	1.3402535735770837	18.858277232690853	18.91945268603806
0.1319853424057377	0.23251262290732688	2.187115264127192	2.203396339517554
0.2333315645689265	0.9118518965792031	7.345981777977501	7.406035767041416
-0.5101217170123715	0.8210381518805947	6.334153136969796	6.4090017600633775
-0.05639789989755245	0.17264485238743305	7.1016125249598305	7.1052168878391795
-0.1598880420689013	1.1975200803840658	14.118560346189149	14.170844878228124
0.023437372110781174	0.5148903464011988	3.853275083895803	3.890098975129142
-0.22192262291626214	0.5417281406409615	8.248983165779764	8.270831995551731
-0.35710552209776714	0.5927709256520739	3.9025939612932987	3.9945909756862528
-0.9352362737971087	0.9403479575874113	5.590246666024701	5.747108728836179
0.5797838399227555	0.0036006139367864287	2.0437181274484613	2.1809782191296048
0.01266424436193675	-0.46780239106123545	2.1215337956731983	2.1770128367217767
-0.0066018782130697964	-0.0344813503963904	-0.025201822555431453	0.04321666554946497
-0.0826250223331188	0.09120319566789649	0.03764597390373385	0.12869396476426392
-0.3363870207083827	0.06855403645613418	0.02955423596014109	0.6052644451631689
-0.23452837992670272	0.18009947518095323	-0.011865816832679621	0.5789610450285972
0.14696433111910734	-0.2403202522623743	-0.1250704498889305	0.3364737078943276
-0.341650448698716	-0.2242846549709707	-0.18923823614086582	0.6711597854976025
-0.1543690480756587	-1.2451501746155633	0.6854216213128109	1.5138187709934223
-0.22335191659587728	-0.04633623645592805	0.20938540576674694	0.3377794754037856
-0.29194933227085357	-0.05644919298096293	1.247802498439999	1.2903146066036386
-0.2842913678950901	-0.08140451758097167	-0.16188553640298997	0.3631457071737678
-0.10813390993375588	-0.08885898926888054	0.04957986165970951	0.1484824068152338
-0.06567520080683766	-0.29668419112216154	0.12265289546664289	0.3276865484410078
0.10815797746965325	-0.03909246909803551	0.2899631172023423	0.3417378578211757
-0.2756477254471177	-0.38882257374720886	0.7135380858959588	0.8693566859026517
0.006789265006357806	-0.0537903635511533	0.9121942244792802	0.9237193301558906
-1.096014776359194	-0.7374797160180735	4.558864411863475	4.772011042494674
-0.16421403436104642	0.10381671180046007	0.4804860817267611	0.5355657138608918
-0.36564125439912065	0.04139055497469893	1.7428018492356603	1.8494271282640238
-0.6312014606622874	0.06343850595635192	1.1444919406239389	1.3159716239468573
0.03423097496500188	-0.44406194900418666	0.5169678360507659	0.6955847310798757
0.017485243899506196	0.021964536592578215	0.0726475980330544	0.07788355488756384
-0.2373959381755047	0.2398460059130335	0.5620873101825694	0.6556104653549536
-1.4982100643115845	-0.33338247490055506	-0.21631899651124836	1.9097939789482465
0.02119783876100484	-0.11321180220393957	0.025005112797715834	0.18267813523360696
-0.14366332760823836	0.09249116191464793	-2.09691508168649	2.3813837340790025
0.028124465816813	0.09943568915564523	-0.05636526571010045	0.18257948935712734
-0.06806414933972996	0.10938504207496746	-2.225168217059787	2.228894661052451
0.3406076524657402	0.15585563490562143	-1.0863974853895864	1.149157973522733
-0.005287154042143808	-0.009308042242022481	0.16095404783437292	0.16130963753760702
-0.10472432238489787	0.46556843842376966	5.345364174621991	5.366622710223584
-0.036869861635506866	0.1938981829800081	6.142727174620059	6.145897252141114
-0.01952803826204559	-0.02125333059257507	0.9588853503397723	0.9593196356980658
-0.11948922708730458	0.42373426775997275	6.49403925785979	6.508945712455136
-0.10243339582895752	0.11799387288098875	1.7549439079199733	1.761886283096594
-0.35710552209776714	0.5927709256520739	3.9025939612932987	3.9945909756862528
0.07339650807752957	0.03582837251092759	-0.03744491514881425	0.16598983777707166
-0.40978352878591223	0.03272566394520659	0.06699915110895534	0.4392746073860972
-0.23452837992670272	0.18009947518095323	-0.011865816832679621	0.5789610450285972
-0.0005947381316307107	-0.07198822090864848	-0.0809231874576446	0.10831075630491496
0.14755906925073803	-0.1683320313537258	-0.0441472624312859	0.22816295158941263
-0.1543690480756587	-1.2451501746155633	0.6854216213128109	1.5138187709934223
-0.10281589237927333	-0.08036182837439841	0.06233263237527837	0.14461842290750573
-0.12053602421660393	0.034025591918470356	0.14705277339146858	0.19316105249627988
-0.09327108651862129	0.022627603579339992	-0.007213862791087426	0.0962473056271007
-0.19102028137646876	-0.10403212116031166	-0.15467167361190254	0.2668984015466671
0.03499443632607054	0.03489317991496847	0.23329505747147833	0.2384716511851632
-0.028205171319712737	-0.08868354346612177	0.6788991670078018	0.6852476789707274
-0.1155937385447802	0.1342425226884453	0.39123930676323704	0.4294777787558922
-0.048620295816266236	-0.03042581088798523	0.0892467749635241	0.10608793510499956
0.04322972226809253	-0.10447450661606414	0.06577505324779065	0.13080553906389492
-0.008998747303090651	-0.33958744238812255	0.45119278280297537	0.5647791920159808
-1.4431167745635616	-0.3128481659355205	-0.19549546215285832	1.7610991626192765
-0.05509328974802294	-0.020534308965034546	-0.020823534358390027	0.1486948163289701
-0.06269866740543027	0.16188521989218388	-1.8148888462013766	2.051036629677813
-0.08096466020280807	-0.06939405797753595	-0.28202623548511363	0.33034710440118975
-0.06700773480897364	-1.1454766666401994	0.6335917882476905	1.3176740814314742
-0.08736131326668509	-0.0996735079753639	0.05182983306512051	0.19614468956194833
0.008931552588905312	0.04097252858205147	-0.03990283590685131	0.0578857240039762
-0.06402484233692826	-0.06150683754708602	0.01907930154846128	0.09080909232499391
-0.032836015122006214	0.030734229908174905	-0.1559584048825437	0.16231395759653142
-0.04812864508080186	-0.10012828788571086	-0.12606783060256993	0.16803314680465833
-0.0523013914717526	-0.5195849750296094	0.36098279273023276	0.6348327011691504
-0.014706343337221043	-0.6258916916105899	0.27260899551745776	0.6828413802623238
-0.0662108308687443	-0.04098357049818384	0.09307917378290681	0.12135592184651572
-0.02115048239794079	-0.05868993747718008	-0.0412493407177863	0.07478876771543261
