0.0	0.0	6499.999932280723	6500.0
-2.416956388475647	-0.6621336283867834	3595.621111259789	3595.621984557911
-1.1451956370870073	1.6927002694537359	4.197362309248376	4.668464159069462
-1.5638323219790946	-0.8267910284257124	47.34854582004495	47.381578131260696
0.19654510500161934	1.205717667693501	-0.8146674190063622	1.4683555686818097
2.772826584666575	-0.7454054125540075	243.82558844913675	243.8424937927461
1.63945720825012	-0.7070606489060842	184.17254000424825	184.18119406257335
0.4109711603413272	0.44777907383048343	2364.4070564792	2364.407205570834
0.10618428928141277	-0.40480629270525936	59.770117556383	59.772493639982486
0.0	0.0	-6499.999932280723	6500.0
-1.7396547508317535	1.752409314211501	-94.15982546930573	94.19219749792805
-0.19457212937714985	-0.5869120314542329	-1086.050064313185	1086.05024032903
-0.3478360737880878	-0.4081299864165011	-44.763222397977245	44.76643429480186
-0.7010556492311082	-1.0141331970746705	-597.1764634896533	597.1777360980757
2.5996952868159875	0.6153450459056793	-40.62303339604811	40.71078367467584
1.582670532707453	-0.340028082778145	-753.1472875568272	753.1490272312101
-0.6738537019293607	-0.2479954986673463	-187.97983128912068	187.9814923125818
-0.19909674871282285	0.016523785503067878	-3306.3740842797783	3306.3741410694497
-0.3262967656537361	0.21292065077065997	-388.2538422681141	388.2541780080885
-6.072919944699606e-14	6.17284001691587e-14	3595.6132238416635	3595.613223841664
-5.551115123125783e-17	1.262177448353619e-29	4.432653973454884	4.432653973455567
1.0658141036401503e-14	3.552713678800507e-15	47.35220794988572	47.352207949884814
9.880984919163893e-15	-1.3877787807814457e-14	0.3274195288071322	0.3274195288071873
-3.552713678800501e-15	1.665334536937577e-16	243.78914580033268	243.78914580033256
-1.1188272530660015e-13	4.4450554348429705e-14	184.17583178471483	184.17583178471483
0.4109711603413272	0.44777907383048343	2364.4070564792	2364.407205570834
0.10618428928141277	-0.40480629270525936	59.770117556383	59.772493639982486
8.384794519719665e-13	-2.8421709430404007e-13	-94.17580616788598	94.1758061680024
5.551115123125783e-17	-2.7755575615628914e-17	-1086.2006067353611	1086.2006067353611
-6.994405055138486e-15	2.7200464103316335e-15	-44.767673768681405	44.767673768681405
-4.773959005888173e-15	6.994405055138486e-15	-598.2074357114051	598.2074357114051
-3.497202527569243e-15	-5.898059818321144e-17	-40.66055555941776	40.66055555941776
8.526512829121202e-14	-2.4868995751603507e-14	-753.1446940127098	753.1446940127098
-0.6738537019293607	-0.2479954986673463	-187.97983128912068	187.9814923125818
-0.19909674871282285	0.016523785503067878	-3306.3740842797783	3306.3741410694497
1.7763568394002505e-14	4.263256414560601e-14	-1086.2006067353661	1086.2006067353648
-1.5543122344752192e-15	-6.661338147750939e-16	-17.161994926679213	17.161994926679213
-0.8727227730538551	-1.7787325199464377	-1068.787589503827	1068.7894259449865
-0.8726425446875368	-1.7788406374906245	-1054.8774734579097	1054.8793342311549
-0.8678163030594436	-1.7690025717370663	-1049.0433623351132	1049.0452128171573
-0.1450910299738592	-0.5234951541043119	-765.9813112292039	765.9815038569757
-0.7423070462114258	-1.264261518953986	-283.23303258833994	283.2368269242663
-0.06213788826179581	-0.22419637792986985	-328.0455113841533	328.045593880521
-0.12090682066803282	-0.40141588496145175	-327.96520317504456	327.96547111978487
-0.44720358632176893	-0.18849523419079178	-716.2190454431586	716.2196491278734
1.1102230246251565e-16	4.440892098500626e-16	3595.6132238417113	3595.6132238417117
-2.7755575615628914e-17	0.0	4.046690371124328	4.046690371124669
5.329070518200751e-15	1.7763568394002505e-15	47.28042900165849	47.280429001658035
4.9404924595819466e-15	-6.938893903907228e-15	0.28374473436946346	0.2837447343694919
-1.7763568394002505e-15	8.326672684688674e-17	231.06817609439992	231.06817609439986
3.247402347028583e-15	-1.7041923427996153e-14	184.17583178471355	184.17583178471358
-0.3484313361022729	0.46955387600789267	-14.176338441835739	14.188391623292679
-0.33253476188134873	0.4481312963852404	-13.529567635448212	13.541070911446669
-0.33646554111273086	0.44294670373600686	-13.656595375606022	13.66791893799983
-0.33646554111273086	0.44294670373600686	-13.656595375606022	13.66791893799983
-1.071365218763276e-14	-2.2426505097428162e-14	3.987826726484382	3.9878267264844407
1.7763568394002505e-15	6.661338147750939e-16	3.9878267264843714	3.9878267264843688
0.0	0.0	3.98782672648437	3.98782672648437
0.0	0.0	-12.118115147421406	12.118115147421406
-3.4803565359663615	-5.976130160415557	-3.2477065065789277	7.640327929123679
3.4803565359663615	5.976130160415557	-4.882581914358109	8.465613944782099
-2.4796652110020516	-5.552702347339752	-5.030662121134535	7.892325658120302
-2.1510849445750995	-4.883009263405274	-5.469918693066156	7.641397543253096
-2.0562198301929246	-5.0108516172370985	-5.566543151305028	7.766793197670956
-1.1369147079948245	-4.135619004249752	-3.3314488114481833	5.43088121623606
-0.9241313638262162	-0.8850706787409589	-8.069205462661625	8.170033395441077
0.050347567344783684	-2.641062227544974	-1.8560875851932415	3.228437035348661
-1.203158849560532	-1.4731341970821252	-2.122132032642464	2.8497648927334094
-0.6405782716500228	-0.6002089455604882	-0.38814075629377354	0.9598148504463069
-0.5412579132279159	-1.9914397548769027	-2.5200616922154513	3.2572232589289642
-0.7145443003733156	-0.49139913443037575	-0.37114145368547824	0.9432882089577326
-0.7145443003733156	-0.49139913443037575	-0.37114145368547824	0.9432882089577326
-0.6369566690407451	-1.8520793492758347	-2.2283356764486753	2.966713939897743
-0.6369566690407451	-1.8520793492758347	-2.2283356764486753	2.966713939897743
0.04815216624206009	-2.525898948910092	-1.7751530545657355	3.087661331550623
0.02682950155946784	-1.4073844455548248	-0.9890826386989722	1.7203881149087588
0.02029520925688988	-1.0646176845334383	-0.7481927713140284	1.3013896929001274
-0.05131855521785178	-0.9594354593054252	-0.5565665407755036	1.110367645869188
-0.05131855521785178	-0.9594354593054252	-0.5565665407755036	1.110367645869188
-0.9045495907001457	-0.8663165774193886	-7.898223980095793	7.9969154312215665
-0.7970216672755062	-1.3097473212904793	-13.507112675905972	13.593850610601606
-0.13937602148238581	0.4200489849404682	-8.148146759834496	8.16015701104551
-0.12013563376839104	-0.3783536220699771	-7.986057359646802	7.995917469896951
-0.6746906324043905	-1.0465569778553796	-5.601989846886658	5.738708844502675
-0.7601957042805142	-1.521382364737212	-5.678166871311419	5.927400849191697
0.09203936417870155	0.1320586258604451	-0.1647128429601841	0.2303064173196113
0.08352922742108494	0.14446825749640316	-0.17979583491621465	0.245305424951895
0.08352922742108494	0.14446825749640316	-0.17979583491621465	0.245305424951895
-0.7934055627752549	-1.4768215864334486	-5.491215970040821	5.741423796832152
-0.7934055627752549	-1.4768215864334486	-5.491215970040821	5.741423796832152
-0.12283296958516421	-0.3807573854666484	-7.9283785722051325	7.9384665338595015
-0.12283296958516421	-0.3807573854666484	-7.9283785722051325	7.9384665338595015
-0.14240310215704333	0.4178839969036241	-8.245634375381687	8.257444636862521
-0.14240310215704333	0.4178839969036241	-8.245634375381687	8.257444636862521
-1.25528014141649	-0.9215827458069183	-542.2280910252234	542.2303272040847
-1.2234320433583912	-0.8982009868760036	-528.471055569489	528.4732350135694
-0.6931879419546016	-0.5089143258812804	-299.42796202020645	299.4291968778065
-0.7469861893917056	-0.670461786746138	-299.37866181454604	299.38034447378936
-0.7469861893917056	-0.670461786746138	-299.37866181454604	299.38034447378936
0.43001995350027844	-0.6419775493068481	-178.9407413995626	178.94240968803163
0.17730747176308576	0.0965401225697424	-23.76792108285241	23.768778482191863
-0.2775316196780806	-1.1278043328936052	-384.2159138762314	384.2176693518414
-0.34655838923620763	-1.3349761441700565	-383.98290188154937	383.98537889013585
-0.34655838923620763	-1.3349761441700565	-383.98290188154937	383.98537889013585
0.17294047215103925	0.08386227035640559	-23.760223018382685	23.76100038236162
0.17294047215103925	0.08386227035640559	-23.760223018382685	23.76100038236162
-0.44720358632176893	-0.18849523419079178	-716.2190454431586	716.2196491278734
-0.25517839315943963	0.24271444610712858	-179.50499166725717	179.50539139413513
0.20289977322810898	-0.0723348485377874	-216.40838961720655	216.40905992426323
-0.825316200965752	-1.414048236735772	-672.4103513977986	672.4129255936696
0.18508507982655714	-0.298955604163331	-37.17704666029929	37.178971329328164
-0.4058821273546265	-0.074259475388704	-174.91333119290377	174.91551811395317
-0.15924310045141968	-0.05179615702101581	-70.6331647475113	70.63757129512013
-0.058293326264312634	-0.7952932745500607	-64.60019287874432	64.61080618446502
-0.2959319649584422	0.3427134710774191	-14.181779598083768	14.189692759347084
0.02305550466032691	-0.14334916437368103	-2.1124441197627766	2.1220227339126474
-0.02059329752622825	0.12537009445905323	-0.2703963137355703	0.3278345792765945
-0.24075657992772875	-0.6669002621449309	-5.51520422802742	5.5824651642154475
-0.2227634675068359	-0.14919107236635842	-4.49421539643913	4.5291912645106995
-0.4395661496705801	-0.9399968475268858	-0.655165671213908	1.234614972545641
0.08609948384332877	-0.6370602245438203	-2.9062777168512093	3.017188916968871
-0.6883856614581031	-1.000365216022928	-1.597236072759535	2.067216526770723
-0.14578440286448285	-0.1671857437742969	-1.4985669176501113	1.7826100966322598
-0.2997932090886078	-0.607730720829303	-1.7949375703860848	1.9233390442766067
0.14170669360359378	-0.030285917850932403	-2.9072975713306946	3.161304902407437
-0.48914497602092255	-0.173124341360138	-1.4658050831887262	1.742886458688567
0.17854001814051002	0.34577868508641374	-3.5542572789604368	3.667574188497147
-0.14627659997361414	0.1932961313013892	-1.4599074488979051	1.75296371392096
-0.07618982893884252	-0.41055185814510164	-0.7250041057230722	1.258086029043903
0.20521253940652723	0.5172427287155396	-0.25353937174307956	0.6262220374297377
-0.24730815673969211	-0.5993711362111624	1.361670501706469	1.68141914054635
-0.06109312369597464	0.21642038002847144	3.67446039882091	3.763246064788785
0.052194624175574696	0.00011126807234617384	5.661854305518193	5.710581040056498
0.12344965152976035	-0.2793004202835548	19.81613512619375	19.840685735974535
-0.5188296827190871	0.35192433912326704	29.32587782824949	29.35816137836044
0.23457807774628323	0.016325251892064713	69.81709312549383	69.82245022211539
-0.07945166784881756	0.09135786481000309	25.53127202114791	25.531940577044605
0.9010047517277988	0.29588438042880616	1141.6205538150348	1141.6209556896179
-0.32927828605319764	-0.045524296967933114	1066.6391460268133	1066.6396104983414
-0.9711298978174714	-0.014499133498189376	219.32166946245468	219.32406821710538
-0.3274429055928757	0.7285640537153195	25.892335626967004	25.906755270706785
-0.6435884726466633	-0.7425057074775122	193.4220863683887	193.42458224317863
-0.11886722248067183	-0.9967346914449815	176.6023942947171	176.60524703441976
-0.5246502150438738	0.2546309428247646	16.814466451058646	16.824576571164165
-0.5243316275122679	0.25447632124791086	16.80425606858222	16.814360049438932
-0.5232663972244507	0.2539593280498992	16.770116601135918	16.780200054780707
0.11895125789662081	0.42488489010312747	9.594645873577957	9.604785578604012
-0.6401746681275442	-0.16832676158810622	7.160355741028066	7.190886721570054
-0.5578222902379137	-0.19000344883849335	7.1430864891401455	7.167353180176992
-9.992007221626409e-16	-3.941291737419306e-15	11.739160931049293	11.739160931049291
0.0	2.220446049250313e-16	11.739160931049302	11.739160931049291
0.0	0.0	6.325078050193973	6.325078050193973
-0.32805358617686353	-1.8684522952295994	5.195408818252989	5.530913660846016
-0.32706560583265054	-1.8644879907021916	4.9714104178555525	5.319606086991214
0.09859998753852825	-1.8581327314544376	4.980066957736196	5.316337659402442
0.6568680765214572	-1.9263184112451095	6.261682898165006	6.584136314553888
-0.5582680889829403	0.06818567979088148	11.439353765507905	11.453171050785242
-0.4875777819408261	0.05955171568760609	9.990853580730308	10.002921261905207
-0.37366397979764276	0.029097011703941092	9.980080973497188	9.98711608240581
-0.9314862700355565	-0.16090643713455227	17.123167462637333	17.1544692625828
-0.9314862700355565	-0.16090643713455227	17.123167462637333	17.1544692625828
-3.3029134982598407e-15	1.7541523789077473e-14	-3.221675832773684	3.221675832773741
0.0	0.0	-1.3516957733831791	1.3516957733831767
0.13440553837087066	-0.7089337035467804	-1.7991096941791653	1.938413664948456
0.0	0.0	184.17583178471318	184.17583178471318
-0.3304293083197878	-1.952491710105517	183.44233340839438	183.45302148975998
0.3304293083197878	1.952491710105517	-0.6181973970643142	2.074506068336398
0.19655515332614598	2.658622585806153	-0.029093380794070756	2.666037210329932
0.08319529159716517	2.703096126321955	0.009164388036253458	2.7043916341182808
0.09809635163434308	2.697281086661027	0.013431096788127444	2.699097728690896
0.09809635163434308	2.697281086661027	0.013431096788127444	2.699097728690896
0.0	0.0	1.0893244936847974	1.0893244936847963
0.0	0.0	-44.76767376868146	44.76767376868147
4.326844794517558	2.398650110121868	-5.662790971946503	7.519462069762049
-4.326844794517558	-2.398650110121868	-38.01555830305016	38.337536192604205
2.0159761161661764	4.503725382292727	-7.982487653930187	9.384445170877614
1.141273314872212	-2.7534576802854405	-7.9407329602999575	8.481702301021675
1.4068145257299034	3.1428478923435894	-5.570442771100233	6.548774896903698
1.0765965372596433	3.2705035527291395	-5.548449762855709	6.529973075242108
1.052849859535815	2.3056357699010235	-5.113987454257654	5.707654230283783
0.30012549542403333	0.9470339473863573	-0.7670123012232979	1.2550922200115677
0.6747514742354208	2.298422167244104	-3.906746297018053	4.582652140423299
0.3780983853003495	0.007213602656822443	-1.135462209012359	1.1967810380872717
0.3680746012377538	-0.0039111830762987385	-1.1305452668458182	1.1889603903481685
0.3680746012377538	-0.0039111830762987385	-1.1305452668458182	1.1889603903481685
0.6309487464627139	2.2540802183344617	-3.8882482810236105	4.538441213261738
0.6309487464627139	2.2540802183344617	-3.8882482810236105	4.538441213261738
0.28435271255755956	0.9336634741861191	-0.7591928790446167	1.2365103217362112
0.28435271255755956	0.9336634741861191	-0.7591928790446167	1.2365103217362112
2.4883226120727255	0.48370400571122896	-6.29804395578485	6.78904092312689
1.372134210375803	-0.13658960950561705	-1.929746061445815	2.3717775769186624
0.9532165912721402	0.3750994681071136	-5.189812875583476	5.289941319563264
1.2229346144205668	-0.0789120340375008	-1.4714835977331007	1.9149569600023542
0.9465557967203649	-0.06107819859573871	-1.1389336051078658	1.4821835849491198
0.9308197310532237	-0.07592478972539533	-1.1271214971798438	1.4637598214248717
0.9308197310532237	-0.07592478972539533	-1.1271214971798438	1.4637598214248717
0.9194200793437302	0.3881645227061542	-4.907238452492208	5.007693501863521
0.6256780228421415	-0.49774285994528655	-4.606036445045651	4.6749109805410125
0.04472499128508872	0.5563756142610973	-1.4685755548581536	1.571072343756582
0.5885107743544234	-0.5406212654675492	-4.599754289647858	4.668656745718286
0.5885107743544234	-0.5406212654675492	-4.599754289647858	4.668656745718286
0.3089328733530302	2.150014897809408	-38.45384325633617	38.5165544248692
0.3105591476509395	2.1592774575637863	-38.46990260774208	38.53311864840546
0.5373143588667633	3.069140407471309	-39.89644873013766	40.01929348248815
0.5423955657987654	3.069216270749542	-39.899719239383145	40.02262831009517
0.5422970462208332	3.068658791013546	-39.89247177228418	40.01535901331512
0.5422260110987155	3.068256832156251	-39.88724614967121	40.010117650909834
0.032652760244451795	2.712433608261593	-30.203218395631737	30.326583449775647
0.509254663322658	0.355977845471513	-9.673817371563066	9.693750722859434
0.032873472339076615	-0.2481352170526487	-6.123065039656559	6.12817894900188
0.4753159606957642	0.6046300557221734	-3.5166128644602064	3.599731768515781
0.4732729737022369	0.6020312552570515	-3.5014978779303076	3.584259523122423
0.7004548267648396	0.6554866670608733	-3.4803074186300362	3.6101024172735015
1.2212453270876722e-15	-5.551115123125783e-16	-469.95871373126334	469.95871373126323
1.6930901125533637e-15	4.107825191113079e-15	-363.13065737663806	363.13065737663806
1.0255086232073156	-0.4637290670636263	-101.66599576293663	101.67222534720757
-2.220446049250313e-16	-2.7755575615628914e-17	-330.7267077745174	330.7267077745174
-0.34270476674640665	-0.8310829520973417	-18.176319581006954	18.198536725278615
0.0	0.0	-330.7267077744916	330.72670777449156
-1.5543122344752192e-15	7.216449660063518e-16	0.2837447343694919	0.2837447343695203
-1.8318679906315083e-15	-4.440892098500626e-15	0.2837447343695487	0.2837447343694066
1.1102230246251565e-16	0.0	0.28374473436943504	0.28374473436946346
0.0	0.0	0.22291138667496568	0.2229113866749154
-1.4574997351842023	-0.37540977650728796	-10.971366018059548	11.07411893924709
-2.678812824827068	-0.989884394721627	-321.30530539552456	321.31799698208107
2.678812824827068	0.989884394721627	-9.198490992291978	9.631622179085314
4.094820771904043	1.3546070866798043	-20.374743484195974	20.826250011946158
4.116167364927672	1.4063740630067676	-21.265872166147417	21.70617517592898
4.055489198252707	1.4338123789668122	-21.5789993887731	22.003545741444917
4.025422496862459	1.476325062828323	-21.833663178832772	22.25067211964552
3.7284350221223583	0.6659517941469781	-19.003791938155203	19.377534093248528
0.29698747474010334	0.8103732686813446	-2.786196446239899	2.916812820834692
0.33102325890828677	1.043338667514929	-4.591446414989695	4.720117811537522
1.0314780856731263	1.6988253345758024	-8.07175383361973	8.330220228811022
1.0314780856731263	1.6988253345758024	-8.07175383361973	8.330220228811022
-0.3940674485418684	-0.8078570445116958	-18.43486442918698	18.4567643069105
-0.41951822434429403	-0.7718710288967727	-18.647850284450602	18.668532364837816
-0.0920914910470676	0.06010214621421889	-0.5204085076892255	0.5319004846568021
-0.6311062488348678	-0.7663159469966287	-44.79047218948783	44.80147245554796
-0.0893538961037655	0.08023241976490192	-0.6224170850236983	0.6338961962811308
0.03129055504935815	0.5416742664292301	-1.4655438518501136	1.5627568241548684
-0.05806334105440735	0.621906686194132	-2.087960936873812	2.196653020435999
-0.05806334105440735	0.621906686194132	-2.087960936873812	2.196653020435999
-0.7378877067642418	-1.876284196047532	-4.054733887345056	4.528331651868696
-1.5775645004790186	-2.3734753955136507	-7.952251789097092	8.447508728819297
0.22017837855608047	0.15786980083245755	-1.555250347369365	1.5786719213918374
-1.4145926900542363	-2.1282812484039177	-7.13073680785265	7.574830755464257
-1.5644884219885085	-2.070334560709258	-7.334205780127801	7.7797483019094615
-1.3154713567720087	-1.7408027923189144	-6.166832232716201	6.541458479475383
-1.37138776739195	-1.8022830934761744	-6.190080632194059	6.59136002587071
-1.37138776739195	-1.8022830934761744	-6.190080632194059	6.59136002587071
3.6489856081679655	0.6517609930594107	-18.59883915677691	18.96461722103426
3.734084371040872	1.2893623481364145	-21.507553635114192	21.867343339377456
0.21227285766341164	0.16092591686938354	-1.498102944369387	1.5216009163867712
0.20019848151846914	0.1469918816847148	-1.494602883941819	1.5150986192227585
3.934282852559341	1.4363542298211294	-23.00215651905601	23.382441958600214
3.934282852559341	1.4363542298211294	-23.00215651905601	23.382441958600214
-0.044271140142765536	-0.11892457115339539	-1.7208902644170223	1.7255626009041265
-0.18923236078080352	-0.06205312987835959	-1.7175347727461567	1.7290416920614633
-0.18556136102013118	-0.06285279080929462	-1.7170025091873433	1.7281438332997607
-1.4460777777152338	-0.34771073332746255	-11.448460576958551	11.544665143495754
-1.478544946517731	-0.33302926741068495	-11.610642798048271	11.709143001760822
-1.4946327870518836	-0.31028193408117455	-11.744746537355063	11.843532972615181
-1.4945253100536557	-0.5473920011564888	-12.974871697475407	13.07212834511921
-0.39671331895112366	0.3228584926626358	-33.591827274673015	33.59572113700172
-0.9146110248649433	-0.3349898163736178	-7.940287542064932	7.999806107309732
-0.9050520944204943	-0.23736288702129293	-7.13696126397838	7.198032822743022
-1.0906134554406255	-0.30021567783058756	-8.853963773165724	8.926176656042783
-0.8328143193755231	-0.2627413599484855	-9.793334625902492	9.832192828036131
-0.831798357096611	-0.20654997429329924	-9.108590521708617	9.148823568684747
-1.9224118125372365	-0.5067656521238868	-17.96255429487434	18.075000224727532
-1.9224118125372365	-0.5067656521238868	-17.96255429487434	18.075000224727532
-3.1572494310383896	-1.7502677020072872	-27.75512866076651	27.990850790466958
-2.5377510158796937	-1.4109463033736271	-22.302360411645104	22.493001792124517
-2.6020985023014536	-1.3860708539428654	-22.91195111928274	23.103214346065116
-2.784507156571711	-1.5978849445753205	-22.948300367278808	23.174125790371168
-2.784507156571711	-1.5978849445753205	-22.948300367278808	23.174125790371168
-3.436374243995392	-1.2255097488477646	-27.067141360688133	27.323166095067855
-0.1983760395721042	-0.2664553903548392	-6.530042084954301	6.557097002622409
-0.3260523344571776	-0.3321960753219625	-5.169750436090238	5.2144606279863215
0.163474856429344	0.23371775150106527	-3.1968737341170357	3.212604780056008
-0.026519515143230032	-0.2584314256981116	-3.2629744101542872	3.5124867695684383
0.4033014584053874	0.44671940001661853	-6.451443115923402	6.4809573638158255
0.8279092277897995	-0.45738737911023697	-9.390359257816424	9.503590150952823
0.9205977237136077	0.26026129623149014	-4.8540597769136165	5.024672137228692
-0.3017378687721753	0.7989578782792082	-2.0100554213749753	2.188419981314034
0.4502208878928482	-0.34199758027504434	-2.694799136837877	2.7570062324215336
0.11381740044305609	-0.5626338232795667	-3.315694581702961	3.4093227188660458
0.10676468067752681	0.8409303713134771	-2.6291047566983075	2.7659056731984304
0.5137410328128212	0.10090367768266106	-5.279522089648211	5.511471957736339
0.513617223543594	0.05037613612639402	-2.566053499516882	2.6209140715014847
0.337078580710457	1.4324516490324224	-1.6318391252970774	2.2605310952659776
1.2661033687216214	0.004602961353641383	-2.651470445861497	3.1088717943119324
-0.08602532997666074	1.3398195957361243	-1.1088046556565505	1.8098852486612917
0.07033980029534644	1.9560911498403246	-1.5289755266959486	2.725253613631688
0.35930231448214645	0.02285882842118736	-0.18763198671535578	0.42783880383594014
-0.048773205324463956	0.03474918622853179	0.006093616274691134	0.15199752813934408
-0.23732126071382775	0.11992472541332788	0.6923881759305452	1.075661138044862
0.7802835111851201	0.46136419003235724	0.8413663412441947	1.3331212645330635
-0.8420837791823274	-0.047242169342526424	4.094056471720205	4.209542851600428
0.09013938395318062	0.40165199903413223	2.5055308604943227	2.656051553012122
-0.2614179850557401	0.09061620876753262	4.743045254840548	4.815851233521261
-0.03684795167260074	-0.14484602978694663	5.0977842551140595	5.101884185325684
-0.17796731817041592	-0.1415570207997209	27.524101746971184	27.53855267888705
-0.06825122935598005	-0.32804924389011125	14.90469749582001	14.909116733178019
0.03594840755927475	0.059316253184569886	16.25657850242329	16.265955088277146
3.979039320256561e-13	-1.4210854715202004e-13	-94.17523544246797	94.17523544252617
0.6484296990588505	-0.9168444002122623	-122.83525847166688	122.8403915189545
9.853229343548264e-16	3.83026943495679e-15	-40.66055555941777	40.66055555941777
0.27101375209178613	-0.1063245923218279	-749.9228743875537	749.9229308956164
-2.2274897778022495	-0.9425295310690878	-2.252756713315811	3.305296573159553
-2.086170551870847	-0.6545009490048803	-2.395653160406177	3.243398391919438
-2.0491352160914884	-0.7044105973705692	-2.3034986633751235	3.162476168398011
-1.8560874531810374	-0.638048510122772	-2.0864874772221644	2.8645412421068177
-1.9570628080246708	-0.49088030982694436	-2.224362402183237	3.003139425563804
-1.9570628080246708	-0.49088030982694436	-2.224362402183237	3.003139425563804
4.707154988804302	6.495231878408839	-5.8907493657444965	9.95219942188373
5.109978269499809	7.316242732356614	-5.559618651582695	10.514211581690237
5.326428927074164	7.024548976090492	-5.230062649824854	10.250301885981786
5.461537921825765	7.233337559989661	-4.9914687980299695	10.347189448831255
-0.1351089947514966	-0.20878858389903068	0.1473697505356722	0.2890760394814291
1.6726606445608896	1.0582543600415508	-0.9233049458473845	2.184075993512141
3.7548085824396114	6.122435672217346	-4.0310035205058545	8.236006036516256
1.611222919363701	0.7406993918973295	-1.2587866473504419	2.174676690588219
-0.1316100377132624	0.2511928808964242	0.1184705153500982	0.3073342292151158
-0.18664128550205858	0.33240873334264925	0.04216981806011465	0.38354768805397166
-0.18664128550205858	0.33240873334264925	0.04216981806011465	0.38354768805397166
1.4926198631652643	0.9146734986648167	-1.216518997770974	2.1317739413486043
1.4926198631652643	0.9146734986648167	-1.216518997770974	2.1317739413486043
3.2104351450255644	6.9216118929137975	-4.827702926629095	9.028971179726106
3.2104351450255644	6.9216118929137975	-4.827702926629095	9.028971179726106
-0.10104029992623498	-0.15614105616826857	0.1102094188589442	0.21618345828428254
-0.14321028114613912	-0.09384007480557721	0.1183661917386606	0.20814826353391705
-0.14321028114613912	-0.09384007480557721	0.1183661917386606	0.20814826353391705
-0.18968171938090672	-0.0184329728829358	-29.944472012854966	29.945403701448257
-0.4270570861818329	-0.17805763190476367	-36.90903445506094	36.91528846415957
-0.11616305347417938	-0.004751786948912096	-103.26408964523165	103.26797552866252
0.3777079446658031	-0.23338411703324438	-6.366466097631831	6.383356609985262
-0.1682396262830187	0.2112805814865269	-1.1826256067381151	1.2205601099814094
-0.3884437298018513	-0.11571554903994748	-5.5877827298258715	5.658933206495186
0.36105988614406803	-0.008805536371863473	-2.7405238773644727	2.7677414413485173
-0.08984129061699302	0.26764650714589	-0.3180323778752463	0.44758294043015695
0.2931197573908075	-0.03629106014291961	-0.2175509233935835	0.39087624369938845
0.08575065296720721	1.2096942982975407	-1.9555930973577542	2.4556952611145064
1.3581542575038559	1.6386481188481605	-1.4398752556022556	2.6911412888514525
0.5768622771694549	3.0772241778785823	-2.381434589862415	3.935927976212827
0.29644389204621263	0.1904347575136776	-0.15048627197840125	0.9074489961765447
-0.19834673683579435	-0.0731041857894705	0.03704003510720999	0.2560027325910655
1.3034089319109008	1.3807211415165326	-2.2944424732695845	3.092793359428968
-0.08680022652206401	0.23096570613728584	-0.00693451857216508	0.2813309877770389
-0.40544035163907777	0.2435548009392658	-0.7166000696994126	0.8698829028041575
0.33028325032867073	-0.2496006920471142	-0.8910795919569043	0.9917812110138773
-1.2010623639824576	0.0866805959863944	-1.7676049753166971	2.2078567207045
0.09490873123050128	0.08321628382842425	-1.268275724997955	1.2821605658719522
0.22039909099844543	-0.3749796005730414	-32.5715465396839	32.59645250559413
-0.15777156643807067	0.13240224886205565	-53.80172804119897	53.815446192931596
0.2560587838387664	-0.07015444816120309	-11.182971801979015	11.18693727843486
-0.2812376904159914	-0.3237136578913793	-84.8304112210966	84.83160244102173
-0.028947598207354475	0.1505857212815522	-485.2450372824229	485.2457586408258
0.30576777319338694	-0.21404380986565602	-859.7753031466724	859.7757978389253
-0.5777020067327093	0.3504821360550299	-1775.6891015931467	1775.6894787337671
1.687538997430238e-14	3.1086244689504383e-15	3328.340510043932	3328.340510043932
1.3443636398876861	1.5699470462553544	230.72253938733957	230.73179717730008
0.7353628356026025	-0.28427654361505006	46.18418688983786	46.19091566887016
-0.26526613329826826	-0.7805833376374551	-285.1462727068286	285.1478986960584
-0.5600500676674838	-0.6334648990983172	-387.26407869097017	387.26502689761116
-0.2646712576037123	0.008220729334905733	-36.320025201155666	36.32125863530165
-0.2741923691471257	-0.09562291455740557	-81.19752015332568	81.19815936357004
0.13298149939621148	0.013142709833795833	-57.395785838422405	57.39610011508146
0.09250635234715401	0.005343314162348553	-47.974071863949156	47.97436437274066
-0.12121841431356332	-0.09172325245504351	-16.138432965564323	16.13975233477648
-0.13053103848501035	0.03458378127167914	-6.520659917997824	6.5234545876029815
0.08718875467646817	-0.6407679316506139	-60.065585676776536	60.06922879395286
-0.1454820809407808	-0.15452534289944705	-4.534607201967799	4.541577390512164
0.047592225451238604	0.013684043487192751	-0.11143003371698602	0.12193820313474248
-0.06818552297746686	0.11168605097186046	-0.1589662800185843	0.205896376141852
-0.3226988555083584	-0.5400129600169268	-0.37280792994513523	0.7312552912373521
-0.11686729416222166	-0.3999838875099589	-0.2823577412687727	0.5033596813082888
-0.6883856614581031	-1.000365216022928	-1.597236072759535	2.067216526770723
-0.16279449304726115	-0.3634177806005954	-1.2285337417511697	1.2914602916250686
-0.13699871604134664	-0.24431294022870767	-0.5664038286349152	0.6318787526515384
0.09037441175935672	-0.12379247291644034	-2.8036478877168167	2.9604533743753807
0.051332281844237056	0.09350655506550794	-0.10364968361387805	0.2008515280320565
-0.13735234906315086	-0.034925456383960246	-0.4762882511984355	0.5161547620883271
0.0713002516722258	0.0353574764286976	-0.0420911684477534	0.16608831502916066
-0.4230928786299975	-0.17355636140487538	-0.9474256635425373	1.0606433815710794
0.32958024965031196	0.3321624357795822	-3.3278017270695854	3.363435616195128
-0.151040231509802	0.013616249306831495	-0.22645555189085137	0.3041385723020189
0.14853216778690181	0.4852877719163544	-0.22290815931908398	0.5543050368975917
0.05668037161962539	0.03195495679918513	-0.030631212423995573	0.07191700053214599
0.22081066996937815	-0.31985883557528677	0.700305524347673	0.8130034680121441
-0.46811882670907023	-0.2795123006358756	0.6613649773587958	0.8684156725342058
0.03872635259573461	-0.07278272819698633	0.8405789801992684	0.8560665060391087
0.18908290264730443	0.16753419422302507	0.9591250711674233	1.0016090741149477
-0.28890237893901366	0.12166891400243272	1.874756347454218	1.9055704846347286
-0.21562825870362204	0.13463045193348225	4.294209101004558	4.303990298849399
0.26782288287919676	-0.1345191838611361	1.3676452045136358	1.406590741207099
-0.26581265609349997	0.078097556247133	20.8874133638418	20.910311887232297
-0.25301702662558717	0.27382678287613404	8.438464464407684	8.44784949112814
0.1250194476734717	-0.04467421550860022	3.6415950054174533	3.646686114297365
0.10955863007281154	0.06099946740066493	66.17549812007638	66.17576410781803
0.2501927479482293	0.025842622100590906	331.8374974249677	331.8375927491002
0.6508120037795696	0.27004175832821525	809.7830563900673	809.7833629405177
-0.03249897455013884	0.6494808632974258	25.89423572326375	25.90450202700458
1.8898173791746151	-1.536665502804209	176.61660405769013	176.63339882215084
0.22851851460568684	0.39559457674697257	9.603076846811915	9.613937835582473
8.326672684688674e-17	2.220446049250313e-16	-38.67260794573016	38.672607945730164
0.0	0.0	-38.67260794573016	38.67260794573016
-0.3089328733530302	-2.150014897809408	6.1063133607999855	6.48113157105493
0.4577891576975961	-0.49435839238948764	1.9212859842710115	2.0625714451595663
0.12838861178174696	-1.4233260547523487	5.7888970986716135	5.971814658274381
0.17759435544367974	-0.5963850957915698	0.5195239546290882	0.8106294326023589
-0.33096069169701536	-1.9496888822593874	182.78235902691281	182.7930567422086
1.9684881820727274	3.170201024815476	-30.149747795743043	30.381594961548895
0.4245574563752497	-0.15543536947685319	-6.118805100949844	6.135485722520919
0.8852297671405829	-0.2653823783791938	-102.83760758126854	102.84175996444377
-2.6373210367196407	-0.9791973101724807	-299.0968535379127	299.110083557714
-0.6784514833631121	-0.8192608724658328	-43.13027719607016	43.14339226118578
-0.14381328476425548	0.37319766782825703	-28.833076804179584	28.83585054677364
-1.7902576316305847	-0.7103919119002036	-14.367868102616539	14.497061517948756
-0.35456489200012575	-0.2944837116488134	-3.2664629932975777	3.3017718259365076
-1.2915517203646811	-0.22063412529874765	-9.432810264774012	9.524332751182591
-0.3260523344571776	-0.3321960753219625	-5.169750436090238	5.2144606279863215
0.21937417575493368	-0.13130366548573072	-2.7001096792298096	2.869896958834699
-0.2458936908981637	-0.12712776021238092	-0.5628647309244779	0.6425898107337397
0.805079694733347	-0.4649832684385413	-8.43900916493452	8.541755617760824
0.022829533056452425	0.007595889328304378	-0.9513500928819036	0.9618345331919991
0.7465179856475886	0.31344857610357935	-4.526633271901945	4.624896521377145
0.174079738066019	-0.05318727987208921	-0.3274265050116714	0.39977561585154736
0.08785371218892836	-0.11190603948804358	-1.1245398363027195	1.1420642997445551
-0.006708084073405323	-0.036207694584302716	-0.6027054854552999	0.619749693535184
0.03267177232753306	-0.41452008920722044	-1.588449259944942	1.647508725586307
-0.4046175209600811	-0.005817265841438761	-0.5858103992847015	0.725536206994422
0.9183585537729024	0.10672094352409985	-4.69371169036351	4.785935750741918
0.032441778373968194	-0.010674096986713951	-0.38837835158208234	0.38987709513148233
0.48117544516962574	0.06105023311310798	-2.1776751479347998	2.231036976370002
0.13659035588386034	0.24747642902365435	-0.15476590401386642	0.35118909178391167
0.20048822482659662	1.184975220008768	-1.4770732212832112	1.9093420034820658
0.9140880645929292	-0.3061782341723321	-2.3233130049524977	2.5192390130342015
0.35201530412869214	0.31078119552597344	-0.32815744090899907	0.5896327812777306
0.22675321316031444	1.8033593745027288	-1.582072333306156	2.460506174184122
-0.15641341286496802	0.152731775337596	0.053096806610207326	0.26474743944756607
0.133754018745708	0.05068784065063092	-0.13023529949448998	0.19344412101397776
0.22554829573643848	-0.027829012229443558	-0.05739668722086581	0.2343946828219624
0.13673644045593492	0.07572199387335471	0.14841160529256697	0.25678096500759645
-0.12254270921968038	-0.06411197959267162	0.46307727798605924	0.5030381812518491
-0.25151499195008226	0.1083147111326448	0.08089929265191903	0.3158419917854164
0.7802835111851201	0.46136419003235724	0.8413663412441947	1.3331212645330635
-0.8420837791823274	-0.047242169342526424	4.094056471720205	4.209542851600428
0.38457214312222804	0.3627886747656288	1.386077693101656	1.4900343996088923
-0.29443275916904743	0.03886332426850339	1.1194531673926669	1.1660171534032298
-0.32062855267699486	-0.26619682559608665	2.867826146081824	2.9013048801874834
0.05921056762125472	0.3568130343636192	1.8752191087587242	1.9145463533337779
-0.25131991065303455	-0.456039482522115	15.966476895436655	15.975575042686955
0.07335259248261868	0.31448246172239414	11.557624851534523	11.562977636200092
0.0040731257680496746	0.029454421564034754	5.663780128521673	5.66546636191057
0.018363373123986768	-0.11074025886727665	7.147127042049308	7.149282843334637
0.013511908667238308	0.14060209048781178	3.4456713318523087	3.4512058830319363
0.0	-1.1102230246251565e-16	-0.45542393109121804	0.4554239310916728
-1.5470049535350086	1.5033484791804028	-93.7067830786691	93.73218964639818
0.5077306961762105	-1.1131286711329835	-121.13973175770616	121.14590977919713
-0.22776289137617872	-0.9139063006131044	-0.1027789827021156	0.947451413146684
1.846917103853169	-0.4448990346534898	-749.9265583977814	749.9289646548453
-0.4270570861818329	-0.17805763190476367	-36.90903445506094	36.91528846415957
0.09123462665246809	0.038266186303192916	-37.1854189432438	37.18882748871051
-0.20739768012664747	-0.04301797325210501	-66.07867070198783	66.079148039952
0.320319991210221	-0.19222345650637324	-5.872187805247279	5.8840584951286
0.05738795345558213	-0.04116066052687117	-0.4942782923845521	0.49929811485666326
-0.013054186794716066	0.08910235930019064	-0.5647362631733316	0.5718712172934656
-0.15518543948830266	0.12217822218633625	-0.6178893435647836	0.6486888926879438
0.1959890365836766	0.04446516144846398	-1.0085321434501238	1.037788862108154
-0.584432766385528	-0.16018071048841145	-4.579250586375747	4.62114434438703
0.20727024900191937	-0.08443862791061126	-0.12812019762039245	0.25788684154689384
0.08584950838888813	0.04814756776769165	-0.08943072577319107	0.1329894021524946
-0.14107895433355097	0.8944137855703836	-1.6350267838162074	1.9331093650827318
0.22682960730075818	0.315280512727157	-0.3205663135415472	0.5225858960317746
0.8008041475886264	0.7207991455207751	-0.8315876170151972	1.4491350412751882
0.5573501099152294	0.9178489733273855	-0.6082876385870584	1.2420062475762648
0.4408032381564612	2.602800341396473	-1.9855427468538998	3.303219204280415
0.13605903901299374	0.47442383648210923	-0.3958918430085152	0.6327087719324119
0.06551307580777599	0.4007170171254445	-0.3120681654279292	0.5307847168949599
0.23093081623843667	-0.21028225961176683	0.16158189344952795	0.3766642792815849
0.7529411693814865	0.669611439946259	-0.6310965995100108	1.1971059217419155
0.5504677625294144	0.7111097015702736	-1.6633458737595737	1.8956874376870527
-0.014178673250028966	0.18983057282377716	0.024946031157668448	0.19198694128573907
-0.07262155327203504	0.04113513331350866	-0.03188054972983353	0.08934404649129982
0.21322836818527854	-0.23525506654531173	-0.6503553965059242	0.7237219252576044
0.11705488214339217	-0.014345625501802475	-0.24072419545098017	0.2680592857562728
-0.024220666758551418	-0.09694083323232493	-0.03609927147625472	0.10624181496530723
-1.1768416972239062	0.18362142921871932	-1.7315057038404424	2.1016149057391926
0.07797412571908484	-0.44674606980544196	-28.869044658751545	28.887890080604013
0.14242496527936058	0.07176646923240053	-3.702501880932356	3.7085624249901143
-0.05813497165134116	0.23011561906486366	-37.48539426690704	37.49791871562252
-0.09963659478672951	-0.09771337020280801	-16.316333774291937	16.31752747730908
0.20193983938492857	0.007590886658859923	-8.03317097455387	8.035712365851943
0.054118944453837844	-0.077745334820063	-3.1498008274251452	3.151224912582916
-0.14863945111764787	-0.17021460910252945	-31.782623985825445	31.783427350176485
-0.01933763777173026	-0.021668334983556175	-7.717679296553887	7.717733958005611
-0.11326060152661327	-0.13183071380529368	-45.33010793871726	45.33044113283963
-0.09231303441489942	0.06923558158300777	-194.2053628964532	194.20603468666278
0.06336543620754495	0.08135013969854443	-291.03967438596965	291.0397239541629
0.3983179910644705	-0.025936475630096184	-710.5754823156515	710.5757686649297
-0.09255021787108358	-0.18810733423555986	-149.19982083102087	149.20002917399563
0.0	0.0	3328.340510043203	3328.340510043203
1.360087283233952	1.5546671240691694	230.27620070865873	230.28546510825072
-0.7899690740370752	-1.090705579156098	46.18871337107409	46.208342673953844
-0.26526613329826826	-0.7805833376374551	-285.1462727068286	285.1478986960584
0.05280338898702597	-0.059904296228946496	-20.71493862374987	20.715092539216894
0.08017811040918552	0.07304700606274234	-36.68084721467253	36.68100757586457
-0.07137109083791437	0.08323352292185052	-3.103030527602045	3.104967005811108
-0.05915994764709599	-0.04864974165017137	-3.417629390395779	3.418487581791874
-0.1503333577303339	-0.09778212025936094	-2.6237768064364735	2.62989851353296
0.004851276789553112	-0.05674322264008611	-1.9108303955313257	1.9116788769792046
0.01388734598706828	0.10752506898590597	-0.11622011652424397	0.15893902706351634
0.03744493585716878	-0.014018513920398039	0.012570432910365935	0.04191250096854014
-0.11247314663040053	-0.11007771679178316	-0.3659088176968828	0.39831717928726873
-0.31061973199959697	-0.06347864461309222	-0.5815168458456544	0.6623262022838107
-0.13685741626074074	-0.039294959067257884	-0.19339003472435945	0.2401536002735584
-0.014182815249061263	0.05291120837408938	-0.033065517166491906	0.06398497202846051
-0.25536374307394033	0.12939504077823427	1.807391776236599	1.829923154305236
-0.03353863586507333	-0.007726126775801541	0.06736457121761884	0.07564733032949267
0.010652746208454394	-0.03914021990825392	0.07604465809744665	0.08618716749844946
0.2571701366707424	-0.09537896395288217	1.2916005464161893	1.3204035737086497
-0.03249897455013884	0.6494808632974258	25.89423572326375	25.90450202700458
1.8898173791746151	-1.536665502804209	176.61660405769013	176.63339882215084
0.22851851460568684	0.39559457674697257	9.603076846811915	9.613937835582473
0.017494438525923972	-0.29082516233418676	6.341046774808226	6.347736567527964
0.4851119731969401	-0.4993886970897153	1.9291832741503046	2.0773470587702185
0.2011186121985579	-1.4398943901068806	5.780287131589761	5.969452560700697
0.16535017074989194	-0.5915814356974526	0.5024816207053427	0.7935975385392434
-0.32987836862705894	-1.9433129188612037	182.18461564252163	182.19527837365064
1.9684881820727274	3.170201024815476	-30.149747795743043	30.381594961548895
0.4245574563752497	-0.15543536947685319	-6.118805100949844	6.135485722520919
0.8770474844553614	-0.5748111027600227	-49.673289073918646	49.684356366113185
0.08763169663972503	0.3236195254684059	-53.5692712887311	53.570320470547784
-2.327384820465811	-0.22758037758186422	-311.95626031818176	311.96502506632845
-0.6784514833631121	-0.8192608724658328	-43.13027719607016	43.14339226118578
-0.17751423809209044	0.32833441047213796	-29.43214901616799	29.43451563215981
-0.06615172748547075	-0.03010576225713185	-0.3702033213068716	0.3772703368634143
-1.2253999928792103	-0.19052836304161583	-9.062606943467141	9.147062414319178
0.03636422155044613	-0.19308063968997358	-0.5096356024600374	0.5461967935889632
-0.0036924492229130704	-0.22143944951724692	-1.0788136574849048	1.1013119319973437
0.22675321316031444	1.8033593745027288	-1.582072333306156	2.460506174184122
-0.05793344332885649	0.084599273540225	0.06218379001021743	0.11991724096019908
-0.19358154862122579	0.023715437592419807	0.018715502641701607	0.19592475082521735
-0.22667063396529652	0.004495087700562995	0.6069118570958	0.6478748215505351
-0.06776212520375094	0.0343682365679404	0.512541310296867	0.5181423318526946
-0.030033918205452245	0.10365298041998511	0.7516330739386511	0.7593406708659711
0.08924448582670697	0.25316005394363417	1.1235860348200732	1.1552056824678067
0.014545969496754147	0.01444402470224555	5.5629969501770296	5.563034718816443
-0.010472843728704473	0.015010396861789212	0.10078317834464487	0.10243164309412793
0.013141676069131582	0.024374883466268586	2.5957100651943774	2.595857773674301
0.005221697054855182	-0.1351151423335452	4.55141697685493	4.553425069660336
-0.04311605097404109	0.015566715024658333	1.4993147518004406	1.5000153470663804
0.056627959641279396	0.12503537546315346	1.9463565800518685	1.951190535965556
-2.1316282072803006e-14	-3.1086244689504383e-15	-0.45542393109099066	0.4554239310923549
-1.5416606464975287	1.4981551994915732	-93.38307211192323	93.40839493113758
0.5077306961762105	-1.1131286711329835	-121.13973175770616	121.14590977919713
-0.19282484700124974	-0.9133846697059556	-0.09302533681193906	0.938140016076431
1.846917103853169	-0.4448990346534898	-749.9265583977814	749.9289646548453
-0.1406043595342315	0.007364557128637518	-54.19207058330819	54.19225348635061
-0.06679332059241598	-0.050382530380742536	-11.886600118679649	11.886894553601392
-0.14825549026285567	-0.07703578433249077	-1.6489240597532182	1.6573668143455256
-0.4361772761226723	-0.08314492615592069	-2.9303265266225287	2.9637775300415043
0.8008041475886264	0.7207991455207751	-0.8315876170151972	1.4491350412751882
0.19845144361014225	-0.09541992433144585	0.09331935700840809	0.23915777182193151
0.03247937262829442	-0.114862335280321	0.06826253644111986	0.1375065074596534
0.28176605686966494	0.3042423282088321	-0.8832075472313893	0.9757105495813277
0.26870170565974943	0.4068673733614416	-0.7801383265281844	0.919976888105725
-0.09231303441489942	0.06923558158300777	-194.2053628964532	194.20603468666278
0.05478118878910745	0.11117584556013403	-168.26537020680848	168.26541585210427
0.008584247418437507	-0.0298257058615896	-122.77430417916116	122.77430810205864
0.3983179910644705	-0.025936475630096184	-710.5754823156515	710.5757686649297
-0.054244887870381016	-0.1389904404203539	-59.63404435765288	59.63423100284684
-0.00875372118300951	-0.012648348861071097	-21.374964075002946	21.37496961581819
-0.029551608817693052	-0.03646854495413486	-68.19081239836503	68.19082855533058
0.0	0.0	-0.12706237279993002	0.12706237279993002
-14.590941307312951	-14.079202966243175	1387.0132887344112	1387.161523237379
14.590941307312951	14.079202966243175	1941.2001589365022	1941.306049179134
1.2052083324347085	1.5123451534589702	230.2792094462068	230.28732926103814
-0.7899690740370752	-1.090705579156098	46.18871337107409	46.208342673953844
-0.1199885280280224	-0.2909027842455618	-176.49997526400156	176.5003109619209
-0.1452776052702458	-0.48968055339189326	-108.64629744282702	108.64758773413746
-0.05101057499817414	0.4267037862938027	21.61961831172608	21.648740479186706
0.43052218358930805	-0.2051830597842795	1.4310439876173084	1.6339148863305877
-0.47994689907602767	0.6830553395457148	1.2919953234337145	1.5445534382109263
0.2299030416265696	-0.30120014361003616	-0.48255633586682245	0.6292196256038651
-0.2676881865351597	-0.25836144905858077	-0.037768831056305824	0.39755966667846454
0.2673464176899488	0.29870931064077216	0.7816679296116705	1.2178505639700592
-0.06843057695050819	0.07065320238852765	-0.8780343541892792	0.8937776828753996
1.6185243323511376	2.911996139585264	-24.25064875285436	24.483482660311807
0.2567694698254942	0.19330876211171635	-3.730829350901294	3.836997985385655
0.01751413834206584	-0.2907461161560134	6.106422666615741	6.113365507840996
0.5229591914814196	-0.2831997360909601	6.0986286909863745	6.127557451138167
0.5935943663540767	-0.3016888091484287	6.110723811232094	6.146894818238828
0.5935943663540767	-0.3016888091484287	6.110723811232094	6.146894818238828
-0.33032685365806813	-1.9431369684243107	182.15990092356685	182.170564037091
1.2912474805828824	-2.642482027483719	182.1544769378595	182.17821905987205
1.2912474805828824	-2.642482027483719	182.1544769378595	182.17821905987205
9.829389542894205	13.117904554801498	1136.104405626189	1136.2226528290194
9.37047708094781	12.58198685906355	1148.5851638939293	1148.6922960269828
9.552432759165413	12.40516596944667	1143.2178753683443	1143.3250839884104
2.649256288631577	2.3637914766564343	247.1755636223582	247.20106254031032
6.903176470534074	10.041374492790546	896.0417410205675	896.1245921735758
5.1887797078844695	7.814073436054002	659.7706782754553	659.8373519971233
3.2726157755240934	3.6176175910777024	381.6528683607978	381.6840435478983
3.0157735739529854	3.5476189839988552	381.65857291748483	381.6869748525821
1.0910372760388163	0.9734749426811395	101.79375804038926	101.80425920258466
1.0225131753504237	0.9548252949754096	101.79341871278234	101.8030319674885
4.038286749303409	4.502444278974265	483.4519916302672	483.4900068200706
4.038286749303409	4.502444278974265	483.4519916302672	483.4900068200706
4.744638359632142	7.693180274993157	659.7993719587575	659.86127924972
4.744638359632142	7.693180274993157	659.7993719587575	659.86127924972
-3.2083854264003695	0.17080300001938242	-316.38446661801134	316.4007800683559
-3.6449309516658133	0.7880546787414857	-320.0245649235991	320.0462915053526
-3.248325109712199	0.7023062531540974	-285.2026124887593	285.22197499580045
-2.9446455941790637	0.6366490250396493	-258.5395820764063	258.5571344208069
-3.242686628015406	0.23028243404274917	-258.4074078728842	258.4278554841935
-3.242686628015406	0.23028243404274917	-258.4074078728842	258.4278554841935
-0.1530657866936842	0.5620095840586572	-83.53347710115216	83.53635388533769
-0.1530657866936842	0.5620095840586572	-83.53347710115216	83.53635388533769
0.8230593753151858	-0.6373385781009375	-48.813268060387855	48.82436651851252
0.8230593753151858	-0.6373385781009375	-48.813268060387855	48.82436651851252
-0.15515419467440122	-0.9068442928082397	-0.10586293895974853	0.9260919810521694
-0.15515419467440122	-0.9068442928082397	-0.10586293895974853	0.9260919810521694
0.17142816590732887	-0.5941359653987777	0.5009053197455633	0.7957960170772991
0.17142816590732887	-0.5941359653987777	0.5009053197455633	0.7957960170772991
0.2011186121985579	-1.4398943901068806	5.780287131589761	5.969452560700697
1.2052083324347085	1.5123451534589702	230.2792094462068	230.28732926103814
0.4851119731969401	-0.4993886970897153	1.9291832741503046	2.0773470587702185
0.2728067336576373	-1.0498473298737532	2.3702517288250236	2.6103976656574783
-0.37730875788381235	-0.3826148872675207	0.18923186079760201	0.5854778802614886
0.23869076624664548	-0.3542338271034672	1.0857517384333821	1.1750708525731082
0.13252335894390943	-0.012338434923021918	0.352796140826808	1.0119710937464483
0.6947763647448929	-0.16742163127888754	0.7819673034670326	1.2336803679045445
-0.6662093143611475	-0.13220922781302014	-0.22421723010759323	0.8690842531869893
-0.046188219726170564	-0.1312854531639677	0.27426164258308106	0.5849823779792953
-0.1586051722317307	-0.2918605844174841	-0.37333570243476344	1.1010103857844862
0.29087498891064356	0.06063672457818159	-0.8401407860824296	1.0187450880276872
-0.07381542572359728	-0.5065058031683806	-12.664210802896223	12.684161464137524
-0.1808844219375824	-0.6013671124966535	-11.778947719250777	11.806167314714598
0.1588021348456859	-0.18508987722671516	-1.1596659027168819	1.1932230183446462
0.41866264566689293	-0.40864237704823486	-80.41314993797893	80.41539137224588
-0.10693868654473215	-0.293065766934375	-33.72220209301676	33.73258874876845
0.5982899732183792	-0.41395654598497555	-65.00798218707403	65.01436147937972
0.09780152049779811	-0.012157738015768138	-71.4550056866334	71.45884841292383
1.0644867184380493	-0.5959236866645813	-313.7982496079935	313.8011455268957
-0.32717441658220525	0.012773286282553795	-27.715703907905525	27.71796653737063
0.017295877403324736	-0.39037702722005724	-175.19963037294693	175.20092270250888
0.3623933970934578	0.02197491961260664	-20.480429057876485	20.48409153139243
-0.5155765049780219	0.2779368242554528	-96.17355954163637	96.17544438527091
-0.08867364213438858	-0.7373730147982903	-121.16616073848635	121.16851723887429
-0.26876581041761033	0.9476294197931899	-109.83635796952984	109.84355327996944
-0.9781303940153464	-0.16555761413197	-91.45908317624882	91.46456977221396
-0.05121048664806242	-0.3060540063426872	-4.9616057383314605	4.97325877632411
-0.22663615207874643	0.8573186698427292	-37.33884076758743	37.34963010391452
-0.31301014280058836	-0.5169718088252608	-4.14739293711959	4.193516801013864
-0.2215349897703904	-0.03231552286885343	-16.32218892928451	16.324282314649192
0.13275583920146206	0.35593535562920453	-4.085324132388398	4.170980389615283
-0.30060524666966926	-0.2134197361848186	-2.7036958375105518	2.850094923745297
0.33714398803077283	0.3082722542949595	-2.8892898411213706	2.976043222122377
-0.471525097676967	0.03665974054167738	-3.087080735693945	3.1836379312411065
0.18858559491869345	-0.16188104808051546	-0.36330036337531557	1.002324381527629
0.2946418980736224	-0.014004662673217608	5.647421702210514	5.6766276787962155
0.06919513000062516	0.8458841268096113	90.30226418112731	90.30973005126378
0.8795324930569082	1.1818429969287962	79.93893234805958	79.95623786849418
0.9209873495078928	1.0563866225688774	116.56640177899801	116.57490473381263
0.27299413082282564	0.6235005110825182	41.0125894715788	41.01847454052796
1.9262528717967529	2.0609301612601336	232.7851112212504	232.80353052074685
2.8318339818888303	4.028681946323053	351.07403301979406	351.109821243015
1.5508651052429112	2.538776658760395	252.54984247312206	252.56911191687988
0.3632129026960047	0.16651070978747012	84.12752497502763	84.1299454627492
0.23664518037514834	0.01241623455049573	35.05388516616296	35.058217810649104
-0.015502796187578036	0.05395725810339037	80.3118315492654	80.31756240640367
1.100308046176538	-0.058412856298500127	79.40809992321596	79.41956670603648
0.8923141994141273	-2.350600591618999	141.14288603736208	141.17035706277036
0.3300693575660814	-0.6715264274380245	98.38071687659145	98.39084933660293
0.5916643012567984	-0.3435414696559347	34.06581742139948	34.08241036279826
0.9888914179829371	-0.704701703387509	43.95545217146993	43.98225867449963
-0.48469791387694267	0.14427333471441198	18.998097219970976	19.005339371534394
1.0496027228955234	-0.6730514703656582	10.230739111181926	10.380337122152953
0.024448451398406235	0.23367517358651924	-54.101328084984175	54.10183825317789
11.427191974620776	2.3070087307536107	108.0503520856305	108.67741987891168
-1.5247616546132174	1.4817299108187738	-92.35919510555891	92.38425321546248
0.07768674915119057	0.021698488170698776	-0.05345122407758496	0.16983189817571434
0.7231173984374357	0.6991006573500762	-0.7781363929376122	1.2793031430994737
0.33288843222491693	-0.17543574708548845	-543.8149750545914	543.8151231492376
0.06542955883955359	0.14949927145539227	-166.76050726105996	166.760645515692
-21.256581517503946	-15.424913285552975	2083.7303284020163	2083.8958612680435
-0.24532457598462723	-0.20553628333067295	3.7070891615341175	3.7234955549605724
0.1943140009864531	0.6322400696244757	17.91252915019196	17.925244924226135
0.4110137647580745	-0.0898863347677728	0.4317521303736984	0.6187903966455983
0.0195084188312335	-0.11529672501650667	0.9992918572436098	1.0151244896849891
-0.16167467370811586	-0.23475911772409036	-0.008919541686301862	0.2851843293329995
-0.10601351282704381	-0.023602331334490453	-0.02884928937000396	0.11237533734546507
0.2551002358683481	-0.19244294427445383	0.5630578211873675	0.6622871824528788
0.012246181821600685	0.49115225491522596	0.218610108424303	0.5555633815171804
-0.06077845622184534	0.06887488534931994	-0.8807032661491452	0.8854806680997418
-0.00765212072866284	0.0017783170392077071	0.0026689119598660715	0.008297014775657845
1.6185243323511376	2.911996139585264	-24.25064875285436	24.483482660311807
0.21011026134310268	0.16201811118595033	-1.5230416179779602	1.6240897981536777
0.04665920848239152	0.031290650925766036	-2.2077877329233337	2.212908187231977
-0.2802712955328023	-0.3323774839095255	0.19402688681660724	0.47610211480039316
-0.09703746235101006	-0.05023740335799527	-0.004795026019005222	0.10937576546109538
0.0552227001995141	0.37600947588216604	0.4255271439901228	0.5873549248477428
0.0773006587443953	-0.388347910805188	-0.07273100316331485	0.42461616889870546
0.7646428993646739	-0.17798983620412162	0.610227053313493	1.0040995900987382
-0.0698665346197809	0.010568204925234082	0.17174025015353964	0.2295807778058066
-0.046188219726170564	-0.1312854531639677	0.27426164258308106	0.5849823779792953
-0.09089168257571935	0.18044877777977145	-0.24835862564418237	0.5884088788381138
-0.06771348965601137	-0.4723093621972556	-0.1249770767905811	0.5126015069463725
-0.1808844219375824	-0.6013671124966535	-11.778947719250777	11.806167314714598
0.013208257242660247	-0.02322719063902656	-9.40408926292692	9.404127222955978
0.40545438842423276	-0.3854151864092084	-71.00906067505201	71.0112641492899
-0.1602016757691051	0.00664415330969588	-4.893962297469888	4.898576882692479
0.127699967442023	-0.3602509703625613	-22.012362075491392	22.01612254623333
-0.07443697821765008	0.06054105011849039	-6.815877720055484	6.817889319842643
0.22118971777343713	-0.46546742051352963	-43.00541766221305	43.00850535780329
0.377100255444942	0.05151087452855413	-22.002564524860986	22.005856121576418
0.07976675673539387	0.20175910923959914	-10.054717682306007	10.058026492777715
0.018034763762404246	-0.21391684725536728	-61.400288004327386	61.40082192014611
0.6408819662301257	-0.17940845564649147	-119.24450267778181	119.24644152235742
0.4236047522079236	-0.4165152310180899	-194.55374693021173	194.55470400453834
-0.3367073383085842	-0.0011167756306662904	-26.006724984892756	26.008904581291073
0.009532921726378957	0.013890061913220085	-1.7089789230127685	1.709061956079555
-0.01781927838360651	-0.30247355950437116	-114.30825177064665	114.30873304451775
0.03448015393312538	-0.07019479488801644	-43.43790629014916	43.438186410834696
0.000635001853805867	-0.01770867282766966	-17.453472312151135	17.454003247156425
0.07385426550125808	0.023742861028718042	-2.1644392379087485	2.1658290307828074
0.28853913159219974	-0.0017679414161114008	-18.315989819967736	18.318262500609624
-0.1307428300998766	0.7409374791144454	-68.83839068596525	68.84264371778633
-0.1907293218286125	0.2389632688296095	-31.3274044947665	31.32920735163389
0.052706341510878614	-0.03227132815086478	-9.670562788798145	9.67170221054926
-0.07702459259454715	-0.027857881341694358	-10.42349131959019	10.423813128552771
-0.14451039717584324	-0.0044576415271590794	-5.898697609694321	5.900469186096421
0.07951170478430228	-0.06691779830935578	-0.22294644042209655	0.2828162002523208
0.0532441344171598	0.4228531539385603	-3.8623776919663015	3.888164189362963
-0.319430187558882	-0.48402353716894053	-1.885550281544623	1.9776486235907633
0.01882494088921273	0.2706038009841219	-0.8181455559659289	0.8724463001545337
0.04726654012946631	-0.011790849354334623	-0.6228963231449067	0.6392124683794511
0.12038159530359238	0.13865544938512606	-1.550873921264286	1.5675288138307664
0.16949585259771419	0.1814076542641681	-0.7155195967121781	0.7693019399121594
-0.36750679425562166	0.062374850087230295	-2.9079511246785223	2.9350658245031793
-0.10401830342134541	-0.025715109545552912	-0.17912961101542274	0.24857210673792704
-0.1457015347917674	-0.1958389263545636	-0.3172765404471011	0.6355833287889682
0.3342871297104608	0.03395787827404813	-0.04602382292821447	0.36674105273866076
-0.08849358569076074	0.22837562479664758	41.080897355085575	41.08186453685723
0.038756550970769806	-0.011068348174519918	8.139383247030118	8.140679578850222
0.11893216472061612	0.6285768501874839	41.08198357901164	41.08718593555635
0.8101823435067077	0.5130931301219298	42.74012281742271	42.75110803503443
0.06935014955020052	0.6687498668068665	37.19880953063687	37.20512983345976
0.19957857817366761	0.160461464416662	23.472007362520067	23.473404293298085
0.7214087713342252	0.8959251581522155	93.09439441647795	93.10150044051454
1.342169845256076	1.3367178682200704	125.27222419453803	125.28661783606312
0.584083026540677	0.7242122930400634	107.51288702671242	107.51691268468377
0.3632129026960047	0.16651070978747012	84.12752497502763	84.1299454627492
0.23664518037514834	0.01241623455049573	35.05388516616296	35.058217810649104
-0.1009984970354612	0.10372928050291916	77.3124588144251	77.31655864572947
0.08549570084788316	-0.04977202239952879	2.999372734840305	3.00100376067419
0.5027675058373914	-0.3105517629681331	35.22961735057385	35.2348497373717
0.11207344079916351	0.03283719793080926	14.555194900496863	14.556332543400153
0.4854670995399831	0.21930170873882376	29.623287672145246	29.628384425264628
0.47941126386430066	-1.6924155308546387	102.97786428681744	102.99717195315651
0.4129029355498265	-0.6581850607643602	38.16502175054463	38.17318510961385
0.29155173858759986	-0.6539720298436511	71.67388211355637	71.68361633487088
0.03851761897848149	-0.017554397594373355	26.706834763035058	26.70723300173203
0.07173098193830518	-0.1363113203729019	5.9519713275395425	5.955599766487374
0.022118669149702536	0.16122089730715566	5.792052846681238	5.796019097354814
0.49781465016879056	-0.36845104659018835	22.321793247178697	22.330791498956067
1.009827496318348	-0.38211719447306436	8.421366796340457	8.541986562506294
0.03977522657717536	-0.2909342758925939	1.80937231484147	1.8383505596466614
9.099552650494932	1.8370871389284922	86.0412487942466	86.54058725054165
-1.4531931129352709	1.4120747690811541	-88.0205407160885	88.04447860785791
-19.568700489321998	-7.289012389626851	1942.3458305684658	1942.458107184595
0.6397582959434975	-7.665979304101539	163.39360112502317	163.5745867119074
0.11940498865378404	0.243836554890546	5.977932051542068	5.984094370050514
0.07490901233266906	0.3884035147339297	11.934597098649894	11.941150554175623
0.06652074669726796	-0.058536685172612346	0.7485247071664685	0.7537511462616869
-0.047012327866034445	-0.05676003984389434	0.2507671500771413	0.2613733434233023
0.8168679781224976	1.8691654203120431	-14.31733594268618	14.462550976861095
0.8016563542286401	1.0428307192732211	-9.93331281016818	10.020931683450714
0.21011026134310268	0.16201811118595033	-1.5230416179779602	1.6240897981536777
0.039244719239561965	-0.3752927888808302	-0.07323395650242405	0.3843800694093575
0.03805593950483333	-0.01305512192435776	0.0005029533391091977	0.04023609948934797
-0.0900113417613087	0.0521815918364754	0.10051453542093354	0.14466558679639652
0.020144807141527818	-0.04161338691124132	0.07122571473260608	0.08491519100941007
0.06862277378105407	-0.21026107618704504	0.2858203882154452	0.38741693878864913
-0.11481099350722462	0.07897562302307734	-0.011558745632364156	0.1975654391906462
-0.04567501209727812	0.020445013959904793	-1.917035380080194	1.922760681599538
-0.13520940984030427	-0.6218121264565584	-9.861912339170583	9.88340663311506
-0.041349563873171534	0.08109699715427754	-2.243935598860872	2.245781262994026
-0.03308741434447855	-0.020555947035787142	-4.5719421211946125	4.5721080568486165
0.04249378679268216	-0.22801778351997168	-88.34061874280272	88.34092323319213
-0.06031306517628868	-0.07445577598439948	-25.96763302784394	25.967809811325633
-0.02078016857631971	0.018581873485952097	-22.646156821295953	22.64617397875759
0.055260322509445084	-0.08877666837396854	-20.7917494688532	20.7920124320771
0.05143270201006373	-0.01724514092545327	-14.44658050994971	14.446682357834984
-0.05079770015625786	-0.000463531902216392	-3.0068918022014244	3.0073208893214445
-0.006172156064508216	-0.07449239899076927	-5.536982536698617	5.537487049621276
0.05887849757538683	0.04222107083990449	-4.133580252099528	4.134215160927985
0.08638713391676336	0.32944064955997815	-3.252732108792876	3.2705137287681576
-0.033142999499603566	0.09341250437858213	-0.6096455831734251	0.6176504605948049
0.07639867093461115	0.14835060949652654	-0.48676704008662774	0.514574398482146
-0.057573730045398425	0.12225319148759536	-0.3313785158793011	0.35787190167238775
0.09291338525234726	0.00580745853221201	-0.4499647263803303	0.459494155262262
-0.04564684512288095	-0.017598307886546635	-0.1729315967645765	0.17971831311718908
0.14522897288634604	0.1272514804253433	-1.1844031332051446	1.2000396559206812
-0.024847377582753672	0.011403968959782754	-0.36647078805914124	0.3674891579100851
0.15433232657868984	0.2035823377600063	-0.6372511055774255	0.6865516781966755
0.015163526019024329	-0.022174683495838225	-0.07826849113475262	0.08275026171548384
-0.13403961521946536	-0.019717657951002998	-0.1157865455672069	0.17821876617697113
0.030021311798119954	-0.005997451594549913	-0.06334306544821582	0.0703533405609559
-0.008127584476574468	0.30646746235058525	20.415619485381942	20.417921229523245
0.1270597491971906	0.32210938783689863	20.6663640936297	20.669264706033108
0.03886507824569104	0.48050984122095974	23.09206970233925	23.097101189099718
0.030485071304509483	0.18824002558590683	14.106739828297618	14.108028644360038
0.6188536582363525	0.6150728327324727	62.16521329610508	62.17133614930692
0.7233161870197236	0.7216450354875977	63.10701089843294	63.1152816867562
-0.04106262544655162	-0.05409091906774211	17.974868445870474	17.975538584364706
0.4042755281425563	0.22060162885521223	66.15265652915714	66.15440687838449
0.051304581654606024	-0.02910858694824002	27.973833886714242	27.974244253890305
0.1853405987205423	0.04152482149873575	7.080051279448707	7.083973556758795
0.29487804176358184	-0.052844848472532215	41.09661856509957	41.09794742937549
-0.39587653879904305	0.15657412897545137	36.215840249325545	36.218611216354
0.12751198196124683	0.043157243859065456	11.00286509593254	11.003688571226093
0.3579551175787363	0.17614446487975832	18.620422576212704	18.624695854038535
0.02391919374780903	0.00977251859252454	1.2967564459288836	1.2970138434138987
0.47389545642098135	-0.3782235651827128	21.025036801249808	21.033777655542167
9.06469853256686	1.7963845210746066	86.99368229673047	87.4831213228106
-3.0793906638890594	3.050165056009819	-87.97940101454242	88.08671895698821
-15.710440058102877	-9.796706132481777	1065.5228402844878	1065.6837361270873
-3.660815473056762	0.14178622343486713	927.2502265434169	927.257463867549
0.442313337783415	-5.30007178467968	112.96636486533055	113.09149390161281
0.25367693064889557	0.47915140715776683	-4.118259234947726	4.153793107794001
0.563191047473602	1.3900140131542762	-10.199076707738454	10.308757869067096
0.4987913394918024	0.6973827673590935	-6.888553412507997	6.941707545088386
0.3028650147368378	0.3454479519141277	-3.0447593976601848	3.079224138362329
9.895973028819611	0.98856858818624	100.72476728823489	101.21455574825686
-3.0793906638890594	3.050165056009819	-87.97940101454242	88.08671895698821
-13.754316045380577	-8.576558062692012	932.9513050305903	933.0921631952335
-2.9333854719014387	-2.7707625577327564	754.5491438835231	754.5599329482291
-2.6835540139037737	1.6924007113648254	305.2726179164814	305.28910385386394
0.3966593602351337	-5.353386472071642	114.20695562600386	114.33304333714307
11.356254442908124	0.7097407280411319	98.32541722996964	98.98159384613241
-1.4656257211259973	0.2840211398339373	2.0756390915193457	2.556756617384987
-1.1609003828513815	-0.9704219987896661	-0.4585154787103356	1.581026564880041
-0.9867206715032393	-1.3283175902845938	-0.704344430525019	1.7983732596552073
-0.2457482530260884	0.42755073323254766	-4.092825437655718	4.122427912829378
-0.32163972055727946	0.5039812321237709	-4.085923923564534	4.129433799121884
-0.32163972055727946	0.5039812321237709	-4.085923923564534	4.129433799121884
0.1918978550363605	0.0678932191763457	-0.36493085736949776	0.4178621861787926
-0.5998176049637143	0.12491278256192906	-0.2837509771483113	0.6752029172807176
0.027770748901546585	-0.7921885881545162	-0.1363994094910539	0.8043250416382091
-0.6088106359755647	0.1337982052935254	-0.2771570743233687	0.6821791510037731
-0.6088106359755647	0.1337982052935254	-0.2771570743233687	0.6821791510037731
-1.231935884031952	-1.1855322633745082	-0.08904691480759264	1.712040339157995
-0.46799117293342474	-0.4503632386055765	-0.033827385537725824	0.6503745664178636
-0.47451841297683733	-0.4440537493122135	-0.03383512228589371	0.6507659118549397
0.018861782365156007	-0.7834962838697236	-0.14400944813263966	0.7968443479269484
-0.4556566306116813	-1.2275500331819371	-0.17784457041853335	1.447610259781888
-0.4556566306116813	-1.2275500331819371	-0.17784457041853335	1.447610259781888
-0.3216243301589291	1.2708684272964041	1.5102775638652943	1.999871768180121
-0.29698037346478046	1.173490139805583	1.3945549291328163	1.8466347502451157
-0.24366301597242818	0.9628115937191518	1.1441882707848878	1.5151054845635352
-0.2479891352178002	0.9660159306835107	1.1554378826822762	1.5263427171699337
-0.2479891352178002	0.9660159306835107	1.1554378826822762	1.5263427171699337
10.568411807129898	0.6605023098010494	91.50406990424156	92.11472412414133
10.560027755323027	0.7347589227407187	86.12462131432967	86.77271721805437
-0.016259904887348936	0.02312167455113839	5.495171224643738	5.495243924021348
2.915247476122689	0.007851173132620334	18.865618763778564	19.089533803322517
7.6390200595133955	0.7350988138170641	69.20571710362603	69.62992372222477
6.838624106731245	0.3380738595508879	60.02549517280401	60.414742773167504
0.793979277692292	0.4061495016822094	11.348791092525191	11.3837788002447
0.786018593429255	0.40438169350636405	11.345568703495825	11.37995074633468
-0.010499685199466313	0.014930610342240247	3.548456671577007	3.548503616536671
-0.004083010109700691	0.005806062926198091	1.3798875098729741	1.379905765348381
-0.005010794780450103	0.005552111882341899	1.3799814314494119	1.3800016975191927
0.7810077986488049	0.40993380538870594	12.725550134945237	12.759952443853873
0.7810077986488049	0.40993380538870594	12.725550134945237	12.759952443853873
6.79458993694107	0.33060930530847277	59.9679725194638	60.3525764406052
6.79458993694107	0.33060930530847277	59.9679725194638	60.3525764406052
2.9004407605278386	0.006441448166096098	18.839807213377398	19.06176628580919
2.9004407605278386	0.006441448166096098	18.839807213377398	19.06176628580919
0.6108096281456028	-5.561493420173861	123.98137276857472	124.10755049978548
-0.6298623599677691	-2.9639467691771855	86.04798042782981	86.10131614993584
2.0285146238917577	-2.5483082327566584	44.75473966647594	44.87310407184367
0.2689199513406741	-1.6917850275111943	18.409496728027612	18.48902442798969
1.5904900417049168	-1.6522797960561624	49.447293307059	49.50044951807549
0.25579427550033285	-1.694439488550651	18.391254478996075	18.4709176058725
0.25579427550033285	-1.694439488550651	18.391254478996075	18.4709176058725
-0.46075772912169133	-2.168190178366133	62.94593005921073	62.984946275705894
0.4200267991225244	-0.8573644852214195	25.443432171197173	25.461338083902945
-1.0328327691168941	-1.4597055853445242	73.53266654200587	73.55440525694351
0.4027594477316532	-0.8618832390387465	25.43169542999529	25.44948310544852
1.5567613245953613	-1.660892094389934	49.41772598396982	49.47012947019324
1.9595207723270145	-2.5227753334286804	74.8494214139651	74.91961257564176
1.9595207723270145	-2.5227753334286804	74.8494214139651	74.91961257564176
-1.2444711012778429	-1.8356461915502185	105.95603951706045	105.97924615415673
-1.3159147354523149	-1.854941855610119	105.95010205620972	105.97450904156102
-1.3159147354523149	-1.854941855610119	105.95010205620972	105.97450904156102
-0.17317496079675826	-0.06302162919798192	66.43405593887456	66.4343115399137
-0.217834856908925	-0.07525312756596259	66.4351508109092	66.43555056087317
-0.217834856908925	-0.07525312756596259	66.4351508109092	66.43555056087317
-3.238160684262513	-3.126678866550868	762.8329901268577	762.8462706413951
-3.2156047529945226	-3.1485982695176062	761.9870019517971	762.0002919481026
-3.063556512122375	-2.9997183773185627	725.9568332979237	725.969494883081
-2.5364902977622075	-2.8934121340513537	651.6170670009833	651.6284275749272
-0.9329476760468394	0.11586266484538521	118.32776334749418	118.33149789613896
-2.1516770048085516	-2.4544498986526184	552.7596380878772	552.7692751386232
-2.523332732088037	-2.5561491045112628	552.7569394921035	552.7686091512409
-2.523332732088037	-2.5561491045112628	552.7569394921035	552.7686091512409
-1.0125292475241836	0.09410620997741437	118.33741519642604	118.34178428106928
-1.0125292475241836	0.09410620997741437	118.33741519642604	118.34178428106928
-2.8068612560832245	1.548402588462832	308.62455455125894	308.6412021955117
-2.7785865142817556	1.5209257597756505	301.1333694380487	301.1500289679208
-2.372705052609356	1.2987568516594437	257.1453723900041	257.15959838244487
-2.3149461281583834	1.2671411231294578	250.88566467000726	250.89954435812257
-2.483744191512191	1.2210647409532909	250.9187255183757	250.9339889295116
-2.483744191512191	1.2210647409532909	250.9187255183757	250.9339889295116
-14.131176673306497	-9.016655676245184	943.1919140314227	943.3409170752624
-13.878106477413212	-9.262584232099016	933.824183958093	933.9732933825444
-10.86280171244054	-7.067788095407748	755.2492779213107	755.3605329842609
-3.073063689418859	-2.1631804081589383	184.8346137564286	184.87281442225517
-3.1976823708555466	-2.196863993548595	184.84204772177648	184.88275741650548
-3.1976823708555466	-2.196863993548595	184.84204772177648	184.88275741650548
-11.371573202664718	-7.205837019874466	755.2812149395551	755.4012571506811
-11.371573202664718	-7.205837019874466	755.2812149395551	755.4012571506811
-4.2944334779059075	-3.086392096887495	282.64451490523453	282.69451696258585
-1.9875583393455185	-0.813673924437998	127.9195147262146	127.93761831839277
-0.6659022474735764	-0.3653054890424753	50.973708533656556	50.98179529292575
-2.214350387460894	-0.556926661366929	124.57564460948821	124.59958806255577
-2.822910421967343	-1.8728089384123097	219.01568111929947	219.0419235957031
-3.1445383418775146	-1.660847888193969	213.2003346864643	213.23206147129127
-0.6353455337743397	-0.5770056673746787	125.93968445233392	125.94610383030434
-1.0888323442777672	-0.8340356412635668	92.46708860069364	92.47735866261412
-2.2681492624042052	0.5814278187607882	341.9409055965909	341.94997127390377
-0.2450017364811823	-0.24197449560537448	59.299600281393595	59.30218846815567
-1.33345723624892	-1.7262343848835309	215.53497710005445	215.54743361569942
-0.6510859498260165	-0.7883966461475477	113.04757005770095	113.05500128907146
0.14457945452403204	-0.2492735919479269	61.79082985754243	61.803103332507256
0.06647986180618831	-2.5480734198161286	50.03218644596471	50.11450584025222
0.9480537954526008	-0.9591880633204012	37.03192096125499	37.059759008430234
0.565891076550367	-0.2766819044219214	10.164389799900343	10.227020885085352
3.6022869664950696	-0.9170636932138956	33.64131894520538	33.85906330913963
0.9748738367412079	0.4032563954262512	8.380327818079982	8.447550453054417
1.953316915458351	-0.36377559655663627	14.942532452654785	15.102179353109683
2.726703712145444	0.7952096921969573	27.728070511374888	27.877533711118875
0.6936756906901312	-0.21145464221839871	7.307211037460617	7.34443408033978
-0.11986906004612033	0.015365398255352658	1.956068913248187	2.3244341829162085
0.4357124732889166	0.3159116167841069	0.13249060205866484	0.5704549666998797
-0.8397900377164401	-0.034813237552080545	0.29115441349216364	0.9003943282543505
0.4346693202160741	0.06817023076075497	-0.23895062394798477	0.519770895572472
-0.7194692250638279	0.3179799300597146	-0.5851760579113431	1.12308407654431
-0.07501388588918236	-0.623654092809026	-0.7407065857375588	1.1808532762626212
0.15204657462723903	0.2516323637746759	-1.5533130969724493	1.7379866752321727
-0.5484490025708622	0.012132956289696267	-2.335658585312005	2.4494824936281905
-0.12048273604970927	0.5059842113677298	-6.377515441662031	6.460391385719142
-3.0683950309284005	2.822815439429196	-80.19569323988124	80.30800367022225
-1.1291233741758224	-0.7995109395939783	69.18808483698292	69.2020479490787
-2.2197333710360487	-1.6714350789260601	156.04252465794173	156.06732083522903
-0.945576732694037	-0.6154460783674567	57.41390541030991	57.42514817827817
-0.6659022474735764	-0.3653054890424753	50.973708533656556	50.98179529292575
-2.0736355827246333	-0.6221651929235094	117.40097412759299	117.42197196482175
-0.1407148047362608	0.06523853155658031	7.174670481895222	7.177616097734006
-0.3087078385745711	-0.2264007336189642	30.031460858518553	30.033900830869648
-0.7801245057031961	-0.6076349076446026	62.43562774217509	62.44345783174448
-2.1181435965068554	0.4428650880270015	272.24196556657995	272.25060138982514
-0.15000566589734982	0.13856273073378667	69.69894003001089	69.6993698840786
-0.22278887235577594	-0.24375403899408532	28.081683455241432	28.083971876827746
-0.022212864125406337	0.0017795433887108636	31.217916826152162	31.218216591327916
-0.4660497751652901	-0.6964821448590531	109.24069786484698	109.24400138934277
-0.6514991694278177	-0.7717478166651611	84.30948311332801	84.31564782697063
-0.2159082916558124	-0.2580044233593168	21.98479612187946	21.98778439938605
-0.2050012602492691	0.07655463653587273	12.894280677390555	12.896892652934133
-0.4460846895767474	-0.8649512826834205	100.1532893803104	100.15810863613734
0.19797127494384958	-0.32614526287619433	57.568216600970764	57.577147530590516
-0.053391820419817534	0.07687167092826747	4.2226132565716625	4.225955801916743
-0.035312443618255404	-2.3861270322759647	45.76675548136039	45.842507548517275
0.10179230542444372	-0.16194638754016372	4.265430964604317	4.271998291734939
0.876149435615855	0.4017792178544428	7.490507427142055	7.552268923277294
0.09872440112535283	0.0014771775718084232	0.8898203909379274	0.8952815297771223
0.5589550099796404	-0.147660738868711	5.913420831990316	5.962415286215952
1.3943619054787102	-0.21611485768792518	9.029111620664468	9.13976406689373
-0.18995911515339958	-0.5851809987548962	1.0937436454746239	1.2626465117560652
0.07009005510727928	0.6005463970102488	0.8623252677735629	1.0617876711601428
0.012204148570378603	0.040316252743282585	0.037338752037164955	0.056289642753183385
0.42350832471853794	0.2755953640408243	0.09515185002149988	0.5141653239466963
-0.4429957100771291	0.44457333627634565	-0.2642206992478632	0.6809575819283095
-0.2764735149866988	-0.126593406216631	-0.3209553586634799	0.44212649461600056
-0.057482371135963314	0.09731302022387475	-0.09343003350410344	0.20244259175648469
-0.017531514753219034	-0.7209671130329007	-0.6472765522334554	0.9784106845061366
0.029364937995289966	0.20262521530796648	-0.09168577985831627	0.2642070108651445
0.12268163663194905	0.04900714846670942	-1.461627317114133	1.4737796643670278
0.02355572232958507	0.22513505506962703	-5.319397118577179	5.347414523141335
-0.14403845837929435	0.2808491562981028	-1.058118323084853	1.1129768625778083
-1.9112136033259763	2.223509864192462	-55.03726452579862	55.11548511826174
-1.157181427602424	0.599305575236734	-25.15842871408261	25.192518551960504
-0.152972595077383	-0.16236852578652028	10.046898487065517	10.04937477470167
-0.9761507790984395	-0.6371424138074581	59.141186349917405	59.152673174377036
-0.1868966806388142	-0.14930409004669165	11.485976977917518	11.488467661868128
-2.032836690397235	-1.5221309888793684	144.5565476800242	144.57885317336093
-0.6973290607822733	-0.38359148120384823	41.15934125343727	41.16703514537291
-0.2482476719117637	-0.23185459716360848	16.254564156872636	16.258113032905268
-0.5279078698615278	-0.39953897997968485	32.69048050952327	32.697481766093325
-0.13799437761204858	0.03423349093720954	18.28322802413329	18.284313526832427
-0.14191060791747784	0.04229174938652996	3.8228272987794547	3.825694155182707
0.0011958031812170644	0.022946782170050355	3.3518431831157667	3.3519219425512987
-0.08202477285534611	-0.0087259426104669	22.660536552514863	22.6606866853875
-0.06798089304200372	0.14728867334425358	47.03840347749604	47.03868319869111
0.04974483543931521	0.0306568601934799	15.15131311974417	15.151425795754722
-0.07195769956472155	-0.028877316804769036	16.066603706407992	16.066790795573194
-0.09050172407839766	-0.19255360557134005	10.815349658308772	10.817442196959469
-0.12540656757741475	-0.0654508177879767	11.169446463570685	11.170342202426582
-0.40401580173218327	-0.7796663493948662	90.05566136627547	90.0599425521786
-0.025698789378797174	-0.03899933079800129	6.931888414368242	6.932045774946376
-0.01637009846576691	-0.04628560249055287	3.1657395996666704	3.166120309012342
-0.020987314498792924	-1.8131206498327819	34.54597328730155	34.6062842430399
-0.014325129119462484	-0.5730063824431828	11.220782194058845	11.236223305477372
0.5589550099796404	-0.147660738868711	5.913420831990316	5.962415286215952
-0.015989336986151542	0.26427511975342527	0.4569019841861568	0.5280685760118576
0.08607939209343082	0.3362712772568235	0.40542328358740604	0.5337190951482852
-0.07074885201614117	-0.5427787301782306	-0.4695008492068722	0.7211415931711803
0.05321733726292214	-0.1781883828546701	-0.17777570302658321	0.2572690913349561
0.01988849666709106	0.07116740810940488	-0.8474449033649134	0.8506604590057391
0.10279313996485798	-0.02216025964269545	-0.6141824137492197	0.6231192053612887
0.02355572232958507	0.22513505506962703	-5.319397118577179	5.347414523141335
-0.4151016058443016	0.1540006931969443	-7.876195137790202	7.888629501074929
-0.7420798217581224	0.4453048820397897	-17.28223357629241	17.303889050885576
-0.07234699584760443	-0.2716281182234336	5.666943820231687	5.67391118930142
0.05802186672814194	-0.3013782642197491	5.5538383738271575	5.562312116175951
0.5196364213740026	-0.21899976615033387	5.173113995458874	5.205507748376211
0.03931858860563796	0.07133902728162285	0.7403068365314427	0.7569075378397421
-0.03651166297613128	-0.040219629130084394	-3.485744874329245	3.4887802523823783
0.060067385305716356	0.2653546841997114	-1.8336522442479346	1.8586342707589576
0.1456831152146627	2.547614455295638e-05	1.4215174039265328	1.4289630157473332
0.37395330615933986	-0.21902524229488685	3.751596591532341	3.776544732628878
-0.02918796565894779	0.06487889961222666	0.54922835148203	0.5538167485963835
0.06850655426458574	0.006460127669396186	0.1910784850494128	0.20309078924335855
-0.08028217976705083	-0.001369973527684011	-2.5083193109980697	2.5096041263795867
0.04377051679091956	-0.03884965560240038	-0.9774255633311755	0.9791761260027917
-0.011256794885473383	0.052041648979049365	-0.13443235981601118	0.14459290447754944
0.07132418019118975	0.21331303522066203	-1.6992198844319235	1.714041366281408
