0.0	0.0	6499.999932280723	6500.0
0.9515245550216633	1.0443505518973097	5224.183348591262	5224.183539632352
-0.9515245550237756	-1.0443505518995486	1275.6519281555948	1275.6528420763188
0.0	0.0	-6499.999932280723	6500.0
-0.6132020967345979	-3.8849919846329226	-26.21254842379847	26.505978087779482
0.5203558548007043	2.157231099767349	-72.65214888396616	72.68678046035203
0.09284624193520635	1.7277608848740003	-6400.970579427788	6400.97085975465
1.2878587085651816e-13	-4.4741987892380884e-14	5224.291350437965	5224.291350437965
-0.9515245550237756	-1.0443505518995486	1275.6519281555948	1275.6528420763188
-7.737264312052403e-13	1.8474111129762726e-13	-26.35916296822638	26.359162967993527
0.5203558548007043	2.157231099767349	-72.65214888396616	72.68678046035203
0.09284624193520635	1.7277608848740003	-6400.970579427788	6400.97085975465
6.439293542825908e-14	-2.2370993946196904e-14	5220.023625400949	5220.023625400949
-3.8621806079758206e-13	9.237055564881282e-14	-25.834028539287164	25.83402853917074
-1.9758208118062274e-13	4.618527782440651e-14	-25.735972199093165	25.735972199034954
-9.947598300641403e-14	2.3092638912203256e-14	-25.719343635515543	25.71934363548644
-1.7763568394002505e-15	1.7763568394002505e-15	-0.507303770080398	0.507303770078579
-1.4495075546084664	0.5099916494904395	-25.188511344094877	25.235337670892477
0.0	-1.7763568394002505e-15	-0.16559877076464108	0.16559877076486845
-1.5931640246236092	4.445159363882946	16.049785036932917	16.730009357781455
0.0	0.0	-0.15535394456953108	0.15535394456953108
1.9984014443252818e-15	-4.884981308350689e-15	5220.023625399965	5220.023625399964
0.0	0.0	5220.023625400968	5220.023625400968
19.905187519002318	-20.229990905294848	2396.486530959752	2396.654599852407
-19.905187519002318	20.229990905294848	2823.3817404932784	2823.524379489763
-13.082800199300891	19.307774274698296	2057.32076139514	2057.452955738229
-6.822387319700999	0.9222166305961159	766.050734271883	766.0816685776686
-12.446903958358234	17.53353126757429	1732.0244600991136	1732.1579259751015
-12.256229448392787	17.46644475426558	1705.1943980718647	1705.3278942972217
-5.880454373649689	8.697808737093746	844.1700946486773	844.2355301215556
-6.375775074823563	8.76863601728651	865.2920284564915	865.3600892089707
-6.219058596421119	8.936491847383842	864.7020131976898	864.7706974710178
-6.219058596421119	8.936491847383842	864.7020131976898	864.7706974710178
-1.2089117309270776	2.3216426372191057	237.19184753126967	237.20680375433503
-3.1714316024705704	4.09732632444875	405.6909868350004	405.72476220019314
0.22522080289479463	0.7272336860864057	88.01929189225335	88.0226949044554
-1.0435673753564605	0.5633805395371849	191.96695951848397	191.97223459388834
-1.245945560948347	1.0438439340764116	202.6378767807679	202.64730314473348
-0.4650129508754266	-0.5361036478785032	507.1780552782118	507.1797791771355
-0.26093473375508786	-0.32518217802872096	507.66892351369063	507.66996176898874
-5.727554785140603	8.861634963584216	843.5799286638143	843.6460629330875
-5.727554785140603	8.861634963584216	843.5799286638143	843.6460629330875
-6.673583609152502	0.5070326337772713	717.1016335560998	717.1328654085519
-5.848514623443778	0.44434713754958155	628.4448709941644	628.4722415879249
-5.538685624004682	0.42080754880052007	595.152580879623	595.1785014977531
-4.902966612576348	0.37250811873940864	526.842184505615	526.865130008194
-2.1927939851436253	0.16659986223276768	235.62395271883582	235.63421482421342
-2.1781331446883314	0.16144162336539125	232.36642897595135	232.37669341487236
-1.5462064305798477	0.4526930304625764	99.66203349477857	99.67505508210247
-1.004938677550809	0.45451583096146475	191.25452331276182	191.25770356766802
-1.5282072636076218	0.47165551269025663	99.64473006347477	99.65756421760503
-1.5282072636076218	0.47165551269025663	99.64473006347477	99.65756421760503
-0.9701449380960989	0.492510483461313	191.2288193571722	191.23191444033512
-0.9701449380960989	0.492510483461313	191.2288193571722	191.23191444033512
-1.4095152013047212	3.6529526639116847	11.022893057604847	11.697647952767397
-3.762093126838592	3.3155729719850484	21.274335734315088	21.857349559448437
2.042748926094818	0.3609192806756737	23.040847437827324	23.134038483487032
1.221037325714291	-1.0517577070666546	15.832687928135613	15.91449444546987
0.18599258895174386	1.4609764178035403	75.51855588377916	75.53291552765587
-1.2296378678870177	-0.8738989259702239	164.90633564044046	164.913235499691
-1.294542170598094	2.540783600282012	201.83045203064572	201.8505952124732
-1.265764842343458	2.530658646425863	198.68181341964242	198.701961181913
-1.006890116894916	2.013087340620096	158.047330473047	158.06335760702098
-0.6338781534510725	1.2673201025604088	99.49720264127176	99.5072923719366
-1.339266869197111	0.6344125193161415	137.56985957892906	137.57784116476697
-0.15878231963771858	0.550573546037321	18.79331212958687	18.802045735895415
-1.3143079521363135	0.6613204832245749	137.53592305799066	137.5437925956251
-1.3143079521363135	0.6613204832245749	137.53592305799066	137.5437925956251
-0.15546684541323577	0.5536800211896877	18.754181077764635	18.762996546486836
-0.15546684541323577	0.5536800211896877	18.754181077764635	18.762996546486836
-1.2197804622266517	-0.8773671345742287	163.55961092926034	163.56651235749894
-0.07402092042594763	-0.2259690684519864	111.76344586582402	111.76369881548985
-1.4046342672502377	-0.13382676031581642	92.43064801017631	92.44141711704565
-0.5404632318697762	-0.05149272310703609	35.56467894324251	35.56882258863025
-0.5340316928615546	-0.04468577566697496	35.57409078926462	35.57812701858243
-0.5340316928615546	-0.04468577566697496	35.57409078926462	35.57812701858243
-0.05366481832191483	-0.2036423008564796	111.7786786187472	111.77887700210958
-0.05366481832191483	-0.2036423008564796	111.7786786187472	111.77887700210958
1.3379092788575768	-1.0928776860369052	18.195436420588848	18.277261540252123
-0.45129366530755377	-0.8873783991710212	5.811042410314617	5.895703544967063
1.0808209902779242	0.2055923684679825	24.59978990293537	24.624380306995718
-0.23692032171598582	-0.46585625276200926	3.050683276085026	3.09512871106588
-0.236871201670675	-0.4685097167352725	3.087897404245469	3.1322068418293028
-0.236871201670675	-0.4685097167352725	3.087897404245469	3.1322068418293028
0.9342378983935237	-0.03025620525541578	6.809419116432519	6.87327466292362
0.9347396028115671	-0.03359674646113653	6.8007359267051815	6.864756078056687
0.9347396028115671	-0.03359674646113653	6.8007359267051815	6.864756078056687
-0.06779025170716316	-0.18567357268561696	20.55072992073262	20.55168047797346
-0.0640557222764141	-0.18163243588103728	20.564803705858935	20.565705554097455
-0.0640557222764141	-0.18163243588103728	20.564803705858935	20.565705554097455
-1.7805575139187981	1.0119827840812734	32.0792940715491	32.14460456040133
-1.6872524247690563	0.9791545203236609	29.09511772047713	29.160443060556887
-0.9788704708818544	0.5680628649897939	16.879721827816496	16.917620748846733
-0.9762385974788295	0.5686426852086662	16.84903441947821	16.886869371538747
-0.9762385974788295	0.5686426852086662	16.84903441947821	16.886869371538747
-2.2102702502699003	2.497443666766669	10.438541634058971	10.958360775858928
-1.4676365291056488	2.236157000671235	6.620047903045735	7.139985248712813
-1.8897657391515774	0.8915279920163639	7.153431701713313	7.45235679637636
0.36684485907485387	1.3918496809897714	4.565384824610186	4.786915424559112
-1.8919199330599954	0.8709517099298376	7.110477722435731	7.409238243935399
-1.8919199330599954	0.8709517099298376	7.110477722435731	7.409238243935399
0.334954841369831	1.2708554517631938	4.16851350616173	4.370786333840407
-0.264996153017083	0.473567982130717	4.177570441251948	4.212669508332598
0.7601128124822476	0.7899970925982236	3.4306637105750353	3.6015719330689198
-0.26464578334103317	0.47181386409566023	4.145742156538334	4.180887913050576
-0.26464578334103317	0.47181386409566023	4.145742156538334	4.180887913050576
0.7587536391308188	0.7780912038537952	3.3638598019205967	3.535065172438314
0.7587536391308188	0.7780912038537952	3.3638598019205967	3.535065172438314
-1.0087178090284667	0.8548921961994647	93.68365454133945	93.69298522571691
-0.7799831716783734	0.6610387173365821	72.44015457004679	72.44736944890538
-0.7696757168279049	0.657412164384489	70.9857007656797	70.99291728516
-0.7143913658568358	0.6101914920495959	65.88693214240212	65.89363031293755
-0.1806031009882828	1.0329797692785045	58.290075966253355	58.29950789531085
-0.5337882648683955	-0.4227882772290432	7.580227612571139	7.610750981175213
-0.6093838158628495	1.174943186849007	48.79333688147415	48.811285213118325
0.46067073257958774	-0.02096918834394985	9.893610403227001	9.904351772910571
0.300508914484253	-0.013678811309698724	6.45388975756173	6.460896665349443
0.30160306447513846	-0.012905041415607665	6.4512622917512585	6.458321461925455
0.30160306447513846	-0.012905041415607665	6.4512622917512585	6.458321461925455
0.022534287067804817	0.7459274221602461	32.23773646960865	32.246372946382046
0.02829671550072771	0.7517251907532208	32.181786018588035	32.19057692575146
0.02829671550072771	0.7517251907532208	32.181786018588035	32.19057692575146
-0.8568730876590741	0.4565143776973212	18.0817336407517	18.10778087785719
-0.8538843540115539	0.458207959422104	18.05778980442621	18.083772992518643
-0.8538843540115539	0.458207959422104	18.05778980442621	18.083772992518643
-0.9144517852135502	0.1117830564499511	6.203797872335946	6.271827928123473
-0.6894968004851055	0.0842844434413702	4.677664643448857	4.728959317001674
-0.6892364154541213	0.08144543961648448	4.6795734536918125	4.73075975975527
-0.6892364154541213	0.08144543961648448	4.6795734536918125	4.73075975975527
0.3806635203471918	-0.5345713336773802	1.2783734000411904	1.4369793931875303
0.659843989242076	-0.03206986892376931	1.105552052683132	1.2878928169003725
-0.27918046891088205	-0.502501464731154	-0.35231308158116215	0.6742210051099489
0.6579400354317075	-0.04526949672181507	1.1006656133323076	1.2831208867170407
0.6579400354317075	-0.04526949672181507	1.1006656133323076	1.2831208867170407
-0.29108449158816696	-0.5781098057838591	-0.3091079240856657	0.7172787725279152
-0.29108449158816696	-0.5781098057838591	-0.3091079240856657	0.7172787725279152
0.2968122911549312	0.2609131176962085	-10.406428157231971	10.41486437586669
-0.17079718222167256	1.5672944022798752	-38.958132363265854	38.99963148172497
0.7055615753686453	-0.09967827508959562	-10.33025924120433	10.366755741202208
-0.7446635121036267	-0.10806732951982326	-5.754183088711287	5.804851858340489
0.1634042244615903	0.38100978659538143	-5.054201388257486	5.129942205128659
0.308215142589419	-0.11253694703714923	-1.9863247459234779	2.151491396234993
-0.1901881880760854	0.05963197904772988	-0.019238975591084034	0.5327453429084179
-0.008575640497518522	0.004677653828536382	0.23726470500429372	0.7382427079140446
0.0986754174299106	-0.030003541666590305	2.2082153419356514	2.27749679898293
-0.3096660682932138	-0.15261561135768273	4.136767611782629	4.232521832507961
0.20113720783656763	0.45276648110303575	19.399906188193885	19.412509722236074
-0.07306437552656042	-0.6299354319539581	4.3067705188999374	4.381112792004758
-0.22164544766991054	0.6074085366388247	13.622683624053378	13.638733839356444
0.06920345450175507	0.8127875662079566	11.71989301912318	11.77424743585648
0.013324002499773162	0.16249361042864335	7.658690019642534	7.66161432857625
-1.1014851240625936	1.041775893072823	6.351099269012596	6.530945415111903
-0.0819648860050965	0.8033483607619941	11.683531678475019	11.737599223000814
-0.2849117687569369	-0.6500865391263412	8.08065850425621	8.147081434656332
-0.5249648903028612	1.0600098887592422	5.722588443370939	5.8452294546425385
-0.02408647942459055	-0.6094850967921297	5.740644014639063	5.794364646500433
-0.3125665304361812	0.2386520344485362	9.438700800962176	9.459986318789227
0.0671730777325068	0.14571350768304825	22.8757670494878	22.886366680746846
-0.03703944729138475	-0.27960276328488964	17.780676989504425	17.807649323363385
-0.20274139100238836	-0.3344952438538324	35.25371796875482	35.268405316163545
0.25756912659409026	0.25410545748002683	9.507236620655107	9.515142636057595
-1.5688724466451047	0.41286126276425705	173.54066589773186	173.55316223134616
-1.3873178881353163	1.014535483851444	160.78384908652217	160.7983873258243
-1.2647583308514287	1.3525321272572417	239.37565876021415	239.3856611743698
-0.9669868522635693	1.135218459703133	121.53190289434062	121.54113166096504
-1.7397458700248207	2.153836876116759	193.61668961809403	193.638036137462
-3.314659082885792	4.695493591232274	477.4639124746774	477.4987643504846
-0.41260946466702997	0.7732281100114786	-24.988802710402524	25.004167436246917
-0.37995967406351216	0.7120425627992583	-23.01143853000338	23.025587444955153
-0.9154540434532119	-2.6805897116514785	-22.931494513881056	23.10577975200305
-0.9154540434532119	-2.6805897116514785	-22.931494513881056	23.10577975200305
-1.0271856940821689	-0.27369732561316595	1.095579349112075	1.5265368604706886
-0.7237144736851386	-0.611514658734603	1.1023275326991708	1.4535607337209182
-0.3361210110005481	0.3990028803336573	-1.9841123639862344	2.051556118041529
-0.27867436125812095	0.3308090514369869	-1.6450064935015392	1.7009233938650765
-0.3175916230066591	0.0842377147565355	-1.6568460329773098	1.6891119585700098
-0.3175916230066591	0.0842377147565355	-1.6568460329773098	1.6891119585700098
-0.7136278775622138	-0.6029918205018667	1.086964108279517	1.433302081179363
-0.9731491326281156	-0.640735088762752	0.930958344905466	1.491389998711199
0.2020746053234743	0.10593709715755534	-0.18310010711064362	0.29254480664461713
0.19655025608699694	0.07089397247097015	-0.1919646870485287	0.2837400211006915
0.19655025608699694	0.07089397247097015	-0.1919646870485287	0.2837400211006915
-0.9043098107571808	-0.595410310133784	0.8651035452610092	1.3858909824616301
-0.9101529761659197	-0.6335523704158662	0.9210665594540439	1.4415722850512056
-0.9101529761659197	-0.6335523704158662	0.9210665594540439	1.4415722850512056
20.71365159213201	-22.485723265242996	2754.340442938672	2754.5101284294797
20.956070844008536	-22.57101553829125	2794.794238907193	2794.9639629835
20.94635844814931	-22.560554673199178	2793.4989509243946	2793.668596357681
21.075189192277453	-21.819099055353032	2754.716431999349	2754.8834759950014
-0.13891734024877098	-0.7499784560815134	38.79788234978287	38.805379015538556
-0.1282232544352393	-0.6922438782885365	35.811157411431395	35.81807697149998
0.5302521317830468	-0.14558277954162024	31.687007542397907	31.69177825021724
0.2818748243626854	-1.6373653046550591	145.67444787354142	145.6839221802414
0.5696525088122839	0.2172973536667738	29.431433438466247	29.437747814049494
-0.10823969890017168	-0.40820491183736135	2.321428903576087	2.3595294524172865
-0.1082511815585012	-0.4105384570686139	2.3528777812337336	2.3908772441228625
-0.1082511815585012	-0.4105384570686139	2.3528777812337336	2.3908772441228625
0.5749361578293397	0.22271113849364577	29.408129600518397	29.414592270464762
0.5749361578293397	0.22271113849364577	29.408129600518397	29.414592270464762
0.30831802677601106	-1.6089185609380277	145.78898327587203	145.79818696936573
0.30831802677601106	-1.6089185609380277	145.78898327587203	145.79818696936573
3.808974551051	-4.4179971635030135	573.3624310680109	573.3921034913951
2.868624340446618	-3.327292957562369	431.8121330596285	431.83448002856176
2.9470505345633033	-3.242576851624108	432.0151682521401	432.0373884415781
2.9470505345633033	-3.242576851624108	432.0151682521401	432.0373884415781
17.255520555400075	-17.458836469629148	2184.3407258679754	2184.4786745459305
17.65195764051803	-17.032128351440946	2185.381994706802	2185.5196765743062
17.65195764051803	-17.032128351440946	2185.381994706802	2185.5196765743062
8.63290708233048	-8.35038408144792	1082.678488435783	1082.7453061345618
2.1917677550706816	-2.767778508483271	299.80108948130214	299.82190910226166
2.340257147971804	-2.2221121035575324	282.03785745412983	282.0574007382308
1.3131488727105536	-2.1696284483509656	249.77024192737912	249.783155716738
3.8281835388782874	-2.7364257147123285	404.40084363410296	404.42897965905695
0.671611347802171	-1.0550957109709285	138.17289444646235	138.17945094762507
2.382811527245483	-2.072789727816342	285.43761102045625	285.45550923574376
0.36987468418112474	0.12054186918444704	15.213903020326132	15.219515843843821
-0.7434740807719387	-0.8062909146716365	21.524501030944897	21.552847212825725
-0.10974780378181206	-0.06518495792805767	0.6333221222744342	0.6609616892356219
0.367870531875104	0.24613016954160424	1.3101726114533236	1.3899427489228007
-0.6890669613238434	-0.13513709582529435	8.2198287722373	8.305155219942094
0.14599325234841073	-0.0296663704552467	1.703497291865501	1.7809303351788774
0.27841308782798935	-0.490356155960204	3.2238337003674284	3.389329081723181
-0.13807373924669356	-0.020946542231115528	1.3072311932273246	1.3220575980446307
-0.051376237788357884	0.25752732259857347	-0.04618777695272343	0.29885238970754474
-0.1230779558381031	-0.7909914999770277	-0.9141656386858412	1.4411384427801421
-0.32587246003959547	0.2399957650184668	-5.2518366008162864	5.269255952600198
-0.10962397035142751	-0.8968460660107717	-2.694530650969839	2.8454042761812515
-0.06977093395156464	-0.18025483700947903	-3.97266813890382	4.152917099345231
-0.3629021183896125	0.06671459725078414	-4.945651677373409	4.9895650032266765
-0.545956906789079	-1.1215395997565922	-30.247342897547778	30.295860406428883
0.09678416766040832	-0.13832509711864932	-7.3363588616840545	7.339628201749238
-0.10158577815941477	-0.010749113639151521	-110.51175777482176	110.51907656014833
0.18985477923942698	-0.02828501807842517	-4.758720226537884	4.764634598666357
-0.09114659587584849	-0.016517734962446948	-4.611104807538731	4.614146494045768
0.021947005095590458	-0.004577624714227204	-644.994465137987	644.9946574794056
0.34150008064104886	0.7902100380170727	-1141.179185489832	1141.1799296698223
-0.19104028504667897	0.8860625695227752	-4463.854004948335	4463.854267433168
-1.7973945791088575	2.859211190779093	264.51333946000057	264.5349352126726
-1.374037023361713	1.2381151336696572	141.17764737499982	141.18982698752055
0.043294485078760686	0.2562576224756841	42.29430630539833	42.29532016472712
-1.0868618604352211	0.3071229170615009	149.67265321308565	149.6769144291612
-1.0796367983565616	0.7680999872803997	100.5907489535757	100.59957180839797
-0.1663087625917854	0.27574394679601194	102.04712782719221	102.04773133633553
0.10762721824170485	0.2523556330878815	80.53851549530651	80.53910370097425
-0.5726401691171314	-0.7884592809663846	426.6395397829052	426.6406754761613
-0.17526383954745522	1.1182104540201723	-21.710903920349164	21.74599229775376
0.0044666573257826775	0.449083948259703	-17.24722844291669	17.25363918397121
0.7055615753686453	-0.09967827508959562	-10.33025924120433	10.366755741202208
0.41117273192396386	0.40354640698686867	-3.5944794311912256	3.643031002369679
-0.24776850746237353	-0.022536620391487225	-1.4597219570662607	1.4869112027589801
0.39931299080506666	-0.041782968959017217	-1.3996271045837847	1.5374890748900643
-0.09109784821564766	-0.07075397807813201	-0.5866976413396929	0.6140023213449285
0.18088544084698505	0.05043863162547133	0.39101300001785166	0.4556693421260845
-0.18946108134450357	-0.04576097779693495	-0.15374829501355797	0.28257336578796
0.20793291477915113	-0.024810756774919923	1.1519833182947545	1.1786164926428322
-0.05485422184487818	-0.04448080614893614	0.5442660607916224	0.5651837516237496
-0.05440327550436233	0.03928802125726576	0.511965962849275	0.5336965547163481
-0.10922894486114468	0.2324233304584014	0.6081497747112642	0.6747425437292478
-0.20043712343206918	-0.38503894181608417	3.5286178370713652	3.557779288778714
-0.24229254323048255	0.43020921823264696	4.270836628714625	4.301547505494731
0.28038082888097116	0.2853469563043147	5.117566393393306	5.135075644074262
0.031115168851266577	0.09723139167099502	2.3314899970152507	2.33762428628749
0.013843374412711452	0.18678854676260115	6.718352903735469	6.7209632746614245
-0.0005193719129382916	-0.0242949363339578	0.9403371159070643	0.9406510539148247
-0.24096036734092885	0.1943147644738732	1.5164228021417734	1.5476944921970612
-0.8605247567216646	0.8474611285989496	4.834676466870821	4.983250922914841
-0.0005063639107609832	0.07059055514244422	0.9373977873293706	0.9503566064745006
0.09664306846557673	0.6225890721195608	6.006849028299985	6.041413085453901
-0.17810159055991226	0.11016873349998907	4.739284862845661	4.745829531072411
-0.23735217586507884	0.040164934526395996	1.2749599061815207	1.3049719631562164
-0.04755959289185807	-0.6902514736527372	6.805698598074689	6.842109471500116
-0.02408647942459055	-0.6094850967921297	5.740644014639063	5.794364646500433
-0.3125665304361812	0.2386520344485362	9.438700800962176	9.459986318789227
0.1261903066287142	0.02942230633696591	1.8528345907539567	1.8625964327227789
-0.0590172288962074	0.11629120134608235	21.02293245873384	21.023770248024068
-1.3657747851647875	0.44022474096228287	164.95424116653226	164.96315833905985
-0.2030976614803171	-0.027363478198025884	8.586424731199582	8.590003892286294
-1.052216913482031	0.46219908127018894	120.03112621633723	120.04030506863482
-0.3351009746532856	0.5523364025812552	40.752722870184954	40.75808225718949
-0.6532563759804233	-0.031328718384477594	75.85909345945247	75.8620410063966
-0.6115019548710057	1.3838608456417196	163.51656530076173	163.52362016797323
-0.3411507280769852	0.4059311458364717	22.6379138221608	22.644553118110018
-1.3985951419478353	1.747905730280287	170.97877579593322	170.99348301935197
-3.314659082885792	4.695493591232274	477.4639124746774	477.4987643504846
8.204260096027689	-7.980164812838934	1028.494313250572	1028.5580026341315
0.42864698630278886	-0.3702192686089846	54.184175185210805	54.18730350043015
0.17441813567045972	-0.3805147799254796	53.47953270968067	53.481352935527845
2.1658390123013436	-1.841597323632052	228.5583247444491	228.5760478027029
1.4784272931801086	-1.254485356378014	169.3039247884309	169.3150847069515
0.7492840622488317	-0.29249302172928127	77.65125066728461	77.65554190624177
1.600472183449348	-1.1894473366050335	157.44566817838754	157.4583530458638
0.671611347802171	-1.0550957109709285	138.17289444646235	138.17945094762507
-0.7270172039671764	-0.7798578535763545	21.217618719503452	21.244389292537267
-0.016456876804762346	-0.02643306109528206	0.30688231144144856	0.30845792028845753
-0.10478609981314353	-0.032961409241383105	1.1266806339783786	1.1400418556330068
-0.14448437522960234	-0.22214925702138058	1.8513011138792994	1.8750363841086854
-0.4397964862810974	0.11997357043746937	5.241847024379621	5.2900769802004
0.14599325234841073	-0.0296663704552467	1.703497291865501	1.7809303351788774
0.0747585917569057	-0.04868107518343029	1.1500755788939405	1.2547320326231908
0.2036544960710836	-0.4416750807767736	2.0737581214734875	2.13459704909999
-0.07943614886438795	0.1334426594029826	0.018039667112078474	0.1563408925536126
0.02805991107603007	0.12408466319559089	-0.06422744406480191	0.14251149715393213
-0.09931890344325253	-0.2688747237096099	-0.17784737849589913	0.3650579906931949
-0.021136222580284414	-0.3605515740080437	-0.7709345087313368	0.8627073542502514
-0.002622829814566161	-0.16156520225937404	0.03461624854139467	0.21337309783669584
0.016706257509956662	-0.12951361483204496	-3.7699984896167438	3.8871959148053477
-0.0864771914615213	-0.05074122217743408	-0.20266964928707576	0.2657211845398832
-0.22054263000472268	0.09681933434792103	-1.4359871096869286	1.4622898531891664
0.022560625853741717	-0.0218569746127054	-1.4358296175511347	1.442502339760727
-0.16492011423863148	-0.008247762484431508	-2.0738349501353452	2.084772810276783
-0.44825051449194353	-1.1082555659704942	-25.369240654027536	25.414765827567848
-0.0977063922971355	-0.013284033786097993	-4.878102243520241	4.881094578861032
-0.07666794976451649	-0.06874576648674591	-108.96926191218685	108.96939994983275
-0.024917828394898298	0.057996652847594386	-1.5424958626349177	1.5496766103156154
0.021947005095590458	-0.004577624714227204	-644.994465137987	644.9946574794056
0.15331797063229152	0.8992192693782927	-867.9838888445591	867.9845108129122
0.18818211000875734	-0.10900923136122001	-273.1952966452728	273.19541885691
0.04968662711355859	0.6918822746763893	-3093.0204139795824	3093.0206344698154
-0.24072691216023756	0.1941802948463858	-1370.8335909687528	1370.833632963353
-1.2875936917747162	1.1969932348015015	132.96206433985887	132.9736862835502
-0.08644333158699692	0.0411218988681557	8.215583035140977	8.21614070397036
-0.015560699071159069	0.16652659237933187	32.40578468875444	32.40621629464379
0.058855184149919755	0.08973103009635225	9.8885216166439	9.889103870083334
0.5911627058865508	0.040754851751000534	-8.588710853286774	8.610259473966993
0.11439886948209446	-0.14043312684059617	-1.7415483879175548	1.7564962672352142
-0.22624754083697027	-0.04304965872565165	-1.4121914614099698	1.430847981628516
-0.02152096662540326	0.020513038334164426	-0.047530495656290694	0.05606322113046394
-0.06696762991996585	-0.07965744571429192	-0.0383638810419455	0.11091329714431639
-0.1224934514245377	0.03389646791735698	-0.11538441397161248	0.1716600686436436
0.08352460875501384	0.05541644710452208	0.5142074084363396	0.5238860580013397
0.12440830602413727	-0.080227203879442	0.6377759098584147	0.6547304346414925
-0.032155951385672114	0.04599283835137759	0.2606392499556677	0.2666123871964441
-0.02269827045920607	-0.09047364450031373	0.28362681083595476	0.2985713644273055
-0.03875178923527978	-0.015130653904954511	0.037949268752587355	0.05630972256531866
-0.01565148626908255	0.054418675162220265	0.4740166940966876	0.47738683215102945
-0.21231053044481832	-0.2932781047376041	2.807423999981146	2.8306743584747394
0.011873407012749117	-0.0917608370784801	0.7211938370902193	0.7271049303039746
0.08150303198534453	0.05085784401280459	1.0809211649513728	1.0851819337605415
-0.05038786313407796	0.04637354765819045	1.2505688320638781	1.2524423525269488
-0.1364980519612263	0.0984407324071424	2.294865843700875	2.3010283650079137
-0.041603538598685964	0.011728001092846677	2.4444190191447865	2.4448011660644973
-0.08135450734410252	-0.48495827395575936	4.384705502814419	4.412192814208645
0.03379491445224444	-0.20529319969697782	2.4209930952602696	2.429916657291472
0.16623487151120464	-0.3777415030851905	2.587651476984956	2.6240698593790963
-0.19032135093579522	-0.23174359370693912	3.152992537654107	3.170294787121336
-0.09313405607988022	0.050392192846831246	9.298254669942832	9.29885763051653
0.03411682718367282	0.0658990084992511	11.72467778879101	11.72491261750754
-0.48218771242328107	1.082921174175949	121.76663742560513	121.77240743780288
-0.1293142424477246	0.3009396714657707	41.74992787515659	41.75121273017035
-1.2258451914895738	1.4576534576878821	144.22618861573963	144.2387636270469
-0.17274995045826147	0.2902522725924047	26.752587180193576	26.754719392305084
-2.6316608375157626	3.4567029956716544	356.13668182062884	356.1632070446873
-0.6829982453700287	1.238790595560619	121.32723065404852	121.3355573057973
0.19372970565556358	-0.1556099729960216	17.754805379401706	17.756544137950403
0.23491728064722533	-0.21460929561296296	36.429369805809095	36.43075936247974
0.5647991421256379	-0.5003974019253393	58.69773137610001	58.70258141114066
1.0356730413237103	-0.6890499346796943	98.74793680228754	98.75577163472312
0.015582320201339817	-0.32757714694942214	35.7025579087405	35.70433685993585
0.6560290276008313	-0.7275185640215064	102.47033653772185	102.4751140876892
-0.11075632070071667	-0.06696411996269953	1.0130052806192116	1.021239861393956
0.005970220887573126	0.03400271072131643	0.11367535335916709	0.11880199423905079
-0.1432581787156188	-0.11919048110557476	1.3864285864918424	1.3988972449743626
-0.0012261965139835351	-0.10295877591580581	0.464872527387457	0.47613913913432265
-0.20379631915624308	0.11514847270433576	1.24320884075884	1.2727293966545725
-0.13889867691654328	0.06850727955699921	2.278597667115961	2.288115644649056
-0.09710149020831102	-0.0636821818238656	1.7200405165048192	1.7292319388967712
-0.0062056808328340984	0.09999251274650717	0.22833225152945139	0.28574886713418124
0.15219893318124483	-0.12965888320175387	1.4751650403360494	1.4951814680446962
-0.0613628438482475	-0.11258332676738636	-0.0027519844117371295	0.1282496685740705
0.058740014033681336	-0.0489818754919877	0.037368232953131804	0.08512342926262534
0.00882266346392769	0.03840165125242135	-0.20990566027585905	0.21357179688656144
-0.2293652934686504	0.058417683095499676	-1.2260814494110694	1.2487180563026048
-0.016378113669533047	-0.06876977427657915	-0.5411732590109514	0.5457710332455893
0.038938739523274764	0.04691279966387376	-0.8946563585401834	0.8967313065151378
-0.15222690283887122	0.04361606014910822	-1.6519955404502091	1.6595676112524689
-0.0126932113997603	-0.051863822633539725	-0.4218394096851363	0.42520519902431425
-0.04722302311925217	0.0853190632508924	-0.7388936355364397	0.7453007185712298
0.02230519472435387	-0.02732241040329801	-0.8036022270984781	0.8043758917443856
0.1680515572631649	-0.04820989610247496	-169.78009423245686	169.78024161511493
-0.14610455216757443	0.043632271388247754	-475.21437090553013	475.21441586429074
0.15331797063229152	0.8992192693782927	-867.9838888445591	867.9845108129122
0.01217385167733838	-0.04695887583076605	0.9565925075605618	0.9578217810245045
-0.10927534188564941	-0.01672330599309956	0.7634480089442576	0.7714101578722666
0.14748046067474396	0.09756280308584332	-192.75951239570574	192.75964403318955
0.00583750995754756	0.8016564662924492	-675.2243764488535	675.2248667797227
