0.0	0.0	6499.999932280723	6500.0
1.506821537905938	-1.8210684050398152	224.25061837460257	224.26307463038705
-1.0620024601532139	-0.09067620772546084	-2.676930324896916	2.8813238909174625
-0.17358906618518305	0.5362643101010742	3354.5547945832336	3354.5549306165644
-0.271230011567884	1.3754803026641742	2921.0746832618747	2921.075038338667
0.0	0.0	-6499.999932280723	6500.0
2.0251130290104546	-1.5288877788097053	-183.3871936804432	183.4047474483931
-0.7520955025181593	1.6415755886013415	-344.92725829546725	344.93198450315595
-1.2730175264917958	-0.11268780979117118	-5968.888713918956	5968.888900571967
-1.7053025658242404e-13	2.2737367544323206e-13	224.24947198416376	224.2494719841638
-3.885780586188048e-16	4.440892098500626e-16	0.10249165448880149	0.10249165448880149
-0.17358906618518305	0.5362643101010742	3354.5547945832336	3354.5549306165644
-0.271230011567884	1.3754803026641742	2921.0746832618747	2921.075038338667
1.235128719281984e-14	-3.552713678800497e-14	-183.38899023597116	183.38899023597128
9.992007221626409e-16	-8.881784197001252e-16	-340.8309437456284	340.83094374562836
-1.2730175264917958	-0.11268780979117118	-5968.888713918956	5968.888900571967
-8.526512829121202e-14	1.1368683772161603e-13	220.1179656853064	220.1179656853064
0.0	0.0	0.10249165448879083	0.10249165448879248
-2.0583035344756363e-14	-1.776356839400248e-14	-182.6491052576573	182.64910525765737
8.512483224053228e-15	-8.881784197001252e-15	-178.5717129716371	178.57171297163717
1.3322676295501878e-15	-4.440892098500626e-15	-162.87036726038178	162.8703672603818
0.0	0.0	-162.87036726038178	162.87036726038178
-4.263256414560601e-14	5.684341886080802e-14	220.08236204701745	220.08236204701745
-2.1316282072803006e-14	2.842170943040401e-14	220.0017771683706	220.0017771683706
-1.0658141036401503e-14	1.4210854715202004e-14	219.86515453242737	219.86515453242737
0.0	0.0	22.866492388226593	22.866492388226593
-6.747991850740515	8.74229335155573	196.63456004078694	196.9444421391379
-8.777546104533899	-60.29357690105667	-64.74947443274117	88.9092524457216
8.777546104533899	60.29357690105667	-75.25440043941401	96.82760720288675
11.96071519235621	56.16965402609159	-64.86133703982017	86.6318751033165
-0.35015845276556923	8.409705193615782	-8.198457509623237	11.749913102770982
12.310873645121779	47.759948832475814	-56.52625689425369	75.01858463648875
6.858086209338744	34.49139572870102	-41.13314578595301	54.116775661684045
5.452787435783047	13.268553103774826	-15.312526229653827	20.98239385345157
4.4834974501969675	10.90992904256407	-12.59056457183693	17.252553936658217
2.5888401906621534	7.769116691774482	-9.207112949948907	12.32202079921609
1.894657259534815	3.140812350789592	-3.3478479835990633	4.966136775731091
1.945955942979712	3.0996217667170445	-3.3440469062814744	4.957524517350862
1.945955942979712	3.0996217667170445	-3.3440469062814744	4.957524517350862
2.7179917877734425	7.66689397636038	-9.202242803214933	12.282101416796573
2.7179917877734425	7.66689397636038	-9.202242803214933	12.282101416796573
4.1523669195292	19.983407389677087	-22.118599891620825	30.096697212515032
0.6413636287144332	4.64046673307486	-5.238365465841957	7.035243532297786
4.480293276400826	17.70156471781291	-19.602196083595686	26.79129359701049
4.760130578331937	17.47942054232908	-19.5941782333593	26.687632084151215
4.760130578331937	17.47942054232908	-19.5941782333593	26.687632084151215
0.006646046345917034	0.33740332520100846	-0.3580138067430596	0.5114086863824152
4.943847891635205	16.69992324382578	-18.784553691049762	25.630423956863982
2.9764728795622517	8.157670359734134	-9.73253993434378	13.112811474101887
0.15493347490512885	0.7295854445759049	-0.9789914545103007	1.2381208224512634
1.2992049073225813	1.492803772137611	-1.4228767008846033	2.741998737640117
-0.35570392495282066	0.32747272942043	0.08867074336185128	0.9269089673170904
0.4852689689849793	0.5709951784144562	0.14102508347009599	0.7751705135646281
0.05412556247189529	0.09455787769758782	1.957113821067933	1.9651068831650604
-0.07762077681486061	-0.1772498649593038	12.571734408050162	12.608280624695569
-0.12645519249667067	0.14985472420446894	15.693258721858566	15.722582753802433
-0.2289827496163545	-0.013783895358346409	7.062519685186145	7.06762245623908
0.29534768160820946	-0.2408400504845402	131.92485873681073	131.92728556270103
-0.18489532156006705	0.17471761926837143	337.9349784852822	337.936201628768
-0.4603779352618845	-0.23381055690712427	278.2636608668542	278.26417267381703
0.7098073450683134	0.636233597884194	2160.129811934432	2160.1303208028803
-0.24112961430191426	0.0766670908529505	407.92366974153606	407.92377209047334
0.7150243443265106	4.582142541160162	-5.237415731042895	7.003335892291959
0.7150243443265106	4.582142541160162	-5.237415731042895	7.003335892291959
2.6264732483674416	16.411229117665275	-20.869978194874534	26.67925772452137
1.9362108070795214	14.825044704514793	-18.55382060472349	23.828032269001476
0.6621113960815899	1.7125697025178412	-2.355443596068903	2.986536626439589
2.1874741504391353	14.627394249132825	-18.55101589289214	23.7252164655402
2.1874741504391353	14.627394249132825	-18.55101589289214	23.7252164655402
0.6936895834394948	1.6877731474819404	-2.354169604232941	2.9785731417958887
0.6936895834394948	1.6877731474819404	-2.354169604232941	2.9785731417958887
-0.2709124113235064	6.506464414974179	-6.3430252090805865	9.090733827418234
-0.2578130702145482	1.1574625113537587	-0.35978933385653633	1.2392075730561594
-0.013099341108963491	5.349001903620545	-6.723120853537594	8.591411232675668
-0.22966202500821598	1.0310772219864166	-0.3205033279386935	1.1038964021364883
-0.2192110754797968	1.0220022167516178	-0.32110219571370713	1.0934571993225883
-0.2192110754797968	1.0220022167516178	-0.32110219571370713	1.0934571993225883
0.07754154085313344	5.277759978500498	-6.723647305261305	8.547993692485207
0.07754154085313344	5.277759978500498	-6.723647305261305	8.547993692485207
1.4053612200787804	0.8781846798114096	-6.9510474894485235	7.145859618781032
1.4457455791125597	0.8215891469416957	-7.392885023760812	7.577594471891662
0.48925383778530573	0.7386957460730348	-2.0300181145656495	2.2149524303062265
0.48925383778530573	0.7386957460730348	-2.0300181145656495	2.2149524303062265
-0.14898244279365652	-0.0009243348095855919	1044.1165896570794	1044.1168972850805
-0.3655933975799742	1.2235647070889097	1427.948554098606	1427.9493098964656
0.3338125960549974	-0.21198362408766314	252.25124325872844	252.25159181512663
-0.7217401434281047	0.10369327184383656	93.7950115981465	93.79944563507931
1.1157240956589674	0.1495162246525619	73.10643102175884	73.1211173512218
-1.1281803483661892	0.11169899750852752	25.586358686408982	25.628691152280105
0.4776731253202384	-0.1760446910612218	0.9245900387187143	1.0640722193544567
-0.20685070439480674	0.34355441677513565	0.1674018668216724	0.45642088154434357
0.6676912392018244	0.331391430646894	1.1784684610356815	1.5554244781114497
-0.14728731561717684	-0.389857865449434	0.13386171370569405	0.8412835991498085
-0.14165578483659413	0.5132806199815036	0.07381895277026901	1.0984919204250891
0.46700854107370116	-0.3448134076351475	-0.1945076690600148	0.6279381193588341
-0.3483595627730287	0.9803141546253811	-0.2417208747582601	1.2003911156486406
0.45967525479889565	1.8578329137693612	-2.6365742411448316	3.2957524052221556
-0.2710525857913223	1.794372397670501	-1.6092280636116603	2.475192256957281
0.944711693076659	6.452885058429468	-9.122029408664279	11.24044506386569
1.039285023547063	5.388056482372232	-5.900741445632828	8.07651875798674
0.03655822798423808	1.772510333614914	-1.5374712289435677	2.3508353731246783
1.610104858660168	9.412201095828078	-12.182742003799113	15.488747834406098
0.0	0.0	-142.04992764994984	142.04992764994986
-0.8138799858571719	1.1405893913792085	-189.97558558342604	189.9810394817249
-1.4053612200787804	-0.8781846798114096	-134.99638850601255	135.00655968565763
-0.6318655932553631	-1.9621785383210297	-143.35998148395828	143.37480144650576
-1.0335194560151422	-1.2580494951473113	-149.58429657801776	149.59315704181972
-1.0335194560151422	-1.2580494951473113	-149.58429657801776	149.59315704181972
-5.2127233416157	-64.91194737764732	-74.77843572892132	99.15920455035473
-8.625472307349703	-24.668501003697727	-32.56916053386993	41.75744163829107
3.3928486951644308	-40.2176647774477	-41.62938698020265	57.98256498954579
-2.593010963019416	-19.660223540509804	-20.172666396136385	28.287533739210353
-6.0324613443302875	-5.008277463187918	-28.09783984898863	29.171253610335786
-4.188156891562626	-4.181970634254847	-18.467343712651513	19.392584158263247
-1.8443044527680144	-0.8263068289333644	-13.70788842235923	13.856061738094708
-1.6916548363942057	-0.9417668380345464	-13.711650469643981	13.847670542889349
-1.6916548363942057	-0.9417668380345464	-13.711650469643981	13.847670542889349
-3.9764706895602813	-3.97059711044197	-17.533930291707648	18.412405384219774
-2.963577597467667	-2.9592001459909847	-13.0676590033688	13.722367489197005
-2.813464026990847	-3.0735217839054756	-13.073612563949826	13.721569205436369
-2.813464026990847	-3.0735217839054756	-13.073612563949826	13.721569205436369
-0.7752720110310902	-1.4760921056429217	-1.016184118306392	1.9525687587707847
-1.6261369939106167	-2.4869322678788532	-3.247365935546622	4.401651865757935
-0.16202810921309502	-0.0005568022150608115	-2.235089471098642	2.240954788035646
-0.1373005457424058	-0.019232736833148936	-2.2354177173332714	2.239712863068555
-0.1373005457424058	-0.019232736833148936	-2.2354177173332714	2.239712863068555
-1.5799967644452215	-2.5235277375241227	-3.2505719399621547	4.408038107206006
-1.5799967644452215	-2.5235277375241227	-3.2505719399621547	4.408038107206006
-2.0294251539906654	-18.395504958679744	-20.08989569877383	27.315143754483014
-0.8333606553425692	-10.204189148185073	-10.00541369842519	14.315315903969612
-1.2797300697960108	-8.203521588235418	-10.289156937740024	13.221279287180508
-0.6842607654612658	-10.323382837179267	-10.005982480975733	14.393058445226645
-0.6842607654612658	-10.323382837179267	-10.005982480975733	14.393058445226645
-1.0502218596815456	-6.73229292776378	-8.443888120430808	10.85016039559433
-0.9354047375914452	-6.822678316248836	-8.44533028162623	10.89713379728236
-0.9354047375914452	-6.822678316248836	-8.44533028162623	10.89713379728236
-1.2954629825116564	-0.18899211490438472	-3.169150717559628	3.428915080482853
-1.2117974113637384	-0.17678633716361603	-2.9644757801682227	3.2074636438157125
-0.02541892919455588	0.20516922986759623	-1.5875218162050588	1.600926622857172
-1.4158866922836468	-1.8531842275028478	-3.2222227812723734	3.977655912544714
-1.3735813611118495	-1.886274300497047	-3.225045992646735	3.9806630285665046
-1.3735813611118495	-1.886274300497047	-3.225045992646735	3.9806630285665046
-0.02438968946058706	0.1968617074715322	-1.5232413534334857	1.5361033850722645
-0.022410654565879984	0.1808879006238726	-1.399642084308799	1.411460461436473
-0.006857184326190835	0.16912898248628747	-1.399696272199065	1.4098940698157736
-0.006857184326190835	0.16912898248628747	-1.399696272199065	1.4098940698157736
4.665317231644388	-39.99888243796808	-37.790184656352295	55.22475746908695
6.723070387920073	-35.20270122203203	-35.185334527057336	50.223874945582565
-2.077694627890784	-4.770346241831614	-2.023761327717631	5.582887079754405
6.311415053010088	-33.0472307412634	-33.0309274135039	47.14865412112875
4.378092884926112	-19.5416442856296	-19.640740793692473	28.049995679502985
1.876586535708598	-13.716887656285198	-13.531365025043147	19.35903983781512
2.257259400037846	-10.893183537103338	-10.146547435741248	15.056861971799623
2.1198042451542953	-8.640153226130192	-9.55847382072279	13.057956945488257
1.2139734742677661	-2.7910108346168316	-3.313383323109053	4.499109036357252
0.9038517359918207	-5.833168584665694	-6.368689766738417	8.683490832766788
0.9949807913372891	-5.905542206554404	-6.366026085657688	8.74023475953591
0.9949807913372891	-5.905542206554404	-6.366026085657688	8.74023475953591
1.26123824526216	-2.8285303295107513	-3.310416304246984	4.533228633512588
1.26123824526216	-2.8285303295107513	-3.310416304246984	4.533228633512588
2.4133895490036337	-11.018631701078016	-10.140355119365113	15.167778203351851
2.4133895490036337	-11.018631701078016	-10.140355119365113	15.167778203351851
1.7023262857086465	-12.443134367150217	-12.274839409391738	17.561355021419217
1.8853348378059307	-12.589453495479374	-12.269655541005584	17.68030751600241
1.8853348378059307	-12.589453495479374	-12.269655541005584	17.68030751600241
-1.8000024342876975	-6.70377079829824	-4.479045397875023	8.260895796206565
-1.7432668019123292	-6.492469597646755	-4.33786699264323	8.000514400017085
-1.4741500879870117	-3.8688136991133457	-2.702029474548639	4.943865006418439
-0.09485646392536609	-3.8974091876684005	-2.892363133746006	4.854334209994558
-0.04535574644904873	-3.9377954857934223	-2.892104129361849	4.8859550475565
-0.04535574644904873	-3.9377954857934223	-2.892104129361849	4.8859550475565
-1.4243178786175248	-3.909864371119532	-2.7047548705448548	4.9630051107807205
-1.4243178786175248	-3.909864371119532	-2.7047548705448548	4.9630051107807205
0.13396314130690756	-0.2220459243020807	0.30087695660389535	0.3972121080017592
0.10567466234049316	-0.17515734436943475	0.23734193215369714	0.3133343618337534
0.10795457651010117	-0.1777198814282717	0.23759106683948072	0.315734163318229
0.10795457651010117	-0.1777198814282717	0.23759106683948072	0.315734163318229
-6.728091580170943	8.716511755053833	196.0546718259382	196.36364006165576
-6.705097134139245	8.686721530478593	195.38462021964745	195.69253250163175
-6.685155662524146	8.660886556374153	194.80353141807012	195.11052794538176
-5.668973161768845	7.816832579539543	181.63840513015867	181.89557539014817
-0.987894021789065	0.7971653969021918	13.228661312366945	13.298830301406905
-0.8984475487368336	0.6892250461034609	13.226507864916954	13.28430462849739
-0.8984475487368336	0.6892250461034609	13.226507864916954	13.28430462849739
-0.22010093552106408	0.5409399765047351	10.88684608090308	10.942072399594199
-0.5143173350880832	0.2777685728891855	1.3765787855031295	1.5016212752735862
-0.41837848730945215	-0.98795872334167	0.4751484390373413	1.476377253857447
-0.050794041957799546	-0.17833875118533898	-0.24653964363046008	0.5854760907622027
-0.4335405615430942	-0.4138383064234946	-0.34334859607936713	0.704689722996043
0.10060541986342496	-3.84063030380365	-2.5962797670053464	4.7517483283105175
-0.14996008378258968	-1.2308214658664114	-1.1652083813882192	1.964153566362238
1.2139556760092463	-8.064355809848406	-7.216037125469239	10.89022196319713
0.3312376846953898	-1.0213100842786609	-0.8935338403875253	1.500444946817219
0.4226089151450733	-2.7267374115144456	-3.183414078430858	4.21497805470733
0.6414883212493718	-3.9657505038957956	-3.398841310055234	5.321989815074428
1.7772833599821012	-12.335130779239133	-11.90467789956357	17.26024026390882
1.0775077341034776	-3.1593797161732007	-3.5297144283782327	4.948169241125543
0.3157121126231234	-0.8306437471415338	-0.591797307473029	1.0761444262990967
-0.8299173888773597	-2.5623385737450928	-4.931443599176218	5.697040424257066
0.5792375379909332	-6.497041404069153	-6.312060493568978	9.125347258651637
-2.723189006007373	-4.920949741631404	-6.57303276591355	8.651921419475256
-0.6373553644975203	-4.21825863154842	-5.159034989594515	6.712621671861673
0.32040353474585015	-1.4036907237212115	-2.1974823791455966	2.673135765724219
-0.10114381272341783	-1.4167264297035462	-0.8146244532080799	1.6433005300727404
-1.8046840245691023	-2.264939667111215	-6.558171106048485	7.275653211340252
-0.4794047673127116	-1.1130984828143629	-3.515753194608636	3.7994628175274596
-1.291723433702498	-0.6965103279076628	-7.585396063329214	7.822610681170141
-0.8235241035916935	-1.4455421124954047	-8.077204922245754	8.284039168358136
0.03125246132427545	-0.1450047522525727	-4.964924628497464	4.997261178253078
-0.5666960887832699	-0.15798866449036478	-15.813653927589575	15.854148507856236
-0.5060383481891314	-0.7625595546070112	-22.617418189686234	22.6554180989054
-0.8562043957576977	-0.040269513782824694	-65.30858535977072	65.32096769859135
0.31092085301981454	-0.04899181453318884	-39.02974875258815	39.03744595997437
0.07920984207946226	0.26831239951003133	-30.389868015761444	30.391476165910625
-0.36170503334322884	-0.3242891408517456	-43.6017871087832	43.60470218517807
-0.04756068082349574	-0.27375293482450264	-13.169510238739571	13.173180420872246
-0.3047159973852177	-0.06546688571611105	-116.08153724489472	116.08203412453828
-0.04596254099233317	0.07758976181217855	-74.43546326882479	74.4356487481353
0.2666865461316902	-0.30715294658714415	-605.5811280522593	605.5822363361583
-0.6035238350820257	-0.015282831147140435	-478.8525168075967	478.8529177183104
0.12697840726476542	-0.06570147161472761	-61.67343329480255	61.67375693398808
-0.8441624840050281	-0.014655781250919792	-2573.0900881737734	2573.0906287745884
-0.21476603383747045	-0.11980801913359128	-1979.3748452309121	1979.3750625878479
0.3080356967011652	0.9175274198555652	-1.2601449024947755	1.595050944895665
4.63581219493404	15.782395823970214	-17.524408788554986	24.035373011968318
1.492188923251252	4.036149465797245	-4.943462804559972	6.621007972952235
1.484283956310999	4.1215208939368875	-4.7890771297838075	6.4918035011496515
0.1491284661237619	0.7349426605578857	-0.9711174249559444	1.2269674269390343
0.005805008781366938	-0.00535721598198096	-0.007874029554355906	0.011153395512228985
1.2686252703915089	1.5278865072298355	-1.3732579394843074	2.590844728830272
0.030579636931072587	-0.03508273509222404	-0.04961876140029613	0.15115400880984586
-0.4039191285377902	0.2834974453416395	0.14134982090268	0.5319596043715947
-0.04669320471770409	0.09615029643896823	-0.11605524745771234	0.21065075417520285
0.09490840830267362	-0.0521750123601778	0.06337616991688358	0.18429860877029278
0.14554719246530173	-0.21524917206848193	110.71599227913633	110.71741542439109
0.1498004891429077	-0.025590878416058255	21.208866457674393	21.20987013830994
0.03830568123121189	-0.010392519033341444	124.74139532487112	124.74237853619695
-0.22320100279127897	0.1851101383017129	213.1935831604111	213.19382309257108
-0.1652678953465806	-0.10987522692017039	140.3890684865704	140.38920876110703
-0.29511003991530393	-0.1239353299869539	137.8745923802838	137.87496391271003
0.45267604448430343	0.5406030835211119	1725.7738073893745	1725.77420719812
0.25713130058400996	0.09563051436308206	434.35600454505703	434.3561136047604
0.13351707666098803	0.13252706390967722	104.84386061278839	104.84411627757963
-0.2824995194546446	-0.13345139871926281	939.2727290442909	939.2727810075011
-0.32338066648720604	0.24133316822423534	279.0047213795431	279.00504807012885
-0.042212731092768185	0.9822315388646746	1148.943832719063	1148.9442618263367
-0.4170847704264777	0.011264485317202325	45.903546975123696	45.90564160418781
-0.17557645835482125	-0.05154513702935509	28.46495700872246	28.465865191535947
-0.12907891464680565	0.1439739235559893	19.42650761430035	19.42793883935555
0.19954055335954277	-0.1255765490337381	0.32844539408689827	0.40430468584862245
0.2781325719606957	-0.05046814202748372	0.596144644631816	0.6597675335058343
-0.01212062351860832	0.07242681213106468	0.5880791527481932	0.6088591195235417
0.6798118627204328	0.25896461851582936	0.5903893082874885	0.946565358587908
-0.2756302695393124	-0.5189426178493315	0.09824211553685393	0.6118862510890369
0.12834295392213557	0.12908475239989747	0.03561959816884012	0.2293973480607717
-0.12405797627852128	0.4648024253166873	0.09413683883532606	1.0430605690239276
-0.01759780855807287	0.04847819466481632	-0.02031788606505705	0.0554313514011615
-0.19022887687729936	0.015970676397452227	0.010361024674890848	0.19117907556765842
-0.15813068589572926	0.9643434782279287	-0.2520818994331509	1.009212040080982
0.45967525479889565	1.8578329137693612	-2.6365742411448316	3.2957524052221556
0.4820048888180648	5.131992549977764	-7.348034520045077	8.976790480931694
0.4627068042585944	1.3208925084517043	-1.7739948886192025	2.2636545829339982
0.2367436786046894	1.2816320313709038	-1.3699080830736672	1.8959842230793378
0.5469470682750522	3.2132369453633625	-3.6040034302750876	4.861312916576894
0.2555942766673213	0.893187505637965	-0.926829932284074	1.3192216183305074
0.11467499135542772	0.3474140220646508	-0.6265442153190389	0.7255373940185679
1.4954298673047404	9.064787073763426	-11.556197788480075	14.76321044038753
-1.269832344439692	2.0702531299501743	-195.98987392778145	196.0051989219487
-3.867726306953678	6.259906803061931	134.84892075680406	135.05046156619883
-1.8012468548149363	1.556925776477296	50.92099067219704	50.97662012279177
-0.4462850312762088	0.27680488177413576	6.805951782815741	6.844011315312676
0.22618409575514464	0.2641350947305994	4.080894298087339	4.0980610842815235
-0.015434497343861285	0.003829051724490943	0.13351063305076674	0.1344543583636579
-0.49888283774422193	0.27393952116469455	1.2430681524523628	1.3671669169099285
-0.31886100940285383	-0.5966998072102458	0.6012491786132073	1.0309915229647661
-0.0995174779065984	-0.39125891613142416	-0.12610073957586593	0.44538573089268085
-0.050794041957799546	-0.17833875118533898	-0.24653964363046008	0.5854760907622027
-0.3720656470124516	-0.9520226179783462	-0.48335721507503276	1.1392514617476819
0.47267106687587657	-2.8886076858253036	-2.112922551930314	3.6124968665628363
-0.43481067256385175	-0.2077179128926854	-0.2768080039799366	0.5729829912652545
0.2848505887812621	-1.023103552973726	-0.8884003774082824	1.3911705750969832
0.9232665035072561	-5.919409777859962	-5.233229300368407	7.954779825045884
0.2906891725019901	-2.144946031988445	-1.9828078251008323	2.935442138151245
0.08694324687903142	-0.10258564732431205	-0.07441063515095928	0.2076046019200574
0.11603339934740249	-0.37140816085238365	-0.25864744296398207	0.48763311655759206
0.1282610384689559	-0.5473162761019654	-0.5604757622725841	0.8052072283395696
0.01784134668298879	-0.4359890302788254	-0.5054603438336137	0.6677536277425439
0.4047675684620845	-2.29074838123562	-2.677953734597245	3.5472244269647857
0.046065250836629434	-1.8788217139561811	-1.622637961313218	2.486870880959162
0.36488971130016634	-1.2593274906554004	-0.8732890635384867	1.5815068142531266
0.23053335911257586	-0.827601299284213	-0.9029142852035281	1.2536121198621377
0.13488212929702237	-0.5370101492300089	-0.37753817269719697	0.6701553260426079
0.180829983326101	-0.2936335979115248	-0.21425913477583203	0.4059891002564888
-1.3515342240091563	-1.4125656581724475	-4.736313846692409	5.209127176848961
-0.45314980055994597	-0.8523740089387677	-1.8218572593560771	2.0665260344912912
-0.5774368033969445	-1.1216369026482227	-3.133376725948526	3.380685151698614
0.09803203608423265	0.0085384198338595	-0.38237646866011143	0.41877766582884635
-0.9272921342554256	-0.4055847638166466	-4.778954017798636	4.974491229465172
-0.3644312994470723	-0.2909255640910161	-2.806442045530578	2.848119451704969
-0.45046726980996576	-0.476791779411562	-2.578181777543449	2.663973015073835
-0.1180235314181408	-0.05741604378920234	-1.2685696092844336	1.2829554920389374
-0.2550333023635868	-0.9113342892946401	-4.23045353541787	4.337110661245363
0.15700125222812508	0.10684495527306946	-2.5816175890313415	2.592353062097156
-0.09567712892201502	-0.21754516914256772	-2.0020330238362156	2.020914651104002
-0.03007166198183461	-0.0343045383830745	-0.3812740156299072	0.38399346505192034
-0.6116686608499177	-0.39106035511187265	-14.020253790628722	14.039731581855307
0.04497257206664784	0.23307169062150795	-1.7934001369608492	1.814416926000927
-0.1262858380743743	0.0020281034593578814	-23.788905326216852	23.789650031698876
0.43720669109418886	-0.05101991799254672	-15.240843426371299	15.247795928275494
-0.2718885379948581	-0.2499787920560056	-37.36803554716408	37.369860762754904
-0.08981649534837084	-0.07431034879574006	-6.233751561619127	6.234841422423165
-0.20006678079284895	-0.0815023204166935	-58.36987530200225	58.37027507315949
-0.10464921659236874	0.016035434700582454	-57.71166194289247	57.7117590513788
-0.2383105952911023	-0.02582501763531589	-432.73891060713083	432.7389995044387
0.5049971414227925	-0.28132792895182823	-172.84221744512837	172.8432368317195
-0.22079625536682373	0.08523553845121737	-1208.4195743925084	1208.419961826867
-0.6233662286382045	-0.09989131970213717	-1364.6705137812655	1364.6706669477214
0.2999116875219632	0.000798092571402273	-1083.7082965249913	1083.7083470124885
-0.5146777213594337	-0.12060611170499358	-895.6665487059212	895.6667155753595
-0.0013276276637930184	0.007447621097911701	-0.0032732810307807766	0.008242816505187437
1.4856115839747925	4.114073272838976	-4.7858038487530274	6.4835606846444644
0.005800378511275482	0.05074615843621837	-0.005068409130223887	0.05132743669831165
0.024779258419797105	-0.08582889352844242	-0.044550352270072244	0.09982657211153423
0.1074238111909682	0.011381699597091927	0.034736893098608584	0.11347277223482026
-0.012515402888294579	-0.06355671195726972	0.028639276818274995	0.07082583653547252
0.14554719246530173	-0.21524917206848193	110.71599227913633	110.71741542439109
-0.09796598660349455	0.04081387496337946	118.28778327369932	118.2878308826085
-0.12523501618778438	0.14429626333833345	94.90579988671176	94.90599220996256
0.15648069772656367	0.1134362238337285	78.16145824003662	78.16169719366789
-0.022963621065575632	0.019090840075948717	26.682402372751785	26.68241908391175
-0.42602795577399555	0.00475002207612975	44.0077603455117	44.00982268777963
0.008943185347517799	0.006514463241072575	1.8957866296119912	1.8958189164081745
-0.08648323586649628	-0.041691924450198994	6.342701843073738	6.343428429231412
-0.08909322248832496	-0.009853212579156095	22.12225516564872	22.122436762304538
-0.13114268877637592	0.06735630446285062	15.371146948802231	15.37185394798697
0.0020637741295702894	0.07661761909313866	4.055360665498115	4.056084891368581
0.20522905236488864	0.08128624991960497	0.2625374244556	0.3430048361180391
0.47458281035554417	0.1776783685962244	0.32785188383188835	0.6035605224698689
0.1376931492991956	0.14471558079093277	0.050315110781054426	0.2059942063760508
-0.009350195377060014	-0.015630828391035308	-0.014695512612214306	0.02340314168472092
-0.4446328299610088	0.18231449278949988	-0.16165443726295928	0.5258791398667872
0.3205748536824875	0.2824879325271875	0.25579127609828534	0.5171814291571405
0.3835136928972741	1.5665668522249574	-1.9510344557586246	2.5349496056306653
0.07616156190162168	0.2912660615444044	-0.6855397853862075	0.7608027995914909
0.3015476010305948	0.8305336716000243	-1.2213598331827942	1.5074604397665057
0.1611592032279996	0.49035883685167986	-0.5526350554364081	0.7561941431674923
0.13263394916693108	0.3878374755245264	-0.4990502732140244	0.6458024830301028
0.12296032750039024	0.5053500301134385	-0.42777965907004956	0.6734191353004045
-1.269832344439692	2.0702531299501743	-195.98987392778145	196.0051989219487
-2.96020163288981	5.163531696612709	134.84057465972396	134.9727951398128
-1.4587172569098983	1.1430716937000762	50.91718954318602	50.95090440717687
0.25970569521474757	-1.2818035453857934	-0.9997796515758407	1.6462158815889472
0.21296537166112905	-1.6068041404395108	-1.1131429003544735	1.9662809849738894
0.11545018057577904	-0.6431007062030043	-0.5114406362001503	0.8297462183526942
0.1694004082054831	-0.38000284677072177	-0.3769597412081321	0.5614243567442889
0.05860587954859749	-0.05442198295794766	-0.06810563636029965	0.10504655658697826
0.0696551589203584	-0.4928942931440178	-0.49237012591228446	0.7001606717525913
0.016183280499611118	-0.0016964597827200806	-0.014302602412587205	0.021664278877821477
0.21435007861296473	-0.825904839501493	-0.8886116827909409	1.231947840984316
-0.3567034794720352	-0.24209759578767012	-2.370302208104667	2.4091868287659817
-0.007727819975037152	-0.04882796830334599	-0.4361398374259114	0.43893262293898766
-0.12279117547653132	-0.6603262469881949	-3.0412886558796473	3.114569811967401
-0.13224212688705553	-0.25100804230644524	-1.189164879538223	1.2225408492779628
0.3513830964265572	0.003507093555437893	-12.825815309947048	12.830628228774753
0.0858235946676317	-0.054527011547984616	-2.4150281164242537	2.4171676995007414
0.06425985115453692	-0.012529438974710552	-33.32352282254692	33.32358713614301
0.4407372902682556	-0.2687984899771177	-139.51869462258148	139.51964969557648
0.25567917163340936	-0.03598628191096788	46.457153643596584	46.458080796573306
-0.11013197916810763	-0.17926289015751407	64.25883863553975	64.2593346278178
0.2649238651738774	1.2260689627677988	-1.44318375527895	1.9121216246102712
0.1185898277233967	0.3404978894571586	-0.5078507004796747	0.6228279810203939
0.11148847441116493	0.1890898053926119	-0.4153721028291453	0.46980700105325235
-0.03532691250954324	0.10217625615179246	-0.27016768255706225	0.2909957985382385
-1.4587172569098983	1.1430716937000762	50.91718954318602	50.95090440717687
-2.96020163288981	5.163531696612709	134.84057465972396	134.9727951398128
-0.6224645595676342	0.5012959685415725	-43.41956531412056	43.42713013133121
-0.06037122904282838	0.41775412999370776	-49.74139951443497	49.748807080556396
-0.5719239526489744	1.485794355134178	-96.60092602560532	96.61741771493648
-0.30186550103170773	-0.23950410214262138	-3.5123824053046797	3.536033760748072
-0.023322385192864177	-0.2983300158854851	-2.153991531985336	2.17915213713817
0.6670537252268511	0.49689956415616104	1.5588854013735278	1.8345880971523567
-0.1492256012581314	0.09893453535151298	0.02691799011077269	0.5258334745408227
-0.5804688813884156	-0.3319000724480546	2.4700477064216706	2.562755789623798
-0.2088223544176867	0.39482459469746933	10.502283678861916	10.557048844158219
-0.23351009286757973	0.4186852341835003	13.91408255565048	13.978174973827253
-0.21998704135725838	-0.16085009456689545	0.7382636315555614	0.7984483961815597
-0.9067411660458591	1.83467236530229	43.60757935732162	43.67745471774569
-0.365161594882306	1.3322183386840496	46.494790734789724	46.51796781756799
-2.1119405997650063	2.426361719261573	65.88330401049413	65.96808553343033
-0.38251363047241976	0.34967967841624464	-30.915911859535342	30.920255475360364
-0.2399509290952145	0.15161629012532787	-12.503653454585214	12.506874655970844
0.1393411810318754	0.36043517669780506	-44.039365382626386	44.041281913344704
-0.19971241007470378	0.05731895329590278	-5.702034131808581	5.707525167211691
-0.11164995969923046	0.2020828479904352	-35.901884174547085	35.90289779750999
-0.46027399294974397	1.2837115071437426	-60.699041851058226	60.714519917426486
-0.14276109871270937	-0.042622598295831426	-1.0188512106207734	1.0296869459085918
-0.15910440231899842	-0.19688150384679	-2.4935311946839067	2.50634681483948
0.14116524627781912	0.27439389193141256	1.2142654806324058	1.2606109935429695
-0.3499876006955059	0.12043070276605689	9.288018198229512	9.296437850615252
-0.36309014283861907	0.4527669799677994	10.287139927722006	10.346249178683454
0.12958004997103933	-0.034081745784299206	3.626942627928474	3.6319257951437973
-0.1792359185207278	-0.10200469767147487	0.37279102573734413	0.42603241860839547
-0.04075112283653061	-0.05884539689542058	0.3654726058182173	0.3724159775731643
-0.5758875935150457	1.2683818586688151	29.420700543464676	29.474782465531227
-0.3308535725308132	0.5662905066334751	14.186878813856946	14.202672252214462
-0.365161594882306	1.3322183386840496	46.494790734789724	46.51796781756799
-0.858740494101387	0.7408051381155938	24.02989340061417	24.061787548847
-1.253200105663619	1.6855565811459792	41.85341060987995	41.906297984583325
0.04895431302046642	-0.08196717194640486	2.010175358504425	2.0124413318103436
0.0806257369505729	0.04788542616210566	1.6167672694240491	1.6194844633334535
-0.40414398412389657	0.9383937919518717	22.683447469039546	22.7258235261619
-0.17174360939114908	0.32998806671694336	6.737253074425128	6.748958939369325
-0.33159451046095134	0.48179031177608483	12.5150573835629	12.528716539923845
0.0007409379301381511	0.08450019485739033	1.6718214302940475	1.6739557122906168
-0.858740494101387	0.7408051381155938	24.02989340061417	24.061787548847
-0.6753053961652993	1.0165556250683057	23.946660176216923	23.977738765616785
-0.57789470949832	0.6690009560776736	17.90675043366303	17.928559218966544
-0.5283896197956578	0.18843381715399948	10.584510184017535	10.600284831749851
-0.3303508743057292	0.5523713209615944	13.445383216596634	13.461502717097147
