0.0	0.0	6499.999932280723	6500.0
-0.9838722627678891	-0.1111374125888828	1734.8626338097586	1734.8629163554924
0.9838722627678894	0.11113741258888288	4765.137063309328	4765.13722860427
0.0	0.0	-6499.999932280723	6500.0
-0.46542256862495823	-0.2776200184575258	-1558.030132013404	1558.0302262641585
0.4654225686249584	0.27762001845752576	-4941.969565105685	4941.969628776079
-6.120104423246175e-14	3.6790015478516125e-14	1734.8626415642173	1734.862641564217
0.9838722627678894	0.11113741258888288	4765.137063309328	4765.13722860427
6.117328865684613e-14	-3.6790015478516125e-14	-1558.0301581806682	1558.0301581806682
0.4654225686249584	0.27762001845752576	-4941.969565105685	4941.969628776079
-6.195044477408373e-14	-7.061018436615994e-14	1734.862641564217	1734.8626415642173
3.1308289294429414e-14	3.574918139293004e-14	-1397.1012531341748	1397.1012531341753
-2.6645352591003757e-15	1.942890293094024e-16	-935.9587262253409	935.9587262253408
-1.8675960374869152	-2.1160831509079037	-461.13472991784727	461.14336692537063
-4.218847493575595e-15	-1.5265566588595902e-16	-935.9587262253414	935.9587262253414
-4.440892098500626e-16	0.0	-935.9587262253399	935.9587262253399
-2.4868995751603507e-14	-7.105427357601002e-14	-935.9587262253388	935.9587262253393
0.0	0.0	-51.74692071454399	51.74692071454399
1.6984627085584378	7.587079533077457	-883.1565135627112	883.1907975628244
-3.097522238704187e-14	-3.530509218307998e-14	1734.4858917725799	1734.48589177258
-3.552713678800501e-15	-8.881784197001252e-16	1734.4858917725805	1734.48589177258
3.552713678800501e-15	-1.1102230246251565e-16	167.11302184930764	167.11302184930582
3.7839307739779997	-0.46201361063159485	1567.3662362947302	1567.3709066986612
0.0	-4.440892098500626e-16	19.649128208811817	19.649128208811703
-3.957044015839964	-0.16204630736131664	147.43255466257187	147.4857370415225
1.554312234475219e-14	6.750155989720952e-14	15.428387361677117	15.428387361677174
5.255234355547302	4.887877604618236	1.0569934170029995	7.254382860935891
0.0	0.0	15.428387361677101	15.428387361677101
-13.773087191622816	18.48402377239895	-37.58352962518593	44.08944051237079
13.773087191622816	-18.48402377239895	1.2649962723190455	23.085867563850293
13.41497954342703	-20.08370046507758	1.9738290810773627	24.232472052244916
8.951769914994324	-24.23491826272054	0.47704164455545395	25.83975651089578
8.932042916552259	-24.181511819151034	0.47599038878490774	25.78281348831206
11.576110420228673	-24.0732336767625	-0.45057565476264	26.715724406012296
11.278750275749378	-24.03692634393453	-0.2872650723994138	26.553089407228455
11.305528667929694	-24.006585037054588	-0.3032526875511828	26.537201544157156
11.210355373572476	-23.8044904821379	-0.30069981646094845	26.313803508721406
7.9011689954442215	-19.845643006079854	-0.17161660082511432	21.36135459368188
3.3207484332314494	-3.975793338574336	-0.3690738807803542	5.193314775491223
6.449931639591165	-18.968961459959086	0.05078171213767746	20.03561069214254
1.451237355853082	-0.876681546120829	0.15435147867290766	1.702493693175036
1.1560808387612773	-2.6292907753402943	0.5060438039028824	2.916465878166423
1.1241117803916127	-0.6853112512160466	-0.34516578046826907	1.3610357166014317
1.155784293203173	-2.6291124902143674	0.505706658178622	2.916129119696612
1.1544539911716425	-2.6294368270411743	0.5060117972825607	2.915947527669457
1.1544539911716425	-2.6294368270411743	0.5060117972825607	2.915947527669457
1.1239018725582135	-0.6851850532559425	-0.3453549655008738	1.360846805684356
1.1233591522503805	-0.6853695619399072	-0.34516503113541414	1.3604433542404857
1.1233591522503805	-0.6853695619399072	-0.34516503113541414	1.3604433542404857
5.620976376291366	-16.5310409795236	0.04425516737597196	17.46060279054975
5.618833705685585	-16.529752791964107	0.04233830693440692	17.458688728189976
5.611269750270346	-16.531864968810908	0.044035674327358096	17.45826012802851
5.611269750270346	-16.531864968810908	0.044035674327358096	17.45826012802851
3.2322229237001725	-3.869805445132539	-0.3592349983694465	5.054869829750697
3.1512357993384796	-3.7728429452559142	-0.3502339454795953	4.92821415617929
3.150586410853806	-3.7724525286585258	-0.3509014235535727	4.92754752613211
3.148500410191278	-3.7730693243199225	-0.3502633252339565	4.926640981044041
3.148500410191278	-3.7730693243199225	-0.3502633252339565	4.926640981044041
1.6926237815527543	7.581648764701555	-877.9643213873103	877.9987499434926
1.3780414544704187	10.063345826604046	-680.9760139895711	681.0518412401516
0.3343093255243913	-2.535103505471974	-196.98725614196803	197.00385172592416
0.33598037819108484	-2.5350350736039027	-196.96295353293917	196.97955312686022
0.33579244635436023	-2.535012127342033	-196.95058021751447	196.96718023840478
0.7288008279793453	-2.0897132523019644	-196.95339514815095	196.96582930170214
2.068368110655771	-0.5667631376021038	-186.82911351426776	186.84142213016491
-1.2443939883192061	-1.7250446696165533	-10.126834504973445	10.347805206973032
1.1891616691620899	-1.7428882647076398	-24.683129201457277	24.773143364427792
-2.0909313504031175	-0.07604048013628045	-16.391869332007346	16.524864788079846
1.1775996140588925	-1.7259424021913503	-24.44313853631276	24.532277503976093
0.7792390296059726	0.37005532359454174	-3.892879489150607	3.987313020673372
0.486886093984196	-2.201985619227689	-20.56009792957306	20.683409429043248
0.22426879538234465	-1.0142755531018388	-9.47036371048598	9.527163281853213
0.07387341669582859	-1.4294855528886334	-7.620439193215752	7.7537074825602215
0.23138250304820912	0.3182474999101693	-1.8589255701600806	1.900111472864397
0.23092004224113313	0.31852553436717806	-1.8589307639092227	1.9001068830359698
0.23034693641119514	0.31818931912591153	-1.858917919665761	1.8999684170991664
0.23034693641119514	0.31818931912591153	-1.858917919665761	1.8999684170991664
0.07198199072731419	-1.4283484152456551	-7.620555099739902	7.753594046021214
0.0696479073141623	-1.4297224158896293	-7.62046380581876	7.753736237020458
0.0696479073141623	-1.4297224158896293	-7.62046380581876	7.753736237020458
0.5085096987407716	0.2414878028037567	-2.5403847870184872	2.602009480907282
0.32436531586358935	-1.1409399420119317	-11.954511857990616	12.013213998437376
0.4467616814790438	0.19471767868981837	-1.6756071481151853	1.7450416296601752
0.44634085136314244	0.19497068450345123	-1.6756479545513532	1.7450013727798193
0.44581031259636883	0.19466372049884811	-1.6755991541010995	1.7447846067982273
0.44581031259636883	0.19466372049884811	-1.6755991541010995	1.7447846067982273
-0.10009356825502323	-0.5815829868093831	-3.72736165287579	3.7737888632356067
-0.1010164078232357	-0.5810281696349799	-3.7273928840898747	3.7737588371440385
-0.10214997244422126	-0.5816979632331172	-3.7273732222427025	3.7738731132871774
0.32141665275746	-1.1391671864982311	-11.95463783534794	12.013091871695504
0.31782018984986016	-1.141304419369626	-11.954529497262726	12.013091232138102
0.2156702174056389	-1.7230023826027432	-15.681902719505429	15.786964345425279
0.2156702174056389	-1.7230023826027432	-15.681902719505429	15.786964345425279
-1.7201084512828864	0.6341100274638864	-14.017002381263573	14.13637946461023
-1.9995137651302075	0.7676086903726259	-21.536948822928593	21.643184677859338
0.3417999601199395	-0.024083969679609445	-4.242173017066768	4.255988622760032
-2.00482606164654	0.7708024777266865	-21.53664908663779	21.643491351399437
-2.011305997841533	0.7669519406431704	-21.53696174917282	21.644266873274816
-2.011305997841533	0.7669519406431704	-21.53696174917282	21.644266873274816
0.34075446185917896	-0.02345540929830478	-4.242217445035554	4.255945560091932
0.3394812903751336	-0.02421296827378163	-4.242170307181464	4.255801067893023
0.3394812903751336	-0.02421296827378163	-4.242170307181464	4.255801067893023
1.7257438035775707	-0.472879062374675	-155.88094948577123	155.891219184625
1.0257383961941422	1.7987256705053938	-193.36366611816166	193.37475256080114
1.082739568486328	-0.6476435648151968	-57.6953510093559	57.7091439483639
0.9633437499215318	1.6893109772762378	-181.6015466594277	181.6119587247898
1.063171408100275	1.2617255824396856	-185.74471735680774	185.75204524001552
0.13384610804302235	0.2878128074421326	-8.30847543814059	8.314536373060822
1.0174674975800384	1.2892030718836343	-185.74478084738445	185.75204143349825
0.9619778691418668	1.2561050081707086	-185.74471475242166	185.7514529140236
0.9619778691418668	1.2561050081707086	-185.74471475242166	185.7514529140236
0.13180103868875584	0.2890423164918915	-8.308471781411562	8.314542700415615
0.12931648218078665	0.2875611287747374	-8.308470448106666	8.314450994648263
0.12931648218078665	0.2875611287747374	-8.308470448106666	8.314450994648263
0.9436807500586676	-0.5644651611528975	-50.285399832253916	50.29742131129419
0.8058178915640504	-0.4820021241242518	-42.93917711754392	42.94944237186127
0.5721441253405276	-0.3422295367310311	-30.487530981800276	30.494819483351662
0.5646416861012445	-0.337719021270653	-30.48763095431915	30.49472930815701
0.5555312328204668	-0.34315235209607137	-30.487535398084955	30.494527101381156
0.5555312328204668	-0.34315235209607137	-30.487535398084955	30.494527101381156
1.3856766982572708	10.063658500169593	-680.9920884356144	681.0679340082147
1.3848180147356128	10.063763344443426	-680.9727991432245	681.0486466666995
2.743695165988558	11.603441618653855	-680.9610241242385	681.065483633469
2.3609610048867435	9.979480450591687	-585.7829564826955	585.8728063091321
1.6137181924905546	3.3443924186059824	-178.56902664543054	178.6079371812767
0.8863016308216856	6.55190962831754	-414.62388101396255	414.6765917645207
1.0596124054368723	5.936998010205351	-407.5115307215955	407.55615367073136
-0.035447916122439645	0.5324485810774241	-14.458573006601894	14.468417032747075
-0.03900669966374604	0.5345881449807415	-14.458531289839309	14.468463396872346
-0.043330111283506154	0.5320106280593832	-14.458566786539402	14.468416165141646
-0.043330111283506154	0.5320106280593832	-14.458566786539402	14.468416165141646
0.9593375598231249	5.997283902166944	-407.51127903575826	407.5565363040035
0.8375844223907857	5.924665454118872	-407.5114856724755	407.55541238388173
0.8375844223907857	5.924665454118872	-407.5114856724755	407.55541238388173
1.5697759953082278	3.370810754487475	-178.56900282464284	178.60801838552854
1.5164163142651264	3.338987499789205	-178.56898151416794	178.60693831699018
1.5164163142651264	3.338987499789205	-178.56898151416794	178.60693831699018
0.8097184461520404	2.6969574616935903	-122.3961671859528	122.42863408985994
0.9328090376384903	3.272583655457481	-240.66954981841153	240.69364683361385
0.30537803800781693	2.003830093588574	-116.97733148114936	116.99818158878945
0.23780423153807417	0.2662977052784604	-22.201351015332754	22.20463176516987
0.05465700314778155	0.010024866264863638	-38.98420441628704	38.984493861555904
0.13986486814472598	0.2114516405902488	-27.814852496904194	27.816358014432566
0.8510250724739138	1.9915924451547586	-137.88110998645203	137.90036535839033
-0.10586590462442493	-0.11249067653196176	-16.37767240036708	16.378995536378724
0.743278803943604	0.04239036493571241	-54.58065023610013	54.58933428143169
-0.04781710895783545	0.8081523920762211	-24.714909705194913	24.72853368279376
-0.47073725388598764	0.11106929652257619	-14.053948397119933	14.072936265123783
-0.5533408412128218	0.058746139302207664	-13.988372748760598	14.021318128264006
0.24352946353679167	-0.35343597278742334	-7.325802552661009	7.339606680704714
0.04797565275921312	-0.6036991373414813	-8.741373790454675	8.79333837889302
-0.3350105862382891	-0.011507848411133281	-8.282270561212238	8.290150165889015
-0.003168080436701498	0.5077268190157086	-5.779709750954653	5.82777667616577
-0.018787427328009115	-0.15766079912644174	-0.4700951336402245	0.5154406993816203
-0.09369634747528942	-0.4886418023059089	-6.534573653556385	6.620498050384443
0.1773280572306241	-0.9709127356710479	-5.014217496952605	5.170568900003386
0.4819017898448509	-0.5076022660399633	-3.72614270327429	3.9056855267172765
0.3108786603632432	-0.6619462251631602	-0.20605191807447404	1.0901614825278982
0.6180867323646502	-0.6317276863948842	-1.1487720718068328	1.7373086691633688
0.8910313948529318	-0.38713354209143375	-0.12186414917250271	0.9890095964040777
3.246395863686278	-8.889252891283675	-0.05146596236380866	9.495627415683893
0.6006103423218119	-1.2304528888308646	-0.14577271214426168	1.383552087542077
0.8373237520092218	-2.834477259624022	0.39428832717162193	2.98501515420748
0.8519555774038258	-1.276704180267534	-0.34206907601857184	1.5783005806722248
0.5410806772330852	-0.3699025244218719	0.22637172248693962	0.707333102922796
0.6448384317656203	-2.358359820197698	0.24793666340573198	2.6776534778243253
0.5933062229572448	-2.2305902642545647	0.30960697728572434	2.618642431503592
0.8197742254717786	-0.6066723484982347	0.868507209619925	1.7935373043073306
0.48070957468996317	-1.2480278973914103	0.21716149817262315	1.3620918577887497
0.04460809596421114	0.11991571047417482	0.9488441756632963	1.3414420279811718
-0.1299287962286993	-0.5607260899072775	4.682552187831313	4.847920388595088
0.46909812084960195	-0.08333914026305601	4.523513165752817	4.575247508323838
-0.46835630705830744	0.023636264728179562	3.980148962168127	4.12046324688419
0.420652002232326	-0.07914927541682111	2.3641466358569305	2.406371050153055
0.09309604880352793	0.1309959754705272	5.448260084364072	5.452416395660468
-0.23766879174983313	0.0976906047814068	32.95845183365064	32.972842900860144
0.6391719476078642	-0.26623751008095997	475.59514356318687	475.59657311073175
-0.11604839420894382	0.04742868771538781	22.178503897999036	22.179297365982436
-0.20426009818048094	-0.41251117725532066	510.4908039865268	510.4910305992208
-0.1276685809349364	-0.025979826260901107	759.6714631243766	759.6720537247252
1.0530688259534795	0.5490929735645521	2940.7205096021275	2940.7208540552215
0.34376068429034723	-0.2066711680973157	-160.92843065932152	160.92893052168043
0.295687144241518	-0.23534650151509096	-160.92837003178388	160.92881376543417
0.295687144241518	-0.23534650151509096	-160.92837003178388	160.92881376543417
-1.8371407163071485	-2.081575692813107	-453.6148990633399	453.6233952251807
-1.6504543295141467	-1.870050336329324	-407.5195043285511	407.52713712824345
-1.3859661919370647	-1.570371561952788	-342.2138046806549	342.2202143111029
-0.7171503499328963	-0.8981805087564101	-99.06314270298924	99.06981010905153
-0.7806271898529797	-0.6920732133690495	-245.7580316136511	245.76024586323666
-0.7415259344820931	-0.8835257481567877	-99.06313478284513	99.06984986091028
-0.7711215669800998	-0.9011783066335026	-99.0631822129555	99.07028222917619
-0.7711215669800998	-0.9011783066335026	-99.0631822129555	99.07028222917619
-0.8410969156611815	-0.6557184193555783	-245.75802118387134	245.76033525953522
-0.91451207518012	-0.6995095020919404	-245.75809251163662	245.76078955121633
-0.91451207518012	-0.6995095020919404	-245.75809251163662	245.76078955121633
-15.113442251985477	12.496620932000113	-39.347654382027876	43.96384397194725
-15.8996280520945	11.765391893400643	-39.879311690775175	44.51496511882538
-15.200046290708478	6.609886004007683	-26.616735760187993	31.355743058542362
0.19063875438748934	5.9834973028734595	-13.083524500871096	14.388092176277667
-14.722863275978966	6.629427294213938	-25.1303065561786	29.870458933534138
-14.776528778091048	6.635979790514259	-25.30569063798823	30.04596493999533
-14.721304904575446	6.698551302730297	-25.312980227258794	30.038881064952783
-13.50522284552634	7.875578630023979	-22.651159071715327	27.522550575067864
-1.1480842921629009	0.046239319832538546	-5.328579671841942	5.451054662703076
-14.249038495553505	6.2602371502685195	-23.779404129763435	28.419812244136637
0.7133603288474046	1.5808340216606607	-6.391585796459131	6.622710031121035
0.1378852420649016	0.09028673393577491	0.04431268753100426	0.1706682412762177
0.38878869998948407	1.2790219312410949	-52.53129321878602	52.54829988678901
0.6232288456036851	1.06806198757852	-106.20230210126084	106.20950118614991
-0.4989282831907925	-0.08871883071373132	-11.634690765242475	11.645721517600776
-0.38711693534005187	-0.06883667053936182	-9.027321128894869	9.03587985605327
-0.3893391859883599	-0.06750063893865985	-9.02727986033466	9.035924026617671
-0.3920396375117288	-0.06911023767618105	-9.027328104898595	9.036101151261175
-0.3920396375117288	-0.06911023767618105	-9.027328104898595	9.036101151261175
0.6065032732878801	1.0393984426590757	-103.35215436430303	103.35916024758441
-0.1615453612126428	0.12774429723064584	-53.445323652190766	53.44572046288296
0.8103823143475418	0.9631204773199981	-50.14395576714132	50.15975100143805
-0.17469578190944965	0.13565041602369743	-53.44530181452829	53.44575947348495
-0.1906614388017675	0.12612712227512862	-53.44533210106277	53.445821008083584
-0.1906614388017675	0.12612712227512862	-53.44533210106277	53.445821008083584
0.7980423100714497	0.9705393684690271	-50.14399125419211	50.15973162901599
0.7830563289210211	0.9616025062153362	-50.143938698919165	50.1592707765492
0.7830563289210211	0.9616025062153362	-50.143938698919165	50.1592707765492
-2.359493768923145	0.20094234013652978	-2.1836619000541955	3.2211749352363643
-2.668144018594135	-0.1659633190477101	-3.2112711765453454	4.178372757011985
0.3253758219867896	0.39556920410368757	-1.8225384604669206	1.8931431167901536
0.28304214213975315	0.34410287221209246	-1.5854134054359008	1.6468319000516018
0.28264449062540664	0.344341942899118	-1.5854230070461108	1.6468228177286117
0.28214433829966995	0.3440520151624116	-1.585404699179312	1.6466588222676108
0.28214433829966995	0.3440520151624116	-1.585404699179312	1.6466588222676108
-2.368829218724742	-0.24889303269313479	-3.604259004028973	4.320183164789565
-2.3698041343425116	-0.2483069070576896	-3.6039865971545293	4.320456844791868
-2.371191119061275	-0.24903594197357265	-3.6042903828299644	4.321513090026489
-2.371191119061275	-0.24903594197357265	-3.6042903828299644	4.321513090026489
-0.9324748777146077	0.5838211087964772	-1.1015598522991328	1.5568527845761486
-0.9328019326596692	0.5840177363650644	-1.1014021741194868	1.5570108898520008
-0.9333282530421236	0.5837662720328989	-1.1015606572797876	1.5573440756481938
-0.9333282530421236	0.5837662720328989	-1.1015606572797876	1.5573440756481938
-2.8046786167215396	2.218774421250569	-6.62032567407421	7.524486301821342
-2.1715185388763216	1.717883026099516	-5.125777994291447	5.825823109467609
-2.1728658749699146	1.7186930533568716	-5.125384601395086	5.826218261830209
-2.1747004930326383	1.7176948367794331	-5.125774175438345	5.826951062458459
-2.1747004930326383	1.7176948367794331	-5.125774175438345	5.826951062458459
-8.946980867843799	3.930807122817142	-14.931103868103822	17.84481924835491
-8.951013171777921	3.9332313702726323	-14.92971494337009	17.846213438814594
-8.956736304100074	3.930217596671993	-14.93114031093584	17.84961306480416
-8.956736304100074	3.930217596671993	-14.93114031093584	17.84961306480416
-1.149410471803399	0.04703662769214577	-5.328435771820031	5.451200294563325
-1.1510554521521925	0.04607226875425123	-5.328592612593369	5.451692447200416
-1.1510554521521925	0.04607226875425123	-5.328592612593369	5.451692447200416
0.3219990788346261	5.988876685924351	-13.130529987238306	14.435412883313811
0.3072258837470821	5.990680476112559	-13.134876598672104	14.439793058519353
0.3347368959016834	6.021851879411911	-13.127820349746658	14.446951788604975
0.2667391290154866	4.798585232285683	-10.461061833448172	11.512227615786799
-0.5553423607516762	2.338866723819851	-6.612069308632784	7.035493105078042
1.0484734610555981	2.646021176540363	-3.8286074074149425	4.770635109222934
-0.5570213712685257	2.3398761559062495	-6.611828984010681	7.035735622295097
-0.5591799838627474	2.3386466686172014	-6.612037140311406	7.035693685760095
-0.5591799838627474	2.3386466686172014	-6.612037140311406	7.035693685760095
1.0474155271781265	2.646657213295637	-3.828541364144794	4.770702534033255
1.0458641338926558	2.6458609465004703	-3.828551759754859	4.769928774300661
1.0458641338926558	2.6458609465004703	-3.828551759754859	4.769928774300661
4.365013839773802	4.059886191137728	0.8779419872869418	6.02551274494121
5.060140716307052	4.088352577419739	0.3881951281264899	6.516927675187451
4.981964562275447	4.097897796227075	0.43954905678753486	6.465751357840308
4.637059238564844	3.8141971098265435	0.40911872999120646	6.018122307647005
4.642655293477503	3.820537730214755	0.4180407665024678	6.027065189999801
4.416263322189069	3.6342350621402253	0.39765564910202134	5.733164591485627
2.70003411644171	3.092037614364095	0.033400660889749245	4.1051183226235315
1.8048328875542987	0.6161718337314668	0.7816105726956734	2.061068792648912
0.6938033019457958	0.29003828705010753	-0.294687984881406	0.8724828010793756
3.043390095120366	2.539043133096749	1.100202743713807	4.126537214187931
3.0430177760754407	2.539266973737742	1.1000154931142712	4.126350449794319
3.041084106819277	2.5388300482162593	1.100278972156185	4.1247259757520425
0.7676736069298261	0.8791280279486873	0.009496474753017653	1.167167100005107
0.7675311828766564	0.879213654219459	0.009466879116438141	1.167137690357988
0.7670247252217187	0.8790728538331181	0.009519716010648388	1.1666990342160568
3.808108832040996	3.417902902049377	1.1097986881668334	5.2914250099680995
3.808108832040996	3.417902902049377	1.1097986881668334	5.2914250099680995
0.7032107968244232	1.4019002144442247	0.3043479771054979	1.6721774037456112
2.0204368880291232	1.2863912117781484	-0.6528537205810598	2.618603347083532
0.49518804229322566	0.5658919972109882	-0.4018647952792617	1.1765490204036884
1.271302937479114	1.0719602490735318	-0.4677075950041933	2.101891251078756
-0.4912831847022855	0.9172106318959656	-1.9849200281332422	2.5409503205333794
0.4224817568212688	1.8021236292132279	-2.8955189299050144	3.5627371624872723
-0.9357267836949128	0.4430803256627831	-3.6009268174254383	3.8407938020407295
-0.7783011721962438	1.2421550014793796	-3.706650238896647	4.023443472742578
-0.5119695991532826	0.12229630664210468	-1.2462284125539393	1.4400952939761256
-1.8271068480336403	1.2763437582880315	-3.655618287742894	4.309830371549737
-2.2603661006804274	1.0685677687186539	-5.2988158437821635	5.926193314834009
-2.796017811899665	0.7810382898904094	-4.316659730363548	5.22541936928295
-3.532663008907248	0.948268933040781	-5.235730846422211	6.3882719886092
-1.105494670148477	1.5429940525056267	-4.417911727814784	4.8708358561456855
-1.3081765897063942	0.36103791451155204	-2.6103690855661412	2.945152072279141
0.10509397316369926	-0.0918865689980311	-1.5785564175126194	1.5908513547556349
-0.4080940704283937	-0.17946366510308961	-0.4154838964098957	0.6251836773996889
0.023482265126441762	0.32191393599422924	-12.486952219352315	12.523127737663723
0.09016625053416835	0.028010106312344296	-5.514815968800332	5.537673665983413
0.3988736443716381	0.13786900210310882	-21.358582967490577	21.36317846261398
-0.36845196700838795	-0.0017639634913340085	-9.628508792879417	9.636566884685426
-0.02890010193972256	0.03409351843206823	-2.972421917784885	2.976032497490439
-0.29541861409595915	-0.15130260234600712	-100.99224068521319	100.99585091810805
0.34703111967927125	-0.11143071045767024	-50.11799720883228	50.12543837767044
-0.5622813102478169	0.208298317897265	-71.60209548712531	71.60473340645089
-0.10091506243539719	0.03600078002912027	-83.85805849109087	83.86174338746598
-0.20492035838165784	-0.8723512641425968	-200.09285102808556	200.09627093414935
-0.5419961510527027	0.24935882345648824	-73.06133378916464	73.063894327518
0.11725823858067567	-0.20878533574851302	-527.8359398000875	527.8367196048769
-0.2989993766230892	-0.325849606899063	-354.238050527842	354.23835407835827
0.44317213134438704	0.7014181125393044	-1401.4495025395433	1401.450260699239
0.18514175938430416	-0.37000650030729565	-2643.9525419975184	2643.9527032290125
4.083536648764827	-1.4580850230950233	657.7291451295677	657.7435203302032
-0.6853626950920217	0.9145015939187636	917.0939273594977	917.094639410163
-7.295953178749019	0.24563067461073682	147.37259186552086	147.55328563056818
-0.11459899792918588	1.553144874384319	-76.97586416689397	76.99174329729233
0.4199770359370028	0.450685219204255	-40.0014673142554	40.00643829149712
0.12913799527115066	0.2321883284148736	-16.560209630086266	16.562340747432916
0.1086662362669235	0.03410937686358682	-5.641141385246491	5.642291017736956
0.2742419330679434	0.5047042277378303	-49.02815774961157	49.03172102936064
0.4545498957663966	0.6168865562967079	-43.80445853474616	43.811382447239396
0.1222332436395738	0.8700016611202205	-45.048493702094305	45.05726188179029
0.5976985083066282	0.040835133086449885	-50.59769804896033	50.6014371204375
0.14558029563697572	0.0015552318492625284	-3.9829521871397877	3.9878971609941827
-0.04052688262804096	0.2188905095350197	-8.513318012867236	8.516227983772499
-0.007290226329794487	0.5892618825412015	-16.201591692327675	16.21230569902126
-0.16979257492810262	0.09018467598883381	-8.59168507046588	8.594895854211977
-0.11889791386698244	-0.02427076065452136	-2.7263966702613165	2.7324319182290098
-0.18204676509090256	0.04515538118826374	-2.735866656392738	2.745608492682797
-0.4110481642369218	0.14525276443560853	-7.1220842000177464	7.136779532530141
0.050023612151222446	0.07229227137893274	-4.194469976660743	4.197712079726545
-0.19231628912712256	-0.15879889651233356	-2.6718185720821124	2.6868265160073252
0.04200333373384992	-0.0015165935327789565	-0.9408668660948188	0.941805202690974
0.2015261298029417	-0.35191937925464434	-6.38493568656619	6.39780147801374
-0.005704699974475539	-0.5971793545513673	-3.74790799247741	3.797755893956356
0.05368035273368865	-0.006519782790114059	-4.993465797977265	4.995582484936665
-0.07419462701630788	-0.06078812320347991	-2.2337512373551855	2.23580961376109
-0.2608159592219812	0.04928027479234663	-6.048519323857053	6.0543405521279245
0.018441259241913498	0.4757068911140236	-2.3442916574650625	2.3921414050085095
-0.021609339678614996	0.0320199279016849	-3.435418093489589	3.4356352711572598
0.04614744897681011	-0.8536608684510505	-3.799808206352898	3.897292477520579
0.08561630871013262	-0.12619709751694708	-0.9556750090700427	0.9777782814114234
0.04556429954368138	0.008945230296949408	-0.25873428152966454	0.29549814107138395
0.0328619764460613	-0.415245664633509	-0.2708350925380573	0.5160816832081566
0.15943368002529495	0.03543775086576584	0.10145130877121267	0.23758595384454892
0.11858300389188695	-0.2821383113954169	-0.03666813430762942	0.3364938454751927
0.10080063202685093	-0.32072467527982174	-0.21522018379807317	0.42287657438599746
0.15372828505843084	-0.12001777245751058	-0.21845974315831712	0.324408840220896
0.36355781527936837	-0.19098523865755185	-0.7150921448504425	0.9900232545564753
0.5422942661015783	-1.5481109415209833	-0.22330569755322413	1.6613475788537944
1.8160429745017563	-4.760084949205337	0.011233083016506808	5.096668203438636
0.8880586230829433	-2.581057000557353	0.16060665217290868	2.737611633391464
0.009525086310164674	-0.0702223435341054	0.01211892335178836	0.07189417990244093
0.5910852560116473	-1.1602305452967594	-0.15789163549605006	1.3116579076396362
0.3785702968250636	-0.4925943693653206	-0.1913106952184136	0.6500495861652305
0.4733852805787621	-0.7841098109022135	-0.15075838080015824	0.9282509945069943
0.8027441829952361	-2.2990683910751275	0.16936035281490985	2.4450514113570403
-0.15790575122961567	-0.05929142912257063	0.07857631059082212	0.23260206646728526
0.43786567813007765	-2.0812644447419983	0.3712205084598674	2.3545667312337386
0.15544054482716707	-0.14932581951256646	-0.06161353117414312	0.26407570026985294
0.7234971902198025	-0.5293087919482873	0.7255369256889503	1.6046063923678848
0.0962770352519761	-0.07736355654994743	0.14297028393097466	0.18893091193944597
-0.1951401288909036	-0.5296321023349947	3.969214706838177	4.117475660596892
0.06521133266220427	-0.031093987572282836	0.713337480993137	0.7304447279981968
-0.16082001679264396	0.07353100393159737	0.7555575671700785	0.7876272748250548
-0.21874833191925622	0.08281699954818791	1.1400275364952117	1.1715766609569185
-0.08878795834640729	-0.1327117387516057	2.0845638585028374	2.1612593111022176
0.40988982681022623	-0.09844626591075042	2.305047682269604	2.3432767986157255
0.010762175422099826	0.019296990493929307	0.05909895358732658	0.06309425153732981
0.022894170361427935	0.05288877542410926	440.7463548280631	440.7463806945842
0.6337450223329856	0.327105983967667	1941.3709127393734	1941.3710487542999
0.3964296332590659	0.16909821417277582	558.6032420346911	558.6034246063375
0.5605739453002816	0.2365024428078928	-0.21149720433537023	0.7237455499312595
1.2184221811236582	1.0538506226500106	-0.3652357767121915	1.725156987350573
0.8020147069054651	0.23254058912813788	-0.2876179438688684	0.893446359732959
0.48838571220671845	0.6487964123349685	-0.09514410713431787	0.8294513696225819
0.006802330086507186	-0.08290441512398053	-0.3067206881449438	0.3470976507811065
0.8784013294399239	0.6802215056073173	-0.19472931989535391	1.46799233144435
0.3929016080391902	0.3917387434662146	-0.27297827510883943	0.6338989196344061
-0.18703829858390852	0.7130261984805895	-1.4870678393382948	1.9072368045292927
-0.30424488611837697	0.20418443341537632	-0.4978521887949475	0.6337135160040871
0.1500436219408302	0.5546339860080539	-0.7877444566890268	1.0946638699000688
0.2724381348804386	1.247489643205174	-2.1077744732159878	2.4680732925872033
-0.7207387816705488	0.5461169847345144	-3.1185030129032554	3.284872129323476
-0.21498800202436394	-0.10303665907173126	-0.4824238045221829	0.5559216727172538
-0.05618633540624002	0.14752475113928484	-0.5349795131055974	0.5749811482368726
-0.34401734391943983	0.367679923169235	-1.2796118835743044	1.382180457213782
-0.3780974928705641	0.7269503271708598	-1.8920588422167455	2.066281867291923
-1.981857996988275	0.6763273311489287	-4.340420726986384	4.844795927429599
-0.2785081036921522	0.3922404375697248	-0.9583951167957794	1.0813973874044098
-0.23153236466456256	0.041116845758116624	-0.2927958567026234	0.3755359431459043
-3.3011306442426855	0.9071520872826644	-4.942934989719587	6.0127360454632965
-0.05004281760958841	0.1333990334173127	-0.42671921619112924	0.47102936222464037
-0.301235509646257	0.39621826593440035	-0.6867116196981697	0.8595256715540188
-0.7542163428926316	1.0133767531539137	-3.304480891925485	3.540280822367027
-0.6137632841135899	0.21689573534372739	-1.3564601526247109	1.5045707941452444
-0.6944133055928042	0.14414217916782462	-1.25390893294143	1.4405812781338967
-0.2573555952149746	0.2716585655808228	-7.117468159369706	7.144375635469027
0.2808378603414164	0.050255370413406414	-5.369484059982607	5.378752102194694
0.005919818141540037	0.027438765944972403	-2.6204641610294797	2.6206144984265327
0.392953826230098	0.11043023615813641	-18.738118806461095	18.742563964187447
-0.28015300719239433	-0.3661063426683802	-86.78873381155582	86.7900703765101
-0.015265606903564915	0.21480374032237304	-14.203506873657401	14.205780541597983
0.12861751818672054	-0.28005088630767255	-22.37461248105261	22.37716993784248
0.08278804584664423	-0.010837235326490597	-3.8380561551234003	3.8415005064408416
0.1356255556459065	0.1794574111764929	-23.905328572656277	23.906767933387123
-0.1109503208170365	0.07202854288876973	-10.798383597051304	10.799193784433482
-0.4513309894307804	0.13626977500849524	-60.803711890074	60.8055396220174
0.04282126603446953	-0.22438244985348124	-51.11698443067084	51.117685376149154
-0.14033264849150176	0.2270756913848832	-23.706011167960032	23.707924875496733
-0.0034036799783649617	0.03330753849771832	-9.035062892460008	9.036133135820101
-0.24054153052179406	-0.7541699236762055	-99.27866296320055	99.28191694385916
0.03562117214013619	-0.11818134046639145	-100.81418806488504	100.81435399029021
-0.4566813253223175	0.16336911415623964	-62.00619338097325	62.00809031811096
-0.08531482573038522	0.08598970930024862	-11.05514040819139	11.055804009407044
0.12133809313129054	-0.3069067356735978	-85.95697918497645	85.95772603477032
-0.004079854550614853	0.09812139992508473	-441.87896061511117	441.8789935701067
0.4831809339212677	0.4520079281716507	-1015.3413202793596	1015.3419705859696
-0.04000880257688064	0.24941018436765375	-386.10818226018387	386.1082901132694
-0.11428246857893788	0.16544210752576582	-411.05198888475263	411.0520617603922
0.2994242279632421	-0.5354486078330615	-2232.9005531127664	2232.9006414686205
4.083550990779583	-1.4580687728486303	657.7291264821449	657.7435017362059
-0.6853619846851774	0.9145023988465548	917.0908689979152	917.0915810512269
-7.344992803927755	-1.5531280296117054	141.98169755300663	142.18003926711918
0.3939449488893412	2.0824593906229762	5.421324639310594	5.820875413642298
0.3296564697793815	0.2916792008466242	-25.23399221164053	25.23783099003179
0.09032056615762127	0.1590060183576308	-14.767475102614869	14.76860730146533
0.13062488034637187	0.6797253940288481	-32.950469091647044	32.957738132800316
-0.008391636706798093	0.19027626709137227	-12.09802461044726	12.09952374898997
0.11028906979966617	0.04889755926369109	-3.356699433401443	3.3588667339471483
0.035291225837309564	-0.04734232741442856	-0.6262527537383449	0.6290304270470344
-0.19276332794220813	0.08777162342321787	-7.7273534811190325	7.730255712500081
0.0229707530141055	0.002413052565615942	-0.8643315893468475	0.8646401417118951
-0.14601250458023982	-0.005509458637602337	-2.3754787735495118	2.3799683630696795
0.027114590713257374	-0.018761302016919022	-0.3509178967118045	0.3524635551593304
-0.1975606061625478	0.052655175865878444	-2.2040789384146104	2.21354167058487
0.015513841071645253	-0.007499794677614713	-0.5317877179781273	0.5320668220979269
-0.024048593351002456	0.0034914758868660675	-0.8132361295502852	0.8135991197463031
-0.16826769577612014	-0.16229037239919963	-1.8585824425318274	1.8732273962610222
0.06719334434425066	0.0018690597247141153	-4.917974758225076	4.918434116814764
-0.013512991610562006	-0.008388842514828174	-0.07549103975218893	0.07714836812190075
0.05990000860109533	0.0033907550460004756	-0.031534075330527205	0.0677783605374506
-0.01433570905741395	0.005554475250948933	-0.22720020619913736	0.22771978053393338
0.02499351447390799	-0.03142139398040428	-0.055177920485140475	0.06823915792632351
0.09358948941797895	-0.25071691741501256	0.018509786177511058	0.26825468754886916
0.04769701802684477	-0.12798911812466535	-0.4371092427095378	0.47874888495858486
0.3532520088901084	-0.06140901336096556	-0.2228362898695156	0.44462776081760264
-0.03739121163758475	-0.0015871071719209678	-0.05514661227138905	0.06664660878028782
0.8743825700643063	-2.4548550157640547	0.150530906707257	2.6102715531393095
0.013676053018637148	-0.12620198479329903	0.010075745465651705	0.1273400802521548
0.5445274013798724	-0.4940823864987743	0.6797159393029235	1.3731107160547167
0.1789697888399301	-0.03522640544951297	0.04582098638602685	0.23149567631316811
-0.03400903360137161	-0.0350306888290613	0.2645737789126449	0.26904097831827556
-0.12681098319127235	0.10856169276065868	0.49098378825743366	0.5185862965067792
-0.14315526239662912	0.11873372266055021	0.757066974956231	0.7795777899722762
-0.07559306952262711	-0.03591672311236231	0.38296056153898067	0.3919988709846422
-0.07173574755603461	-0.22371084809470698	2.048456890165765	2.061884621384104
-0.017052210790372675	0.09099910934310129	0.03610696833707239	0.09937468971811335
0.20756009290720323	0.15112140206327923	278.64059780532955	278.640716091855
0.18886954035186268	0.017976812109496615	279.9626442293616	279.9627085144826
0.5604588857480612	0.23657161736200802	-0.21154878363102148	0.7236941208901725
1.2184221811236582	1.0538506226500106	-0.3652357767121915	1.725156987350573
0.2714756022644308	0.027140750772704475	-0.13509242355220089	0.30444307493938616
0.5305391046410344	0.2053998383554334	-0.15252552031666755	0.5890032847935729
0.1500436219408302	0.5546339860080539	-0.7877444566890268	1.0946638699000688
0.18568702930151343	0.75612141266572	-1.4028217828040113	1.604402760484988
0.08675110557892515	0.4913682305394541	-0.7049526904119764	0.8636705321022152
-0.7207387816705488	0.5461169847345144	-3.1185030129032554	3.284872129323476
-0.2782524032367907	0.48792751957620656	-1.1400692666345933	1.270927062026605
-0.09984508963377339	0.2390228075946533	-0.7519895755821521	0.795354805265318
-1.981857996988275	0.6763273311489287	-4.340420726986384	4.844795927429599
-0.21606070058790294	0.21801421375737556	-0.6974248081726249	0.7619801748033899
-0.5381556423047287	0.7953625393965381	-2.60705608375286	2.778300647563637
0.12249673000500078	0.07528634042820433	-1.8300758319943593	1.8357154008088614
0.15834113033641561	-0.025030970014797913	-3.5394082279882477	3.543036701385833
-0.03994873765839772	0.14365390335240458	-12.112884481044155	12.113802161035544
0.02468313075483281	0.07114983696996847	-2.0906223926132466	2.0919783805624417
0.01990575850508214	0.13454297333941923	-10.947641645679683	10.948486454899452
0.11571979714082437	0.04491443783707367	-12.957686926976596	12.958281478487672
0.012586347127135508	-0.026307661044248636	-7.151049686241554	7.151109153429212
-0.01599002710550047	0.05961519954196696	-1.8840132062184543	1.8850239823908883
0.0683979407438361	-0.12061846178432133	-70.01556060847426	70.01569791418602
-0.017628573835237738	0.008405268941224186	-24.421750320416077	24.42175813468442
-0.015148194768462183	-0.005968147623294274	-6.376877135994686	6.3768979414197595
0.3058051821595604	-0.4820859541039779	-1970.4954670747495	1970.495549775693
-0.008148075909623267	-0.04011778987758278	-206.1981411514173	206.1981452156859
0.001767121713304922	-0.013244863851500671	-56.20694488659916	56.20694647724119
4.083549222243756	-1.4580677095933434	657.7284105808243	657.7427858371947
-0.6746058551092755	0.9001501200315221	902.6979665097565	902.6986673880426
-6.959235983621994	-1.4715582110667202	134.52486135840002	134.71278622514285
0.3943435772807477	2.0829110572605134	5.4240505729340756	5.82360283219479
0.04740613321438824	0.012861153085094158	-0.04329301044315975	0.06547545706789752
0.13156365562554181	-0.048087558534607125	0.0891139968291866	0.1660202192452706
0.5601740267563876	0.23647190706406418	-0.2114870646489183	0.7234228926408105
0.13432804525729197	0.5793116604250419	-0.5578723802249766	0.8264909053734016
0.015715576683538242	-0.02467767441698801	-0.22987207646405022	0.2681729645266673
-0.6231590127657207	0.32198953808838826	-2.579311068401435	2.6766265690805047
-0.09757976890482797	0.22412744664612605	-0.5391919445018198	0.6082455602429708
-0.5812529917551841	0.023749296454024987	-1.0755936860747732	1.2302603169371644
-1.4006050052330914	0.6525780346949039	-3.264827040911612	3.6145356104924358
3.710533515939224	-1.5002042212541729	657.7290388406986	657.7412987687391
-1.0040246349812425	0.21893445597578698	758.0634801351586	758.0641766449538
0.2793738974442576	0.6250902072098834	146.40447333064628	146.40607432332047
-6.959048492589198	-1.471345774004591	134.51575427343147	134.70367983859643
1.16066368847659	0.9690272673182154	5.467148342078481	5.672377370807226
-1.0460834488772166	1.0547336625855412	5.364620890431102	5.566498987609343
0.5601740267563876	0.23647190706406418	-0.2114870646489183	0.7234228926408105
-0.016549636900350762	0.06013525634841177	-0.02446799924673964	0.06699867554482777
0.15087768215764275	0.5191764040766301	-0.5334043809782371	0.7594922298285739
-0.010135042537230606	-0.028239500897020188	0.006221719620885108	0.030641447308917744
0.025850619220768846	0.0035618264800321812	-0.23609379608493533	0.23753151721774954
-0.20023211418017567	0.054794242995397605	-0.47419212410308903	0.5176422308659728
-0.38102087757500847	-0.031044946541372617	-0.6014015619716842	0.7126180860711916
-0.7518956418177347	0.362249644865055	-1.6075868679841356	1.8113275240840365
-0.6487093634153567	0.29032838982984893	-1.6572401729274757	1.8032080864083992
3.710533515939224	-1.5002042212541729	657.7290388406986	657.7412987687391
-1.004024720670364	0.21893450749264648	758.063498060686	758.064194570593
0.03656271115554796	-0.2633293285217628	79.78543726201562	79.78588019354137
0.14092714785789637	0.7741563398774025	70.22246983139877	70.2268783851403
-6.679285154907933	-1.4121956466478238	129.10803561385828	129.288406312377
1.0720600066696493	0.8950528813628786	5.049792757595081	5.239354847020409
-0.9118417796243521	0.9193819297628688	4.676190475043569	4.852161984387088
0.8224704983808545	0.14269641645583692	0.9114239462311776	1.2359262104752862
0.8224305760344389	0.14272041803118843	0.9113331198773493	1.2358354362554584
0.8217733323526294	0.14262275701531207	0.9114353411887443	1.2354622785631444
0.8217733323526294	0.14262275701531207	0.9114353411887443	1.2354622785631444
0.38281886493430856	0.8058923091492559	4.055178030817865	4.152165887693237
0.1468543747925673	0.10397387751514525	2.859996615974789	2.8656513078161647
-0.42084291832039095	1.3641570745302938	4.56348128442572	4.781568228018429
0.14685367911616848	0.10397429576033887	2.8599857790311027	2.8656404717809516
0.1452292965722701	0.10379040159684011	2.859999540497034	2.8655647554521866
0.1452292965722701	0.10379040159684011	2.859999540497034	2.8655647554521866
-0.4208697487726565	1.3641732051733944	4.563633192131659	4.781720170761858
-0.4235522769150986	1.363854433105669	4.5634988504192044	4.781737885304812
-0.2550343711622215	0.2571432868666894	1.3078906054609438	1.3571083362457503
-0.25504042624261597	0.25714692722056126	1.307940783307862	1.357158521999908
-0.25580350448780115	0.2570571714429258	1.3078918787147247	1.357238000022991
-0.6793557814028998	1.6209116045485947	5.871390729133929	6.138975885327803
-0.6793557814028998	1.6209116045485947	5.871390729133929	6.138975885327803
-5.749197654103753	-0.34268495772422225	110.22518897098524	110.37555431496418
-5.237584435515945	-0.2490396810705241	106.50739294243837	106.63638714283637
-0.6458548878407888	0.04170645616898641	4.406226443936365	4.453504175352045
-0.6458607042500387	0.041709953032207675	4.406308270909408	4.453586009920649
-0.6483801230671195	0.041421934284450096	4.4062191991088255	4.453861267622014
-0.6483801230671195	0.041421934284450096	4.4062191991088255	4.453861267622014
-3.6737601472180845	-0.1746820632028311	74.70669359004091	74.79717303881714
-3.673771278579238	-0.17467537095581973	74.70712062337839	74.79760008669088
-3.7161785370341236	-0.17947226862713048	74.70663724981225	74.79922354135337
-3.7161785370341236	-0.17947226862713048	74.70663724981225	74.79922354135337
-0.9408436303792032	-1.0551584101085099	33.27574913090669	33.30576566047214
-0.8907987479521892	-0.9990329532627248	31.505762175261168	31.534182080643404
-0.7889147095213629	-0.8847697574084731	27.90232841248931	27.927497825278458
-1.2964854160436021	-0.7814928741994838	44.63541210651648	44.66107499226813
-1.0562535817756433	-0.1776345010766861	15.067615658370778	15.105636937030058
-1.0562582593968042	-0.1776316888603001	15.06773004036897	15.105751325136684
-1.0648199992102105	-0.17860158344400986	15.067598363117238	15.106232508092136
-1.0648199992102105	-0.17860158344400986	15.067598363117238	15.106232508092136
-1.2964885732561346	-0.7814909760626931	44.63550663097297	44.66116952084756
-1.3218134273525222	-0.7843535320421187	44.635377041213694	44.66183252858375
-1.3218134273525222	-0.7843535320421187	44.635377041213694	44.66183252858375
0.14092660548938357	0.774156665952894	70.22249847105851	70.2269070255083
0.1011002722134712	0.7696576018162781	70.22247289363234	70.22676336971539
0.1011002722134712	0.7696576018162781	70.22247289363234	70.22676336971539
0.036562656663272644	-0.263329295760651	79.78540046861544	79.78584340021233
-0.00868529662561034	-0.2684404997078865	79.78542004485199	79.785872104463
-0.00868529662561034	-0.2684404997078865	79.78542004485199	79.785872104463
-1.43393674386664	0.17037192431999595	758.0633474426126	758.0647227889427
-1.43393674386664	0.17037192431999595	758.0633474426126	758.0647227889427
1.3085864975954464	-0.300076054196477	269.0844075699197	269.08779296225896
1.5618988259859656	-0.7435033057881653	250.83927888192665	250.84527975370335
-0.12830299364310518	0.2525185981712833	37.10866322504859	37.11000664828252
-0.17510471616995285	-0.32262243813618774	467.3965977489192	467.39740195087603
0.308519178069913	-0.10981788198349378	91.4969794747628	91.50115307317421
0.022675748513367594	0.20089427618425207	18.393156230004507	18.39479678023185
-0.7114109642448174	-0.18731412827695332	242.14554763172032	242.14848292029697
0.18342470198504518	-0.23836349555065692	142.87100353244915	142.87440954884576
-0.24149568389222376	0.2507037089292971	43.90771148162979	43.909313133479486
-1.665462605508272	-0.4319195294937621	35.80549300768795	35.85099425840788
-1.2400123989197727	-0.060049514407984644	35.49101762491446	35.52511673926695
-1.45932382765878	-0.06084254081920604	31.42861002664801	31.476518337464924
0.0859593194101932	-0.010645511619000597	4.146700055085616	4.149800390230612
-0.5565460394887226	0.14514266745275586	6.3796618438146115	6.406958305608827
-1.1138545534044686	0.13504930741428023	16.91827546850163	16.97426551059741
-0.04532993270228182	-0.14068866347568085	2.1015175590177795	2.111327529917945
0.17959290131302275	0.10012714026994518	1.6126404892833188	1.631290287624066
-0.5701692168590361	0.11809579227556272	6.321987717142275	6.396125132691891
-0.10959336080436076	-0.1967727896484751	1.7634881307404775	1.783283602695034
-0.47538155039539287	0.5380188446089551	3.4418059130538357	3.518479705660249
0.3438364582477898	0.3914166407978381	1.5254168592927637	1.617963805599015
0.30512231212557406	0.304260802372425	2.261922080976907	2.306825859601905
-0.5812860988977091	-0.03179776659288289	0.6836157962310248	0.9079949250896674
1.2392985346169003	0.572361867082628	0.9219512724670742	1.877651527909754
0.6586745277775465	-0.37700516064543543	114.84265997914868	114.84516766547496
0.9032242982084193	-0.3664981451427299	135.99661890277798	136.0001120882284
0.05454038577175367	-0.17453090689751208	218.19961302755578	218.1997342822652
-0.12801751351961185	-0.13027254822883763	223.64440593263686	223.6445240647925
-0.10162758842209471	-0.017818983009838057	25.55257878872662	25.55314360381841
0.3954461687002977	0.20556292761528638	35.75150046887195	35.754550750222016
-0.08692699063038464	-0.3153808095987802	55.74547900589084	55.7466023229522
-0.876398133219918	-0.4942156499526694	21.69603893583751	21.719356074753843
-0.789064472288354	0.06229612045890731	14.109454071850443	14.131638183654042
0.0743084292881119	0.030016835146431217	1.1445496195230702	1.1473519881038592
0.01165089012208128	-0.04066234676543181	3.0021504355625455	3.002448402126753
-0.14284185615207848	0.00656604350580621	1.091063570514972	1.100393849356298
-0.41370418333664416	0.13857662394694964	5.288598273299639	5.306564456252528
-0.7793334794402104	-0.26732422134222145	10.07929486908519	10.113876000543002
-0.3345210739642582	0.4023735287565017	6.838980599416437	6.860389510054408
0.09602079917586585	0.02369410893465987	1.177743241246201	1.1818885509952648
0.08357210213715689	0.07643303133528531	0.43489724803711766	0.44940173662880106
-0.1070710818659474	-0.10341362918132517	2.2927281769667713	2.3017907971033718
-0.1876905196643411	0.29372021458334846	2.8119050415673716	2.836862535146665
-0.2754076153287477	-0.07221079312646056	1.2173544986081333	1.257471800441855
-0.24223741313430408	0.2746497379499315	2.079401226463932	2.111402591524807
-0.23314413726108882	0.2633691066590235	1.362404686589904	1.4070771141354423
-0.5086026823163423	0.007368614074512812	0.6293018511328958	0.8091673527596419
-0.07268341658136676	-0.0391663806673957	0.054313945098128785	0.09882757233002538
0.9273167279935117	0.489430383647599	1.0621573676644989	1.4990385161956332
0.31198180662338865	0.08293148343502915	-0.1402060951974245	0.3786130117141211
-0.04945080967600926	-0.05579868036759853	6.069312963480094	6.069770895509642
-0.052176778746085443	0.037979697357760474	19.483265825246527	19.48337270830877
-0.017463874401675787	0.01069416555308791	3.076983641911026	3.077051784529149
-0.06946311622870885	-0.326074975151868	52.66849536397981	52.669550538423046
0.003854590285822468	0.000750691423920832	0.1980455996265079	0.19808452977279323
-0.2792622056145702	-0.0729614845503814	1.0193088989816255	1.059387270669062
