0.0	0.0	6499.999932280723	6500.0
-2.860322970108971	4.07659186906362	465.9521718234296	465.978783289251
1.1236883171141179	-1.7120416489576873	74.34660169891436	74.37480047851516
0.6144116349477153	0.08999750427936282	155.79417796322014	155.79541549238036
1.4524658470485194	-0.01378947732693386	1.779563368301721	2.297105345500869
-0.3925599799864781	-0.938020770338482	2999.955759548033	2999.9559878196487
0.10481044233092376	-0.7320828799850829	340.03810084521007	340.0390651925
-0.04249329134583288	-0.7706545967347931	2461.746017939776	2461.7461610524615
0.0	0.0	-6499.999932280723	6500.0
-2.383243090852388	-0.42889656176330093	-19.03792605498747	19.191311272707825
-0.8443685892466506	-1.355421764289118	-76.86989760772668	76.88648310786495
0.22804646084289676	-0.2762365967176144	-120.35648162874429	120.35701467673546
2.083656187021326	0.4021716437160737	-97.74898225525747	97.77201489728745
0.10062915166304698	-0.2268285938765604	-311.3357689672627	311.3360427510344
-0.0928464118273466	0.1627661094966564	-4122.324983726798	4122.325028693716
0.8315472370008961	0.2699501556013403	-77.37576830120764	77.3814109725071
0.011036892550642052	0.895470446526015	-857.3707883516641	857.3713195622348
0.06554216284756201	0.5570251613065179	-817.1917962932375	817.192055395654
1.1102230246251565e-16	-2.7755575615628914e-17	465.7754635999331	465.77546359993306
-4.440892098500626e-15	-5.684341886080802e-14	74.35356912046791	74.35356912046882
-8.749945212827015e-15	-4.568567746332519e-14	155.79429011415078	155.79429011415075
-6.661338147750939e-16	3.552713678800501e-15	2.0336482361549315	2.0336482361549315
-0.3925599799864781	-0.938020770338482	2999.955759548033	2999.9559878196487
0.10481044233092376	-0.7320828799850829	340.03810084521007	340.0390651925
-0.04249329134583288	-0.7706545967347931	2461.746017939776	2461.7461610524615
6.875643493276851e-15	-8.32667268468864e-17	-19.116977870149547	19.11697787014967
7.827072323607354e-15	5.012656956182582e-14	-76.8763416777246	76.87634167772461
8.743006318923108e-15	4.5852210917018965e-14	-120.35676964029925	120.3567696402992
-9.71445146547012e-16	2.7200464103316335e-15	-97.24450507899189	97.24450507899188
0.10062915166304698	-0.2268285938765604	-311.3357689672627	311.3360427510344
-0.0928464118273466	0.1627661094966564	-4122.324983726798	4122.325028693716
0.8315472370008961	0.2699501556013403	-77.37576830120764	77.3814109725071
0.011036892550642052	0.895470446526015	-857.3707883516641	857.3713195622348
0.06554216284756201	0.5570251613065179	-817.1917962932375	817.192055395654
2.4980018054066022e-15	1.9095836023552692e-14	448.8667143745955	448.8667143745955
1.8359888790946102	-0.1215793562001477	15.514738778394085	15.623468119013083
0.0	2.7755575615628914e-17	0.88865400088401	0.8886540008840242
0.133423128712729	0.8416481139088958	73.45967884849188	73.46536251732914
-7.951417302365371e-13	-7.245315458703772e-13	155.79429011415078	155.79429011415075
0.0	0.0	0.11510830822737139	0.11510830822737259
-0.2011520827454225	0.5518832416709847	1.872616235598116	1.9625821864715363
1.2750177510096565	-0.9750858864759001	-91.25941626680124	91.27412787920082
0.7897648480494244	-1.2963591650794388	-68.27214972930344	68.2898206489117
0.42751050779973176	0.3654325026831504	-23.25310341198559	23.259903792509384
0.8052048381681587	-1.338720505224643	-71.54258211764636	71.56039745196148
2.3506791291664264	-1.041819506068319	-72.20182116566107	72.24834226395546
2.3506791291664264	-1.041819506068319	-72.20182116566107	72.24834226395546
0.25821462817480273	-0.5476250061088461	-18.73834285112082	18.762424081277636
1.2671700731133149	0.018878063692914837	-30.37863363012738	30.414842727661235
0.2589529216544287	-0.6548958121208184	-18.898930860827026	18.912528980099044
0.5625090442610173	0.206756432682395	-1.3416304490386652	1.4760137851723067
0.02340591589296742	0.022853551857358996	-0.5348973074972136	0.553773452053323
0.033275279255377314	-0.11104570196003005	-0.7940866091703488	1.4572410703034568
0.11392529320933321	-0.27917788540075433	0.12192725303629441	0.8439315542749608
0.06052116957946869	0.2328752172342594	0.6790981280319598	1.155215572474147
0.035974873120955396	0.15577386511646857	-0.12825897400727443	0.24541730453004168
-0.5080984869013362	-0.7306160286719232	0.4618882602188282	1.0116937377841853
0.2571646877503828	0.5548089326400425	4.350994980656657	4.395973582150187
-0.08446667447020294	0.0105549841518176	33.42645798825106	33.4353760166318
0.45343986549525134	0.3181338983524973	86.03231203190893	86.03684388494828
0.19244392387790807	-0.09826749311376369	303.1296618632195	303.1311281629986
-0.6836135714320887	-0.43295559648004545	121.29518951597228	121.29796889298726
0.04714394534756082	0.34449541206017764	234.8583150906046	234.8603375500451
-0.15859789024809115	-0.4658128583453054	671.5295164758721	671.5298782281924
-0.1712458485011023	-0.5245742519932463	1542.683357476388	1542.6837415000202
-0.10931801020152464	-0.571117611589136	-24.45527733400052	24.462189502096926
-0.10926347119178814	-0.5708326796833902	-24.4430765392169	24.449985258816564
-0.0629288673264981	-0.6269385123086764	-24.44208615304313	24.450206286519172
-0.0629288673264981	-0.6269385123086764	-24.44208615304313	24.450206286519172
0.43345234956114354	0.34913039510351496	-22.58809382140327	22.594949777696826
0.013888111667720637	-0.015109449881858826	-19.49022882790238	19.490239632675596
0.2726446822244347	0.42622286397684245	-3.5160062070865794	3.5522247536991856
0.43161293540951906	0.0655137353763313	-19.596243258693985	19.60110536754106
0.43161293540951906	0.0655137353763313	-19.596243258693985	19.60110536754106
5.551115123125783e-17	-2.7755575615628914e-17	-76.87634167772512	76.87634167772511
-1.9984014443252818e-15	1.9984014443252818e-15	-76.8763416777248	76.8763416777248
0.0	0.0	-53.538268354536484	53.53826835453649
-1.5222318117153106	1.7853583846134458	-13.67578797939225	13.879509036972351
1.9984014443252818e-15	-2.4424906541753444e-15	0.8162231245717635	0.8162231245717635
0.0	0.0	0.8162231245717706	0.8162231245717678
3.0950564503545146	-2.385203419708618	-4.439946574160454	5.914532556818835
-3.0950564503545146	2.385203419708618	-48.28209865580426	48.43995892228943
3.24225879749191	-2.557850543933662	-5.4029799254764646	6.800517156078429
2.7523869461329795	-2.2536260159179475	-3.609016820658377	5.0674911477634215
2.642898772065247	-2.944289741828969	-4.620860278060043	6.083264396076857
2.5949525095643824	-3.056098820502201	-4.662904104344129	6.1494872317843425
2.5949525095643824	-3.056098820502201	-4.662904104344129	6.1494872317843425
0.57221335417836	-0.355360972703962	-3.042000151014964	3.1156820220292407
0.5666820305415154	-0.39025318480605975	-3.167062824699076	3.2409432280712274
0.5320031117177046	-0.44767590021835896	-3.175244124737491	3.250479391442672
0.5320031117177046	-0.44767590021835896	-3.175244124737491	3.250479391442672
-3.979039320256561e-13	3.979039320256561e-13	-95.89536627130656	95.8953662713102
-2.220446049250313e-16	4.440892098500626e-16	-0.2569081400897062	0.256908140089692
-1.743779573313759	-1.6246264992087163	-95.6138261100532	95.64352524800415
-3.4631982750531836	-0.6486183057324987	-92.09779871817409	92.16517225466556
1.708926883842766	-0.9858155969211932	-3.219135392810303	3.7755921605355605
-2.7844507694093372	-0.29828771401666754	-35.612880902811455	35.722813828776566
-0.5352185304307246	-0.43312705522342	-56.75528585063164	56.75946202976374
-1.4453110001736973	-0.9082987349635848	-53.205147888349444	53.23252475977722
0.1520107795718698	0.39396124611239364	-13.245936230023506	13.252665367781447
-1.8051815491557237	-1.054856484190945	-51.515025798387114	51.55743676363422
0.2995819870501507	0.08965045178036717	-1.7490926195533048	1.776826261131117
0.3015917110397225	0.10014999126852375	-1.7486881774649445	1.777328873035214
0.30498956524671805	0.09611128119430667	-1.7491368019944908	1.7781269823535404
0.36343264080876914	0.44105773219102834	-3.628782130130783	3.6735098959288632
0.6684222060554872	0.5371690133853351	-5.377918932125274	5.451636878282404
0.6684222060554872	0.5371690133853351	-5.377918932125274	5.451636878282404
1.6751484183475012	-0.9663300715659959	-3.155506307904041	3.7009642108411462
1.531619443134374	-0.8835336080584126	-2.885138272635352	3.383860606966735
-0.7174758676414601	-0.6772364658000857	-0.7017903649983919	1.2107561966233469
2.235802911136241	-0.19704457240139328	-1.6001868151655385	2.7564903526745343
1.5544440960382755	-0.5605614740232038	-0.6209975843051111	1.765265876172794
0.5167406227502391	0.2081312673168458	-1.1402085299106628	1.2690212714199303
0.5181138497279357	0.21530551161772546	-1.1393185034024995	1.2699783765120505
0.5206554784338613	0.21257731554974194	-1.1401557353214862	1.271308909390635
0.5206554784338613	0.21257731554974194	-1.1401557353214862	1.271308909390635
1.5558042325258823	-0.5534556192715003	-0.621818981915081	1.7645109177102183
1.5603252286493887	-0.5558665343320486	-0.622615449455923	1.7695345210114697
1.5603252286493887	-0.5558665343320486	-0.622615449455923	1.7695345210114697
-3.9757086511826856e-13	-3.622657729351886e-13	145.5672696025748	145.5672696025748
4.440892098500626e-16	-6.661338147750939e-16	145.56726960257836	145.56726960257834
0.0	0.0	73.60024272408064	73.60024272408063
-1.9036454680276382	1.7622112598145807	54.43488530215678	54.49666037888122
0.0	0.0	-0.2569081400897053	0.2569081400897021
3.611362321744889	0.6546279935854757	16.867589111666653	17.262272100419455
-3.611362321744889	-0.6546279935854757	56.47574547232428	56.59487876375088
-2.14909553139611	-2.0082534695914402	69.94782225092032	70.00963884528676
-1.9393035907626768	-1.812796686354801	54.87740309007813	54.94157351363424
-1.9288117728660192	-1.802989282909826	54.58051109100931	54.64433434643729
-0.2336068431930216	-2.227876863455329	57.90517166322261	57.9484849916129
-0.6137870833496647	0.7225168323984874	4.355637994793662	4.457616795831176
-0.8615318039982544	-0.27200575855232695	45.353760851283255	45.36275837663952
0.6617034263004984	-1.9753566302582009	12.487781727033116	12.66035456466781
-0.4412674746560501	0.3071573414544887	19.359184915420055	19.366649250864903
0.6216243325059136	-2.4344863514557487	18.468203603586527	18.63833911457011
0.5378802902516755	-1.121942578770166	20.611093326830904	20.6486134760674
-0.08440284362725692	-1.1955001349656773	5.234011688465102	5.36947136762127
-0.08432563352230805	-1.1950967608954062	5.2302548285014465	5.365718279171422
-0.04496198492066478	-1.3608758706386719	7.621904712080297	7.742572967393099
-0.1490064004312847	0.24210546486188492	2.418648827010327	2.435298772611671
-0.014548179050412557	-1.3565755722745927	7.623900164539486	7.743665969789179
-0.014548179050412557	-1.3565755722745927	7.623900164539486	7.743665969789179
0.1948726550546479	-0.20182419138262772	1.1756325993864438	1.208644018996258
0.19489147109783111	-0.20172588943199268	1.175109193450937	1.2081215321757648
0.19962332567608945	-0.20107563659316557	1.1751984724840763	1.2088723396265775
4.052740999423787	0.24604220977684838	20.92765390941252	21.31787851850055
5.377077593223888	1.4798864163997365	38.188348263676176	38.5934316996663
4.295659746900548	1.1822571645467534	30.50804969666903	30.831664258659323
3.4132465289047422	1.9698731295572047	32.81233305104299	33.048144460259806
0.8824132179957462	-0.7876159650104857	7.922737157202057	8.010540309975548
0.6759498539249612	-0.6033328667797391	6.069008164066796	6.136267501394251
0.6759881907977943	-0.6031325808139787	6.0674263364960375	6.134687546480515
0.7001166976835123	-0.5996862120337262	6.067595829724565	6.137222995473567
0.8997400233596017	-0.8007618486268917	7.242794302208642	7.346095335100145
0.8997400233596017	-0.8007618486268917	7.242794302208642	7.346095335100145
0.5379016762070988	-1.121830850649974	20.607484339154798	20.645005533039868
0.6192861234197126	-1.1099590087672382	20.608529871623727	20.64768819440596
0.6192861234197126	-1.1099590087672382	20.608529871623727	20.64768819440596
-0.06817739037727316	0.14863527130878046	72.24059909272545	72.2409189979005
0.4534700225999392	-1.0825932353640682	247.8873925751584	247.89154998786773
0.07905048667085098	-0.22252265338147675	13.42068585099973	13.445724468716962
0.37471975786905554	-0.41938327061279884	18.01169281186103	18.044880874263313
0.4412898673878664	-1.6829729010606371	14.435860608633828	14.570571596116931
0.35776971137021996	0.40027952896776947	2.400891557857095	2.464139388341102
-0.10346803823085188	-0.5480471102142552	3.385420448784774	3.4745175934940424
0.5504101678771941	-0.5866668700716768	0.2883670521498135	0.8658895489656122
-0.12345207847250872	-0.2035800532399452	3.026719550902558	3.0851022861604025
0.8100569656001924	0.49522466183698916	-0.5433064614913795	1.3439478422398465
0.1613725851031108	-0.5157373045128963	-0.5481230622651578	0.7814630959143386
1.1423738799672092	-0.2947953381921641	-4.554533758844752	4.932901076844506
0.6410543615225275	0.5095211017786617	-3.148917286833196	3.2566427976985337
0.8519345888652068	-1.6385683430828015	-2.3574667183293756	2.9979706255380028
0.7989359921054768	0.08078551663685021	-1.5109130477028536	1.716730334618274
0.6503720550015177	-1.392736771638734	-3.196145081186668	3.5812928694949413
0.3454346608069595	-0.0961709431785146	-2.282745410799128	2.363708162574886
0.04941151862160323	0.03196000899432707	-4.513575647059166	4.580706681044397
0.002759037468855141	-0.40909783592949944	-11.556895040117745	11.589423781650869
0.1511299034358559	-0.34569750623799056	-4.88080936120442	4.968805697171542
0.6213155049175875	0.17306686620860154	-23.108838301164724	23.123107764065963
-0.1358990207217877	-0.49069047680259237	-861.4998989229936	861.5001930967444
-0.542526291874877	0.725923845417058	-1982.1042129157202	1982.104622016148
0.252146353222394	-0.34406909083601145	-1275.1200748342976	1275.120491387908
2.7077873786306513e-15	-4.1633363423442976e-17	-18.924442538395184	18.924442538395247
2.220446049250313e-16	-2.0816681711721685e-17	-18.901809686209305	18.901809686209333
-2.886579864025407e-15	-2.1316282072803006e-14	-18.901809686208708	18.90180968620939
-1.9984014443252818e-15	3.885780586188048e-16	-2.4162765674794286	2.4162765674794855
0.2774347868812974	2.103634978973157	-16.412709155596076	16.552588075945323
-7.993605777301127e-15	-4.440892098500626e-15	-1.9762304106153294	1.9762304106154147
-2.826942450395391	0.8178666933296658	4.8467504283790745	5.670229207086635
0.0	0.0	-1.3495693159899653	1.3495693159899653
7.734646467442801	3.9550011777045637	42.81028866425123	43.68280675286887
8.358702855352295	3.774454547065016	47.078920420539994	47.96393612408673
8.307894486309463	3.3892027062826635	44.98655990534178	45.87263212305197
8.122074886876614	3.401507697628556	45.13975547852069	45.99060642941912
5.224022112702787	2.773277405375066	33.8276015157331	34.3407643902753
2.89805277417383	0.6282302922534911	11.28952111060171	11.672474891329738
1.4647569636735978	0.07795756795549269	8.308427984156458	8.436916848763294
3.047156929095388	1.407023419271198	13.431479752647462	13.84447646531607
1.2967544019498172	0.5063242423854301	8.044200107921048	8.163766997757863
0.16800256172378622	-0.4283666744299371	0.07169254448104467	0.46568518275986054
0.1418728245266283	-0.4304668773053222	0.06933625384935703	0.4585162449619651
0.1418728245266283	-0.4304668773053222	0.06933625384935703	0.4585162449619651
1.2400137381883434	0.5752883077003567	7.962751761775662	8.079233028421317
1.2400137381883434	0.5752883077003567	7.962751761775662	8.079233028421317
1.7960946369610662	0.8348723621407095	7.189280031768426	7.457125128437294
1.735085857393445	0.8950864924169707	7.073114841007506	7.337619253921167
1.735085857393445	0.8950864924169707	7.073114841007506	7.337619253921167
3.6137913471021914	1.826453386217578	21.5418012992775	21.91904703881923
3.4581500913240113	2.0106353132334815	21.308104524372254	21.680331520493834
3.6101609941071198	1.9165267104016526	23.37721488952804	23.731845967522776
1.2474319391393376	0.662224381314606	8.07761331113006	8.200150265582819
1.190267574496881	0.7314670456309388	7.996674781387104	8.11779455868496
4.648417665820892	2.7421023588644204	29.304779305759357	29.798126079178793
4.648417665820892	2.7421023588644204	29.304779305759357	29.798126079178793
1.7343085651101966	0.012666392426163825	15.413936194317142	15.51120290754367
1.7343085651101966	0.012666392426163825	15.413936194317142	15.51120290754367
-0.3580191870109692	-0.1555065514627283	742.4826861965017	742.4828019162352
0.31088953412518916	-1.0252674777797828	1092.245398216834	1092.245932577155
0.30538864843961744	0.5605968965769835	324.783644381425	324.7854299653612
-0.3821488066122293	-0.0971099057365726	150.33656735271435	150.3378949945216
0.6215264296219505	-0.33196124397054805	142.2697350297076	142.27445142554848
0.32172080271932474	0.3255407228074718	8.715310576875858	8.798344239168674
0.9890434006998525	1.0409909991312878	17.112430718809893	17.198183183339708
2.555590782321171	0.4847543672587091	15.195506841388738	15.417163779205737
0.7832697515141192	0.5540371661126009	4.577941376866302	4.679476009127048
3.295175636799988	1.796459953861904	17.950694231959268	18.339366238705896
-0.23522622914855426	-0.17839843145856185	1.0230184525756902	1.0738733251350885
0.3258402124988472	0.025257061995182274	1.0569575065802321	1.1151003178540593
0.666322521931508	0.08705622021444853	2.8845465784455646	3.1184502898613755
0.09273607389400634	0.20354078102595263	0.13962903051192896	0.5596829794657245
-0.1822317370334962	0.05129063942102695	0.11414041150877133	0.867663379066708
0.34740215894783094	-0.20660313947924752	-4.576583380521691	4.6269458802380266
0.15421672787125051	-0.29336685925058553	-0.6285025771238637	0.724114761355689
-0.19297271444516492	0.17280077865248744	-11.90111672079133	11.904700642180055
0.17747058151094197	0.17123889104612583	-2.4676026049404487	2.5997833450407035
-0.1124714567375155	-0.40451359862611946	-3.9376717895647637	3.962292240962077
-0.28810625009748847	0.2677262090237756	-98.88055174812511	98.88406337425133
0.5684032926088494	-0.3271556679362123	-76.85720624020512	76.86522206657946
-0.24107265187779528	0.859639427246709	-617.2608318381859	617.2619770317845
0.0	0.0	-97.24450507899306	97.24450507899306
0.008683155858578082	-0.5569533585181019	-272.88649207683784	272.8870939602004
0.9234932328167746	0.6000749202429565	-115.82504519489646	115.8303597666051
18.807578698576478	-15.869993466234028	219.7194054876975	221.09319043559142
14.87086319669072	-17.882976801902032	171.7545528793596	173.32215630525093
14.113579797003805	-16.97230461764305	163.00812908412757	164.49590391930144
12.715232413536294	-15.29072006610831	146.85758513516367	148.19795399128213
13.67391253458787	-15.568077159265862	157.21631911137393	158.57588689762952
13.595860335574917	-16.159903937281555	163.14284133637508	164.5040321476427
12.92577721655269	-16.11553097013619	163.66301722258126	164.96172059450845
10.480871713250394	-13.067284841677212	132.70622408038642	133.759278237724
9.207961321734718	-11.480252472715458	116.58894526309231	117.51410513678853
0.6217041060367319	-0.7755321682939976	10.154167742279299	10.202700068014696
9.193721163481957	-11.360999266675007	111.47900804434317	112.43294022536267
0.5564379650345619	-0.6871907662893182	10.133381251209933	10.17188625283324
0.5564379650345619	-0.6871907662893182	10.133381251209933	10.17188625283324
8.450649634464703	-10.394778349001284	111.15579913190383	111.96015620220204
8.450649634464703	-10.394778349001284	111.15579913190383	111.96015620220204
-18.807578698576478	15.869993466234028	227.79773957091209	229.12309325499808
-22.605509664133592	13.927975624197416	232.32564242035858	233.83798172708657
-13.003113019102091	10.630272022148846	192.82269074943832	193.55276722203158
-8.845113245344555	2.387031417789604	48.24937546615077	49.11146689100292
-7.5210630091797634	3.3105905538726628	56.404727368313495	57.00017252690748
0.07429714730272337	-2.605143687617805	7.995192046801256	8.409244292114852
0.3704422381461674	-2.690821840054216	8.573399907071549	8.993382878166035
0.34633119728942474	-2.873642565226637	9.751801747047969	10.17228608546905
0.3055836852606338	-2.8709442611488574	9.783211616653988	10.20033979216162
-0.7434281311078181	-1.1598021191493832	10.675600202780963	10.764119380205827
3.4939173196703592	-4.759388270457891	30.064404556062744	30.63866276873505
2.342942675557197	-4.056361088215498	21.1040727586386	21.61770877454056
0.9686384715886276	-0.9874849131818092	11.578672426364289	11.661005192497427
0.9992984094306943	-2.719587155569076	12.95424535987069	13.278408204734397
2.616554657643185	-2.9238063016095244	24.267106216074147	24.584473670753876
2.0090907098601725	-2.267527339357147	19.22287569255544	19.462938514176557
1.876189391840479	-2.101591105142435	19.147008787263932	19.355971102138742
1.876189391840479	-2.101591105142435	19.147008787263932	19.355971102138742
7.031398848207061	-8.13707810277967	86.66676004398822	87.33490372615793
0.9462727711841756	-1.5427632925197314	14.549856489139476	14.670429111000297
2.0235142722676525	-2.6772735874878357	26.84886147054835	27.07322054597617
0.661948776615013	-0.6824730498263096	9.218597134565302	9.309880393280137
-0.048048190909410746	-0.3612468204016033	1.9208312096577762	2.208444881966386
-0.12723003313137035	0.8506111258937549	-0.1038101461395683	1.242966407091755
0.8111211162775781	-0.8601741402459303	-0.624423313500794	1.3443218647937407
-0.3360037666263124	0.19848126828646864	-0.45966150715217113	0.6189198907007918
-0.1312297349976197	0.6292358072861133	-8.490723369395448	8.51616240245667
-0.44120461945176964	-0.6841810364683963	-10.696644529905393	10.755327137193413
0.37799374092050225	0.4969207416195143	-34.06706909948584	34.08616662467102
0.2572703392068517	-0.2751918221357611	-147.41323370426355	147.41377686401844
-0.13148963567196517	0.7570431348723714	-654.2839398593428	654.2848132701021
1.9984014443252818e-15	-5.551115123125783e-16	448.8667143745963	448.8667143745963
0.10851169575447539	0.022633829002651068	71.19713969796629	71.19799075992285
0.022645579662453084	0.8200127912187228	2.190700768903542	2.3392527992748318
-1.2750177510096565	0.9750858864759001	-5.869980503964429	6.085485508019607
1.1679252481720106	0.5388017287482144	1.7057092040605772	2.1363053566932573
0.18276556970455604	-0.6954286117504078	-14.808185236898579	14.826289286355882
0.07544905847024666	0.14780360564156186	-3.93015761422224	3.936134794921754
0.6182322592929748	0.2799887978694008	-10.122843218553538	10.146528444038283
0.6489378138203403	-0.26111073417648595	-20.255790411573845	20.268314283622953
0.06984968831202983	-0.06317682519266124	-2.9577092866108208	2.9592084269788406
0.1891032333423988	-0.591718986928157	-15.941221574216202	15.953320553120202
-0.42881587346695843	-0.4000422675670745	-0.6307226811629368	0.8724722085033999
0.46209115272233575	0.2889965656070445	-0.16336392800741195	0.5847688618000568
0.36807968488139303	-0.03478150367451015	0.21992350701177477	0.45225937387366955
-0.25415439167205983	-0.24439638172624423	-0.09799625397548034	0.39167218040129126
-0.13028214528059634	-0.2602043572837938	0.05703206478636649	0.3277379841308952
0.19080331486006502	0.49307957451805323	0.6220660632455933	0.8274775883432517
0.035556983177290495	0.11699548992870516	-0.012006967017450208	0.12286745286399484
0.0004178899436648974	0.03877837518776339	-0.11625200698982421	0.12254985166604683
-0.28135685662250304	-0.28853049290601757	0.1948445261495947	0.44763368447375057
-0.22674163027883307	-0.4420855357659056	0.2670437340692335	0.5640600533104346
-0.15516472642412782	-0.21434401768919426	28.31560098785258	28.31718133110045
0.07069805195392487	0.22489900184101186	5.1108570003984815	5.118194685531348
0.5472048459299852	0.10964704378646636	45.32217209905496	45.325822873709384
-0.09376498043473383	0.20848685456603092	40.71013993285397	40.7110210112389
0.4429096477779322	-0.3288745082341612	165.19034190905728	165.19132200940342
-0.2504657239000241	0.2306070151203975	137.93931995416224	137.9398061535952
-0.07083272144008965	0.2200285498819078	216.4376935175915	216.4383889719293
0.11797666678765048	0.12446686217826992	18.420621573013154	18.421948578115842
-1.5936411519835323	1.829705641510833	-13.996011080451577	14.208615028214279
-1.7200269857766082	0.7724921593202287	-56.98135064828372	57.012538609245325
-2.0263690792379774	-0.21707728038883967	-25.91708263506298	25.997085730974458
0.16711460842424422	0.47286921968525025	-13.24492367411574	13.25441570664003
-1.7464317004822563	-0.7479256025021934	-51.520157536747774	51.555174803337
-0.6571873057095932	-0.6203291683530994	-0.6428198354076535	1.1090179316354671
-1.693994429150024	1.9575367691621466	52.21997808756021	52.28410541258097
-0.9778187866580766	0.8709335523183749	12.085073072221688	12.155807089331136
-0.3801852355476201	-0.12003337880927639	20.014154059310012	20.01812457587254
-0.4279750750164574	0.2979047715975551	18.77602382294863	18.783263308533755
-0.13942035928243565	0.24348845647628137	2.4184519922488614	2.4346734285797207
1.9567951953669356	1.4896779057069636	17.209775915237252	17.384607408625676
1.662914697608689	0.29591212561952157	17.456286128941926	17.537809860216356
0.5892765766761199	-0.7260340901488165	206.879669203068	206.88182951080944
-0.1358065540761807	-0.35655914521525167	41.0077233720904	41.009720477058316
0.23028039142963627	0.01225695305863498	2.381367516224814	2.396574706493834
0.004150376077667689	-0.18336280940027413	7.452558203361762	7.45612115680046
-0.15538028083645297	-0.05141679703983757	3.5867601314131536	3.593028605422667
0.08950517333031578	-0.5692024670252362	2.76646054892565	2.8258284790982113
-0.19297321156116765	0.021155356810981074	0.6189598998591239	0.6486891143958309
-0.004390707269175016	0.02813031027248865	0.9605533799039281	0.9710577599768253
0.018701589457698196	-0.17173594017217128	0.7407186716184474	0.7732961386036147
-0.1377629606610319	-0.059974423340262636	1.3254474993801832	1.3407483875799628
0.024583899451266905	0.031055743557364478	0.0015795574889276576	0.14508999697426292
0.4658891689270872	0.3228283242739129	-0.5796449297480546	0.822641400708536
0.31958389722183844	0.14134059400571183	0.034758910767747425	0.3762164445570479
0.1773979991526578	-0.4904558243768893	-0.5393370498783803	0.7502675650326988
-0.01602541404954698	-0.025281480136007117	-0.008786012386777564	0.031195530881639916
0.4823232196136056	0.3824839188326784	-0.6232039359244655	0.8870132845655603
0.6600506603536038	-0.6772792570248425	-3.931329822920287	4.045887792278946
0.6503720550015177	-1.392736771638734	-3.196145081186668	3.5812928694949413
0.3454346608069595	-0.0961709431785146	-2.282745410799128	2.363708162574886
-0.05672106194527646	-0.066138909179101	-0.25252129384341887	0.3013941321923101
0.03336138830830643	0.17111572293612212	-2.615196910753805	2.624714887331966
0.07277119225857326	-0.07301680476269407	-1.645857442461942	1.6545976615201212
-0.322388655196233	-0.25055272775006576	-4.125304997753463	4.147810533736073
0.32514769266508814	-0.15854510817943365	-7.431590042364281	7.441613247914796
0.1880363960281558	-0.3943423422436506	-1.1971130892406983	1.281960647777019
-0.036906492592299917	0.04864483600565997	-3.6836962719637225	3.6868450493945235
-0.1358990207217877	-0.49069047680259237	-861.4998989229936	861.5001930967444
-0.6780552899208513	0.6185672960631715	-1845.06160675663	1845.061840316367
0.13552899804597426	0.1073565493538864	-137.04260615909004	137.04278169978107
0.27714871516562267	2.1036539226690665	-16.363172856846184	16.50346924678916
-2.8742180111790496	0.45940218917350517	4.725775008594276	5.55023683990675
7.993605777301127e-15	4.440892098500626e-15	448.86671437459245	448.86671437459245
0.0	0.0	448.8667143745957	448.8667143745957
-0.08581172458353811	0.2689331969366482	177.6540674901436	177.65497770806022
0.3912003730231556	0.2916636996403354	147.12957689128146	147.130452257301
0.6572292260061738	-0.12442603734160983	82.39738082223725	82.40157473253457
-0.03570279638422341	-0.20753520662893826	59.872354207470316	59.872876693013914
0.27070963156212013	0.2685265438404649	8.123255584874709	8.18629728824122
0.05101117115720456	0.05701417896700683	0.592054992001149	0.6120469509274532
0.24510609561997945	0.2779077465399864	1.0189966429880215	1.191378955042375
0.42121642631152856	-0.19085152632553784	1.865549935457543	1.9270713348190007
-0.006755132819310852	-0.16100966823348856	0.39590180315845214	0.4496529414205787
-0.17547660421418537	0.2123003076545155	-0.28176139164968084	0.41801043764612944
0.221489340455876	-0.017160664868151057	-2.480632441874246	2.4942150926560607
0.004119666005860459	-0.12168787708373302	-0.6937575606502826	0.7171778471457245
0.12179315248609446	-0.06775459752736344	-1.4021933779971618	1.415552940436241
-0.1096763609024653	0.17049147414776528	-7.233320285251947	7.236160487159969
-0.08329635354269961	0.0023093045047221372	-4.667796435539382	4.668540155020085
0.009188318065718112	0.3653940203220989	-2.074923763419217	2.1114889590470955
0.16828226344522385	-0.19415512927597312	-0.3926788415212318	0.4882943859936075
-0.07653217917938224	-0.30813831836324657	-2.3586056156979196	2.379879586889941
-0.035939277558133254	-0.09637528026287291	-1.5790661738668441	1.5824126540721362
-0.019529254430057284	0.3388413066855281	-23.381493665726666	23.384373428599947
-0.2685769956674312	-0.0711150976617525	-75.49905808239845	75.49968994565138
0.0925754148146828	0.24056525499079587	-11.72380741936881	11.72747125516341
0.4758278777941665	-0.5677209229270082	-65.1333988208363	65.13775081141605
-0.11324750362062017	0.5692708531580369	-298.0838260252155	298.08442379956244
-0.02327466813088694	0.04555550164364469	-229.9826524234539	229.98270046359133
-0.10455048012628823	0.24481307244502748	-89.19435338951666	89.19485276863072
0.011446377571042051	-0.13964969572515515	-44.49193724747371	44.49215788304962
-0.0027632217124639695	-0.4173036627929468	-228.39455482936413	228.39493607715076
0.1888966090946303	0.07741011018666963	-25.397014202651647	25.39783464517745
0.7345966237221444	0.5226648100562868	-90.42803099224483	90.43252512142766
-12.480936009447092	10.479200257614139	178.95132429768248	179.69185810605165
-7.095179168239476	3.1873775013099372	49.783723642063336	50.38769772905499
-0.557989361402248	-0.870504110266483	8.012706394172392	8.079145579369147
0.8925538803404335	-0.8870396200975421	11.541245586927177	11.609644327657046
0.8990213886047453	-2.608600287853972	12.94310300199307	13.238045559642174
4.356907147789688	-4.5615299099566835	52.1248045723546	52.50528474834652
2.6744917004173736	-3.575548192822986	34.54195547163362	34.829618977811414
0.9462727711841756	-1.5427632925197314	14.549856489139476	14.670429111000297
1.3452598754823857	-2.2402571415606793	20.553919778465737	20.72524582230333
0.678254396785267	-0.4370164459271568	6.294941692082615	6.347974723672841
0.53613784924698	-0.7871544253307705	8.106740420861117	8.177408885235991
0.12581092736803307	0.10468137550446084	1.1118567137041866	1.1324715080441476
-0.030731371866605288	-0.33041311766193127	1.048974795847123	1.2058960611356149
-0.017316819042805447	-0.030833702739671953	0.8718564138106533	1.0025488208307713
-0.11497167840026733	0.8701294912513036	0.08096701802941135	1.0102571052895404
-0.012258354731103042	-0.0195183653575485	-0.18477716416897966	0.2327093018022148
-0.07657988208927444	-0.6781847761673925	-8.076237601332416	8.106225548739783
-0.36462473736249523	-0.0059962603010038085	-2.6204069285729776	2.6491015884536275
-0.19751263578757713	0.4805522947391767	-13.92777786275899	13.938164073095649
0.5755063767080794	0.016368446880337506	-20.13929123672685	20.148002551575374
0.22306045378998646	-0.20482777855885917	-94.48095305757145	94.48143839427897
0.03420988541686525	-0.07036404357690192	-52.932280646692085	52.93233846973947
-0.09629981257494	0.594706486027598	-613.5078907992039	613.5082024733908
-0.035189823097025175	0.16233664884477345	-40.77604906013893	40.77661079671124
1.1844903226068564	-1.6167420712213416	71.18911321707671	71.21808487233402
0.056056070665625166	0.7667169131279717	2.192410434833324	2.323286599346064
-1.2172753558491567	0.9309266623962887	-5.604143629477285	5.809888945799969
1.1679252481720106	0.5388017287482144	1.7057092040605772	2.1363053566932573
0.3982679221632537	-0.13656003782964662	-10.32685379434365	10.33543299874301
0.25066989165708653	-0.1245506963468393	-9.928936617230192	9.932881284879942
0.1920664642234693	0.14067529230782233	-0.13911065001984088	0.2757368990435247
0.27002468849886646	0.14832127329922215	-0.024253277987571042	0.30903196275653205
0.057424307550495414	0.05381284487275781	0.14765209669577137	0.16731561502026873
0.13337900730956964	0.43926672964529545	0.47441396654982204	0.6601619733229829
-0.16150043952614795	0.05717840777367164	64.3637109724302	64.3639389868645
-0.08896528437387612	0.17342860734672585	73.57560898173205	73.57586716673072
-0.07083272144008965	0.2200285498819078	216.4376935175915	216.4383889719293
-1.609601404150831	1.7290265743676816	-13.237381482300464	13.450558281464202
-1.7309591483278624	0.7792813471111177	-55.340659624715414	55.37320748060183
-1.9967787360977969	-0.062486412249464135	-25.919369224521432	25.99624455319877
0.030114332355144602	0.5359476214165044	-5.225014522645349	5.2525159198016755
-0.6065589924057575	-0.08634705445770424	-17.671748321982925	17.68236574614913
-1.5370964951615722	-0.8857088454976187	-41.32275395685138	41.360816485810666
-0.19978401353369563	0.30776670666825806	-11.854591765474042	11.86026896507166
-0.49256911336186726	-0.4649435340481346	-0.48180053635741776	0.8312211367172762
-1.6939578774799964	1.9577277285699082	52.22338620820544	52.28751531868068
-0.9777784692668173	0.8711441852429872	12.086771041379068	12.157507027888737
-0.21102618729385186	-0.06662590734653875	11.109086382495432	11.111290263376212
-0.2598281891349631	0.18086113387765457	11.399122411239084	11.403517579415128
-0.6037668695090853	0.8959766929335248	14.982225781275385	15.021131715956349
0.04590645586102177	1.1770997360869284	15.419503774577917	15.46443558121693
-0.32819985977067956	-0.036317204960097445	2.3907306406920603	2.4134264197761404
-0.3187063414767699	-0.03495502086495017	2.3911173413983544	2.4125168861413404
-0.7581952807077281	0.3185570329308569	6.833983317491459	6.883288941390501
-0.7311034342736089	0.3224636444775788	6.834297621634968	6.880851619872486
-1.0498097757503788	0.28750862361262863	9.225414963033323	9.293368506013826
-1.1892301350328145	0.53099708008891	11.643866955282185	11.728041934593547
1.9568948468502176	1.4901985218160416	17.2148438826612	17.389680243766684
1.662961164984713	0.29615488833320985	17.457627182603456	17.539153183688953
-0.08825792692133574	-0.20732911926450306	17.10755075873381	17.109034683114455
-0.04754862715484494	-0.14923002595074855	23.900172613356588	23.90068579394386
-0.02110630612058524	-0.07217477103137379	1.1095971735102437	1.1121423295574215
-0.13427397471586777	0.020757973991536213	2.4771629579029106	2.4808862758652457
-0.07697697901380815	-0.06435887667428689	1.1617408205480326	1.166065716172328
-0.060785981647223764	0.004384453334024246	0.16370667883215054	0.17468267140763485
0.3044924798442493	0.1622932113232204	0.04592087894348966	0.3480854548041999
0.01509141737758913	-0.020952617317508547	-0.011161968175742241	0.028130989752848008
0.05496992734192812	0.06014553684520347	-0.2370839138407143	0.28692811925011086
0.2904647334650313	-0.15631648002371806	-2.045661496958414	2.076780043324775
0.04513099190477864	-0.10808360208157936	-0.929601315497654	0.9369511605437113
0.027640200353794615	0.03506679731888529	-0.7162561269642881	0.7176465009764099
0.07233724398274077	-0.025032624647853628	-0.74691121633544	0.7508233309184428
0.2528104486823473	-0.13351248353158	-6.68467882602884	6.690789916996352
0.028387074613806018	0.01885866036417308	-104.35955560168547	104.35964845885955
-0.16428609533559374	-0.5095491371667655	-757.1403433213083	757.140544637885
0.061255936234949994	-0.023985420730370324	-32.427955359840006	32.42802208599697
0.07427306181102426	0.13134197008425672	-104.61465079925001	104.6147596137841
0.2676941371754591	2.0323880948930766	-15.808650415215327	15.944421891991851
-2.8952338749879525	0.4607938616509204	4.736391834257827	5.570288841831949
-0.03262827572962542	-0.17767604504546952	32.23437875044056	32.23488493555102
-0.0030745206545979894	-0.029859161583468755	27.637975457029757	27.637991757462892
0.01640353102687185	0.018208254735537027	0.008143620688623565	0.025825083321916614
0.03460764013033271	0.0388059242314698	0.5839113713125254	0.5862218676055365
0.22108931536433973	-0.03956592118383141	-2.4012245755267463	2.4117059127515943
0.0004000250915362682	0.022405256315680355	-0.07940786634749977	0.08250917990446638
-0.022098656918296232	-0.03901696591567305	-0.048246411602584374	0.06586645959350897
0.02621832292415669	-0.08267091116805997	-0.6455111490476982	0.6513113875522156
-0.017951024449839315	-0.036149794553957726	-0.5427987074457387	0.5442972383999911
0.13974417693593377	-0.031604802973405705	-0.8593946705514232	0.8712557020362498
0.16463541925512082	-0.18348049276984707	-0.4033821577510595	0.47274419900436215
0.00364684419010302	-0.010674636506126031	0.010703316229827703	0.015550186989245412
-0.0023883755112469474	-0.03034714396069827	-3.640290344701008	3.6404176198902705
-0.2661886201561843	-0.04076795370105422	-71.85876773769743	71.85927232576113
0.20117575349600825	-0.21379062800134552	-31.51319338906516	31.514560693321364
0.2746521242981582	-0.3539302949256626	-33.62020543177114	33.62319011809469
-0.06973027701546217	0.04920467570619981	-41.15990048830512	41.15998896524175
-0.03482020311082608	0.19560839673882768	-48.03445290121154	48.034863803388966
-12.523449735331882	10.156842121264177	174.96782496580462	175.7092428087223
-7.129853059540164	2.92446450681064	48.802810880814135	49.40750598007125
-0.37565318887772225	-0.586046379327053	5.394365765232144	5.43909438106611
0.8925538803404335	-0.8870396200975421	11.541245586927177	11.609644327657046
0.8990213886047453	-2.608600287853972	12.94310300199307	13.238045559642174
0.39509106213434	-0.4514239460452638	4.646988896224734	4.685550803062272
2.2794006382830334	-3.124124246777722	29.894966575408887	30.14406817474914
0.2787148030900868	-0.7817629215451042	7.4559620775173245	7.5033116350875835
0.6675579680940888	-0.7610003709746274	7.093894411622153	7.167117475912714
-0.16929783738260334	-0.04065325832908569	-1.6113536551419974	1.6207328734540658
-0.19532689997989194	0.03465699802808188	-1.00905327343098	1.0283687149995617
-0.07418107946248424	0.038314594690935566	-17.376968921320096	17.377169497166147
0.03899125636545907	0.1240220541538379	-23.39908013881883	23.399441299545096
1.1844903226068564	-1.6167420712213416	71.18911321707671	71.21808487233402
0.014174934870803277	0.2707761199388014	0.5194301230984514	0.5859422229962403
0.01641706563139843	0.27101885657091146	0.5190263373427432	0.5857551361416924
0.0724731362970236	1.0377357696988831	2.7114367721760675	2.9090417354877562
-1.037505104983885	0.43770686845016016	-2.952797139386485	3.1602238990180744
-0.25982568395114625	0.18087422188205038	11.399195401717948	11.403590692265738
-0.1501829321215027	0.1045478667634363	6.588896691128668	6.591437231432285
-0.12419142917783763	0.1083520901977255	6.588895636956494	6.590956637790583
-0.21102493111286078	-0.06661934459364895	11.108458364164843	11.110662306406814
-0.16721030911169205	-0.06020379767948756	11.108762254287637	11.110183734169926
-0.29140173828952964	0.04814829251823794	17.69765789124413	17.70114037196051
-0.29140173828952964	0.04814829251823794	17.69765789124413	17.70114037196051
-0.9358171357820042	1.6388857637333052	45.37720209593034	45.41643062057053
-0.7567539123737412	1.665065693759936	45.37577408390533	45.41261932505153
-0.7567539123737412	1.665065693759936	45.37577408390533	45.41261932505153
0.10684572094348338	1.185967653832321	15.417754884164202	15.463670358365423
0.10684572094348338	1.185967653832321	15.417754884164202	15.463670358365423
1.7320530172592863	0.30616637312545686	17.45548560257564	17.543879933593804
1.7320530172592863	0.30616637312545686	17.45548560257564	17.543879933593804
1.5687083122216725	1.1945898941866795	13.79995901966614	13.940113332702543
1.2472348466222378	0.9497840559933589	10.97195038567135	11.08338304766562
1.290833242917804	0.9560236111964199	10.969300526213015	11.086288181378105
1.290833242917804	0.9560236111964199	10.969300526213015	11.086288181378105
-0.49182070954303253	-0.46103359642002417	-0.48348287231315124	0.8295753583512282
-0.4898951447296364	-0.46243926087927884	-0.4823153289908591	0.8285381098125818
-0.4898951447296364	-0.46243926087927884	-0.4823153289908591	0.8285381098125818
-0.8905855493148999	0.3757238494586955	-2.5346559258009194	2.712709290340248
-0.777527919486841	0.38482847614190424	-2.2482815365316515	2.4098573586709198
-0.777527919486841	0.38482847614190424	-2.2482815365316515	2.4098573586709198
-1.4586927676080677	-0.9805799729861868	-41.31980806496028	41.35717422889105
-1.4586927676080677	-0.9805799729861868	-41.31980806496028	41.35717422889105
-1.7334025271687432	0.7638682383582882	-54.95714682068814	54.98978237525089
-1.7311366738729421	0.7628697320458104	-54.88530843906608	54.91790133338234
-1.4935685044635323	0.6581792310153336	-47.353261749668775	47.38138184044773
-2.013490882362634	-0.17714673197708075	-47.32802962683253	47.371171769931415
-0.5730464635163512	-0.12691428482810993	-17.6709605836589	17.680705230116487
-2.5865373458789853	-0.3040610168051907	-64.99899021049143	65.05187700004791
-2.5865373458789853	-0.3040610168051907	-64.99899021049143	65.05187700004791
-1.2532194676230328	-0.039217759522993084	-16.267530054010894	16.31577859389
-1.2222602498469382	-0.0765932670715006	-16.266150846499094	16.312187161995777
-0.9656378794202636	0.315966362484568	-11.663232723536776	11.707403162946601
-1.0935699708482929	0.10950016262339125	-11.648803594770405	11.700534635489596
-2.315830220695231	0.03290689555189065	-27.9149544412695	28.012721797485373
-2.315830220695231	0.03290689555189065	-27.9149544412695	28.012721797485373
0.020563140568181204	0.36596415774367463	-3.567826337066883	3.5866052722555253
0.0273774028497029	0.35775906196935203	-3.568364524743246	3.586358382824289
-0.17730731514874465	0.2805539498290509	-11.85480079595512	11.859445615818137
-0.14992991229904173	0.6383130117984029	-15.423165320698367	15.445803998642425
-0.14992991229904173	0.6383130117984029	-15.423165320698367	15.445803998642425
-0.8815316941399988	1.5177507129136072	-9.106195448161433	9.279674611452663
-0.9811214334762779	1.3539830349206876	-9.089838110037364	9.248239086051315
-0.9811214334762779	1.3539830349206876	-9.089838110037364	9.248239086051315
0.0724731362970236	1.0377357696988831	2.7114367721760675	2.9090417354877562
-1.1892301350328145	0.53099708008891	11.643866955282185	11.728041934593547
-0.36847469026481516	1.0777120186804845	-7.846662941097441	7.947798168440495
-0.7023794986981748	0.27693245678777656	-9.855649242117739	9.89684649127539
-0.6826031857413917	-0.07250953498304108	-7.862602310094423	7.907935240690195
-1.3205556417697544	0.44744603087959045	-22.14667876280079	22.206222480362054
-1.2291167427239003	-0.5516663485463954	-39.2032664456422	39.254146088223806
-2.1077104250333325	0.11956778277129015	-37.672908248788	37.7634065759502
-1.2589137786282993	0.14164411952379044	-30.956785048789413	30.992710667444165
-0.510163213177076	-0.642965793450752	-4.274658309300927	4.354980477775115
0.013794749246717426	0.05428070562267351	-0.17897136418275708	0.5280978902695146
0.15835659024983484	0.12334994747542721	-0.5741254467732319	1.1227941125305618
0.01425642195853441	0.13608246245823577	0.21436882535798912	0.2879153970198902
0.08238027862241411	-0.32151572720476956	-0.2708677317736081	0.45056407553432143
-0.542545029583565	0.3605788796742139	0.018375811548147464	0.6664755756537489
0.7752701298590888	0.22138314069912718	2.2762347979639976	2.4188383388725554
0.22926496140367256	0.20990244977908548	2.1146736536276456	2.218996408818962
0.7411915845877066	-0.03055762931686501	3.0455701575650025	3.137718295724398
0.6654961578508575	0.6555356216664362	6.593505371053998	6.70389789984828
-0.1524590016112506	0.45392192386769625	1.5449892025095295	1.623502473330756
0.22131089515652805	0.6098728685486319	6.18924350732971	6.224719945991923
0.751358465206141	0.4135814590238941	9.016747532992458	9.09736459724497
0.42853516117492596	0.8117602681222773	13.8497648251209	13.902208556643254
-0.21120190422764415	0.30521451487884105	15.598584159190981	15.612614436355809
0.1784389027963038	1.4289786007630432	24.24347945693823	24.316126709577873
-0.9438270301552724	0.789733734011616	30.52127616954888	30.546374702274573
-0.5119847815441212	-0.9290516464403167	20.365965582662746	20.4152053939555
0.8399807833721689	-0.774097005802725	57.93914292166872	57.95582264925136
0.03036007259981338	0.0758435499484197	-65.75423147245633	65.75428222185563
-0.0019729979860073597	-0.05698488958424662	-38.60532412922914	38.60536623700392
-0.03041646209920785	-0.25893649056929174	-423.9864653574191	423.9865455171251
-0.1338696332363859	-0.25061264659747384	-333.1538779638892	333.1539991207599
0.20283040087553805	1.5309059660286062	-11.885519955311926	11.989966549430372
-3.60072992281885	0.06075700506627779	3.6132363053902017	5.101413920604515
0.7149506258210608	0.4713026843606325	0.5686330872367723	1.027922276024743
-13.240632783182285	10.204334050125047	175.46458530347797	176.25908057637068
-7.3307067247759266	2.9377650554075605	48.93512653667949	49.56829968605255
-0.41182889451688964	-0.5389158239681202	5.427927656709	5.470140030213911
-5.668296172013588	2.2715575786904987	37.83793307226972	38.327519284562776
-2.316781568225852	1.3817184360522692	12.864099296185447	13.143883496650318
-3.536953373493386	0.6005411337553431	27.636727584693443	27.868609588749738
-3.7232105697574527	0.842343018050911	27.84802237186034	28.1084362555167
-3.7232105697574527	0.842343018050911	27.84802237186034	28.1084362555167
-2.415013152275401	1.49328251253931	12.985377355446843	13.292185909445827
-2.415013152275401	1.49328251253931	12.985377355446843	13.292185909445827
-15.040381338731564	10.85990061605714	185.932614487401	186.85579370821122
-16.24870217012438	12.486497074528758	186.72728670886	187.84837644509568
-16.24870217012438	12.486497074528758	186.72728670886	187.84837644509568
0.13733800278867558	0.010640910783860758	0.6291642804678439	0.6440672696302032
0.13255179446934426	0.0159838185880739	0.6211295705722097	0.6353167746194883
0.13255179446934426	0.0159838185880739	0.6211295705722097	0.6353167746194883
-2.374682193876895	0.04006925850501619	2.382930155995294	3.364383627909409
-2.454416592724259	0.055256274142413714	2.5261879215481877	3.5226182707537586
-2.454416592724259	0.055256274142413714	2.5261879215481877	3.5226182707537586
-0.7742343650561776	-0.012552087169561455	2.0131465039511047	2.1569319074316673
-0.796297046773644	0.004427230036993721	2.060324914049378	2.208856568118174
-0.796297046773644	0.004427230036993721	2.060324914049378	2.208856568118174
0.2631372619352832	0.5045425180914558	-0.21420726731942308	0.6080206612881829
0.5528977691138394	0.9644986910361127	-1.277486637717268	1.69349513658812
-0.2248967708786347	0.04152595591981646	-2.8598510895055744	2.8689808672615635
0.3666080588540641	0.9326524889231609	-1.3190926401823273	1.6565770514209401
0.3666080588540641	0.9326524889231609	-1.3190926401823273	1.6565770514209401
-0.5821084787644334	-0.022603016864590167	-2.835321482796299	2.8945481665066493
-0.5821084787644334	-0.022603016864590167	-2.835321482796299	2.8945481665066493
-1.2856999206664652	1.263295185597997	-11.872052723639465	12.012638131769041
-1.2856999206664652	1.263295185597997	-11.872052723639465	12.012638131769041
-0.41182889451688964	-0.5389158239681202	5.427927656709	5.470140030213911
-1.9112554714994692	1.3545912129514688	-13.933039975413573	14.129292182303919
0.2950984592725444	-0.25694137978985954	-1.1046893560415074	1.2732070761524799
0.021375892875553054	1.1607333578190469	-0.030835356255685287	1.4605577107158727
-0.7277806207270212	-0.23627270792778182	0.34177505415180953	1.1621653492462514
-1.2877884844021772	0.5269636055595557	0.8188840731142877	1.6205371739776382
-1.276171511614887	-0.34476325836000005	5.025175689978394	5.198013652485174
-0.4782462705601875	0.4825122199178098	4.782595939679775	4.832492220409281
-0.9315983692812712	1.6033974680587773	13.315443492484162	13.444674564624599
-6.24076099196031	4.045828244236799	72.87008599188496	73.24877798301995
-3.984212572595963	3.4156154506397804	44.85109673228775	45.1654684488251
-3.0960917925001907	1.8380209059325345	26.5653328973233	26.808589984718328
-0.5980174176449689	0.605531758165441	10.194189890611337	10.230605106869106
-2.7117835214944273	0.7001680448395469	24.951070256040502	25.108153892017476
-1.8686073773313292	1.4295094263751356	14.702684222729454	14.923067365857928
-1.4004607280802834	0.28675657900542395	8.445475944173289	8.579819546616804
-0.8967433997139199	-0.1745485672264921	14.588402176485527	14.647652703185763
0.43297800553610905	-0.9697486691738032	4.064439585242223	4.203066877546247
0.7583805362592481	-1.3330624648084581	10.34816776848492	10.49341523255407
0.2751439321722312	-1.0977123726257931	5.857883213872545	5.967826419115815
-0.022151965610837557	0.29746544282874776	-2.2983165414180418	2.3215199598998755
-0.14532073595206718	0.1462131733216679	-1.1724422325627644	1.1980554233620424
-0.20100198870191038	0.6340334025300689	-4.375904167116634	4.428222785178577
-0.10726165062353538	0.11383090364082486	-8.082931870982417	8.085649630806515
-1.213293991146219	0.33361512723876563	-14.063746891818374	14.12057284955554
-0.8444699697199018	-0.6112426880499577	-35.55615247783017	35.583837875713485
-0.38464677300399885	0.05957633950356232	-3.64711396781204	3.670308212510323
-1.480345087835016	0.48711716550978007	-23.00160456852299	23.073476314235986
-0.6273653371983167	-0.3675493827384899	-14.67130368026501	14.689930261714213
-0.5096469723333422	0.2464832981329481	-15.975984964049946	15.986621575840122
-0.07243260096273393	-0.032060982929431436	-4.131573295609392	4.1346888722370965
-0.6768342053322232	-0.07277819567972621	-10.849226789130077	10.871400219366947
0.3083850126884065	-0.08940802776984594	-0.5777990120041828	0.827382935437716
-0.15002842243857167	0.21275797524527318	0.0036735652309508593	0.295411177092846
0.01938621674807118	0.07196467594464231	0.011899274005993388	0.07547405319373202
-0.005129794789536769	0.06411778651359346	0.20246955135199574	0.2124413438261582
0.17064054170602766	0.2901834748728339	0.6535354873859958	0.7482733870289991
0.05862441969764488	-0.08028102509374846	1.4611381662416496	1.4707230217899627
0.32752807990434296	0.32996650161216834	1.2602695256459353	1.350056077718192
0.3379680779465146	0.3255691200542679	5.333235845408063	5.3538418221300885
0.03604450650185215	0.24931321631796155	0.8698318493917372	0.9162660734721209
0.7153139587042889	0.16426824270593252	8.14691568360072	8.181098523772851
-0.03476319962333653	0.016887956280154354	3.502781751360001	3.50577430329963
0.25247011573981687	0.644218392231205	8.063399338192742	8.094235428272258
0.21082824505844577	0.15065391961091817	2.2835837355681603	2.302198825071369
-0.10852482303870728	0.1670955731837067	7.885402531898254	7.889074169904889
0.06257774126816378	0.09964779350883934	2.9540012623446303	2.9594237132906587
-0.16525482245710066	0.038471148186295004	4.759180364948098	4.764116553160261
0.21023511888444033	1.0327957716000804	20.623633549262994	20.671852294321216
-0.03179621608813653	0.39618282916296294	3.619845907675234	3.6442744152566537
-0.6027038131462632	0.44519394726140815	17.329340895258145	17.345532721744974
-0.3411232170090092	0.3445397867502079	13.191935274290737	13.2008419805296
0.03778664423143154	-0.23210096124276292	6.7113808495599825	6.71694955909545
0.3870677798349239	-0.0647082397429457	22.18293433657379	22.1868443945533
0.41512635930581343	-0.4772878048170164	29.044827735534945	29.05202869560261
0.2950984592725444	-0.25694137978985954	-1.1046893560415074	1.2732070761524799
0.27260611241014737	0.9262218538842069	-0.07507652958369299	1.0869946839016285
-0.25123021953459435	0.23451150393484013	0.0442411733280077	0.37356302681424414
-0.4158948832008515	-0.3563402164874887	0.5114306582087494	0.7622256928330577
-0.3118857375261697	0.12006750855970692	-0.16965560405693988	0.3999396564131935
-0.44724860366196517	0.38627367441414	4.011591051562822	4.054886118006509
-0.030997666898222316	0.09623854550366981	0.7710048881169534	0.7776061024027728
-5.715410734817031	3.6642481304063574	66.6684216256543	67.01321568381016
-0.5253502571432812	0.3815801138304421	6.201664366230661	6.235562299209794
-0.18253767016187825	0.3841428295634834	4.5084509692042944	4.530617578338767
-3.8016749024340846	3.031472621076297	40.34264576308345	40.63485087048633
0.06506370557443183	0.031688714108394314	0.6587724977707538	0.6772728025722273
-1.9336710829057613	1.3978207122667414	14.043911724958702	14.245794563285703
-0.9265926220736121	-0.2275820144709755	10.132388389437676	10.189179646929546
0.029849222359692174	0.05303344724448342	4.456013787047851	4.458473056256215
0.3319044632523145	-0.5852936453928147	2.5931207803710583	2.6789932074673537
0.10107354228379455	-0.3844550237809885	1.4713188048711647	1.5240736700788928
0.12477628816681918	-0.652879535629507	2.5508545471204975	2.639727166886345
0.6336042480924289	-0.6801829291789512	7.797313221364424	7.8536880656677255
-0.06704097835251771	0.11938178478412911	-0.7550024899455073	0.7673169248365523
0.044889012741680154	0.17808365804461865	-1.5433140514725345	1.5542030350633234
-0.011017848307464773	-0.01958080274975843	-0.2613049088554734	0.26226905309170306
-0.1343028876446024	0.16579397607142632	-0.911137323707291	0.9357863702703394
-0.06761060797506127	0.3519340312945861	-1.9916124649596085	2.0235980251217156
-0.1333913807268491	0.2820993712354828	-2.384291702157025	2.404624760056862
-1.0376769939094308	0.27156157097779426	-11.414493204185753	11.46477973355457
-0.17561699723678822	0.06205355626097135	-2.64925368763262	2.655793116000969
-0.2632973328688672	0.05094496427758174	-2.991943771682626	3.003938815587222
-0.12134944013513169	0.008631375225980582	-0.6551701961294142	0.6663693969231007
-0.44870336356852153	-0.28929130086189564	-9.546999286817973	9.561915056500709
-0.17866197362979513	-0.07825808187659426	-5.124304393447036	5.128015205213504
-0.21766396952683997	0.01180662479167393	-2.685105534867545	2.6939392594109233
-0.45917023580538324	-0.08458482047140015	-8.16412125426253	8.177460959956024
0.3083850126884065	-0.08940802776984594	-0.5777990120041828	0.827382935437716
0.08897374113952251	-0.008350357059135227	0.815472950210726	0.8203549156314985
-0.03034932144187763	-0.07193066803461323	0.6456652160309236	0.6503681061584642
0.32907671744370565	0.33943999259961943	1.2475127418220229	1.3340910896741103
-0.001548637539362692	-0.009473490987451132	0.012756783823912196	0.01596498804408155
0.1037956938699472	0.13722417292729178	1.0604527883143804	1.074320313475114
0.10703255118849858	0.013429746683626398	1.2231309472537804	1.2278785115962554
-0.046707489294188276	0.018999135313482678	0.6729459192282581	0.6748323991220277
-0.061817333744519004	0.14809643787022403	7.212456612669996	7.214241770782862
0.06508854420177554	0.11093749956087075	1.536176044128262	1.5415513244613945
-0.0025108029336117603	-0.011289706052031404	1.417825218216368	1.4178723888292641
0.02359206268573181	-0.0013212742670309953	0.4597984328703178	0.4604051803112733
-0.1888468851428325	0.039792422453326	4.2993819320777815	4.303711372848988
0.0011346788507928043	-0.04820465243356354	2.918870779377992	2.919269018559102
0.4139916804550206	-0.42908315238345285	26.12595695615695	26.13275967704351
-0.8879929010398353	0.720954900967838	6.5972902927252886	6.695711057685662
-1.0456781818659262	0.6768658112989037	7.446621432233415	7.550083505600043
0.052434418560292156	0.024076104397519192	0.7294466902752684	0.7317250173434412
-0.022585196200599983	0.028957342846964218	3.7265670967725826	3.726748038912774
0.2573057616813049	-0.372372696877663	3.8927573881010353	3.9189830011100497
0.37629848641112384	-0.3078102323012881	3.9045558332633874	3.9347050645576753
