0.0	0.0	6499.999932280723	6500.0
0.16490617960464735	-0.7675779212837719	7.039940567919213	7.0835819408790925
-0.7097662411586081	0.6147066558034353	6.029827689119011	6.102495747662895
-0.3217210864567619	-0.05416964423413617	160.5665658627524	160.5668973100161
1.6289198070156015	-0.5756526165124214	373.34807671883954	373.3520739802165
-1.3029788619123792	-1.4207616512452432	389.72015043390456	389.72491833600634
0.8386793291790391	-0.5747297176730954	0.9573325240579508	1.3964894654769209
-0.020202583399441143	0.9472861601562733	95.65969122402922	95.6643835724153
-0.04939201714856663	0.839184942240809	2312.042146378681	2312.042322753257
-0.22844452572246765	0.9917137927488631	3152.911320757097	3152.9115793487426
0.0	0.0	-6499.999932280723	6500.0
0.17198540604200474	2.3641878174512145	-168.0710680352497	168.08778323699056
0.9246680881106357	0.6886292033157453	-444.98997884869567	444.9914723868501
-0.9081295383338677	1.5510935230734397	-0.32641248689943897	1.8267828243441646
-0.8642018866974582	-2.3768581813802645	-64.14445264118675	64.19429183621234
0.2422546411891655	-0.07380291321324882	0.6201263603678473	0.6698439251046284
-1.610328640079615	-1.8475001286752217	-1961.1464096685024	1961.1479410211566
2.3721305597076396	0.2613020923562932	-144.36225770345894	144.38198201788012
-0.7473488644374758	-0.09216843415555648	-2794.3373544760775	2794.337562392145
0.4189702344986664	-0.47488297877245383	-921.5172446563262	921.5175979051556
-4.440892098500626e-16	-2.220446049250313e-16	7.068138626020982	7.068138626020968
3.4416913763379853e-15	8.402566836762659e-19	6.0664183662458555	6.066418366245841
-1.942890293094024e-16	6.439293542825908e-15	160.88060963330122	160.88060963330128
8.673617379884035e-19	2.7755575615628914e-17	373.3568748354019	373.356874835402
0.0	0.0	374.6389330615098	374.6389330615099
-4.2049697057677804e-15	-2.3814283878209608e-14	1.1772647279822195	1.1772647279821626
-6.13220585421459e-12	-3.762476441515619e-13	95.66584544472384	95.66584544472381
-0.04939201714856663	0.839184942240809	2312.042146378681	2312.042322753257
-0.22844452572246765	0.9917137927488631	3152.911320757097	3152.9115793487426
2.8609852687774065e-14	4.4408920985006183e-16	-168.05416380368726	168.0541638036873
-3.552713678800501e-15	-7.589415207398531e-19	-444.991107694494	444.99110769449396
6.827534144091752e-16	-1.3100631690576847e-14	-1.0738511023500306	1.073851102350087
-1.3010426069826053e-18	-8.326672684688674e-17	-64.16825659441008	64.16825659441001
0.0	0.0	-0.02614507617539008	0.026145076175397866
4.107825191113079e-15	2.4424906541753444e-14	-1960.6806815325035	1960.6806815325035
-4.774847184307873e-12	-1.2079226507921703e-13	-144.3653300293663	144.36533002935175
-0.7473488644374758	-0.09216843415555648	-2794.3373544760775	2794.337562392145
0.4189702344986664	-0.47488297877245383	-921.5172446563262	921.5175979051556
8.881784197001252e-16	0.0	5.49152961921456	5.491529619214532
-3.3002938435918514	-1.1624580070116284	-0.5697239273970851	3.545114021518131
-5.551115123125783e-16	2.220446049250313e-16	6.066418366245845	6.066418366245884
0.0	0.0	160.8806096333	160.8806096333
2.7755575615628914e-17	-2.220446049250313e-16	259.877492548849	259.87749254884903
0.004393403411867114	0.25167525304767985	113.478430537902	113.47870970838733
1.2576205241476306	-2.605835813517462	115.90441356873283	115.94052386625494
-1.2576205241476306	2.605835813517462	258.70837441660166	258.72455427143035
2.7755575615628914e-17	2.220446049250313e-16	1.177264727982191	1.1772647279821342
-3.066102927107295e-12	-1.8812382207578082e-13	90.66895807890448	90.66895807890447
0.1760225144997022	0.060255744780946655	379.6252266640735	379.625296251488
-0.03785202508616352	0.07612386523801642	345.1927356656815	345.193952969003
0.2039475537096761	0.717294843509748	951.8165683445478	951.817342351177
-0.860526976087357	0.17351298223546485	495.7969941890231	495.79852462830166
0.16117309593969015	-0.421485155757118	59.02392990549587	59.037799878508075
0.5707723513678118	-0.004626416163290729	60.00965152345799	60.02421568514891
-0.19911587682685278	0.1565668328194674	6.865588015018636	6.871584875260668
-0.32810322371319894	0.06932367837746904	5.269375726560262	5.281880141612196
0.45710114256662	-0.44719800821422656	6.736947075139661	6.886720320736898
-0.013474994315521306	0.5631208925961947	-0.4340611305222377	0.724689978598008
-0.37147716610826387	0.011408043403702548	0.8916352440419203	1.534477679609953
0.32755168169112114	0.1961267436066758	-0.4520933267251701	0.6069297984164823
0.013140936854760603	-0.2355832792341282	-1.7503700170825307	1.7717074101774324
0.3313520292497741	-0.27662096585295093	-3.025124269992492	3.058949159406702
-0.5428744495474566	0.37083720794018554	-0.6758300149893665	0.9531311015935078
0.9130096244855518	-0.3988992742081465	-128.30799858748745	128.3130365487254
-0.11273281194630227	-0.17556319302538165	-311.601881589802	311.602917239842
-0.3183351893834918	-0.07029257858427357	-474.45639169408395	474.45676464080634
1.3743795658264181e-14	-1.9721522630525295e-31	-64.1682565944101	64.16825659441007
0.0	0.0	-64.01363157370288	64.01363157370287
1.1102230246251565e-16	-1.1102230246251565e-16	-64.01363157370288	64.01363157370287
-7.105427357601002e-14	-6.821210263296962e-13	-64.0136315737036	64.01363157370452
0.0	0.0	-0.2593340010486127	0.25933400104861964
0.9194927761026435	1.8604343078959857	-63.72381630229302	63.75759913067395
0.0	0.0	82.69852711343053	82.69852711343052
1.7513768213461844e-13	3.524958103184872e-13	79.5652839223473	79.56528392234729
-1.0028118704640014	0.5101146555018066	2.8912212857413135	3.1024198833209033
0.0	0.0	79.56528392234861	79.5652839223486
2.0347874918819846	-2.212712081729763	69.57548621165617	69.64039586678201
-2.0347874918819846	2.212712081729763	9.730463709643816	10.184222056615203
1.9197158877997538	-2.4455395336285335	70.71548322149533	70.78379433140049
2.8114185764410076	-2.899134692624606	70.81341525469306	70.92847690745612
2.8103368375228936	-2.898019203507426	70.78616864408608	70.90118602501109
2.890948425299449	-2.070825566205701	70.80367322466967	70.89291955780347
2.884299667008505	-2.0660629704665543	70.64083513829559	70.7298762179243
2.79127340156466	-1.999426994838661	68.36248204069057	68.44865131084552
2.9213758177390963	-2.433946460194093	63.73964283981937	63.852960787948575
-0.14120544441712618	0.44550373584406655	4.590102138353851	4.613832484681758
2.920297298444083	-2.4957292265469633	63.73867356330582	63.854328814053005
3.197905596631508	-2.596353530792377	63.75545243211062	63.88838209475134
3.197905596631508	-2.596353530792377	63.75545243211062	63.88838209475134
0.9893736711081829	-3.131998651883322	130.83549709343083	130.8767189973912
0.9893736711081829	-3.131998651883322	130.83549709343083	130.8767189973912
-0.09410098160086776	-0.9656146887944412	177.1722452640247	177.17490160465078
-0.09709621975860393	-1.137196319393201	177.1722890500841	177.17596521647985
0.675936896190551	-1.4104675727482912	177.18916450792992	177.19606747464698
0.675936896190551	-1.4104675727482912	177.18916450792992	177.19606747464698
0.49947377148774574	0.07671259865717595	113.47125030292754	113.47237551131477
0.49947377148774574	0.07671259865717595	113.47125030292754	113.47237551131477
-2.246814763023068	2.3259726347526994	157.83920608254985	157.8723322879807
0.09201487351081672	0.6739402204640009	117.83606192864693	117.8380250725954
-2.338829636533889	1.6520324142887026	39.967503818965824	40.06994755032301
0.09206373978860949	0.6723237114164817	111.19776045293631	111.19983104597652
0.0670184195551109	0.48942257474964806	80.94715879144353	80.94866609359543
-0.09608612569168429	0.4631378803478796	81.11438782750947	81.115766912921
-0.09608612569168429	0.4631378803478796	81.11438782750947	81.115766912921
-2.050097891831456	1.6374340874249356	259.504779700841	259.5180432637194
-2.050097891831456	1.6374340874249356	259.504779700841	259.5180432637194
-2.33627962289962	1.5676773068953942	36.57603426763939	36.6840850691749
-1.1310293903609137	1.799396351806593	24.46332852264519	24.55547794524921
-1.1802049123051122	-0.04881790824446059	42.363307406480686	42.379772076300455
-1.2728311449997527	-0.05120797574332059	42.747283842971086	42.76626003442415
-1.2728311449997527	-0.05120797574332059	42.747283842971086	42.76626003442415
0.0	0.0	90.66895807891062	90.6689580789106
0.0	0.0	-0.08631680699905964	0.0863168069990517
0.9561887714976925	1.8248088332739003	75.9906958892759	76.01861670657487
-0.9561887714976925	-1.8248088332739003	14.591945382635643	14.736658179334766
1.1034670954466606	1.833831106080094	79.88790059128462	79.91656422193705
1.0869091110358045	2.6251080216951186	79.88452257104439	79.93503305775614
1.9081958235744878e-16	-6.5503158452884236e-15	-1.0402236511915959	1.0402236511916243
2.5564111038083537e-16	9.860761315262648e-32	-0.9165734314282119	0.9165734314281917
-0.04563041029423602	1.5094657177684654	7.685321924632322	7.83228842501961
-0.005600711335946126	0.20914581382792047	3.693356168827017	3.6992773793298865
-0.04002969895828999	1.3003199039405477	3.9583383046468734	4.166638496848188
-0.0157778402787625	0.21212661049925163	3.8413578850007104	3.847242784096525
1.071131270757042	2.83723463219437	83.72588045604509	83.78227584185267
1.071131270757042	2.83723463219437	83.72588045604509	83.78227584185267
-0.14128324376284643	0.4410470155783602	4.590330005190009	4.613633381779097
-0.12138186635913198	0.433534857079998	4.583657322102671	4.605713894311022
-1.2223442937786082	1.8572325270418588	26.22046912531227	26.314567056736536
-1.3437261601377402	2.2907673841218568	30.80412644741494	30.92028095104756
-1.3437261601377402	2.2907673841218568	30.80412644741494	30.92028095104756
-0.19284943497441986	-1.778046651622493	10.691002026750397	10.83956480380499
0.691742967800772	-1.6975446856485852	10.27550512019765	10.437728285814075
-0.8877032250607871	-0.08069253500130515	-0.0773715704360538	0.8947148489323289
0.12216765515211597	-1.797310122315885	6.936593818070769	7.1666995478143285
0.5476752421262945	0.13454836252451835	3.288253239337913	3.3362644977148324
-0.13430383407994592	-2.012346968060722	10.000059198345241	10.201409795225416
0.2564714892318942	0.21503684574480664	1.933421985545381	1.9621771184087682
0.2563055797111462	0.23436130307250122	1.93456099274722	1.965488235840654
0.2563055797111462	0.23436130307250122	1.93456099274722	1.965488235840654
-0.1379866906748053	1.449071536447474	4.977307258016111	5.185791760690484
-0.1379866906748053	1.449071536447474	4.977307258016111	5.185791760690484
-0.1877168499483875	0.41283375354063495	0.3446639926935966	0.5696161792615153
-0.1859464391055968	0.41756081755945346	0.34140456997167534	0.5705174799903288
-2.8392086639022835	0.5851052257321783	8.559985429440019	9.037522033974952
-2.7283123753141973	0.5286940246727356	8.594775347099787	9.032904796140162
-2.718283284937836	0.6316072655115693	8.593526797298594	9.035302682860651
-2.6046660184332113	-0.045990688888434106	7.894856362990353	8.313552622272525
-0.11361726650462167	0.6775979544000024	0.5440454136010295	0.8763750812953126
-0.0849319464770516	0.5065225996589151	0.40668850228999753	0.655113820181263
-0.084940921717463	0.506008454771696	0.4069349743193474	0.6548706664731138
-0.0843190803817387	0.5006138338151177	0.39874456005037845	0.6455394194727869
-0.2702655194873355	0.9181746513745712	0.7401491300220537	1.2160568994631156
-2.7755575615628914e-17	1.1102230246251565e-16	-268.63416598709614	268.63416598709614
0.0	0.0	-268.6341659870938	268.63416598709387
2.9976021664879227e-15	2.4424906541753444e-15	-268.63416598709796	268.6341659870981
0.0	0.0	-233.64888203699206	233.64888203699206
1.2438036102171677	0.9095243578798001	-27.07777355101136	27.121580014044476
-5.551115123125783e-17	-2.7755575615628914e-16	0.8068944186848341	0.8068944186848626
-3.4416913763379853e-15	-2.3869795029440866e-15	0.7461640182970228	0.7461640182971223
0.8808415031449001	0.6522824251009496	-11.569317599327139	11.621121453192838
0.0	0.0	0.7461640182970868	0.7461640182970722
-0.02129750325577636	-2.377433306174311	-231.73327758491598	231.74547370543547
0.02129750325577636	2.377433306174311	-1.1694404337789521	2.649572349853644
0.011132460208411629	2.370000175916022	-1.2625585609207337	2.6853452078394993
-0.8286624762900207	1.7481136324108344	-0.5119781130174874	2.00117574431648
-0.5178661686475874	0.7025711702330053	0.4940019470707249	1.0029105351834022
-1.1548850499480456	0.0008269408702674952	-3.9487711525374083	4.114189322033726
0.6147936929208351	0.6435725385810266	0.3686222550887237	0.963347945561523
0.7757998640144297	-0.3953881220550376	-0.706479941601268	1.121298846852144
-0.5398352240291058	1.0392319164002042	-0.2201862270731444	1.1915985145006278
-0.5401926417339606	1.0371806670289139	-0.2222424180235903	1.1903543668214733
-0.255492486905869	0.49055068047447503	-0.10511299801228191	0.5629965571213079
-0.09250273404552868	0.37866394190335884	0.06268653220005975	0.39480721627521725
-5.247590299943405	0.6015898841900539	-2.8705616049299643	6.011591991520877
-4.303743688324509	0.9340396911057527	-1.4421713273702397	4.634058482242398
-4.062461260973187	0.8816742668998767	-1.3613183250252732	4.3742574903486116
-2.759498686739231	0.5988928448413442	-0.9246995574405485	2.971291792007046
0.3142712611347406	0.8652354951116821	0.2159292670385098	0.9455286013337543
-2.5426198366276136	-0.570192354328887	-2.9512554394109696	3.9369967771386585
-0.35134952169572864	0.7891074941839361	0.14767101624102963	0.8763240569622215
0.4074640624647589	0.018235355692040905	-0.23138797009031187	0.46893483886358417
-0.33904986099997014	0.7379839590986645	0.19792951585210206	0.8359134078219378
-0.4315525950454988	1.1166479010020234	0.2606160480521618	1.230720624097155
-0.7018181145328344	2.0348225523765944	1.0007651780742155	2.4467775235602707
-0.7018181145328344	2.0348225523765944	1.0007651780742155	2.4467775235602707
-0.33679855610002607	1.1330160074098696	-0.5876575257378747	1.3200378433948003
-0.33728152215024443	1.1302442258405516	-0.5899746518233163	1.3188180029950423
-0.07814191980490778	0.9518064177039012	-0.26262398285787786	0.9904609900371598
-0.07814191980490778	0.9518064177039012	-0.26262398285787786	0.9904609900371598
0.7753371302276759	-0.39804378901350107	-0.7067449914751341	1.1220851155135512
0.6813306591175579	0.27331141526753877	-0.6072792816137849	0.9527322407929972
0.07172965210522964	-0.7355687992374207	-3.8382835457339937	3.90878845409355
0.803591686107599	0.1880958198737494	-0.8162305195962554	1.1607634972533518
0.41059804096494296	0.01030070810630184	-0.2353237045892972	0.47336466046101383
1.214189727072542	0.19839652798005125	-1.0515542241855527	1.6341281577143656
1.214189727072542	0.19839652798005125	-1.0515542241855527	1.6341281577143656
8.881784197001252e-16	-4.440892098500626e-16	-154.80897851286136	154.8089785128614
-1.3877787807814457e-17	-1.1102230246251565e-16	-46.41230857285568	46.412308572855686
1.0254576259704735	-0.28304360736610146	-108.32741178075021	108.33263506507424
3.9968028886505635e-15	-7.105427357601002e-15	-46.4123085728557	46.4123085728557
0.0	0.0	-10.122872873259077	10.122872873259075
-1.212402093124261	2.1326601442438604	-35.67200918281064	35.756263748674655
2.7755575615628914e-17	2.220446049250313e-16	6.066418366245877	6.066418366245863
-3.4416913763379853e-15	6.217248937900877e-15	3.3986216906253226	3.3986216906253244
-0.08528334132816953	-1.2412121355182948	2.27214460713952	2.993413090340045
0.0	0.0	3.398621690625323	3.3986216906253226
-3.445485315231602	-1.083869621533549	1.7687152064473612	4.292376485756814
3.445485315231602	1.083869621533549	-8.492966389081115	9.229118078127584
4.506759746491514	-0.7829513733235683	-8.806041127132668	9.92321805657507
3.416789257633032	-0.5935927344925821	-6.676279282223836	7.5232643327062565
3.427416170796006	-0.4389288414560014	-6.548696999438464	7.4044089923605805
2.980719808540985	-0.3817230902438088	-5.695203002390481	6.439389748500354
2.8466658144920376	-0.3447219259864958	-5.737697109877152	6.4143205088572
2.882652718705755	-0.34471317329550044	-5.731517991698638	6.424858936791553
2.2374887612837235	0.03516634162490247	-3.6303638772511597	4.264637676251563
0.5107224226060519	-0.39372912216553924	-2.9408117225163624	3.0106865665298828
1.8052020146455927	-0.27422086517346134	-3.4665201206971226	3.9318714556525087
0.26065711077073994	0.2931061892497287	-0.06363561207237611	0.5165296300268489
0.23475892997667297	0.31650555605352243	-0.06410256685164313	0.5179736106149725
0.23475892997667297	0.31650555605352243	-0.06410256685164313	0.5179736106149725
0.5453263538635966	0.06548538046664126	0.004425983433767461	0.5656044174176695
0.5475346462940992	0.9637699477827051	-1.3610474636790362	2.0191643559542256
0.16994356169947591	0.25710854948347045	0.20507040192542336	0.39402930160896965
-0.09046091597061823	0.46819931362872524	0.530509502652881	0.7268520426508134
0.005283614826476379	1.8103625041656461	1.7811882954327178	2.543531372277734
-0.3156477523382209	-0.14903740376766994	0.03161179975590189	0.37725951553510956
0.37548744679154733	0.12244599128429356	0.8004233502991249	0.9034053177194077
-0.2785513473248361	0.3121286234446877	2.9186229362927767	3.1036427604667116
-0.12434546026649038	0.47280076486610667	0.4037973334177047	0.6482856188610926
-0.11353752017947552	0.5750135435682519	4.213126155823944	4.3330889233498215
-0.30279923639371925	1.1743781024859143	9.498714256478364	9.642212252959027
-0.06013114976847589	0.7126632232852828	14.402105146435137	14.440787018762427
-0.7501926665027988	1.6793633635579353	29.584673600228204	29.652174015230447
0.2903732857441038	0.6736315344510658	18.34901972542823	18.3642070549843
0.19108079482366747	0.7417973712947743	44.72722032415523	44.75117980055377
-0.30490297837569597	0.6518056522335363	94.23479909222773	94.24534829563541
-1.2625023166984986	1.1954376454837417	144.98939103435305	144.99987832883463
0.2199311614404728	-0.20767157104469197	17.11310060090393	17.11634275067987
-0.559890687622387	0.0010533144143803352	94.86455309429634	94.87087922114776
-0.3865878258086801	0.003241025557556426	47.77941738941543	47.78357251645572
-0.030748429257729915	0.3399612222434603	15.118568009814204	15.123065084525972
0.5969773784269061	-0.22841552934449535	160.54302774710237	160.5470419049949
-0.23055637452223562	-1.0478476088020547	77.51567767256277	77.52503831351683
0.6992651022606877	-0.8204737148257106	60.846164230365545	60.862946042247046
0.3029922413326625	-0.9308942873347721	25.056577272314097	25.08055328373654
0.7929577230994027	-0.8431467453824835	46.57103371652816	46.59255052024956
0.06830715538756306	-0.5481953562178968	12.835964697487098	12.84855607963755
1.0646004444712374	-0.8878446419092981	44.78661744702477	44.81518694951592
0.578642625361242	-0.678939952348836	11.35987812994173	11.395705228673165
0.5895670558658636	-0.18111493158400688	60.11647149656007	60.12435388970142
0.5027209769137463	-0.6162636891426706	72.45941310459773	72.46912230892924
-0.7076155582967418	0.22118093663680224	113.2459089480132	113.25487144886928
0.20742152026354993	0.9899539593314192	2917.067470991643	2917.067934773599
4.440892098500626e-16	2.220446049250313e-16	-163.5527488015618	163.5527488015618
-0.9169005602126514	-0.00022300743707660627	-290.1257760776301	290.127412616137
0.13601876295284376	0.7806227788964497	-1691.8919073099394	1691.892092863458
-0.9106176604803977	-0.05578445445793534	-144.2752745684993	144.2781590825034
1.2179469957199878	0.8903769685380105	-24.798298546396516	24.844149750528373
1.626776186728749	0.06393826791493673	-27.626355147009278	27.674283867383053
-0.7326265203453699	-0.012488695670749783	-56.04818070028342	56.05297010326442
-0.7316269694926003	-0.01585126090714084	-55.617181968990124	55.621996183673886
-0.7597890898033548	-0.17747596722960057	-55.648846090345714	55.654315631106456
-0.08509456364785965	0.5503542266025336	-23.756572522461887	23.763098890390808
-0.4309729250780639	-0.5236722629600523	-39.18668705130153	39.192555573192564
-0.10215595689483692	0.5265268912395076	-23.598401232211323	23.604495485463747
-0.10215595689483692	0.5265268912395076	-23.598401232211323	23.604495485463747
0.9197056693372814	1.8603260124497063	-63.61451634780901	63.648357100215044
-0.26762502708510794	1.8232262081257644	-50.747704232437094	50.781150654785606
1.188412435340503	0.0359843152067611	-12.839565504764893	12.894497327874449
-0.267605998081304	1.8234214737358947	-50.75488539968615	50.788334002764486
-0.21949613128479162	1.4956090747467212	-41.63023650038329	41.65767175603984
-0.21949636319049579	1.4955957900739274	-41.62938397162185	41.65681931301842
-0.7803497288338985	-0.04688235560367904	-41.638524830646716	41.645862864478346
-0.7803497288338985	-0.04688235560367904	-41.638524830646716	41.645862864478346
-1.254936070425583	-3.279524533795845	-239.54766985687323	239.5734047835125
-1.2701260225730948	-3.2907730260485266	-230.94767730966834	230.9746134577345
-0.946328693236496	-2.4518456297551596	-172.07144000882073	172.09150923766398
-0.9421402349079173	-2.4659359227409823	-172.70591222895897	172.72608542728378
-0.9199150465282903	-2.4077642319592667	-168.6317613844391	168.65145869487145
-1.0053041223953956	-2.8978191055937907	-168.7246721580984	168.75254957127314
-0.9830273033905044	-2.833605510637369	-164.98585432222364	165.01311399189802
-1.1683507184911432	-2.736674306703524	-132.88330662697498	132.91661901275182
0.19251787916738136	-0.1707085489983272	-32.48752646256669	32.48854536907541
-1.2658086094675411	-2.8702859895882398	-133.1678088109891	133.20475260523443
-0.46104156411998076	-0.562013387992339	-39.17035325079868	39.17709780171072
-1.726850173587522	-3.432299377580579	-172.33816206178778	172.38185040694515
-1.726850173587522	-3.432299377580579	-172.33816206178778	172.38185040694515
1.7156799067314683	-1.002110029263631	-106.88862575928891	106.90709096576538
2.3488131213530625	-1.0019560393745985	-106.9209612821096	106.95145067026557
1.4615448714480705	-0.623465399375364	-66.53138182495798	66.55035379360369
1.2773248793485878	-0.20522107711889087	-46.46172767644393	46.47973551148857
0.013945836982176024	-0.4163255786044753	-72.28562797306257	72.2868282118795
0.16404559923356388	-0.30443455976945666	-72.26384842782586	72.26467588635293
0.16610967427542178	-0.20167133083915623	-32.60560709053003	32.606653883706244
0.33015527350898566	-0.5061058906086129	-104.86945551835589	104.87132977005918
-0.9075068381948025	-0.05559388543053778	-143.7824060915105	143.78528075156197
-0.8960851965570146	-0.05489419545585645	-141.97279866258577	141.9756371429243
-0.35692606920736225	0.5032244327555129	-81.81861644834026	81.82094248155065
-0.5429395152837966	-0.5665150705450099	-60.161087136561605	60.16620420215463
-0.9416172603584875	-0.31298382578193895	-53.867567021752734	53.87670534454782
0.3803961895746257	-0.29413555024696286	-6.326911587520015	6.345157777333595
-0.05643371426191296	-0.21546677944143167	-53.87298959882629	53.87345003814394
0.2737215592470727	-0.7215726700500446	-158.74244511718217	158.74477980820313
0.2737215592470727	-0.7215726700500446	-158.74244511718217	158.74477980820313
0.831156524926607	0.3878861579999846	-1354.6710876692523	1354.671398178848
-0.28150972629788384	-0.8888414851035691	-1355.1949374824844	1355.195258206526
-0.28150972629788384	-0.8888414851035691	-1355.1949374824844	1355.195258206526
-0.660919718125006	0.3916709717778974	-337.80716968666013	337.80804329194996
-0.6148678428531773	0.36437993741270414	-314.2692826819564	314.2700954157655
-0.6226658877787863	0.14842225235133433	-300.75065606979024	300.7515183143421
0.12259078696495918	0.0802571748400647	-17.76475323031227	17.768422187944886
0.10928495332930233	0.06259946059567145	-17.79350187547042	17.797007357584786
0.10928495332930233	0.06259946059567145	-17.79350187547042	17.797007357584786
-0.045215065811675476	0.12922536363674242	-64.06272881409777	64.06302714117024
0.41659190970732785	-0.22201010320383519	-250.04191112783585	250.0435752707466
-0.23783999522453336	-0.6020415302522187	-362.23116894878274	362.23177422701883
0.3506322434755518	-0.5361934400092057	-73.51045338931195	73.51870529378022
-0.5271384111287554	-0.31258532061437316	-478.080126627262	478.0807784006151
0.19412986531407758	0.10451683021322689	-190.23888836828334	190.23906401518315
-0.6711889305716242	-1.2050926511872513	-95.18347531270592	95.19678859553636
-1.0540789350496498	-0.9149939092792017	-141.94544823942329	141.95237952190527
0.2865421120958242	-0.5270858772444733	-12.915258483668055	12.929938413962168
-0.6056375385606771	-0.11688658984180493	-43.31076931648687	43.315386156351416
-0.499433852244537	-0.5571904607419293	-64.87603710574331	64.88442393935668
-0.0031382738425865114	0.16204357466903502	-6.576679212995284	6.5801563221855535
-0.8701496825832244	-0.14222655092848793	-2606.607932250353	2606.6082502382123
0.010716616953069566	0.14788269412423413	-174.0624498790329	174.06256898544513
0.0	0.0	3.7718985904631457	3.7718985904631457
-2.459783767503207	-0.3009960521161812	0.16161645879045494	2.483395797293248
-1.731018909873899	-0.5790613876940179	-2.9499755464371655	3.469019210329686
0.0	0.0	-0.8809330964907893	0.8809330964907863
2.246814763023068	-2.3259726347526994	2.160470454259361	3.889210441810066
0.11219228756383923	0.10350598391601565	257.67736162793585	257.67740684067
0.06383022693586293	-0.04325023913506901	121.9478650361376	121.94788941081798
-0.3996150705877104	-0.12814731877831903	125.28860455742782	125.28938512768096
0.36176304550154686	0.20427118401633546	219.9041311082537	219.90456784132206
-0.0940373950313101	0.1982393051071025	194.4165478314975	194.41672174058382
-0.04353833681540108	0.047319494957205596	116.65102708845433	116.651128307006
0.3415232855563872	0.47173604344544	640.748993424596	640.7494923035872
-0.89873638461468	0.2730893194447864	310.8691109641733	310.87056138577327
0.03820940852732285	-0.09957633720932156	184.92788322484992	184.92796324252848
0.30959715955336387	-0.3101380372004437	44.94447925919477	44.95643495283418
-0.14842406361367372	-0.11134711855667426	14.079450646301101	14.081364925673896
0.5375263710680888	-0.055528129625080504	58.77132789005033	58.78440049702797
0.03324598029972295	0.050901713461789774	1.2383236334076522	1.2398151881209412
-0.010338219827001557	0.017660529819470163	0.10729685494046085	0.10923089390282442
-0.18877765699985122	0.13890630299999723	6.758291160078175	6.762353981357845
0.5344245430719378	-0.5333785275138467	6.312054027911726	6.426112361453627
-0.07732340050531776	0.08618051929962017	0.42489304722793664	0.46060795928327103
-0.2886498467927237	0.09856771296615457	0.5064800532799658	1.1090117065943523
-0.0828273193155402	-0.08715966956245202	0.3851551907619546	0.4254659730156007
0.1738009592062995	0.03302350188808179	-0.15830250796973339	0.237396312371295
0.15375072248482158	0.163103241718594	-0.29379081875543667	0.3695334860451873
0.2160479831783061	-0.007090872365344461	-22.316140930703458	22.31762426503825
0.5540252475201677	-0.3393281047425727	-81.74045930179138	81.74316028996107
0.1429363937870779	-0.05248029710022936	-24.251398354992602	24.25225199372607
-0.20280665012358573	0.1504085745658425	-234.34054009335753	234.34071768326575
0.09007383817728347	-0.32597176759122415	-77.26134149644447	77.2621995565762
-0.3183351893834918	-0.07029257858427357	-474.45639169408395	474.45676464080634
-0.9994018489251743	0.5451064996991722	2.8889130228455975	3.1051189357601467
-0.5028764076219171	0.7986966427253086	-1.163226602690198	1.497964331234087
-0.39624845907667067	-0.880088867701296	-0.7237523966715429	1.2063941263369102
0.6852115752270156	-0.19858586698001446	2.8275143796407414	2.916125651693434
-0.13487249430163326	-1.9121698804501013	10.006436440600316	10.188393125571551
-1.6613204493498777	0.6450369627716368	5.075123821432346	5.37893485010181
-0.9720308891109064	-0.5199522969189831	2.957089452869048	3.155879033284773
0.8916529939535871	0.6159117461644001	-11.25053522795248	11.302607453861505
-0.7760559970125346	0.0005556851061274404	-2.653482728774273	2.764639906242478
-2.284463116261903	-0.5122997090931819	-2.651609218523178	3.537266482646607
0.0645351880385055	-0.6617914541728679	-3.453304778412587	3.516738064160961
-0.09861768430092303	0.47398465209634055	-9.405861972021253	9.418313348726262
1.725396952468162	-0.6777516742739054	-18.160200711112747	18.25456742416723
-1.8478285567339372	2.621053179686781	-19.64157031660676	19.901650048376275
-0.09325138137199886	-1.2390128220210563	2.265060367055489	2.98736456758561
-3.2943576533672525	-1.3497087709202922	1.4643634277129371	4.131448458231295
0.5127227447931902	-0.38565057665308533	-2.890962507109511	2.96129620230974
1.7854231638074385	-0.2450674035264818	-3.346745694309978	3.815416182870989
0.41410969936919184	0.034643537722879654	-0.053320401272659655	0.4189631045921305
0.1312166544944048	0.03084184274376161	0.057746384706427116	0.14664131282553905
0.19824444624600857	1.0171889097683064	-0.7025967355118055	1.259800022334842
0.34929020004809064	-0.053418961985601254	-0.6584507281672309	0.7593643336193839
0.141711260888078	0.2420370088691814	0.2221154468330325	0.35776985178556725
0.028232300811397888	0.01507154061428903	-0.017045044907609178	0.036259449823402366
-0.3001248028219209	-0.16568343047073314	0.43674904148073657	0.5724992633495605
0.02157345549708478	0.4778120539154209	2.4818738948120402	2.531143497117152
-0.15165182693150034	0.42343450447047376	0.34545166088206514	0.5671260055701861
0.027306366665009976	0.04936626039563291	0.05834567253563955	0.08115961329090648
-0.10451984839752204	0.7262400620670375	3.785006394833617	3.857991993290233
-0.00901767178195349	-0.1512265184987857	0.42811976099032695	0.4750969300595884
-0.07567295488320042	1.1659785025523686	5.035116126057428	5.170793599854723
-0.2271262815105189	0.008399599933545887	4.4635981304209364	4.471418653104305
-0.3870035826641559	0.476765002349797	8.225100325124238	8.249171581663175
0.32687243289568	0.23589822093548568	6.177004821310897	6.191615437099249
-0.1544741783913609	0.3557375430913248	5.976161771501328	5.990358985520669
-0.6704301003418724	1.2274014441685508	20.92029688726085	20.967457939879775
0.07471161223043439	0.09622437629806016	2.688214941466031	2.694357089830009
-0.07775599513995216	0.5372772850249335	30.330912955941095	30.350277498065136
0.26883678996361965	0.20452008626984086	14.396307368214142	14.400902302488637
-0.4079601390779662	0.4360833646974492	81.15032500538072	81.15794600190338
0.10305716070227022	0.21572228753608702	13.084474086847004	13.087402293732035
-0.7683698327563714	0.650876502791835	86.82553811140554	86.83137739755664
-0.4941324839421273	0.5445611426919066	58.16385292294752	58.16850093127798
-0.5983499388285629	-0.19276764221970397	57.665176290656035	57.670715780090866
0.03845925120617594	0.1938209566340843	37.199376803640305	37.200163441056894
-0.3865878258086801	0.003241025557556426	47.77941738941543	47.78357251645572
-0.12865674445821135	-0.20129276999783632	13.152440069092318	13.155301999901527
-0.14186745935479608	-0.4566436240461048	32.36660726463479	32.37042068306983
0.03996782929077178	-0.38991121475811363	31.996630338835672	31.999315630545475
0.35040295979423564	-0.4231300694623699	31.229582395791283	31.238377896707963
0.4425547633051671	-0.42001667592011366	15.341451320736883	15.354172623541604
0.006920925595229223	0.004379798036648598	0.067866709189686	0.06835914026795488
0.06138622979233383	-0.5525751542545455	12.768097988297411	12.780196939369594
0.16491666764782684	0.04682304192179648	12.914507281055238	12.916399188700064
0.8996837768234104	-0.9346676838310946	31.87211016596953	31.898787760815853
0.013612754193468884	0.2070885304924039	20.93765240229518	20.939146087430956
0.5759543016723947	-0.38820346207641077	39.1788190942649	39.18520780227046
-0.013318461813988935	-0.612038125567926	46.419265261237676	46.42351166409777
0.5160394387277353	-0.004225563574744656	26.04014784336005	26.045610644831484
-0.7571643164287466	0.28698191643155324	92.26743987770809	92.27577639767551
0.04954875813200482	-0.06580097979475096	20.978469070305113	20.979095051193767
-0.2535872640946418	0.7971315552739807	2498.2166069923423	2498.216750936021
0.46100878435819176	0.19282240405743872	418.8508639993018	418.85118383757816
4.440892098500626e-16	-5.551115123125783e-17	-163.5527488015619	163.55274880156196
-0.7466264050957243	-0.002141751088639565	-237.90980225283283	237.91120268612383
1.6367789351948492	0.030288259846550147	-27.789616254592097	27.83779327171695
1.1884436882458214	0.036305016053126166	-12.839611934008795	12.89454733871115
1.372662473908269	-0.13250027223245064	-46.37536957877651	46.395869020393846
0.9875137973766319	0.6513217458233294	-81.82188140270782	81.83043247958165
0.4844906238032645	-0.28256574242881194	-6.322421925502603	6.347250866904792
-0.8691588975598421	-0.13494323185409485	-300.56387308947006	300.56534123785326
0.3078175991167394	-0.2605880588420808	-78.90887176642995	78.91002585886362
-0.08927317381844983	0.04599803987979778	-57.51538488054881	57.51564190080641
0.1980474844090383	-0.007420084241552133	-113.6176544808571	113.61790751107661
0.4135290052096251	-0.32024281789967024	-65.5197763267578	65.52372373080865
-0.06289676173407327	-0.21595062210953547	-7.990677062554151	7.99498156297156
-0.5271384111287554	-0.31258532061437316	-478.080126627262	478.0807784006151
0.20334809632851109	0.07848226102712458	-181.75392623218355	181.7540569305884
-0.009218231014433498	0.0260345691861023	-8.484962136099796	8.48500708459474
-0.803677244490631	-0.8994400638309816	-82.54931062649199	82.5582327454458
0.13248831391900678	-0.30565258735626977	-12.634164686213948	12.63855585009056
-0.4197597155844314	-0.16894657726973336	-17.107701260555377	17.114253222682745
-0.07967413666010564	-0.38824388347219607	-47.768335845187934	47.770170716673945
0.0	0.0	-163.5527488015619	163.5527488015619
-22.499341170908888	10.165054262314854	-70.8247674926332	75.00464233410031
22.499341170908888	-10.165054262314854	-88.95608271846548	92.32000505792466
-1.7784037166058737	-0.21761770479136833	0.11684738909768988	1.7954750226653653
-1.9929529653971316	0.23251178608185696	-2.48066604601732	3.1905528180576157
-3.968280296535903	0.5299238300519636	-11.008567440149942	11.713950011070624
2.2898462934052417	-3.749466736080308	4.381269336902878	6.204628744323058
0.03975980511837425	0.1630702462256962	140.89170900736886	140.89187364558967
0.24936163482202164	0.18405410796880745	405.47210388798516	405.472244806089
0.05240184561599137	0.12461168925093638	94.38518052924213	94.38537385190858
0.002462060966093452	-0.08034606003356573	43.54693028219004	43.5470044727881
0.035747347561229395	-0.019230277175755824	141.38095294265986	141.38095876974035
0.5385061274968551	-0.0060871301020595445	53.766094135215994	53.77697699808268
-0.0009797564287664304	-0.04944099952302095	5.005233754834333	5.007423498945291
-0.026234555562678955	-0.03581166592418921	0.13125729251023988	0.13856119283174376
-0.05108884494263881	0.12199218522380938	0.2936357547176967	0.3220467664515272
-0.11935699127246702	-0.07857058952633428	0.2939480298558435	0.3268407458690904
0.036529671956926815	-0.00858908003611774	0.09120716090611108	0.0986252271465103
0.04650376652527902	0.038680628452787594	-4.480206787283032	4.480615097074896
0.09643262726179888	-0.09116092555301696	-19.771191567709568	19.771636896651174
0.08553913112552992	-0.2936280679568748	-74.98595949844974	74.98658317518138
0.0045347070517535405	-0.032343699634349334	-2.275381997994704	2.2756163813948183
-0.03874678469231595	-0.20520161907729895	-177.01237355615797	177.01255176056725
-0.27958840469117585	0.13490904049302538	-297.444018137926	297.4442128802391
-0.999452515491562	0.5422040753776922	2.889177526338091	3.104873164684135
-0.48097633709955556	0.7639137168680901	-1.1125685399012282	1.432728571519001
-0.39246807114252924	-0.8716924253676576	-0.7168474743557454	1.194884585556224
0.6853230352805767	-0.17004566063897586	2.833835730234156	2.9204808055079
-0.13487249430163326	-1.9121698804501013	10.006436440600316	10.188393125571551
-1.6614088157885887	0.6399749086558131	5.075437700987906	5.378653641339853
-0.9720825610282015	-0.5229123125700808	2.9568386122876045	3.156148977980511
0.885943276135291	0.5831432097266874	-11.258131823132356	11.30798318174382
-0.7774276883899768	-0.0073165636307516435	-2.654871459931109	2.7663676204610708
-2.2709826360041614	-0.5167549717252089	-2.659636044594228	3.535259781620005
0.08412469930350208	-0.6807320738813395	-3.644293540663211	3.7082810751028608
-0.04287189661167566	0.4739982105189	-9.4094497022833	9.42147844039848
1.726580948412995	-0.6605198197024942	-17.87452047202781	17.969859496072413
-1.8445654002905147	2.668545096802049	-19.893691720106325	20.156451193209634
-0.09111235451298676	-1.2390123017695498	2.263715262578787	2.9862785762740454
-3.224148377590312	-0.3278843001252563	1.6988743778232225	3.954594167118933
0.5968474440966923	-1.066382650534425	-6.535256047772721	6.669577277412601
1.7854231638074385	-0.2450674035264818	-3.346745694309978	3.815416182870989
0.34500752201447543	-0.02901022872745768	-0.5797419991752317	0.675257409603984
0.004992204640718551	-0.0012847249546851355	-0.026472349345224723	0.02697441428909296
-0.0007095266071034008	-0.023124008303458444	-0.05223637964677443	0.057132509726306915
-0.020864124832633293	0.10638558692525316	0.3392837444050358	0.35618346961638186
0.042437580329718075	0.3714264669901678	2.142590150407005	2.17496002750077
-0.009371510095919083	-0.013843552300129632	0.057344680823675664	0.05973174667238159
-0.21775477141459987	0.02224315223367552	4.406253449597261	4.411686906431923
0.24970685872062318	0.1974754777744103	3.8971331242388576	3.9101146617016327
0.0771655741750568	0.03842274316107537	2.2798716970720383	2.281500775397616
-0.0027647611675337067	0.10042482584641084	1.780515636816537	1.7833476168427713
0.0774763733979681	-0.004200449548350672	0.9076993046494944	0.9110094729872378
0.05775952143676067	0.09622515879957674	2.9447932111186748	2.946931030708598
0.21107726852685896	0.10829492747026412	11.451514157095467	11.45397127178004
-0.10593316552141827	-0.20186753647672223	9.29618781723047	9.298982754638526
-0.02272357893679309	0.0005747664788858867	3.8562522518618496	3.856319245262999
-0.08832096552280289	-0.3675875513058202	28.12505414766811	28.12759484936615
-0.0535464938319932	-0.08905607274028458	4.241553116966677	4.242825833703684
-0.04022818849667749	-0.04491908614074438	4.841944955785485	4.8423204134284585
0.08019601778744927	-0.3449921286173693	27.15468538305019	27.156995217117018
0.35040295979423564	-0.4231300694623699	31.229582395791283	31.238377896707963
0.4012751679639667	-0.4016877544429471	13.144401599277531	13.15665870255756
0.04127959534120042	-0.018328921477166582	2.1970497214593534	2.1975139209840444
0.26343475318515996	-0.26267392722752825	7.727544273468049	7.736493776875909
0.6362490236382505	-0.6719937566035664	24.144565892501486	24.162293983939946
0.39563472988490117	-0.29501030119055693	24.35980480280591	24.364803466231876
0.18031957178749347	-0.09319316088585382	14.819014291458995	14.820404336038585
0.12252131979452083	-0.05307048478081396	5.371277906794028	5.372937213682355
0.3935181189332145	0.04884492120606931	20.668869936566022	20.67267343114913
0.11591516079610045	-0.00954891069590938	107.09755643324628	107.09761958829228
0.34509362356209133	0.20237131475334807	311.7533075660555	311.75356424928583
-0.25225224854805006	0.366150769734622	-237.95355295624276	237.95419719366765
1.6226958951574122	-0.05053545601936612	-27.80602590179558	27.85337990714555
1.9544815653955865	-0.23923153543742925	-11.230224665415385	11.401542700561318
-0.7593891188588219	0.27077395575140883	-1.4465491822193366	1.656047978028981
1.372662473908269	-0.13250027223245064	-46.37536957877651	46.395869020393846
0.9875137973766319	0.6513217458233294	-81.82188140270782	81.83043247958165
1.3305987842337186	-0.5512220609619831	-17.919031794460963	17.976819500011626
0.7389941877735952	-0.306140291160776	-9.951955843898258	9.984050250591487
0.798032543726967	-0.3061259319237751	-9.953262599894346	9.989895165090527
0.6279672108489114	-0.24088873210721773	-7.832164994816245	7.860990949313103
0.3262536424501907	-0.1251511622222194	-4.069117485251208	4.084093701348527
0.3337982359338947	-0.11811646996052005	-4.0434825130431875	4.058955973655625
0.8182888597371591	-0.400682212389332	-10.36590443854579	10.406206840560417
-0.8691588975598421	-0.13494323185409485	-300.56387308947006	300.56534123785326
0.16877721792706163	-0.04520956497697835	-66.76062847486962	66.7608571246178
0.029270266481976615	0.03778948073542622	-46.85702600598746	46.85705038645881
-0.06837417077065974	-0.17220417709424846	-4.241071644977879	4.245116959952064
0.0054774090365864725	-0.043746445015287044	-3.749605417576272	3.749864603019496
-0.2954646669749523	-0.4297956644593822	-36.16633012147418	36.17009065703416
-0.5082125775156789	-0.4696443993715994	-46.38298050501781	46.388142088411655
-0.048310256273195046	-0.2323017993265018	-20.542947569367186	20.54431777510757
-0.031363880386910604	-0.15594208414569433	-27.22538827582075	27.225852941566384
-19.591750981644676	9.831724725279454	-53.119306771916946	57.46442612198856
24.83934128158809	-10.433314609469509	-102.07135080550054	105.5682603072674
-1.7552539164784016	-0.30970545450778175	0.11943516468931323	1.7863646151972992
-2.837315699107754	0.11143947404758134	-2.3702639520907995	3.6987741665801144
0.16298268281328931	0.03769396470946277	-0.0656330242337556	0.17969942610538406
-3.948481677270759	0.6505450972459845	-10.934333088656595	11.643597235089498
1.5151754706331277	-2.43343669975396	1.3393474370381957	3.164051585486324
-0.022502209439129874	0.06313617222929696	21.030983587143727	21.031090394185032
0.06226201455750413	0.09993407399639927	119.86072542022514	119.86078325140464
0.181323952035013	0.10716576080147983	190.5741768917671	190.57429328440497
0.06803768278700867	0.07688834716732762	214.89792699621805	214.89795152168404
0.07320445839611024	0.01339545177521104	29.03397205864809	29.034067435225385
-0.020802612780118863	0.11121623747572534	65.35120847059405	65.3513064166832
-0.98782920850143	0.533620194326959	2.8884339795065723	3.0989688463955667
-0.4307958202518894	0.6842141928319876	-0.9964936728976541	1.2832512382788819
-0.3741865156424654	-0.8310881198837683	-0.6834560016447142	1.1392256658295423
0.6853230352805767	-0.17004566063897586	2.833835730234156	2.9204808055079
-3.2490678992766213	-0.32100609167148864	1.7279180237184084	3.986876950909194
-3.2423782333226954	-0.3210044646190862	1.716879526522098	3.976648813111481
-3.070748597455304	-0.304723447070451	1.616671382040437	3.7928854036836843
-3.3845970705326693	-0.028774700217827395	1.432718107697686	3.9697615154258057
-3.3845970705326693	-0.028774700217827395	1.432718107697686	3.9697615154258057
-2.62846054400085	1.1599655990260698	7.967258197506334	8.472834790234433
-2.62846054400085	1.1599655990260698	7.967258197506334	8.472834790234433
-0.9600326669632261	-0.5313152817412088	2.974751450054525	3.170663154586082
-0.9600326669632261	-0.5313152817412088	2.974751450054525	3.170663154586082
-0.25225224854805006	0.366150769734622	-237.95355295624276	237.95419719366765
-0.24907315846426234	0.7420099723133059	-157.0271319350447	157.03147798131084
-0.17162440294597375	-0.5696220264050134	-65.12099464458547	65.12386158293809
0.024903400066662976	-0.36456643809496697	-4.374994475881425	4.392446393072216
-0.10871378292749603	-0.059284733914477895	-8.188639004824223	8.190764427237688
0.392721846689535	0.34604170264269	-1.7920140489444283	1.8717663478247744
-0.2879664296262631	-0.046638291654868116	-1.1101148004962722	1.494953458270614
0.0363021240573118	-0.07870963217298894	0.008070615938534663	0.16449307021728066
-0.009371614198320916	-0.8804525180992832	6.609735124185681	6.690592088759706
-0.6840545357734098	-0.09815554820672692	1.5088778485147438	1.784425498150697
0.20906379598478192	-0.569168581373515	5.81731262453444	5.850492842597287
-0.7539897150688528	0.24182926955982523	2.6878742136078184	2.983996198995368
-0.13127811146540708	-0.5906308142763459	2.529812076374566	2.6049006944590527
-0.8298882538253485	0.2502488197197273	1.7378491249974335	1.946709574451913
-1.3711085150573439	0.8223761632005935	2.1416145103397857	2.675999518901527
-2.7408146365114656	-0.26146649752537754	1.834189741133769	3.8694509078064336
-1.64063133549942	0.6263454046991108	5.078824217999762	5.373865943838867
0.8942835007084264	0.5601910039752949	-11.439490589358918	11.488059099979802
-1.2627176888287541	0.3273595972209342	-2.811367384412185	3.0992590788300176
0.20058984561068602	0.21195382570275295	0.039366504469767694	0.29446635133121757
-2.2709826360041614	-0.5167549717252089	-2.659636044594228	3.535259781620005
0.7307263170678985	0.5677863464850763	-40.75957437394791	40.77007781978226
0.11367003622642186	-0.4722787759656403	-9.039454785537654	9.052497497328735
-0.3072604946651425	2.782821716798871	-13.171919635039547	13.46617884149062
-1.0906085433703516	-0.17148237120901388	-7.5752660821147675	7.655291595579252
-0.397578223722057	-0.9725545512939445	2.30426899792015	2.943397087379905
0.5968474440966923	-1.066382650534425	-6.535256047772721	6.669577277412601
0.872083704137171	-0.35157429654597727	-2.190882755203328	2.3841354240186807
0.8720820706041432	-0.3516678731651935	-2.1910381939154417	2.384291466679771
0.8416873454889219	-0.4365786044687296	-2.1917251681581926	2.3880321769553468
25.890125826198243	-10.063198200017696	-106.82185918586806	110.3753875337916
23.72958554462813	-6.942268469075783	-96.60565957132468	99.72056850433225
1.9192578542187881	-3.068564306736036	-10.297052616888344	10.914620021353105
1.2211311082873042	-1.9523793139616359	-6.551517424567958	6.944445747043449
-1.771542633971011	-0.7029818120459839	-1.2281147827745424	2.267336025319971
1.6897111680243588	-0.9666160798571201	-5.760021409378142	6.080075420065047
1.1585610567780031	-0.6627663757985712	-3.9493947944462304	4.168841833599677
0.39257431632675643	-0.22457604227356806	-1.3382384573204809	1.4125973103663265
0.3948581147806602	-0.20904285197559705	-1.3566841578692594	1.4283570103386767
1.236545460269582	-0.6456214564443267	-3.548409326027452	3.8163891872940234
1.236545460269582	-0.6456214564443267	-3.548409326027452	3.8163891872940234
-0.6000720563388919	-1.2931662799602939	-0.3666534197419893	1.508542419235742
-0.5857754831065679	-1.3410667918322599	-0.4416775484025647	1.5638325081436621
-0.3592965465259338	-0.8272031324934563	-0.6832020881086152	1.1314257041222016
-0.9450720296325017	-2.168269924325716	-1.1248796365111797	2.6952582122658635
-0.9450720296325017	-2.168269924325716	-1.1248796365111797	2.6952582122658635
-0.08614127382678	-0.07719221753011431	0.1081065589505547	0.20805188293271107
-0.5616717551035466	-1.8905539168546286	-1.1690065239616942	2.428439341609859
0.2954624884337913	-1.1471134322524457	-4.869993955981966	5.142207817961515
0.4068010069104795	-0.05678786694916406	-1.595346040377638	1.6532757466631585
-0.6298061825058991	-0.4102503342477757	-1.889769863307544	2.344267203099872
0.3663244254927293	-0.738705132677442	-3.075851408659113	3.1875100832478678
-0.7575216083533891	-0.5009647291946902	-1.280793841336612	1.8136868428564916
1.3693143014896645	0.17947122315010164	-3.4422716745415465	3.754461723092011
0.42512538554462687	-0.26313297035517136	21.051375151183354	21.057744084060435
-0.07472242575039119	-0.15999709910719864	10.178207244607936	10.180633812647532
1.588477851308292	-0.049469806900949154	-27.2196758554677	27.266031299450447
1.075852230320255	0.10552456839870045	-8.988961758521278	9.053730002169203
-0.16775935529648198	-0.2992950947182712	1.4999434522907356	2.1488487883240577
-0.49860349811849647	0.503433074841788	-0.6681395369051231	1.7884240967836647
0.8917584459128165	0.7469980434664508	-26.689693498962754	26.715032814342052
0.6480368448353875	0.5428401125943781	-19.395280015546355	19.41369398186645
0.6385709583543093	0.519976559525233	-19.500572040353795	19.5179522079653
0.814778344943748	0.6313958849849235	-40.74431792458203	40.75735476762927
1.4533493032980573	1.1513724445101565	-60.24488996493582	60.275306975594575
1.4533493032980573	1.1513724445101565	-60.24488996493582	60.275306975594575
1.1626500425845796	-0.4809716036500496	-13.489493336988332	13.549746027062575
1.1626500425845796	-0.4809716036500496	-13.489493336988332	13.549746027062575
0.6540702134547484	-0.15408294575555448	-13.676252873977127	13.692751442689268
0.6540700739950603	-0.1540909346764395	-13.67627916469094	13.692777784964028
0.4697954044550071	-0.6610077428103361	-13.674299365789807	13.698324791862
0.13165023686672883	-0.4576642019266437	-9.009142080220961	9.021719865313981
0.601445641321736	-1.1186719447369797	-22.683441446010768	22.720044657175983
0.650667530123618	-0.7691768160022175	-24.067869361197154	24.088946361281245
0.5358747880843067	-0.6334763057813532	-19.821742743419463	19.8391012751282
0.525495286900421	-0.6567178305887653	-20.173571167106573	20.191096979608773
1.126940928222157	-1.775389775325745	-42.85701261311734	42.911141636784755
1.126940928222157	-1.775389775325745	-42.85701261311734	42.911141636784755
-1.258864465114232	-0.1250408978170479	-7.573751166848338	7.67867708039548
-1.2136960254705997	-0.1250299120041923	-7.580165631582912	7.677734139924986
-1.0792544906546206	-0.11118030475905595	-6.740508023514028	6.827268833935094
-0.823825545560783	-0.24041994042602954	-3.444926291554475	3.550212307949517
-0.1825153028624208	0.6547245990347839	-5.6367697694482795	5.67760068780169
-0.8226372067614879	-0.22963425091018516	-3.482294588020093	3.5855040734732873
-0.8226372067614879	-0.22963425091018516	-3.482294588020093	3.5855040734732873
-18.286088294281782	10.291616515923604	-47.650855734905285	52.06632739003078
-13.844726412248974	4.390477043275091	-34.49308489359658	37.42626943170279
-4.441361882032769	5.901139472648492	-17.65918584343383	19.141472960453115
-6.462116013440773	3.759835424366252	-22.814539042829058	24.013506564561915
-3.770069118598319	3.9777055620256085	-9.272043342696112	10.782223817284333
-6.4243133682069615	4.020429954218319	-22.51649965128117	23.762963111023037
-6.4243133682069615	4.020429954218319	-22.51649965128117	23.762963111023037
-3.65253668530573	1.777214846371133	-12.422849911747177	13.079538695594849
-0.6809195901527682	0.8130582394034023	-3.811880332347186	3.9591194275938277
-1.3559928470117435	0.8681546261759868	-3.97977856685509	4.295407580451118
-0.9030372665269795	-0.11597068110221347	-5.330843250907755	5.409833181740504
-0.024852936022354055	-0.06572628142831743	-3.750318611602779	3.829799837753088
0.031215358398894943	-0.08703078921275936	-2.9606905384725333	2.9654202073857507
-0.23764565490540782	0.06340770529965445	-7.664065496343717	7.7143253475812275
1.3520101075040931	-1.341622131652167	-22.550538978439604	22.631265304395953
0.5996494452936978	-0.6086260235382863	-9.354770557178314	9.394744118714424
0.5953209547796623	0.9907506727860235	-42.44057767930842	42.45652891239035
0.7781344514107937	-0.23794225552179016	-22.91653246578246	22.931398775076865
0.28961300709954557	0.47353808941647046	-10.996260045887766	11.011145662359425
0.5479208239047263	-0.015033391956403713	-71.40416092188104	71.40799854289521
0.9339128924232064	0.4261621800987621	-111.94385492629382	111.95198198807614
0.08887914629724103	0.5249730225500701	-15.546053730057075	15.555795143282566
0.17727810359323798	-0.2268581510009882	-143.27668122050335	143.27837613908252
-0.5519422379189861	-0.1687646661090789	-81.00145699167734	81.0036256973815
-0.6015384789333743	2.8640474058241763	-13.177646685452808	13.498703206273966
-0.5225393136552416	2.8640666199049005	-13.184150832147349	13.501768702743364
0.3144149077298287	2.265972473934564	-10.095565085734119	10.351517878414047
-0.6668888885070152	0.5328569461537749	-5.209683351491301	5.279155040106708
-0.7041565803442205	0.5032461991416393	-5.824711545321028	5.888663499707609
0.33898126023592645	-0.08612682287286343	-3.148019315735288	3.167388788363655
0.34436118284742046	-0.08028939126071762	-3.123588898442541	3.143539186502158
-1.7552539164784016	-0.30970545450778175	0.11943516468931323	1.7863646151972992
-2.81874841262658	0.08154833676682682	-2.334729164048946	3.6610043723512478
0.1644401149943818	0.03321785656602659	-0.06537825303858966	0.1800508077865372
-3.948481677270759	0.6505450972459845	-10.934333088656595	11.643597235089498
1.5151754706331277	-2.43343669975396	1.3393474370381957	3.164051585486324
-0.4120649767016275	0.6876875598150021	-1.0028317688854633	1.2838937968673156
-0.1239140629984077	0.6532893301081171	-149.58012112809294	149.5816641775445
-0.12515909546585463	0.0887206422051888	-7.447010806951778	7.449813803766362
0.2693629821033177	0.20438053247579366	-0.9309822459648056	0.9904825896926988
0.12335886458621728	0.14166117016689633	-0.8610318029796227	0.8812837581320756
-0.12449246526264518	0.0676931079249408	-0.27740391343796333	0.33948970876656276
-0.022495504248371913	0.1258213267541278	-0.17486884749928086	0.25521710013885085
-0.140978460115246	-0.2401527263339367	-0.657842039559028	0.9002466493652004
-0.1591852377094978	-0.8634892527977573	5.304623872250976	5.376800912778601
0.14981362351117689	-0.01696326530152581	1.3051112519347057	1.3137911759811045
-0.1982612992163277	0.2335744994124998	0.6766154994261284	0.7557465901387947
-0.48579323655708206	-0.3317300476192267	0.8322623490886154	1.0286789080119023
0.16528847933938284	-0.12290120075956025	0.9246127315570133	0.9575037727381491
-0.9192781944082355	0.36473047031938544	1.7632614820508048	2.0264924262572186
-0.11830416847663316	0.08297374433933002	0.2433038568564709	0.2829793018753672
-0.7115840853487153	0.16727507538039726	1.4945452681409623	1.6637302725765457
-0.2743198922139641	0.21698500192172454	0.4140379919118601	0.5419975581768401
-1.0967886228433796	0.6053911612788689	1.7275765184279253	2.134001960724687
-2.7714816942622167	-0.21869237543593267	1.8334192079503682	3.8168135857526155
0.030667057750751167	-0.042774122089444894	0.0007705331834009371	0.052637322053818145
0.37367215006901755	0.5874199131434829	-4.437357783848695	4.49164080620627
0.3736716912235568	0.5873936282712261	-4.437056155492159	4.491339347493834
0.31362467440181296	0.4220039739199361	-4.449157950084198	4.480117660865083
1.2079081751102394	0.982194977895231	-15.888648539443116	15.968176760844884
-1.1621675021668771	0.25478483546548886	-2.3087204310387834	2.5972559835668045
0.3193768404737757	0.13033055322485795	-0.011778573754018577	0.3451468587929035
-0.397578223722057	-0.9725545512939445	2.30426899792015	2.943397087379905
22.596127915288193	-8.606045894190395	-93.62001112370214	96.69335812504957
1.8315843752721095	0.5475924323399428	-6.731183639945801	6.99738465359529
-0.4054838371808725	0.1519941343893067	-3.4726177001583025	3.5150381293175785
-0.014142243538516786	-0.10087983004693206	0.05856018152262599	0.11749909796489297
-0.07199903028826321	0.023687612516817745	0.04954637742792873	0.09055278496781811
-0.07402139818856271	0.0010315163533315408	-0.162045736679704	0.22631579063742954
-0.4876503569149839	-1.8915854332079598	-1.0069607872819901	2.2021235509724293
0.33357938629143924	-1.0486555358577327	-4.586151755843794	4.808751621821691
-0.038116897857647936	-0.09845789639471303	-0.28384220013817196	0.3334561961398235
-0.47455620002483007	-0.18658097101063345	-1.6006923717594908	1.924843863702795
-0.15524998248106903	-0.2236693632371422	-0.28907749154805307	0.41942333939707704
-0.5641302023481725	-0.20290151503766046	-0.169200247176994	0.6383732595830779
-0.19339140600521665	-0.2980632141570298	-1.1115935941596182	1.175313583273414
0.09875167735840396	0.07945392793427566	-0.7372780684970801	0.7610016791256565
1.2705626241312609	0.10001729521582603	-2.704993606044467	2.9934600439663557
0.38247025947067614	-0.181099567165318	17.96985977586851	17.974841888511396
0.04265512607395072	-0.08203340318985333	3.0815153753148437	3.0829021955490363
-0.09058047725256833	-0.03706047317738238	4.174409220091921	4.175556326804833
0.015858051502177138	-0.12293662592981629	6.0037980245160165	6.005077485842699
-0.1612137243583215	-0.2924769020084235	1.4495633005999577	2.1125260626974907
-0.48750046987580653	0.49244880435315397	-0.6354024743877886	1.7702821349988582
-0.17307085409739453	0.6656119667667109	-5.680408697438527	5.721890927025482
-8.053903162242593	2.5540755295316857	-20.065688351505063	21.77201201030947
-3.7423079048185874	4.033249489129553	-8.989941810476305	10.551825607532624
-3.65253668530573	1.777214846371133	-12.422849911747177	13.079538695594849
0.024976649284036687	-0.37625168265500475	-2.5552715056326014	2.586712472252779
-0.04982958530639074	0.3105254012266873	-1.1950471059701782	1.2430873655003098
-0.004764250897151009	0.07408415355262057	-0.2527555783405352	0.29812132962349025
-0.2328814040082568	-0.010676448252966125	-7.411309918003182	7.416204017957737
0.5591485702175656	0.9099504427935283	-37.70148415469448	37.716608601498024
0.03617238456209654	0.08080022999249498	-4.739093524613937	4.739920310892314
0.5479208239047263	-0.015033391956403713	-71.40416092188104	71.40799854289521
0.4108172373822128	0.32303084666029763	-81.04279118606809	81.04600384146747
0.5230956550409935	0.10313133343846449	-30.901063740225727	30.905978146608675
-0.12373365400360428	0.09343320952421152	-27.959089550141314	27.959867811552616
0.30101175759684223	-0.3202913605251997	-115.317591670362	115.31850832752993
-0.2610745805871902	-0.14872693970337927	-43.1011110431913	43.102158331071195
-0.2908676573317959	-0.02003772640569961	-37.90034594848604	37.9014673663103
0.24150126549841294	1.740487510566749	-7.754377048245357	7.950973716597895
-0.69559957725066	0.515638392703903	-5.891923251822935	5.95520791654444
-0.16124383411390014	-0.29420173345322015	1.449426499745437	2.1126739957151295
-0.15791886221360196	-0.3092372596164598	1.4561669436429883	2.1191951815574916
-0.15791886221360196	-0.3092372596164598	1.4561669436429883	2.1191951815574916
-1.8738689599985558	-1.9878109687649457	3.4577676713645777	4.8435689604177545
-0.4368820424154929	0.3963137033467527	0.42210343488785473	2.0053879237169268
-2.81874841262658	0.08154833676682682	-2.334729164048946	3.6610043723512478
0.4838169554681575	0.16354840979088453	-0.07715682679260824	0.5251976665794407
-4.1543728815202146	4.720937048944555	-9.992773579361767	11.83571940439994
-4.1543728815202146	4.720937048944555	-9.992773579361767	11.83571940439994
-4.080353410460474	1.257314746203888	-9.528725839952862	10.448966199948764
-4.080353410460474	1.257314746203888	-9.528725839952862	10.448966199948764
-0.4875100628269392	0.49189927402838124	-0.6351627434523431	1.7700459507642978
-0.5012430195848857	0.44650068738969334	-0.6391143239975144	1.7632568013936163
-0.5012430195848857	0.44650068738969334	-0.6391143239975144	1.7632568013936163
0.4838169554681575	0.16354840979088453	-0.07715682679260824	0.5251976665794407
-0.05077363281245018	-0.12082302285753954	-0.5697140682028208	2.0903872857797463
0.3804247626863971	-0.7227859085455092	0.5132879494559636	0.9747239473890371
0.49404985710800925	-0.13835364327178853	0.5027136799018529	1.0482944716020972
-0.4207764683659122	-0.9498410303043393	-0.019966862789611767	1.0483936663723972
0.3277671386510974	0.1366645861583766	-0.6669228484058121	1.0624846843265932
-1.7363921511321734	0.2904261675074634	-1.7285714471247469	2.4709479779026977
0.006890368210300715	-0.2663756275326561	-1.2387811484483138	1.2747791851016446
-0.47486927781931604	0.3719786777264621	-2.0168436599089814	2.163132688559539
-1.3208295941714407	0.3351035989751753	-3.1748009531073764	3.4905389330068664
-1.262818225772934	0.2262153861704737	-2.0815562391774405	2.5057731883877854
-0.8876040015257105	0.2630366168025647	-1.4693750560619403	1.9111575721421041
-2.582773087537285	0.117937883239988	-5.570464315559898	6.165617445109307
-1.791233193322005	0.7728956378786568	-4.565180648299031	4.96651166880884
-0.12259502322504882	0.14623163952414192	-0.3549977292645434	0.42651659381605667
-4.062674446333158	4.424646665116403	-9.726312038779398	11.442533956944118
-0.08886549555581438	0.10327410643230546	-6.9251374314256555	6.92647753634505
-0.03629359991004025	-0.014553464227116647	-0.5218733755261235	0.5233362674213119
-0.05007555253036167	-0.026278758349318976	-0.028726496063756463	0.063429848476123
-0.07441691273228351	0.09397186627425978	-0.24867741737420687	0.2760598602904397
-0.016497679796648103	0.14835406862473458	-0.10756157184642229	0.18398531151768133
-0.00599782445172381	-0.02253274187060679	-0.06730727565285857	0.07123178862116952
-0.11510630489609773	-0.11375636198493339	-0.2646936486021705	0.34019477337138776
0.09455077134880929	0.0015000420836735057	-0.11327125644603567	0.20310652605411564
-0.12042292656795756	-0.1278964064326768	-0.2798771345108217	0.3569453499396969
-2.054076786663752	-0.23836464302302357	1.8017217424508702	2.7426721726986583
-0.26536921283202375	-0.1656725808977981	-0.32672088596372545	0.45234363099898695
-0.4520356947664414	0.18534484848488902	0.35841835146322387	0.6217977820549708
1.2079081751102394	0.982194977895231	-15.888648539443116	15.968176760844884
-7.163394328457336	2.2716749623302563	-17.847053191255434	19.364711024204667
-2.9331799763981365	0.9301779585024073	-7.307795251525187	7.929227405405948
-2.918185908293597	1.0025299107383991	-7.220005408914078	7.851710216381958
21.029956416905037	-8.007248163184059	-87.12948420208865	89.98984446794958
0.18185908965119424	0.2713111344813042	-0.766782425988751	0.8334493079890954
3.2158967840033785	-0.32251643314746725	-12.454928135567675	12.867449002703248
-0.4014210334906836	0.19867444243275403	-3.4592042073388662	3.503655823318777
-0.03942005013942038	-0.1591814031772548	-0.11358452900504398	0.1994845976504749
-0.11582993234164865	-0.06448796005988741	-0.17549296254300908	0.21993874174660213
-1.0970206107413436	0.714312835136657	-9.351127459161802	9.458863739863217
-1.270091464838738	1.3799248019033679	-15.031536156600328	15.1807546668887
-0.029287772129419194	0.12204102834389273	-0.25623742125333326	0.2853233293057156
-0.020541813176971558	0.18848437288279463	-0.9388096847168451	0.9577640361945944
-0.18162566605016345	0.05072079007540195	-5.460851066994415	5.464106043719143
-0.051255737958093364	-0.061397238328368076	-1.950458851008768	1.9520979742385938
0.16559222895618836	0.04919519186393159	-45.6625532984555	45.66309335198812
0.38232859494853794	-0.0642285838203353	-25.74160762342555	25.744905190907097
0.4108172373822128	0.32303084666029763	-81.04279118606809	81.04600384146747
0.11745056121659622	-0.04492497297036631	-38.09173972032395	38.091947282968256
0.18356119638024604	-0.2753663875548334	-77.22585195003805	77.22656104456168
0.24643611555356482	1.762719666626714	-7.827398580306941	8.027208725151805
-1.73704125992525	-1.8227644986126421	3.150434339701984	4.445278194810622
-0.1368277000733058	-0.16504647015230364	0.307333331662594	0.3982907656071326
-0.30944139009456345	0.3720888976517783	-0.5338020438728155	0.7339131614858587
-0.051441247106561394	-0.14216946447194895	0.840619205366888	0.8647072379503824
-0.017182425034047388	0.017116109492402748	0.13959447436934058	0.19568958737924497
-0.05881698018032061	0.14927816067452057	-0.024308200975558372	0.2110779369014404
-0.021619959520315587	-0.1466679492051235	-0.5323317100208566	1.945008683545507
-0.0291536732921346	0.02584492634758396	-0.037382358181964115	0.14537860223423948
-0.03979094530229277	-0.011974896168918565	-0.1334212532811419	0.19750375488434901
0.5338408024103019	-0.12637874710286995	0.6361349331829946	0.8507907167177479
0.34993631031941463	0.19453267783955075	-0.048839114416629054	0.4268060777734927
-0.022169171668317222	-0.05786809168117417	-0.618083733989183	0.6356786065531004
-1.414148631273026	0.2842325552588987	-1.443552460704914	2.040697969717123
-0.3222435198591475	0.006193612248564739	-0.2850189864198329	0.4302500081855749
-0.47486927781931604	0.3719786777264621	-2.0168436599089814	2.163132688559539
-1.3208295941714407	0.3351035989751753	-3.1748009531073764	3.4905389330068664
-0.5952179476696843	0.09633636534741274	-0.49688532333556684	0.7813194769508515
-0.6676002781032496	0.12987902082306096	-1.5846709158418735	1.724453711436934
-0.5202003655769872	0.11179730077710955	-1.3730872512435397	1.4791739050006996
-0.36740363594872305	0.1512393160254551	-0.09628780481840038	0.4319836671414043
-1.0066801509793024	0.2560158423365453	-2.6059327506849885	2.8053225374269597
-1.5760929365579825	-0.1380779590965573	-2.9645315648749087	3.3602949076823467
-4.062674446333158	4.424646665116403	-9.726312038779398	11.442533956944118
-0.13945784446104884	-0.12149635162771442	-0.28146866507551305	0.33680033144276833
0.019034917893091276	-0.006400054804962359	0.0015915305646913291	0.020145018496928555
0.18345285339284778	0.2787629844679108	-0.7523775102277691	0.8230648023235979
0.18345285339284778	0.2787629844679108	-0.7523775102277691	0.8230648023235979
3.233710661803275	-0.16614391762319436	-12.512689251175507	12.924855153621879
3.233710661803275	-0.16614391762319436	-12.512689251175507	12.924855153621879
21.154352001007048	-6.907918854939353	-87.87001234725794	90.64554606485736
21.154352001007048	-6.907918854939353	-87.87001234725794	90.64554606485736
0.24643611555356482	1.762719666626714	-7.827398580306941	8.027208725151805
-1.270091464838738	1.3799248019033679	-15.031536156600328	15.1807546668887
10.667670315670453	-2.8738613106116175	-45.036085610685	46.374033638145114
5.030757865500294	-1.8833691536653174	-18.227536079528917	19.003109097873946
2.4992361382906143	-0.37230850190514636	-12.08622867206168	12.348276722251347
1.085603302400042	-0.6873463206415883	-4.9127741392069195	5.079941832584472
3.011809010271919	-0.6532163016753197	-11.258350113121276	11.682972749396763
0.4424516118140729	-0.056426579467170467	-2.765868173861334	2.845450729664154
0.973775145763039	0.24602346409030548	-6.704728156352433	6.826234461264747
0.3796805622144149	0.24511483774662543	-2.8963891435043707	2.934540557568934
0.20343222807016753	-0.04155187134223792	-0.5301039076843927	0.5861750312593479
0.8675374721526318	0.2843147888911658	-4.598613679489157	4.714691893438638
-0.6300798094640001	1.6393551437287674	-14.25957961163189	14.375806638113636
-0.02279937815908123	0.06267727137885742	-0.731840028379747	0.7471664336215924
0.5317155266934396	0.3573842132356134	-4.702980907861408	4.801326627779199
-0.28502164918975903	1.0627499785677497	-11.171584161643333	11.249879760726573
-0.8251799350553966	-0.14325008284202184	0.9036783246766202	1.3287937153834746
-0.5623719835921164	-1.6757816381580528	1.9715544014899666	2.6516057191165285
-0.3494893412777371	-0.0037327776125673784	0.27520161353539696	0.4648787603106187
-0.02234893840751888	-0.0004384379491393503	-0.008728037730996271	0.023996789752215072
-0.11447876166578691	-0.16460803220316428	0.31606136939359025	0.37429397585491747
-0.020304878318212552	-0.16352380663559968	0.6961475387215333	0.7153836167317256
-0.031136368788348842	0.021354342163650723	0.1444716666453546	0.1493236212186568
-0.025339745636298407	0.07399771557388425	0.06616250573769913	0.10244628731465513
0.008157320602251016	-0.0568816060814815	0.07343196863164145	0.09324330006458983
0.043015969859896815	0.03170874947160436	-0.013750667640755686	0.05518060634504718
-0.10183295004021742	0.11756941120291618	-0.010557533334802686	0.15589733055639318
-0.223841866528916	0.09591927387382049	-0.373001273644768	0.6649478031035588
0.1382045731245571	-0.5072050256055848	-0.2338384804105081	0.9651767208252975
0.06401733388404326	0.26461780252664086	0.07450804403441937	0.3148841596166507
-0.05396055192624964	0.0019118272431160373	0.03559402203120626	0.06467094132569128
0.024806878634115043	0.023933099104467923	-0.07297638021317038	0.08070766090854821
0.07399594904436078	0.01207151366586556	0.03902342459254654	0.0845218881952538
0.4598448533659411	-0.1384502607687355	0.597111508590448	0.766268828522494
-0.07746550331437997	-0.029756348416188592	-0.41960600581220386	0.4277330295739238
0.05529633164606275	-0.02811174326498557	-0.19847772817697915	0.2079455769791766
-0.4964118849564644	0.37262536589265993	-1.7331967946685896	1.846273364586659
0.021542607137148354	-0.000646688166197909	-0.28364686524039173	0.31685932397288036
-0.16524185580221828	0.08982318881347595	-0.3095247547873208	0.38814743962022125
-1.1555877383692226	0.2452804101616993	-2.865276198320056	3.1023914933866448
1.6361384395834602	-0.18906594581832165	-8.038634616044632	8.205628642317528
0.8630976987071541	-0.18324255608682471	-4.047594056017048	4.14264807993382
0.4424516118140729	-0.056426579467170467	-2.765868173861334	2.845450729664154
0.04919986569778173	-0.1664471801733696	-1.9727819999605203	1.985314558159632
0.9245752800652574	0.4124706442636751	-4.731946156391913	4.840919903105115
0.2133868021019194	0.05849174081325747	-1.4228728351975566	1.4399730262049293
0.1662937601124955	0.186623096933368	-1.4735163083068143	1.4945675313640048
0.8675374721526318	0.2843147888911658	-4.598613679489157	4.714691893438638
0.007938985823877696	-0.040438304597517086	-0.2573950390041839	0.2606731479815264
-0.030738363982958927	0.1031155759763745	-0.4744449893755631	0.486493285640066
0.058425606676790004	0.43464747813683824	-2.5751848621300497	2.6159871637318917
0.4732899200166495	-0.07726326490122484	-2.127796045731358	2.185339464047306
0.13785725835614523	0.7428103528779862	-5.8484872779219526	5.898733344451088
-0.4228789075459043	0.31993962568976364	-5.323096883721381	5.351146416275487
-0.8251799350553966	-0.14325008284202184	0.9036783246766202	1.3287937153834746
-0.07558052817043155	0.05448842556802115	0.08705108710480525	0.1275119465992563
-0.2739088131073056	-0.05822120318058853	0.18815052643059174	0.33736681371136246
0.21024562000979224	-0.14237978566442733	-0.2890096250778892	0.409245125061756
-0.06308898920559898	-0.25910194328350095	0.173502165694481	0.3474144844029188
-0.008952057679636138	-0.10572329665765653	-0.11833102102709996	0.20851711136062276
0.09150399541058907	-0.1277548828329658	-0.4171462137865839	0.4657519246769123
0.3509476164034839	0.07132830336579532	-2.34872196007475	2.379698804987242
0.2819342670716569	0.18871878074815018	-1.7053108620185504	1.7387313896271477
0.6426410129936005	0.2237518635155249	-3.0266352943733628	3.102188513477967
0.4805886198238682	-0.06990620431774161	-2.0438340959899817	2.1007403720682643
-0.007298699807218673	-0.00735706058348323	-0.08396194974137658	0.08459909197904178
-0.17041735738692493	0.061118924731907345	-1.4648680070620177	1.4760135083301147
-0.2524615501589793	0.2588207009578563	-3.8582288766593633	3.8751329079453725
0.036039178228952154	-0.06294549640355569	-0.12658116527940227	0.14588951054959223
-0.04499123590858829	-0.04277780025410084	0.008250144252302333	0.06262760081103053
0.06446354411998924	-0.15363886386057973	-0.3052603313934184	0.34777049749985856
0.027040451290599843	0.025883981027613953	-0.1118858823931655	0.11798142717705375
0.16109291228283423	0.07823965112931416	-1.4569175060341344	1.467883165917957
0.1898547041206496	-0.006911347763518847	-0.8918044540406157	0.9118156390692849
