0.0	0.0	6499.999932280723	6500.0
0.716827764675591	-0.3548778113521136	10.616977988143512	10.647065412869587
-1.1821944327113831	1.6479913838297646	340.7149443978017	340.7209808557069
0.22840611617210987	-0.4603127478164546	-1.4116683489442874	1.5022864930226403
-0.03742112152333654	-0.15003424155115913	-6.374468582245454	6.376343805035001
0.030464777431916445	-0.04844050243264064	2940.5904853120446	2940.5904907770455
-0.17506320934937736	-0.2762484358480181	211.65178867078887	211.65229861229918
0.4189801054631923	-0.3580776447813359	2995.6836385930906	2995.6837453111625
0.0	0.0	-6499.999932280723	6500.0
0.6117637883093678	-2.241258592117523	-534.4618791934464	534.4669286363738
-0.7382943237582515	1.6969545382534843	-1981.4801248856888	1981.4809890711092
-0.2215880704795694	0.44875220656984993	-36.5529315968048	36.55635769789683
0.005296086372254649	-0.17580670713505242	-923.2599000125192	923.2599167693406
0.013592624560598668	0.001668390308126491	0.6727634140545213	0.672902782175187
0.32922989488840637	0.2696901641105436	-3016.389619386824	3016.389705043588
3.2529534621517087e-14	1.3988810110276972e-14	10.63255713236159	10.632557132361672
3.410605131648481e-13	1.1368683772161603e-13	340.717456220592	340.717456220592
0.0	0.0	0.0470215302235486	0.04702153022354697
0.0	0.0	0.0009314618768635485	0.0009314618768424939
0.0	0.0	2933.8774275452474	2933.877427545248
-0.17506320934937736	-0.2762484358480181	211.65178867078887	211.65229861229918
0.4189801054631923	-0.3580776447813359	2995.6836385930906	2995.6837453111625
-1.6431300764452317e-14	-7.105427357601002e-15	-534.3794683362705	534.3794683362705
1.2495560142156137e-13	1.20570220474292e-13	-1981.478117268708	1981.478117268708
0.0	0.0	-38.011143216607316	38.01114321660732
0.0	0.0	-915.360056291579	915.360056291579
0.0	0.0	-6.978677113733678e-05	6.978677124000255e-05
0.32922989488840637	0.2696901641105436	-3016.389619386824	3016.389705043588
1.6264767310758543e-14	6.994405055138486e-15	10.500311450880247	10.50031145088029
1.7053025658242404e-13	5.684341886080802e-14	340.6583484922303	340.6583484922303
-0.6854216393082464	-0.48157731954810296	-4.1516413629312074	4.235309380049635
0.6854216393082464	0.48157731954810296	-33.81248032345256	33.82285536678123
0.07176856719174081	-0.526594667680801	-831.9505710499253	831.9507408031848
-0.07176856719174081	0.526594667680801	-83.40855377977678	83.41024695027095
0.32984934069884503	0.21018654200832082	729.3226116649755	729.3227165424033
-0.32984934069884503	-0.21018654200832082	2204.554746093501	2204.554780789616
-1.1887864844878303e-14	-1.262177448353619e-29	-235.70848171310124	235.7084817131013
-2.7755575615628914e-17	0.0	-234.37122172602983	234.37122172602986
-1.1102230246251565e-15	-2.220446049250313e-16	-234.37122172602966	234.37122172602966
5.329070518200751e-15	8.881784197001252e-16	-234.3712217260295	234.37122172602955
0.0	0.0	-81.70144834750603	81.70144834750603
-10.673420523672526	-6.572581496039124	-142.63077872333827	143.18089492814016
-10.54730589061505	-6.5449569819997775	-137.63668417404315	138.19568681356063
-10.562034060295861	-6.4937190690827125	-137.18177495101278	137.74132723895664
-10.218635836049083	-5.387339159683798	-129.9683092820839	130.48108774536894
-0.47891169496046304	-1.0713829235007022	-7.405251874224859	7.497664509768999
-10.624051691209962	-5.563051804558565	-129.9646136416706	130.51715488297464
-10.456544388269894	-6.11756825137093	-129.71418679128212	130.27909700630255
-10.456544388269894	-6.11756825137093	-129.71418679128212	130.27909700630255
-0.5021095931286477	-1.0814372023128858	-7.40469421890134	7.500074462396286
-0.47325354550942667	-1.0192874170185535	-6.979149254394328	7.069048031520403
-0.46216525682834575	-1.0502592536720363	-6.979487357340731	7.073180684516826
-0.46216525682834575	-1.0502592536720363	-6.979487357340731	7.073180684516826
-21.873286578177773	1.4133306931571634	-22.97586860628007	31.75419196881505
-18.298338008603896	3.6147468901073063	-27.79635316123234	33.474360606598765
-16.996649712168605	3.8998724599794627	-23.467771425737816	29.237499933013158
-17.14866606139501	4.428722998263272	-24.269746560817122	30.045148247377366
-17.01315259068135	4.393726012365059	-24.077960355521284	29.807723231196228
-17.097031112734268	4.3573719409332545	-24.058072067904007	29.83430902041973
-15.06020419457312	4.299685709672592	-22.39043644908009	27.324507167824542
-2.0656829657803657	-0.004463554033669714	-2.0931805833309305	2.9408282834710686
-2.0343075932664543	-0.028905466912476915	-2.0257961872558314	2.871078734959951
-2.0343075932664543	-0.028905466912476915	-2.0257961872558314	2.871078734959951
-14.866152291027758	4.115291539658968	-21.836035783263373	26.734819377066597
-14.866152291027758	4.115291539658968	-21.836035783263373	26.734819377066597
-5.551115123125783e-17	-1.1102230246251565e-16	10.500311450880247	10.500311450880275
0.0	5.551115123125783e-17	7.418503005473653	7.418503005473596
0.3909139718429372	-1.3599528306254651	2.9117009199894426	3.2373272436341267
-3.552713678800501e-15	-8.881784197001252e-16	6.599641257088848	6.599641257088848
-3.025947347791716	-0.6628122602814979	-2.6558198093240186	4.080325514414879
-3.063479123587933	-0.5322427528990067	-2.677236684277271	4.103143057743975
-1.2862708827513785	-0.07114660901646569	-2.2511400747116657	2.593681988941859
-1.7370070679284577	-0.6009522319959801	-0.1266604149744105	1.842384324698801
-1.293812338797949	-0.07441517676309184	-2.249405516731593	2.596018714351078
-1.2794021537187727	-0.09020257349632511	-2.2082407471643033	2.5536901872862994
-1.2794021537187727	-0.09020257349632511	-2.2082407471643033	2.5536901872862994
-1.7400720854178249	-0.6022806515010102	-0.12377768567846832	1.8455117883922465
-0.09509059105680746	0.29731260432245205	0.08650906671121948	0.323914840382126
-1.5959829989281933	-1.070303282632619	0.1551379848838188	1.9278948736992378
-0.08113352217665441	0.2899982996995109	0.09367974777890997	0.3153689226815426
-0.08113352217665441	0.2899982996995109	0.09367974777890997	0.3153689226815426
-1.5968552778843292	-0.6914003397053408	0.3763199133425281	1.7803364528733965
-1.5233906403844344	-0.7301822664106494	0.4174642882800917	1.7401613768213224
-1.5233906403844344	-0.7301822664106494	0.4174642882800917	1.7401613768213224
0.05586591311326382	-0.5704999435773404	0.1889538142016412	0.6035683306561699
0.08284012119418335	-0.5846422141952231	0.17816525269426636	0.616775373670326
0.08284012119418335	-0.5846422141952231	0.17816525269426636	0.616775373670326
0.35071279893484086	-1.2200967425120257	2.6122647253982483	2.9044039877374415
0.3502580545959484	-1.2202938347804002	2.6121813832858756	2.904356955885026
0.3012595591631241	-1.0495838079712427	2.2467566460123685	2.4980590301959076
0.2462659250059962	-0.8579868073211806	1.8366209033520184	2.0420491203655793
0.37716883070097385	-0.9232370060236191	1.8130825724599633	2.06927313583823
0.37716883070097385	-0.9232370060236191	1.8130825724599633	2.06927313583823
-0.17184914208401642	-0.17344068425209075	38.6393253886964	38.64398038394398
0.2855058621609735	-0.31380317946104425	112.30497764451445	112.30847667608818
-0.24286089948401984	0.02321076226118611	26.849560213204594	26.86255362333907
0.001897515051288448	0.3125146191820087	4.285040702280538	4.298541893289716
0.4035459901830732	0.14554340453969922	13.164637758015587	13.185377254411597
-0.8494525206865103	-0.49397804523575795	14.08822944183054	14.150902998561364
0.5132773168172317	-0.5146578527678746	2.116416472330896	2.2915638625463375
0.0026481357577805564	0.15948517660521172	0.4379574013852627	0.4865480495366511
0.04029377765540601	-0.3449391827167081	0.42491726539922076	0.5662517952513401
-0.41924923033812345	-0.37490514897222166	1.3803598361201164	1.4970627408156771
-0.13190803423881675	-0.1786586646367579	-0.17952373060155857	0.3178477665418453
-0.6308468106049441	0.04241924016596677	-0.5144220088194036	0.9821083015861738
0.6705120063121517	-0.36047409025558297	-0.7269550693612035	1.1866470476617255
-2.7419333582340997	-0.24318203409532407	-1.6791220200909025	3.3391575375118094
-2.1972453460464667	0.765235224679063	-1.9984921570383087	3.1156993731835083
-3.265568863285263	1.3935173037615751	-5.097467754827092	6.259486499876356
-0.04589375033072701	-0.03677278105721843	-0.20966427095744666	0.2586452496417029
-2.3965558120408783	0.3018761691090389	-3.7131387583772115	4.478393575564246
-3.983377197449527	0.8200006517945018	-5.7857482331564976	7.131011944120969
-0.6363847617118912	0.22149196810361355	-1.5778285876958136	1.7853031259211072
-3.412451232908734	0.25112578592671475	-5.865425861980538	6.946520996892103
-0.11835735771174195	-0.28226424430720903	-2.8521318267365405	2.9203556542521225
-0.676638488680181	-0.4748576202080902	-6.335063369233142	6.457298807468385
-0.5869442924710052	0.19104747935394642	-2.922571625970626	2.9900915121715546
-1.8661547840996833	-1.4893600872667183	-24.27943136843485	24.429401310061156
-0.4683727466275817	0.038655274894321155	-2.9646732974351577	3.0047253819585014
-7.493786078030232	-4.780785073715048	-95.59932851736556	96.0117900492456
0.62210985407728	0.6093285801921695	339.87101690942654	339.8721324807848
0.9687623250441252	0.8432477121846325	275.32417094267214	275.32716660804886
-0.3461975825232654	-0.23287165624415415	64.54543363031732	64.54678213900462
0.013458298832236648	2.1749520903470145	275.3219631460036	275.3305540405758
0.013458298832236648	2.1749520903470145	275.3219631460036	275.3305540405758
-0.33827825492009167	-0.22754467815883783	63.0689460405374	63.07026370186293
-0.5571123926659676	0.07751262569317469	63.0684100975269	63.070918295637924
-0.5571123926659676	0.07751262569317469	63.0684100975269	63.070918295637924
0.0	0.0	0.7866779018474972	0.7866779018472698
-1.3877787807814457e-17	0.0	0.5845127337918257	0.5845127337918257
0.6125445594834146	1.1998952486118775	-2.0531122247422218	2.4556525105112996
0.4533788591047164	1.0439996144382138	-1.407649484376868	1.8102388394067894
0.45292397066114043	1.0429521386899103	-1.4062371479385831	1.8084225731392962
0.6041374710547379	1.319239422119785	-1.2564449300982616	1.9193823483550538
-0.15913282799677125	-0.28161426151519053	1.3266953719396526	1.3655586619259863
-0.13631862650048265	-0.241240414161919	1.1364926593966522	1.1697842836260315
-0.14032572658622242	-0.23564894775167874	1.1367531624149738	1.16937140737187
-0.14032572658622242	-0.23564894775167874	1.1367531624149738	1.16937140737187
0.48467121032471866	0.04473866660761906	-0.008355780828243883	0.4868033992082483
0.48374918821671076	0.046107235647880086	-0.0076962913806785565	0.4860024559407413
0.48374918821671076	0.046107235647880086	-0.0076962913806785565	0.4860024559407413
0.09665205923373071	1.2341269081588944	-1.057886436727017	1.628353327446761
0.09516067426965805	1.236659221175568	-1.0601963988395655	1.6316856276128695
0.09516067426965805	1.236659221175568	-1.0601963988395655	1.6316856276128695
0.0	-2.220446049250313e-16	-1981.4781172688529	1981.4781172688529
1.3877787807814457e-17	4.440892098500626e-16	-1981.4781172683315	1981.4781172683315
8.43769498715119e-15	-4.440892098500626e-16	-1981.4781172685223	1981.478117268522
2.220446049250313e-15	3.552713678800501e-15	-717.0083594159971	717.008359415997
-2.5910427131702543	0.12384040711855476	-1259.321516434365	1259.3242312817365
0.0	0.0	-240.04446226135013	240.04446226135016
-1.4635559963614957	-2.869173542854259	-469.2985157346892	469.30956843405164
-9.103828801926284e-15	4.510281037539698e-16	0.5172994635204873	0.5172994635202599
-2.1094237467877974e-15	-3.774758283725532e-15	0.5172994635201889	0.5172994635203452
0.0	0.0	0.5172994635203025	0.5172994635203294
-2.328611210309652	-4.874026581421085	-224.96778660560955	225.03262780208613
2.328611210309652	4.874026581421085	-14.559376192220363	15.529133922784377
2.4203363411157386	5.053845679001182	-15.018671192806693	16.029967827444995
2.4764363494564896	5.051164346178315	-15.129753759347912	16.141760965381117
2.648702482238548	7.122904041037572	-27.727697110798715	28.750244762186384
3.7641773320349365	7.032410094241687	-34.46814936301996	35.37904949588179
-1.1093037146014244	0.013169094347393717	-5.443557844229787	5.555452291195568
-2.1476795843903584	0.12056884904174381	-34.01537669832274	34.083323141579996
1.0599942722185425	-0.3782802018042661	-14.11057844051237	14.155391470887182
-2.18328208006524	0.050828183260563264	-35.00837114103923	35.07642162613078
-1.7716710662077535	0.9459665345787394	-38.43208124368079	38.48452337982454
0.019685140789512535	-0.0950466245047448	0.032846465744119716	0.10247075636262401
0.5413535764540902	0.5219108191244288	-3.01983657998087	3.1120519866559686
-1.2208679223651948	-0.24362667809989283	-12.114743905563792	12.178542291240658
0.5048913134010742	0.48619767484439613	-2.6174520877805914	2.709678735422132
0.31557684355393856	0.303892587371136	-1.636010060167946	1.6936553267466556
0.28506303892865803	0.37978806465006554	-2.0628452751974793	2.1167972363026273
-0.45342839389877065	-0.35502547694810227	-5.601330862700573	5.630856758177906
0.2841905540287485	0.38170869523214385	-2.0631620113342137	2.1173340038897086
3.2868849752050586	6.097456347134834	-25.841590797829685	26.753885731009838
2.85558882055806	5.297364620321412	-22.45072716093236	23.243313220953574
2.5421977891172034	4.990412221189132	-19.38899313901915	20.181675814493513
2.5334469151117047	5.009280577127269	-19.39501131960523	20.191030415996195
2.817637469140453	5.390989272359413	-21.458173330939445	22.308364419885905
2.817637469140453	5.390989272359413	-21.458173330939445	22.308364419885905
-1.2460940055630232	-0.2683344903263105	-12.70004632809719	12.763852490733877
-0.13385679795804073	0.446297441697204	-2.1852155423747592	2.234337936718898
-0.92292273775785	-0.5323268445502531	-11.496272813335146	11.545537962690524
-0.43898053923379454	-0.2531968448810787	-5.4681067356049455	5.491539294956551
-0.44106297349029366	-0.24844715613167653	-5.4682882478785455	5.491669955292346
-0.4555720735679922	-0.35014454044858256	-5.601332248662053	5.630725537026513
-0.8966350470582858	-0.5985916965802591	-11.069620496540598	11.122395492318859
-0.8966350470582858	-0.5985916965802591	-11.069620496540598	11.122395492318859
-0.13476594150022742	0.448309811643522	-2.186313472918521	2.2358689917053147
-0.13476594150022742	0.448309811643522	-2.186313472918521	2.2358689917053147
-1.0724715795071238	0.5726357690494525	-23.26465429239173	23.296399858290254
-1.085023876528778	0.5603413595135311	-23.468940385493095	23.500689821144558
-1.0938306493678436	0.5805333227846136	-23.47175971960198	23.50440360364606
-1.0938306493678436	0.5805333227846136	-23.47175971960198	23.50440360364606
1.0365131944223585	-0.42427658401634183	-13.95175836494207	13.996640014506596
0.8038267337923609	-0.32903089183003864	-10.819733330451385	10.854539515235984
0.7900642583964732	-0.3425106165731009	-10.633355283480089	10.66816571110403
0.7860362956090744	-0.3333067774541371	-10.631461072347637	10.665688491548773
0.7860362956090744	-0.3333067774541371	-10.631461072347637	10.665688491548773
0.23236121650655017	-2.950230901350675	-472.6682039984711	472.6774681801967
0.2339381862650214	-2.9312656480334454	-461.8769879104077	461.88634858226624
0.22776705107000517	-2.85394079558503	-449.6929778139478	449.70209155736643
0.20614864864039478	-2.583060348475122	-407.01058051934365	407.01882923609605
0.20182649595039948	-2.591526884331529	-408.9331256166164	408.94138696407583
-0.24083045359431304	-3.07726072926208	-310.5485135120873	310.56385297949646
0.6753434101741685	0.39048815274556653	-101.51663713883484	101.51963448366506
0.6741582505614829	0.3893273422884249	-101.08651250850774	101.0895102187113
0.39296824404107733	-0.9314829719279876	-104.6613178053403	104.66620051056722
0.495753124799461	0.4643027618672798	-75.0183041056316	75.02137894694052
0.2999918130155086	0.4237197654601975	-34.341672066014915	34.3455961342532
0.4992667375917645	-0.67883934958275	-121.51084271133034	121.51376459708369
0.45398750616845773	-0.574770185802825	-121.50884166010114	121.51104915604091
0.08946281823254325	-0.21206062593777525	-23.827107133480652	23.828218726024904
0.0805830410087866	-0.1916522833467768	-23.82657069598154	23.827477737998564
0.5345705471772444	-0.7664224691496018	-145.33541235608268	145.3385268940395
0.5345705471772444	-0.7664224691496018	-145.33541235608268	145.3385268940395
0.28718838338555064	0.45314191608716736	-34.342085612166834	34.34627576546059
-0.1055299814531736	0.382014700736363	-48.948112749669235	48.94971719622845
0.18165840193237703	0.8351566168235304	-83.29019836183608	83.29599296168904
0.18165840193237703	0.8351566168235304	-83.29019836183608	83.29599296168904
0.5176756410071022	0.821539827941848	-31.983133081489257	31.99787051455837
0.5176756410071022	0.821539827941848	-31.983133081489257	31.99787051455837
0.5261829749118185	-2.0767631789271084	-190.41721111198183	190.42926272369345
0.5214177295771805	-2.0814305220900593	-190.99200735532563	191.00406043611673
0.3068546112990631	-1.2249229697422548	-112.39889795309068	112.40599119754948
0.2649629175914183	-1.1286463560053708	-112.39609882882657	112.4020777382873
0.2649629175914183	-1.1286463560053708	-112.39609882882657	112.4020777382873
-1.1721134297445062	-0.9778000813351938	-314.6004147379703	314.60411773559827
-1.1735776067021249	-0.9792341767138595	-315.4046732985363	315.408376747556
-1.291103507301053	-0.7091089029718827	-315.40486135611394	315.408301017542
-1.291103507301053	-0.7091089029718827	-315.40486135611394	315.408301017542
-2.5905805857713915	0.12939813144248546	-1246.160442417645	1246.1631855414853
-2.592017924504262	0.12658257151383623	-1245.4797343286384	1245.4824816528399
-2.186917923280839	0.1038851024984857	-1051.0106219989864	1051.0129541812576
-2.1878400755167036	0.10298189592015206	-1051.7072585272495	1051.7095909938114
-2.5797098583064573	1.003682573189781	-1051.7119170783515	1051.715611610992
-2.5797098583064573	1.003682573189781	-1051.7119170783515	1051.715611610992
-1.2337294634901352	0.7718066304540788	-469.34735763809346	469.34963312580163
-1.7365474744951679	-0.5325650766252535	-668.3594533499454	668.3621460290464
0.1863384207961906	-0.7032626780729966	-131.10556060426035	131.1099121754417
-1.0385247034295972	0.42923607714829715	-145.38061369109957	145.38501929005852
0.16852527927469227	0.06119877913753105	-31.521141783033993	31.521960680632702
0.39967503132992876	-0.03755063248666698	-19.08926477051647	19.09399537667405
-0.3107616851845256	0.019551748641745137	-87.99949765382547	88.00015921693772
0.008941899315964397	0.41259564617481215	-12.492180809194164	12.49972464075927
0.8605630618071431	-0.2602886845806655	-56.486809371412924	56.49413625970319
-0.050460934335513394	-0.06385366372711852	-22.23696667570256	22.23752526997938
0.33480134151523505	-0.011005749818986062	-74.92325307433441	74.92562835404163
0.04527795902610901	-0.05861820525097693	-12.337305581188687	12.379315134144575
-0.4869426649969436	0.6247857772857195	-32.06532703861406	32.08824946480659
0.0956234213751044	-0.38978809571069806	-5.305853044786732	5.344227806076935
-0.401263641145599	0.0037022248179011674	-6.203836178693923	6.236683835208069
-0.04925755171686408	0.17679046585467378	-7.810649594787824	7.814051961222004
0.16911481316384847	0.9016683699272168	-6.854970033877719	7.017607913785162
-0.06941638931354982	0.058663756654455265	-0.10154021690923587	0.1918074229536434
1.1573368699010722	1.862708793855683	-8.912919652342124	9.255897556684936
0.155464975620825	2.194504331315052	-6.729954688569132	7.09788168689074
0.6107708624247876	0.42721443087268807	-2.128955226477032	2.3098959467423783
0.5285482106111148	-0.08149991340550913	-1.7511911609126627	1.8363430272647747
0.3416156261609842	0.37563192165545445	0.2279283871797223	0.5737871654074185
-0.26499139238971436	-0.026547703044293783	0.18130444958319816	0.944034737640911
0.45541789933818766	0.6687482795907375	0.03831681267728737	1.1469249028321864
0.0017392627193850707	0.08104529586686357	1.695840396022434	1.9041677233652181
-0.6376683403168193	-0.2753732513131929	37.25054539432616	37.26335917430957
0.4084161305658175	0.5534563230796453	47.0850053262058	47.094210633621636
-0.09081837797773284	0.3514776681234416	83.75876471075235	83.76317700329447
-0.28285765925551887	0.12218089479393926	64.57141346436137	64.57578937426476
0.2393671869808379	0.11296562997461936	125.50118071541277	125.50447135407641
-0.8061859958409476	0.4360774874947043	230.98423184463218	230.98874475210295
0.6593938393989738	0.4148855464914264	365.4236794568973	365.42571780028607
-0.2240027373671172	0.10931826926688877	285.4795900765742	285.48022456489286
0.2769033363829659	-0.24422089152928828	2092.150723957726	2092.1509675135594
0.7338082312574123	0.3180422854798038	-298.6410635890218	298.64231680556884
1.0757563679041162	-0.9345920081632411	-298.7067987324694	298.71038017280966
1.0757563679041162	-0.9345920081632411	-298.7067987324694	298.71038017280966
0.3402729761055066	-0.27376451479790864	-226.66500633613984	226.6660891480961
0.8505956488745087	-0.6462703664488775	-262.7197913060396	262.7219978262837
-0.23827527692662673	0.3154619892072423	-810.9352911406778	810.9353987392525
0.4523929146797189	-0.06032895202982248	-2014.7763293303165	2014.7765994966458
-0.51085759531456	-0.8331003691884575	-5.981466864259922	6.060773676361137
0.07340494630625471	-0.7078556494234363	-880.6862558447756	880.6865433780476
0.34799575015495066	0.19882675960434426	766.2118703662418	766.2119764089584
-0.3039383481373079	-0.2455988717301807	2175.051378361881	2175.051417151466
0.0	0.0	6.599641257088832	6.599641257088832
21.873286578177773	-1.4133306931571634	-52.12593848413715	56.54689763577983
-0.31312039271718806	0.007837470991538475	29.876058505863774	29.87770034075719
0.1412712506331716	-0.18127815524362922	8.763266882832626	8.766280043186795
-0.09881640024614158	-0.008660465920465502	31.35329170753915	31.35375927010302
0.19179701232357727	-0.3823281263983603	48.435655840685314	48.43774558536334
0.19252525008353794	0.07718541285778144	32.51603009629	32.51697182062184
-0.2138661268176536	-0.3521035302402625	13.505990682416448	13.512992996173262
-0.028994772666366214	0.3753142925014486	13.343569530788143	13.34956062716581
-0.05824123414399975	0.07887829160999207	1.0860548903766343	1.0904719396449092
0.0601387491952882	0.2336363275720166	3.1989858119039036	3.208069953644807
0.3577197238143378	-0.14808731110073933	7.726578349416121	7.737531003303368
0.04582626636873538	0.2936307156404385	5.438059408599465	5.447846251108228
-0.8169822513599918	-0.17810899360238094	11.235788480618352	11.277670217568666
-0.03247026932651867	-0.3158690516333771	2.852440961212191	2.8732327809926974
-0.1636508235894873	-0.14574594901944948	-0.41415620627728744	0.46856038769308334
-0.4671959870154568	0.18816518918541625	-0.10026580254211614	0.5135479138930904
0.035168193518854404	-0.032902059607954934	-0.009902211349272994	0.1479769781129169
0.27529779396214105	-0.13569364932595804	-0.2582361068932385	0.4246967313639153
0.3600460188311564	-0.19187838132167007	-0.4588167511186921	0.6139733381848934
-1.5400865906339787	-0.3686085825171637	-1.3338904664304	2.075206629492546
-1.2018467676001212	0.12542654842183965	-0.3452315536605025	1.2639509080192635
-0.4315313331646799	0.14710618720279922	-0.39188052608510077	0.616157016466555
-0.9842545958607226	0.29461244046134016	-1.066344189209532	1.4868971483624802
-0.7814594170210641	0.3235165970149237	-0.5402674417436759	1.0126452083544732
-0.3677562884493077	0.0016104935759759242	-0.7945542623168393	0.8865909665958854
-2.8978125748359553	1.3919068101855994	-4.302913492510253	5.372895533280472
-2.2908697426817075	0.22626516889741802	-3.3330045384249494	4.053107344082074
-0.10568606935917077	0.07561100021162093	-0.3801342199522624	0.4252862314821728
-3.265765452120047	0.7998309819264878	-4.353301227811446	5.522671917683956
-0.7176117453294796	0.020169669868013967	-1.4324470053450515	1.6083400264370131
0.02331877611758232	0.19436264953496632	-0.17412448196095975	0.2968496672931375
-3.4357700090263155	0.05676313639174843	-5.691301380019578	6.649671329598964
0.01099938527624721	-0.002507753704048543	-0.606642004917313	0.6215797598339192
-0.06223987403998494	-0.30316198889574864	-1.6367139088788172	1.6711771340432817
-0.0671168689480042	0.02340549829258816	-0.6087759129404102	0.6275987603749212
-0.3994205913784014	0.0960540509108579	-1.656016455063098	1.7062103296350093
-0.18752370109260386	0.09499342844308853	-1.266555170907528	1.2838811825365453
-1.277911208814789	-0.8094566763141784	-14.903005057268956	15.008936920992381
-0.5882435752848943	-0.67990341095254	-9.376426311165895	9.420464389068776
-0.26570987944588176	-0.04473635138987127	-1.576883702580828	1.5997391326825263
-0.20266286718169993	0.08339162628419242	-1.3877895948543295	1.4049862492759748
-0.17611174612123065	-2.117988540625845	-18.202880675817468	18.32653146952235
-0.9567803447542262	-2.184672136146979	-232.17387302498386	232.18612261802286
-0.7604216013765839	0.5503742963231048	-305.7431347429256	305.7445757414326
-0.47330786211355147	0.22143233413097424	-163.60422289516788	163.60505738436908
-0.7222167263512171	-0.417778531430384	-232.43766717029806	232.4391646333969
-1.014330748143951	-0.11478654519486953	-435.92178617964737	435.92298139564946
0.1270849920332552	-0.20255794882847972	-19.674154967907494	19.676103115301387
0.16720532572297364	-0.5125029627429093	-81.55141249866162	81.5533137108452
-0.10795189696003822	0.011798233498392291	-29.879993137691258	29.880495349295124
-0.7819315069327563	0.3424908672205239	-116.94576400650612	116.94887958394936
-0.256593196496841	0.08674520992777326	-28.434849684593463	28.436139706109177
-0.04488590107471357	0.12094763546091959	-5.026946679854895	5.028601793415639
0.053827800390677964	0.2916480107138926	-7.46523412933927	7.47112284734363
-0.03268753039789929	0.015393796293270819	-1.637788172138745	1.6381866622596466
-0.017773403937614105	-0.07924746002038935	-20.599178503563817	20.59933860771973
-0.08835069444437255	-0.17263717648120713	-8.249586110022888	8.285597139683217
0.13362865347048156	0.11401897123023022	-4.087719471165798	4.093717994461357
-0.5157145144516545	0.25244488238172635	-25.196680460066986	25.20813384203357
0.028771849454710896	0.37234089490399325	-6.868646578547077	6.880115622773022
0.0956234213751044	-0.38978809571069806	-5.305853044786732	5.344227806076935
-0.401263641145599	0.0037022248179011674	-6.203836178693923	6.236683835208069
0.20444819176470513	0.9459800902903626	-6.033733012965964	6.182669589343825
-0.03533337860085665	-0.04431172036314561	-0.8212370209117557	0.8349383244413376
-0.010878711168502787	-0.018432953829924888	0.02472691965327521	0.03270383309527113
-0.058537678145047026	0.07709671048438016	-0.1262671365625111	0.15910358985837225
0.9866465082454218	1.7013415369934282	-8.034376170906064	8.346494873643381
0.17069036165565032	0.16136725686225517	-0.8785434814360602	0.9094026830415549
0.155464975620825	2.194504331315052	-6.729954688569132	7.09788168689074
0.6107708624247876	0.42721443087268807	-2.128955226477032	2.3098959467423783
0.056186634910682154	-0.3925189372780634	0.10203609108427261	0.4325727717370159
-0.32117802730039646	0.36597123423376965	0.07926835849892552	0.5114619659038949
0.20236691104233023	0.030096642366296084	0.015554653328119202	0.2481529905253956
0.3006944953724511	0.15803343935698516	0.1231398994506726	0.387343474501653
-0.04764350707659365	0.4806181978674563	-0.10037774010150441	0.511428437805138
0.0939546532010276	-0.18141676822729194	1.5365462521868647	1.5563398377801871
-0.09221539048164253	0.2624620640941555	0.1592941438355696	0.34782788558503125
-0.023788269628668812	-0.22292314440626015	19.1639611274084	19.165780612534522
-0.6138800706881504	-0.052450106906932734	18.08658426691776	18.09757856177504
0.30101958251445443	0.29983429911130866	12.758919889954663	12.7667548711159
0.10739654805136309	0.2536220239683367	34.32608543625115	34.327455762505735
-0.13388679920807225	-0.11405436960832797	21.885279162313697	21.886430907563042
0.04738703735564831	0.38102980075167425	54.54133862527928	54.54286871867533
-0.004318616125308906	0.08450223698009532	7.332146923159366	7.333877377056098
0.13251636698703395	-0.14151875004759062	23.21499899831103	23.216228083403568
-0.4153740262425528	0.26369964484152986	41.35641446605034	41.359561290861194
0.24639045325198558	-0.05584308656741872	112.94238200351423	112.94376076191905
-0.007023266271147643	0.1688087165420381	12.558798711898573	12.56071059215739
-0.6776091353975577	0.44751441521705526	187.5560863922507	187.56019769091333
-0.12857686044338995	-0.011436927722350873	43.428145452381536	43.42854706118964
0.14011083465805116	0.03910094514669751	28.862531079213348	28.86289764088934
-0.36411357202516836	0.07021732412019127	256.61705899736086	256.6173269240035
0.20190936504939827	-0.06535769775913765	-52.14962123434456	52.15023982390542
-0.003533550487474696	-0.11993397222347624	-69.06607043846734	69.06631568456439
0.1418971615435831	-0.08847284481529477	-105.44931466332794	105.44953363962628
0.20713760948440305	-0.2254761301542317	-81.75031196713361	81.75088532975163
0.6434580393901056	-0.4207942362946458	-180.969479338906	180.9711124965321
0.0014694788257656449	0.0038323178366501754	-0.6903407724184737	0.6903529735514352
-0.2397447557523924	0.3116296713705921	-810.2449503682593	810.2450457657011
-0.51085759531456	-0.8331003691884575	-5.981466864259922	6.060773676361137
0.07340494630625471	-0.7078556494234363	-880.6862558447756	880.6865433780476
0.34799575015495066	0.19882675960434426	766.2118703662418	766.2119764089584
-0.3039383481373079	-0.2455988717301807	2175.051378361881	2175.051417151466
28.971758532276425	2.9578346059318195	-57.34444858437007	64.31560744837948
0.011879816050806312	0.06518271367458481	8.183180272714788	8.183448496321086
0.18064543403273162	0.012002699183196623	24.332849823575213	24.333523324300753
-0.005046000293097763	0.32283903001544195	12.41713140736397	12.421328547670136
-0.02394877237326845	0.05247526248600667	0.926438123424173	0.9282320794956754
0.04624978839439133	0.2751762240522945	5.372396205655621	5.379637719006095
-0.0004235220256559411	0.01845449158814402	0.0656632029438455	0.06820853210213283
-0.06780374519213278	-0.21407018111593246	1.5274751950311958	1.543892438526945
0.03533347586561412	-0.1017988705174446	1.3249657661809946	1.3293403424657522
-0.14196074531749253	0.011679994184254496	0.0032052686707194147	0.14247648656004153
-1.0598860222826287	0.11374655423758515	-0.34843682233122186	1.121474421459222
-0.15111238947924374	0.07301877655909363	-0.06717157995597019	0.18077255637428707
-0.28041894368543613	0.07408741064370558	-0.32470894612913054	0.43538446009226783
-0.23886705637730501	0.024025039462849132	-0.2987485242558045	0.38325625094520127
-0.7453875394834176	0.270587400998491	-0.7675956649537276	1.1036408974172789
-0.26671902956852866	0.060283206971413976	-0.12407734714181862	0.3002803587490986
-0.5147403874525356	0.2632333900435097	-0.4161900946018573	0.7123648496053746
-2.0572229230290855	0.9214291498749616	-3.0383906102873603	3.7832545954453076
-0.8405896518068694	0.47047766031063765	-1.264522882222893	1.5896409378351644
0.01958048091347269	-0.03298587228553189	-0.04535978960453322	0.059405164053370034
-0.008581095637225481	0.030478118581483346	-0.5612822153127799	0.5621745957805492
-0.09963178706721151	-0.26689672026150196	-1.4194175603500754	1.4477246157024177
0.03739191302722658	-0.0362652686342467	-0.21729634852874172	0.22345251834086402
-0.06800861936529032	-0.005528003280362712	-0.5880532196640972	0.5919985813205565
0.0008917504172861277	0.028933501572950868	-0.02072269327631303	0.03560017905436474
-0.24090214039405744	-2.244904509497104	-20.519574885381928	20.643415017259237
-0.11775485279316611	-2.224773851946246	-233.84134361274675	233.85195630464722
-0.06445473893506798	-0.0584357228458088	-12.270093155569919	12.27040159055275
-0.04349715802497023	0.0702339563442011	-17.609899982121334	17.610093758742373
-0.09317312211445505	0.23356165571640497	-1.9162105231780922	1.9376725295425954
0.0048224276700825075	-0.4061988321976121	-6.333375586844796	6.3479246101406215
0.037398036893962525	-0.02916422957976023	-0.6959668170334196	0.6975808023893233
0.09623061657651905	0.14318320080999045	-3.391752654132379	3.3961371920720334
-0.5157145144516545	0.25244488238172635	-25.196680460066986	25.20813384203357
0.010044316150448089	0.36891713030706175	-6.736858100339883	6.746959152198566
0.018727533304262807	0.003423764596931468	-0.13178847820719336	0.13315647057445398
0.0014662676269373703	-0.14543432510212015	-4.000340094387612	4.005415577505504
0.09415715374816705	-0.24435377060857788	-1.30551295039912	1.3388122285714312
0.8309941268398813	1.2882459088592007	-6.476957558379399	6.721715448193481
0.15565238140554033	0.4130956281342272	-1.5574186125266636	1.6247794254498997
0.06166954656514863	1.8416513750475303	-5.193128882352623	5.51212756508891
0.09379542905567638	0.3528529562675219	-1.5368258062165094	1.5857541218018296
0.5761070338292731	0.3814972254021542	-1.9622862716485245	2.085062743472573
0.03466382859551452	0.045717205470533887	-0.1666689548285078	0.2248332032698051
-0.18643689001098668	0.27728876289528415	0.005737432281153761	0.3341866097170062
-0.13474113728940978	0.0886824713384855	0.07353092621777177	0.17727535618688872
-0.06466673511862803	0.2629388320031469	-0.1114278274868864	0.2928050148896518
0.017023228042034384	0.2176793658643094	0.01105008738538199	0.21862342291548623
0.018012546147869745	0.04733243862102465	-0.011398401792161707	0.05191083825134943
-0.11022793662951227	0.2151296254731309	0.17069254562773134	0.29591704733368185
-0.21769043691489443	0.03327863485219251	5.3072045509615	5.311771525546657
-0.39618963377325606	-0.08572874175912526	12.779379715956262	12.785807036228384
0.11265358522477761	0.2310607770113265	24.606043488254247	24.607386209404606
-0.0052570371734145145	0.02256124695701025	9.720041947996904	9.72006955310113
-0.01089578064728279	0.058937742247952965	7.097060203739728	7.09731328821008
0.006577164521973883	0.025564494732142357	0.23508671941963757	0.23656408884601735
-0.2909964711526672	0.22088743063955102	34.07842600817152	34.08038423195458
-0.12437755508988563	0.04281221420197883	7.277988457878822	7.279177058906614
0.24639045325198558	-0.05584308656741872	112.94238200351423	112.94376076191905
0.024209851176520046	0.01923505218957652	7.3782750360219085	7.378339827583897
-0.15278671161991	-0.030671979911927393	36.04987041635963	36.05020723360574
0.16433206251405477	-0.05452448999428665	-80.92793039144736	80.92811560508333
-0.02243490097047171	-0.03394835482100811	-24.521384271880557	24.521418034542943
30.56990295057538	3.3078967823018175	-63.19244331145068	70.2762124705143
30.383265273435875	3.9571916543439203	-62.653852999031784	69.74458738919796
25.559355906183136	3.613289085773423	-49.855746250843126	56.142069489686335
4.823909367252983	0.34390256857052903	-14.135366735259678	14.939777886582732
21.530937952679103	2.333133608174271	-44.0332265874866	49.07086554423761
5.257961196298952	1.3678111624750762	-9.425415847880117	10.879132650328641
21.38601200713514	2.2703207682758375	-44.07427642104924	49.041387704664785
21.45799397651841	2.5005369946003038	-43.901660799418615	48.929071232804674
-0.07198196938326182	-0.23021622632446562	-0.040369940149278805	0.24456215334149067
16.862396828195692	1.761445831538146	-34.94911639602883	38.84435422390438
6.7009292228953665	1.2845682233832993	-12.753584847710695	14.463972291128572
11.513312854512066	1.3715765590165185	-22.601060140112658	25.401683302492096
5.3431978328147665	0.3710439312583172	-12.351357404198493	13.462669364051436
1.2737057260957507	0.09431726546640695	-3.943899823313645	4.158661784707618
4.055881031654061	0.23319506524636757	-8.41509113537701	9.350251852120733
1.2856290348070967	0.07358742992673317	-3.9855175138636483	4.2013696550406125
1.2856290348070967	0.07358742992673317	-3.9855175138636483	4.2013696550406125
11.635593736059779	1.2228163635854084	-22.96836192277976	25.77650036109409
11.635593736059779	1.2228163635854084	-22.96836192277976	25.77650036109409
5.22635511086736	1.3541126630340041	-9.435845011206705	10.871227158172756
3.121023036294547	0.8086356027128395	-5.634804566885471	6.4919718759441185
3.1569515777261397	0.7685628344871708	-5.728001970679433	6.585365492572902
6.774378954779815	1.19819162120961	-12.960267818743889	14.672982495650592
9.931330532505955	1.9667544556967806	-18.688269789423323	21.258347988223495
9.931330532505955	1.9667544556967806	-18.688269789423323	21.258347988223495
3.59436612445875	0.25624688369469495	-10.532470550737541	11.131849181704428
3.5606434174337043	0.24163101219318137	-10.539590116513924	11.127422294326992
3.592990166384715	0.18595128193548358	-10.656168800232873	11.24713695631234
3.592990166384715	0.18595128193548358	-10.656168800232873	11.24713695631234
-0.11594833661304449	-2.2030479838413157	-226.92559641948557	226.9363196467183
-0.12156708033047892	-2.2140543731485707	-228.90417200796378	228.91491165495566
-0.10888073058664635	-1.983002776430004	-205.01646858024583	205.02608747215504
-0.11268407082789622	-1.9867279768813404	-205.80388166624127	205.81350173068384
-0.06869653154146772	-1.2111855750757794	-125.46593981119885	125.47180457145777
-0.1154548732562991	-1.103721211661274	-125.46376282552276	125.46867064203666
-0.1154548732562991	-1.103721211661274	-125.46376282552276	125.46867064203666
0.21938565005563046	0.37947606367866965	-6.2369350914449395	6.252318888320772
0.21330284818265266	0.3735182332335141	-6.004848372800907	6.020234044946293
0.1277429610401371	0.2236928644988012	-3.5961878534400107	3.605402035689286
-0.5031954116398265	-0.4658825489966142	-23.3556210458447	23.365686093262042
0.5869508333935394	-0.08596698831062743	-60.578508662694944	60.58141310171055
0.5643743079939023	-0.03407972528169055	-60.57749003079824	60.58012857545502
0.5643743079939023	-0.03407972528169055	-60.57749003079824	60.58012857545502
-0.4729741401935349	-2.855432169894518	-38.17034322166488	38.27992031174905
-0.5163012677017385	-2.8978691396923058	-39.47516725742076	39.58475770484333
-0.2640682005720504	-1.8553527321314438	-17.744769316498974	17.843455491326353
-0.1666731799871726	-0.8926910388261479	-24.13905846028265	24.156134222773954
-0.17569929490485006	-0.8719711676315597	-24.13756445153727	24.15394836484352
-0.5119168260933544	-0.4458522507250197	-23.35549677728564	23.365360531781118
-0.6876161209982045	-1.3178234183565793	-47.49306122882291	47.519308896624636
-0.6876161209982045	-1.3178234183565793	-47.49306122882291	47.519308896624636
-0.24179715181334477	-2.2872529478475494	-15.88785543220331	16.053471342505787
-0.24803280911805492	-2.2731794289665737	-15.88369455099354	16.047448943054402
-0.24803280911805492	-2.2731794289665737	-15.88369455099354	16.047448943054402
-0.0222710487587036	0.43190021571611936	-1.7978061559337988	1.8490918771823956
-0.023039912953663425	0.4335867866835453	-1.7987022521484248	1.8503670260408616
-0.023039912953663425	0.4335867866835453	-1.7987022521484248	1.8503670260408616
-0.066095828514392	-0.21139088506115444	-0.037068791866978756	0.22456371070237324
-0.052484753449434596	-0.16785928451561172	-0.02943523737482412	0.17831943792546223
-0.047343363711524054	-0.1707846988610533	-0.030270279120322298	0.17979181641722186
-0.047343363711524054	-0.1707846988610533	-0.030270279120322298	0.17979181641722186
4.097721972812733	0.17983796513312722	-8.548159162321818	9.487022300203671
4.097721972812733	0.17983796513312722	-8.548159162321818	9.487022300203671
0.47377354007140576	0.3391501836280382	-1.3989511719171552	1.5218503147928526
2.6702856246942854	-0.5627701617438386	-4.1449222750354515	5.003396932629904
-0.1050815897024931	0.4459472637746633	-1.33098022451132	1.638298667991434
0.08989934470832839	0.08076904181799144	0.16631321818421752	0.2459374254520333
0.7235795031061345	-0.20451812872688102	-0.8231738292117257	1.1230448413987577
-0.0040293544221089925	0.10918023231212781	0.003673020882599478	0.17728461525804537
0.05567001561041501	-0.32418485180721324	1.1410917172357766	1.6030349678090563
-0.10361639099374227	0.41905346083488393	1.2962425796459036	1.5799433036373278
0.44712176236888357	-0.1308780772873614	1.461739217324353	1.5405220757465
-0.5678888225373188	-0.008577624366960385	3.9019622393217324	3.980957200221483
0.5642609212200524	-0.1695292392437379	2.7558900785006712	2.821396865978464
-0.09639396377985684	0.1920337480550362	14.025322452039514	14.052395575824805
-0.3021915010823921	-0.06787833101934039	37.30480904020653	37.312827251187656
0.8147862085385676	0.05658405393699378	503.5340123709182	503.5346941100104
-0.8915575287560357	-0.3582057502267506	265.9231097956396	265.924882230594
0.5436594153760019	0.11595795458038771	643.1230982670959	643.1245441750219
-0.3030707918169762	0.034232582706252734	1276.3208114450217	1276.3217840885468
0.2701128627601689	-0.14948220039776183	13.80324548752925	13.807357150311597
-0.017172691184204662	-0.1740575553991731	89.13959115588484	89.14490834507251
-0.3765666278473321	0.36349877294872457	43.037601134869035	43.04766712021124
0.00041787618286723196	-0.06285919028319097	4.095384561628355	4.098090501739491
0.2121975722985795	0.23674296910989512	8.10200779152125	8.131579409428614
-0.0898158735060358	-0.18249785448730174	3.319801200182767	3.328764330372617
0.24184988255314427	-0.22446634024632783	6.388969549946955	6.445106466085548
0.08069028599342327	0.34813843002161327	9.631745899023123	9.667880195725749
-0.1631220238512055	-0.32111479797757736	2.071324415148006	2.159589841459188
-0.14028554149507605	0.11494074396633837	3.531926377617821	3.570870382286179
0.4701399379893667	-0.11095477150507868	0.8093251289467965	0.9528008563478197
-0.5094246941617901	0.5654485632888663	3.339795376092922	3.5238738464546135
0.37467711012648586	-0.6288119580034851	1.3535434595211562	1.545104235025395
-0.007488475030527693	0.2984317860898038	-0.024199355619751818	0.5807916400219996
-0.5279723108694555	-0.4596887038525519	-5.440187781646617	5.568586349459067
0.033151399206750254	0.04324924132309238	-0.8955247233876497	0.9072781507029225
-0.33459526834596376	-1.0141067327495537	-2.476844441878792	2.7008525752386685
0.03966444286716289	-0.013237899002439546	-1.276505454628585	1.2843030351496063
0.08298643366549702	-0.13635782407499455	-2.142801813370098	2.1532671921155453
0.013905726763262495	0.09139479831094942	-1.6040157255035765	1.6127283128158563
-0.25368748789177875	-0.6772962796496099	-8.754572633209678	8.841691575565731
0.19269177172024662	0.12271534061291556	-2.0720891318968935	2.0893114485723867
0.2419212595927812	-0.6527713059350302	-14.649688476157802	14.666841116019693
-0.9836648980957008	-0.9234817124076992	-34.400576100451175	34.43748259360835
0.24813673531703745	-0.057296287885991615	-29.244756700760465	29.246176994456786
0.06439493720044123	-0.41411266574049554	-14.283807411613406	14.29059165256379
0.21382678584508336	-0.23888164353227276	-78.58138993158342	78.58395363899693
-0.3594580691190487	-0.03921262327882241	-92.09579785228622	92.10148794848584
0.04671285161604241	0.21526262783058359	-30.281173787987193	30.282296574940098
0.12149070816457291	-0.5098024289409733	-86.76791796466856	86.76961291959921
-0.23662581169904495	-1.1444258747113316	-388.47865161710774	388.48108788033477
0.11550204426594599	0.19378315984569155	-69.53500591680697	69.53920640368682
0.05681448847440952	-0.2870155150025693	-66.08787887502633	66.0903998755054
-0.27141483703307556	-0.08407619671974553	-67.20938441602347	67.21179813354075
0.16664482802867428	-0.021388541452865083	-88.6974664158478	88.70258805216318
0.12513476242485086	-0.1428639262033038	-17.632771373811707	17.642302422127074
0.1886996946294914	0.2696009169061332	-15.570798816064896	15.620463679144109
0.1567821982366837	0.462066019878675	-10.093294504672643	10.1555859044153
1.3848219065115945	-0.4936476163625495	-8.689474887879744	8.829979225994109
0.4730333719712364	0.4664797856678233	-3.659608004133159	3.759552410573719
0.5133213961345412	-0.29211910006580627	-2.4145374065992313	2.545380705261928
2.8226283240577135	0.3285739050527395	-5.330859788873319	6.061425019546224
1.8970899635329879	0.7045877500555887	-4.176391002337821	4.734057463383353
5.989871942193559	0.8184214083839015	-12.304763081692233	13.727702790224175
4.508722391458416	0.25677309806276055	-11.02320566022956	11.913230159773807
4.533919421784841	0.7832346594268396	-7.992808285038172	9.2651159527001
3.9728903274949996	0.3815348809574537	-9.49349247739858	10.29928665602691
1.880582938682476	-0.5377857237204325	-3.3008048625017343	3.8393486686046403
0.7897026860118097	-0.024984438023406205	-0.8441174125337176	1.1640482640252645
-0.20751162406642498	0.011195630080487018	-1.0796879077205133	1.1083285520248425
0.1024300343639319	0.43475163369417635	-0.25129231679080677	0.5299701159665917
0.12110948943208064	0.036269465439355955	0.10867054730895961	0.16671013888238687
-0.031210144723752248	0.04449957637863548	0.0576426708752579	0.07922728656964642
0.6455954516227281	-0.2122554822174666	-0.7762547773211323	1.0317060415647494
0.07798405148340634	0.00773735349058562	-0.046919051890593255	0.09133879983400829
0.46275850785198597	-0.3015186494075553	1.0001536244636526	1.151019543690607
-0.40708849224157095	-0.02266620239965797	0.140938092772124	0.4520154241184492
0.07956807066098384	0.1480167044685588	0.884224813947258	0.9108091617734789
-0.1557738662090228	0.24977460906329046	0.41761477704426625	0.5296553026565093
-0.027410595445703297	0.021262147303034704	-0.0055970113456207116	0.13947883920733975
-0.1284614000890286	-0.10631861036434549	0.9114234055092378	0.9363323142627812
-0.11835859594852659	0.1058442064751765	0.8073273940104178	0.833791865395027
-0.3210688264997636	-0.008103220477791412	2.1832114398020765	2.210833020563675
0.27572069492015505	-0.016962068720695972	1.3725930295435704	1.4001147232045434
0.28854022629989745	-0.15256717052304192	1.3832970489571013	1.4212821427739208
0.18979555757247002	0.41018998002182044	8.89893788383875	8.91150118771832
-0.2861895213523269	-0.2181562319667842	5.126384568200765	5.140894388106487
0.0779131522114889	0.22348218265690978	14.26171816007983	14.264364668911947
-0.380104653293881	-0.29136051367625015	23.043090880126694	23.048462582275707
0.2575990844522851	0.09788234306341938	556.0869179954313	556.0877800272939
0.2860603309237169	0.01807561151696834	87.03618027166453	87.03676414772812
-0.005064144531795184	-0.29750130916174006	1065.013402232923	1065.0138582479594
-0.298006647285181	0.3317338918679928	211.30740921209875	211.30792584058716
0.22247083416153565	-0.09307284852192077	12.232871026347766	12.235247826441567
0.04764202859863326	-0.05640935187584108	1.5703744611814843	1.57210932387003
-0.2146286914127698	0.15849464082375656	55.12314117044568	55.12625979097614
0.19745600022856516	-0.33255219622292964	34.01644998543916	34.018648554096366
-0.30205238839882903	0.1323441408015183	10.962629448900634	10.968476413602087
-0.13529282444715762	0.18739353514209983	9.898295985007115	9.90197776593484
0.06077858499865457	0.04376109700510644	22.176675700961283	22.17721294067431
-0.006618145699904131	-0.019450587415758544	3.7317538749180827	3.7318104330431163
0.007036021882771363	-0.04340860286743242	0.36363068671027166	0.36628006869637464
-0.006495579479858765	0.27722499933532263	6.593292641019577	6.600597209937306
0.21869315177843826	-0.04048203022542749	1.5087151505016736	1.5309821994913086
0.03226709048906262	-0.018651010484223646	0.7094836399829926	0.710461864370093
-0.12208296399509841	-0.16384684400307808	2.610317560199774	2.6183024660025236
0.14440021196389735	-0.13282936460338773	3.280549733427619	3.2893740133508955
0.19828133103894557	-0.04720159737489852	2.705447137955477	2.716701580631336
-0.10083166044969866	-0.044435378268041566	0.4029726785638591	0.43903087210331637
-0.005159606388794334	-0.12504082833001656	5.865054403303197	5.868049485893396
0.08584989238221762	0.47317925835162983	3.7666914957199267	3.7998307098323534
-0.4699943521407041	0.4868610692291565	1.2530816343524367	1.4309513475399827
-0.03943034202108592	0.07858749405970966	2.086713741740485	2.0929224989146302
-0.007488475030527693	0.2984317860898038	-0.024199355619751818	0.5807916400219996
-0.038726810836878456	-0.4585144255306094	-2.893147606653226	2.971473377010224
-0.4892455000325771	-0.001174278321942529	-2.547040174993391	2.597112972448843
0.07058382679027878	0.025909339039742067	-0.7959860696009902	0.7995293574676724
-0.037432427583528535	0.01733990228335031	-0.09953865378665931	0.10774879323525008
0.021862198913906103	-0.05780475352504276	-1.0890443621202768	1.0907964832806358
0.01780224395325679	0.044566854522603214	-0.18746109250830817	0.19350655186897053
-0.229977721138058	-0.870483938536117	-7.97646492098354	8.02833136212315
-0.023709766753720673	0.19318765888650724	-0.7781077122261371	0.8133602134425797
0.04642322524978136	-0.3176225657959544	-6.770426559347383	6.778031794382631
0.19549803434299984	-0.33514874013907575	-7.879261916810419	7.88880932163706
-0.8627464754240001	-0.9144763247878476	-22.504025303229625	22.53954820005834
-0.12091842267170075	-0.00900538761985159	-11.896550797221549	11.897934393550008
0.07702533193610647	0.0445250929874572	-8.611736999671649	8.612196557045074
0.17111140338093098	-0.10182138087344882	-20.633019701088816	20.63398043741171
0.018247806291803118	-0.36539000265954263	-10.952686909545228	10.958795251988306
0.046147130908638125	-0.048722663080952945	-3.331120502068178	3.331796400575485
-0.11069223137429227	-0.18345929190011456	-13.234142455175858	13.235876873322715
0.3245190172193756	-0.05542235163215814	-65.34724747640755	65.34807676567421
-0.40432150396228256	-0.16087457685129555	-82.15101291849909	82.1558576648883
0.044863434843233886	0.12166195357247314	-9.944784933787131	9.945630283597545
0.1968530988623402	-0.16451369567632393	-95.11284548140857	95.11329387238042
-0.43347891056138516	-0.9799121790350077	-293.3658061356992	293.36779400795433
0.18111352912458661	-0.17690645274244035	-45.11292231800106	45.113848626096534
-0.06561148485864063	0.37068961258813193	-24.422083598805916	24.4253577775903
0.05681448847440952	-0.2870155150025693	-66.08787887502633	66.0903998755054
-0.006839130134749696	-0.058041728032659425	-4.429120503333636	4.431704393779486
0.08938389102557717	-0.029541184109692576	-2.407982921040337	2.413860744627872
0.042590001534023425	-0.055281014060951816	-10.795667949437739	10.79673728371972
0.27667656385947315	0.16179382143912907	-14.36532122708332	14.399497620119794
-0.08797686922998174	0.10780709546700412	-1.2054775889815748	1.2209660590243168
0.24671550495257194	0.10129891263166169	-8.284073199420469	8.303289378044154
-0.08993330671588823	0.36076710724701333	-1.809221305252176	1.852296526371148
0.8490552452158945	-0.28582780801224733	-5.061885618803332	5.142324179153789
0.3955153656729477	-0.12927587983223235	-2.0493741433430905	2.09554256396596
0.1402512956227522	-0.07854392851806981	-1.5782151257333212	1.592112482874359
0.10477602837046951	0.05473519039052813	-1.3010832951833446	1.3138765098339065
0.3708940648505318	0.3318277996821959	-1.565236467660771	1.6483680052034635
-0.00263672124976487	0.07991679559509933	-0.7932882412890435	0.7973078955363487
0.27805910301486964	-0.15945055664022895	-1.0085909383784717	1.066872357014408
0.0034777129186654154	0.02681735284580901	-0.3140878836279557	0.34293157326599344
0.23178458020100604	-0.15948589627138632	-1.0918585845928033	1.1355767749815262
2.8226283240577135	0.3285739050527395	-5.330859788873319	6.061425019546224
1.0234716692801114	-0.0031847445986976086	-1.4361152520218692	1.7690141894306592
0.8736182942528761	0.7077724946542862	-2.740275750315951	2.965043273952693
0.7783540247402667	0.17795292093452078	-2.0892285944993847	2.2409502749664867
5.211517917453292	0.6404684874493807	-10.215534487192848	11.486752515257688
2.3056583309899663	0.008506204743641332	-3.6062148724578917	4.282569110477853
2.228261090794875	0.7747284546831983	-4.3865934125802815	4.982546842222248
0.16673117798838577	0.020121238157203434	-0.11281612884238025	0.20231566638635345
0.6229715080234239	-0.045105676180609636	-0.7313012836913374	0.9617325976389111
0.11504374749097626	0.20868635393133494	-0.10499968049068531	0.26040351583085025
-0.012613713127044367	0.2260652797628414	-0.14629263630012146	0.26956660013574146
0.009822970252575523	-0.006999159605676877	0.006395645466286357	0.01365222548521482
-0.41691146249414646	-0.01566704279398109	0.13454244730583764	0.43836319863323436
-0.012875978132037329	0.03870279700150186	0.058593043116409116	0.07139217051076076
-0.014534617313665971	-0.017440649698467155	-0.06419005446202983	0.068086668696579
-0.06053448322980814	-0.03282897458717673	0.11801161047611802	0.13663420303684
-0.06792691685922045	-0.07348963577716876	0.7934117950331198	0.799698111225941
-0.04551372065414423	-0.014893926791160285	0.3977007381413432	0.40057359491261174
-0.07284487529438236	0.12073813326633678	0.40962665586907454	0.4332182704824153
-0.019036222084478936	0.03633113450149296	0.3471578107897666	0.3495724169292517
-0.3020326044152847	-0.04443435497928437	1.8360536290123102	1.8612606036344232
-0.044298282577359196	-0.004220342978413002	1.0623623607507182	1.0632939079454928
-0.33580637071652186	-0.2871401706978372	21.98072851937598	21.985168674330215
-0.10712994651123536	0.143642028622537	9.28507892769978	9.287856606146589
-0.10749874490153445	0.01485261220121957	45.8380622427459	45.83840318482955
0.018077029030959008	0.08928013861771034	11.988149961616717	11.988496036798821
0.042701555967695565	-0.04551904161260389	10.188525739344566	10.188716903875488
0.06565933089563475	0.049830053867178044	0.4908799661247713	0.4977522708584308
0.15303382088280354	-0.09031208409260554	1.0178351843769022	1.0332299286328777
-0.10991547681970949	-0.047773514707487634	0.4099438024089942	0.42710378350648576
0.009083816370010846	0.0033381364394460726	-0.006971123845135076	0.011927088596830606
-0.07079574420690077	0.10000986688363649	1.6642916832514383	1.668796218179978
0.03136540218581485	-0.021422372823926818	0.42242205848904696	0.42412628073465225
-0.14351951687353867	0.17230894482656808	0.1417398277513806	0.29765416738532346
0.13603104184301099	0.12612284126323578	-0.16593918337113245	0.2831374726366762
-0.038726810836878456	-0.4585144255306094	-2.893147606653226	2.971473377010224
-0.10584282748190656	-0.056780300696746736	-0.6038543064565339	0.6156839530982426
-0.38340267255067056	0.055606022374804207	-1.9431858685368573	1.9814290193506003
0.012044244592056646	0.18959213912256256	-0.7232268456409353	0.747761535050179
-0.03575401134577732	0.0035955197639446317	-0.0548808665852017	0.06559867839240067
-0.027727107361205726	0.03179736921510246	-7.822021521228205	7.82213529311075
-0.093191315310495	-0.04080275683495405	-4.074529275993342	4.075799100439258
-0.2576979956266231	-0.43694906640312037	-40.10189221547146	40.105343431889125
-0.14662350833565946	0.2760744895518248	-42.04912070302764	42.05051423299919
-0.2726592069549256	-0.6918006226908253	-217.29009202226078	217.29136435253756
-0.1608197036064596	-0.28811155634418256	-76.07571411343844	76.0764296554168
0.036339979594116265	0.13876638962172655	-7.4153411832094	7.416728494990694
-0.10195146445275691	0.2319232229664054	-17.006742415596516	17.008629282599603
0.07333664044462335	-0.011014550757927462	-8.88453427777235	8.884843775558009
-0.030746638910599918	-0.044266463303024355	-1.9111336716653915	1.9118935081617114
-0.006949629090764671	0.04166403481503826	-0.07848050449665767	0.08912563451453134
-0.08102724013921707	0.06614306065196587	-1.1269970844849169	1.1318404245097855
0.24671550495257194	0.10129891263166169	-8.284073199420469	8.303289378044154
0.23447833795343417	-0.14282444473689831	-1.6092938429768178	1.632545737805499
0.6145769072624603	-0.14300336327534902	-3.452591775826514	3.50977844134829
0.24549143594730916	-0.05778547646693858	-0.9174119420176994	0.9514462032982579
0.1500239297256385	-0.07149040336529375	-1.131962201325391	1.1440963606677024
0.16389666668298078	-0.04705128498936751	-1.2779067410795903	1.289232942359759
-0.02364537106022857	-0.031492643528702305	-0.300308384653731	0.3028795405145998
0.08107300714489091	-0.12271561684095153	-0.4501853659782623	0.47360196245914427
0.19698609586997867	-0.0367349397992774	-0.5584055724002093	0.5932703945552638
-0.04818810196626559	-0.014045737221061758	-0.23356543142564476	0.23889785822029017
0.051665814884931	0.040863090066870764	-0.08052245220231088	0.10403371504570325
0.017484713636814114	-0.040265860429305175	-0.3828008622000982	0.38530968691198547
0.2142998665641919	-0.11922003584208113	-0.709057722392705	0.7502670880695407
0.23876603664316592	0.2121737019491196	-0.9410757138614273	0.9938060169232598
0.6348522576097102	0.4955987927051665	-1.7992000364545238	1.9712372570294332
3.873027157109445	0.5151999266632407	-7.696191412423159	8.631172144083159
1.338490760343846	0.1252685607861398	-2.5193430747696866	2.8555803711745282
2.06677374255935	0.6856193169268222	-4.081218888982592	4.625794544774365
0.1614873482355251	0.08910913775637602	-0.30537452359768963	0.3567522974478825
-0.10298091385949923	0.032903385651622236	0.0982895479979854	0.1461113844035612
-0.040538603014039436	0.13940555917494585	0.0434502797533952	0.15154278298176227
0.011007652462399264	-0.0064160171223997045	-0.08120153184768181	0.08219502699590749
0.1250233893806117	0.13253885838563545	-0.08473765152345061	0.2009424456407687
