0.0	0.0	6499.999932280723	6500.0
-1.2821530077559582	1.1920930241016987	86.01883514288201	86.03664917610242
2.921652076058308	0.4853212192465435	2085.1864328554075	2085.1885361669265
-0.5633837386384086	-0.37354505629666035	-0.16136603421898282	0.6949648502229449
1.1978214570900718	0.7145335283797181	806.6976043738857	806.6988101125672
-1.5091258695917973	-2.8665781293916064	9.983911812877924	10.496343465678954
0.7080833538794844	-0.4222491376301791	221.6255294831676	221.62706286702593
-0.8821912074235172	1.5034459501486666	164.64092837503117	164.65015611059627
1.1774450491347412	-3.450214435890149	6.677127650482738	7.607521945955715
0.2851971554400734	1.5096591611409167	312.71281632284445	312.71659038302823
0.5790054252161579	1.437337989264243	4.71186975218512	4.960131484080737
-0.9630912736275186	0.01772420868420111	-10.332418066618796	10.377221306896171
-1.4487163787662762	0.5038873160412081	-6.057715439764873	6.2488877348323815
-0.13716427430410583	0.01256805144381087	-1.0150208043910356	1.0243237903168552
0.420377555932637	-0.037194161357817716	871.3556494614022	871.3560930520691
-0.3874597797145179	-0.36460901845578503	75.51589251011977	75.51848771272633
-0.12895719704521685	0.5605805202490448	283.05422676196866	283.05525285409266
-0.08054551827222473	-0.016965147528352945	1446.8406111414752	1446.840651116644
0.21191302381356142	-0.6753525564643212	20.762889519337048	20.777571787804778
-0.11870685139843412	0.2695566743238188	94.93011235760872	94.93114285810245
0.0	0.0	-6499.999932280723	6500.0
1.3713320499995367	1.3297379936184033	-19.297013777947225	19.391325263357132
0.5060992304795812	-0.4575428112182973	3.187457184849369	3.2596572151738945
0.35503272875712355	1.7224770347269214	-527.5801778805992	527.5831091571736
-1.2336431586836516	0.734023015986335	-1.178422492536841	1.85724118032065
0.8153622886254119	-0.6298975705995637	-202.564538600911	202.56715895033688
-1.9287375598992402	1.4348619554687476	-132.49185840510407	132.51366495967264
2.7532369445538123	-1.2583694289526206	-4.573180559425353	5.484321992888891
-0.9030562029469689	-2.0597120588622637	-50.44193132951734	50.49204254655223
0.5180917395569744	0.38875081248396737	3.7281701240037304	3.7840188580817578
0.08524613587116582	-1.04181658809531	-1.7651944832142337	2.0514775822517493
-0.48812976330191304	0.5962724404340065	-648.1111835899646	648.1116416987206
-1.1373418100192794	-0.2897579554658023	-137.3293515880432	137.33436683385935
-0.02410123684694554	-0.03716700373924908	-24.6286807297206	24.628720566484844
0.04049357299254208	-0.4068378125022617	-287.49035466084894	287.49122908882754
-0.0485117951358551	0.44711921504434404	-4236.39767246721	4236.397725846167
0.04087696078883976	-0.10671995344565201	-86.70593700891284	86.70745396255127
-0.35266835696835797	-0.5045911573814651	-114.83846040866894	114.84058462163773
-0.36958176782212016	0.13916987249243665	-4.669586504342622	4.697860902374062
-9.811595980124821e-15	1.6014967130217883e-14	86.03376034354625	86.03376034354625
-2.220446049250313e-16	-6.661338147750939e-16	2048.494846068732	2048.494846068731
-4.218847493575595e-15	-4.773959005888173e-15	0.26782363362388395	0.26782363362391237
-1.7708057242771247e-14	-7.716050021144838e-15	806.8647556688854	806.8647556688852
-2.842170943040401e-14	1.4210854715202004e-14	10.23360366138968	10.23360366138968
-1.1102230246251565e-16	-2.6645352591003757e-15	221.63482650153793	221.63482650153787
0.0	0.0	165.01265750524126	165.01265750524126
-5.3512749786932545e-14	1.459943277382081e-14	7.092293211879859	7.092293211879857
1.1102230246251565e-16	-7.771561172376096e-16	298.12170243723165	298.12170243723165
0.0	1.6653345369377348e-16	4.942247973202272	4.942247973202272
0.0	0.0	0.022154293659917723	0.022154293659944275
-1.1102230246251565e-15	0.0	0.09204096139092144	0.09204096139092144
0.0	0.0	0.004539864422488826	0.004539864422487208
0.42037757654229707	-0.037194164642329657	871.355790052021	871.3562336426264
-0.3874597797145179	-0.36460901845578503	75.51589251011977	75.51848771272633
-0.12895719704521685	0.5605805202490448	283.05422676196866	283.05525285409266
-0.08054548405097546	-0.016965152982111098	1446.840844584753	1446.8408845599135
0.2119130238237481	-0.6753525564790376	20.762889243664386	20.7775715123275
-0.11870685139843412	0.2695566743238188	94.93011235760872	94.93114285810245
9.769962616701378e-15	-1.5987211554602254e-14	-19.343827170251423	19.343827170251416
1.2490009027033011e-15	8.881784197001252e-16	-0.036441582805395	0.03644158280557974
5.329070518200751e-15	4.440892098500626e-15	-527.1410032505175	527.1410032505175
3.3531344426021184e-14	1.554312234475219e-14	-1.5181094693413684	1.5181094693405157
1.0658141036401503e-14	-8.43769498715119e-15	-202.66691656188578	202.66691656188578
2.9068876242604714e-14	6.661338147750937e-16	-132.5021097299737	132.5021097299737
0.0	0.0	-5.03066844134009	5.030668441340086
2.1316282072803006e-14	-8.881784197001252e-15	-50.3986063190132	50.39860631901314
-9.71445146547012e-17	6.661338147750939e-16	-0.028082921142043915	0.02808292114197286
-1.1102230246251565e-16	0.0	-2.017406828803886	2.017406828803886
0.0	0.0	-644.6053629677024	644.6053629677024
1.2212453270876722e-15	4.440892098500626e-16	-134.63150703141713	134.63150703141713
0.0	0.0	-24.92611486190795	24.926114861907948
0.04049357299254208	-0.4068378125022617	-287.49035466084894	287.49122908882754
-0.04851179305886203	0.44711921204378247	-4236.397728674887	4236.397782053845
0.04087696078883976	-0.10671995344565201	-86.70593700891284	86.70745396255127
-0.35266835696835797	-0.5045911573814651	-114.83846040866894	114.84058462163773
-0.36958176782212016	0.13916987249243665	-4.669586504342622	4.697860902374062
-7.888609052210118e-31	-1.776356839400255e-15	86.03376034354625	86.03376034354626
0.0	0.0	248.11082327676456	248.11082327676456
-0.44678456118956045	-0.3421138160663837	1797.8044982402685	1797.8046165952655
0.0	0.0	0.2678236336238622	0.26782363362386064
0.0	0.0	806.8647556688092	806.8647556688092
0.0	0.0	0.11999797060684525	0.11999797060684736
-1.2975682683759686	0.9798325845934812	10.04493192190057	10.17567750179387
0.0	-5.551115123125783e-17	24.936338717372173	24.936338717372138
0.169210264667496	1.0902327407031995	196.6943341642587	196.69742838141934
-0.9006135118728726	2.108739526952379	164.73715200154243	164.75386835115467
0.9006135118728726	-2.108739526952379	-4.755162937641291	5.289457595426676
0.0	0.0	7.092293211879856	7.092293211879856
0.0	0.0	298.12170243697784	298.12170243697784
0.0	0.0	1.7908713349099321	1.790871334909932
-1.4802277565306465	-0.40876916611390957	2.3398542029261753	2.818152610012541
-0.5570815362196632	-1.4118685989041957	-28.403096869979027	28.445536109976576
0.5570815362196632	1.4118685989041957	-616.1801118040634	616.1819811513858
0.0	0.0	0.014857074717002705	0.01485707471699378
0.7740260174968072	0.34506301383175364	-2.300667063619329	2.4517858179090126
-0.29544718296826067	-0.10878812890255324	-8.070463794103464	8.076602611670879
0.29544718296826067	0.10878812890255324	-16.851111203381993	16.854052114659556
0.33983209040414186	-0.0541593146091628	2318.196691120124	2318.19706227034
1.1486081559686163	-2.2685540193993035	-188.13018310869055	188.1476556711359
1.2430757643860488	-2.339889334212444	-198.54103246750492	198.5589856760953
1.2222885816614102	-2.30070552615996	-195.22077410376875	195.23843570611209
2.0070257330946966	-2.9108601310772286	-195.34821930484765	195.38049274318755
2.0070257330946966	-2.9108601310772286	-195.34821930484765	195.38049274318755
0.024591953931797344	-0.254847737830889	-2.4902360516731683	2.5072509869633066
0.6202190859290464	-0.5199062667749427	-56.39301240685457	56.40394764139794
1.1864807851252959	-1.6647953011129524	-103.73539078252968	103.75562057282788
0.13756465742951104	-0.46498197391810514	-26.689591140623467	26.694360590012064
0.06725229697051631	0.0417620596017672	-1.369331074365463	1.378700227458045
0.029264755665871466	-0.5234705272456129	-1.6183730744283746	1.8719694309350832
-0.16292612527549355	0.8344121886445985	-0.871628000874058	1.2250484052328963
0.27443873600258356	-0.019781178461852164	-0.7760666913496092	0.9600559185080653
-0.3845718870729411	-0.29098620684452237	0.048509544943493896	1.2164142169718468
0.33935538604351806	-0.286946664389222	0.3962077079921363	1.1123276491273728
-0.236455846566145	0.2058953459952353	1.8119348539348303	1.844150742396522
-0.5677204342358151	-0.0016396608838782495	12.910407249620924	12.934491259941431
0.4802356095661858	0.03980726715680488	3.7158278626626657	3.749374236396534
0.033450824370153516	0.1559080771856244	4.823591144153603	4.828113235264872
-0.22161384450390598	-0.5258985706550672	50.40482406466285	50.417155342480044
-1.7734962606765805	3.6032483014242445	163.84474364699494	163.8947183653517
-1.7734962606765805	3.6032483014242445	163.84474364699494	163.8947183653517
-1.454861028401902	2.8870983815555964	148.07689201929264	148.11300289884204
-0.39229840356129814	0.8315571694661674	48.108767134412076	48.12276191626105
-0.05529402576037598	0.4451732706437048	250.71331125486313	250.71420640394547
-0.25026094127553417	-0.041150541737747855	2.947823337206099	2.962003733638763
0.7017772165836327	-0.5724344864989156	10.441985392426734	10.492804743303761
-0.25718183813548273	0.25541236936706346	3.8592550899804556	3.90804855879912
-0.21709582324335516	-0.43837820135052985	-0.04325325832574558	0.8833466823274627
0.12468941588005501	0.2695891140108644	0.8863527482184665	1.2111208335657306
0.36123913884537706	-0.48387671233930496	0.9252478115535674	1.6257626119955653
0.14724458495418058	0.36541906067845537	-1.8228390654269226	2.211912139541702
-0.06739244763736854	-0.070721794526169	0.13242545894874522	0.21283659647095868
-0.27670199043335	0.2485739219141102	-0.33195140113159255	0.5164923225748541
-0.2398548299116217	0.02614675747399749	-0.833631561252474	0.8789967901958312
-0.23365037599424812	-0.4697196772049451	-1.3501168631946208	1.455171605872742
0.506587440911381	-0.3992346653611693	-2.3105674511575867	2.4029608578926243
-0.06388585670680055	0.6167892695272724	-2.8013788251443623	2.872360236470763
-0.3593196272364132	-0.03676322380420748	-9.982339740426752	9.989847276477509
-0.10167688927359649	-0.005138532162865971	-3.1930722022259888	3.2908174184060326
0.16368855533302554	0.0805981370659446	-2.3191150789169677	2.3304644466298066
0.24598517661283933	0.2628017756762433	-2.507880038877198	2.5374230145386742
0.3847413739307978	-0.2833354704726458	-5.303918655456578	5.327107809847896
-0.6196057199763442	-0.23232845380800354	-50.13256342587761	50.14950078336363
0.0011241183287841329	-0.20465652392829692	-6.875726734769882	6.880187749804343
0.32621713548401776	0.5023702943831545	-55.087614259972796	55.095888797632014
0.04622147987103257	-0.19645545880830806	-53.73929310467432	53.745306206344544
0.17895225506883655	0.21473277303451738	-106.1682140511487	106.16867376335092
-0.027690810742760502	-0.11007911179027018	-267.768559078958	267.76861951169377
-0.008706017086158764	0.09240602620145671	-228.71774577852028	228.71842074546325
-0.27237890986330293	0.10617474883589598	-1251.2436465782685	1251.243917589268
0.20828526879217474	0.1745871111239024	-681.0759361366166	681.0764398337465
-0.1732471313550362	0.35781688527592953	-873.4115353529254	873.4116369815732
-0.0647027209598754	-0.25737873521068355	-627.8070306262875	627.807283925381
1.6431300764452317e-14	7.771561172376096e-15	-1.5040163110425055	1.5040163110420508
0.0	0.0	-0.19067707541081624	0.1906770754108083
-0.9851624197469175	-0.42332765862579547	-1.0463858390116911	1.5794539005378283
-1.1682363374304894	0.2818255527795224	-0.5526361332114056	1.4140751316755917
0.2396303704109478	-1.0105833504290735	0.40239790622939553	1.1138336938365356
-1.9658918344414438	0.7581164149858093	0.21089585399886757	2.1757638347551675
-1.9658918344414438	0.7581164149858093	0.21089585399886757	2.1757638347551675
-0.8076949291425893	0.2517688586710793	-0.3455243703828296	1.0386845958651967
-0.9591316082145299	0.9490335030276073	3.310964724367375	3.6706220600538204
-0.11994410710256051	-0.6365549508070341	3.6218765330960077	3.7902909019118027
0.00859880997592492	0.2708922984162918	8.122344436252725	8.127985932468134
-0.1323345457036179	-0.22055564242797412	9.206239417331865	9.223053798771227
0.14080726124762097	0.18357204140203792	31.19870344469026	31.203466825840565
-0.24884536856174252	0.47604086491299535	7.3423100751748285	7.363170225041354
0.03394580166161955	-0.2465238838853771	32.68409395107736	32.68963235290553
-1.2025395563983917e-14	-1.8981965531880597e-30	-19.181925954248292	19.181925954248236
-0.17742039736182477	0.2896850113545271	0.23461983261836608	0.4128460597624378
0.0	0.0	-0.03644158280543186	0.03644158280542757
0.0	0.0	-46.71011521647468	46.71011521647467
1.3360292474954871	1.642284958295754	-475.7932472453856	475.79795732888874
0.0	0.0	-202.66691656189164	202.66691656189167
0.0	3.3306690738754696e-16	-131.55252320312806	131.55252320312806
0.0	0.0	-0.8081848100069524	0.8081848100069524
1.8083916798735302	-0.4772759310422128	-49.447108664077916	49.482467885295634
0.0	0.0	-0.014465873866625678	0.014465873866668609
-0.16818281381398498	1.3438231325555225	53.391912376784035	53.409085868610774
0.0	0.0	-2.0174068288038867	2.0174068288038867
0.0	0.0	-134.63150703145422	134.63150703145422
-0.31217483880672525	-0.9114289611454568	-402.32918910341436	402.3314396766387
0.5552082641953532	-2.7347352651154426	-8.922415956719655	9.354434226163674
0.2938258389619731	-3.056033938874526	-9.807988144743872	10.282568186335102
0.2481915302783947	-2.592569618825242	-8.35348583336254	8.75629155706605
0.5004508390693805	-0.6056905560632988	-1.9580434267385562	2.135449871344113
-0.2578376487655625	-1.907224553784486	-8.032486713984932	8.259832235706963
0.31520696427617123	-0.7230237725441531	-1.9999043917390849	2.1750026165708882
0.31520696427617123	-0.7230237725441531	-1.9999043917390849	2.1750026165708882
0.21220130737697482	-0.5040130208591451	-3.472993798143025	3.5185542807931744
-0.101440987471583	0.13167541200603025	-0.907445039430643	0.9323651581078357
0.168552898444237	-0.45410521190766673	-5.7650360657799915	5.806709754663109
-0.01619977642963044	-0.34052659874091806	-3.7966223002401245	3.8442395086657966
-0.3038202007015857	0.2816048080033009	-6.88357029909918	6.897436322996053
0.3967906838466019	0.055620885508582185	-67.880173897959	67.88315155389624
-1.5097976881536397	-1.3577978270819706	-50.28568216548592	50.32774418593635
-1.5097976881536397	-1.3577978270819706	-50.28568216548592	50.32774418593635
-1.313776333314694	-1.040278044897263	-47.133944974819435	47.166308690593745
-0.5656031226610662	-0.17834990969227102	-7.8213236950091085	7.859296397716662
0.0	-8.881784197001276e-16	85.78501599141043	85.78501599141043
-2.6702347173998393	1.3817614288322224	122.13148703281345	122.16848833859939
2.6702347173998393	-1.3817614288322224	125.94289466114567	125.9787765209706
2.116811536847308	0.08287254091555951	1829.0711197195924	1829.0723762768612
-0.5552082641953532	2.7347352651154426	-37.51987562613116	37.62350462393487
-0.5651485992212881	-2.6235626297460715	9.368055347476032	9.744892754914046
0.5651485992212881	2.6235626297460715	797.3060232459225	797.3105399893061
-1.1486081559686163	2.2685540193993035	-14.416735482594309	14.639258861362617
0.3114319294397757	0.31827364513184675	8.162681840953539	8.17481882346592
-1.6043187345615928	0.7784017202253982	1.5440032834298418	2.35874839255002
-1.6764367671839864e-14	-1.1268763699945339e-14	24.467013534332033	24.467013534332036
0.9536985392262081	-0.4973138100289004	-1.1014375723256278	1.5394890889831718
0.16734434489057853	1.0782104982206033	194.525341350169	194.5284014466988
3.644541997806885	-3.358171780228203	-3.776995831389177	6.239759738133434
-1.3554302659383912	1.5201928639430573	5.197462013361216	5.592020111707221
1.3554302659383912	-1.5201928639430573	1.086646388511688	2.3084579101795883
-1.6912556134388073	-0.8626150733276905	209.45895269197467	209.4675567077957
1.6912556134388073	0.8626150733276905	88.64828387113656	88.66861160304887
-0.19232711325678234	-1.8880673914055293	-0.2189435861616581	1.9104252110208069
0.19232711325678234	1.8880673914055293	-0.0075919077322964545	1.8978529526930115
-1.1645397335532852	0.26238420383299066	2.471298336568863	2.7642745395082327
0.05857665122130129	1.9717944762001878	-608.1579194911465	608.1611188197276
-1.0861454637422288	0.746338523891388	-42.87330892546579	42.89355839026505
1.0861454637422288	-0.746338523891388	-91.74334103127143	91.75280571590618
0.6776526546631867	0.3020994928637757	-2.0142128402853388	2.1465159188626934
-0.4001468078094632	-0.11858980012232045	-12.8747634758804	12.881526135062813
0.2388812966583771	0.09399084782688405	-12.768938058231697	12.77151822173937
0.12941059143155287	0.09119354330564756	2032.1565699469534	2032.1567927186436
0.21042149897258894	-0.14535285791481037	286.04012117317023	286.04026955169684
0.5191850483332907	-0.4555274959843236	-53.716861057685556	53.72148266838514
0.1010340375957557	-0.06437877079061902	-2.6761513491690083	2.6824649730127925
0.6910475707100945	-1.0616287212109665	-66.09334219284605	66.10547998848
0.49543321441520133	-0.6031665799019855	-37.64204858968362	37.65014058434788
0.02798511828524764	0.1769769808558488	-0.3689530863563918	0.43325533283526696
0.0012796373806238277	-0.7004475081014616	-1.249419988071983	1.438714098099816
-0.16593965540971914	0.7635986181002029	-0.7434593321824404	1.0785873156176076
0.0030135301342255963	0.07081357054439569	-0.12816866869161755	0.14646108961528875
-0.4275046441927137	-0.23514970441208255	0.06291227091139323	1.059416891984764
0.042932757119772666	-0.055836502432439795	-0.014402725967899342	0.15699732498708266
-0.24594897875775454	0.271466464059986	5.749152669875243	5.760810825117837
-0.3217714554780606	-0.27310612494386427	7.161254579745681	7.173680434823594
0.25028576370348654	-0.0323451970243899	2.2131955253117295	2.2275375661350916
0.22994984586269923	0.07215246418119478	1.5026323373509358	1.5218366702614423
-0.0003311949107011568	0.17125903303195805	4.09065894251757	4.094242341396522
0.03378201928085467	-0.015350955846333645	0.7329322016360328	0.7338708938683494
-0.01326613694197662	-0.08366718900926595	17.57943263268695	17.580190774305745
-0.025534707788808224	-0.1890519221430521	10.558528198795518	10.561173711298757
-0.18281299977312115	-0.2531794595027491	22.266863233180377	22.275790856875542
-0.1116972776869781	0.7061939445884005	40.55306544627267	40.55960777724297
-0.28060112587432007	0.12536322487776685	7.5557016881394095	7.563154139018082
-0.05529402576037598	0.4451732706437048	250.71331125486313	250.71420640394547
-0.25718183813548273	0.25541236936706346	3.8592550899804556	3.90804855879912
0.05037666521399875	-0.24636522077140893	-0.320667112345696	0.43074448602849674
-0.2674724884573539	-0.19201298057912086	0.27741385401995045	0.45260219629896586
-0.08272706312854643	0.028312298801797642	0.8453772380292692	0.8612710448606143
0.20741647900860144	0.24127681520906671	0.04097551018919732	0.3498497887051162
0.4102398197779623	-0.4366196005437908	0.8551995706730432	1.5280842756176025
-0.0490006809325853	-0.047257111795514166	0.0700482408805241	0.0976783363779627
0.2590972493722806	0.3619315592439414	-1.7183990164005423	2.007827584897514
-0.11185266441810013	0.0034875014345139635	-0.10444004902638007	0.20408455464418793
0.00777474663190153	-0.003511724928032374	0.10898039008840735	0.10931378833880724
-0.07516719426927007	-0.06721006959813663	0.02344506886033785	0.10352280813215144
-0.061115531118775476	-0.006621919119060307	-0.04652650899590935	0.07709522680487951
-0.21558645931457446	0.2551958410331705	-0.28542489213568323	0.4393970957699746
-0.023933238243445756	0.08806303054771608	-0.6616243383051347	0.6678882109154004
-0.039952618463354794	0.5287262389795564	-2.1397544868392275	2.2044720255553627
-0.16664639529409933	0.3463719168832058	-1.79911071348719	1.8449996396081625
0.06496950602050286	-0.35151044904607176	-1.3939614887387983	1.4458177787978697
0.39045449025188733	-0.2908434263830037	-5.179941402002922	5.20277210108343
-0.005713116321089532	0.00750795591035793	-0.12397725345365512	0.12433570876446559
-0.02167405577602244	-0.38693312765025656	-36.41775620183603	36.42008557885653
-0.5979316642003217	0.154604673842253	-13.714807224041584	13.729415204507092
0.06678897161900615	0.42280991782905697	-14.167471924050323	14.174624139531838
0.2594281638650117	0.07956037655409764	-40.920142335922485	40.92126465810019
-0.09485440382191	-0.12877259889462553	-21.906453365109687	21.90748179419023
0.24833043836704038	-0.18274736566744393	-23.35032064279812	23.352773251000876
-0.10725455467409782	0.11506450575376143	-8.482519096766508	8.485051161153432
-0.022403729390298326	-0.03315761065776535	-104.71063820793444	104.71073285421878
0.05728044747492669	-0.02213353215545165	-30.977285212559387	30.977640156789857
-0.04358273517078714	0.14769716901467372	-93.0298223580265	93.03004773445463
0.18207450752531085	0.23326834636893035	-563.2068811981123	563.2069762298203
-0.4544534173886138	-0.12709359753303434	-688.036765380156	688.0369413594477
-0.025978609844982563	-0.0909490160141054	-132.39997706016592	132.4000844105813
0.17215518958990544	0.11305922580870663	-480.3974537955626	480.39751822094445
0.06210868904725187	0.15247690132930122	-68.27850528088817	68.2788372022208
-0.0647027209598754	-0.25737873521068355	-627.8070306262875	627.807283925381
0.12096638879391355	-0.5101465989766465	0.20313210504713997	0.5622677936412166
-0.5481377603258548	0.6315242947784241	2.6305726615514757	2.804088160042841
-0.4109938478886751	0.3175092082491832	0.6803920628158996	0.8665339000109794
-0.08667760902284814	-0.2072829878082749	1.0991608676085827	1.2272935956496691
-0.03326649807971238	-0.42927196299875925	2.5227156654874254	2.562997306262134
0.00840115879080145	-0.014289423472427155	0.3165176927715135	0.3169514425422366
0.00019765118512347045	0.285181721888719	7.8058267434812105	7.811034489925898
-0.24451970924333352	0.4412140639644988	7.143343469718637	7.16113228929758
-0.004325659318409014	0.034826800948496536	0.1989666054561917	0.20203793574377346
-0.234353244160868	0.004354238128116292	12.798038556301828	12.800184814721487
0.26829904582248754	-0.25087812201349347	19.886055394775532	19.88944753818404
-1.6719831887547028e-15	-5.546678239835239e-31	-18.96818613329897	18.968186133298943
-0.17588862152253415	0.30040455721313175	0.23511484792158488	0.4200698714365325
1.8568446084698482	0.6786775340410313	-239.4890730121209	239.49723290113434
-0.6179479246007795	0.9314183284633596	-237.16167771183422	237.16431176471735
3.3306690738754696e-16	-5.551115123125783e-17	-131.55252320312803	131.552523203128
0.9212435577915494	-2.514470659215476	-49.76320782415919	49.835209494285095
-0.11872792695875023	0.9486661039196491	37.6917886500195	37.703912201986476
-0.49026246056637035	-2.0339189126295016	-9.832202622259128	10.052332656083701
-0.06361561641789114	0.14831909374063312	-0.5706721358275422	0.593053274866803
-0.02767659290693052	-0.01346489129297182	-0.24883809108390678	0.2507348276322026
-0.010148778146761347	-0.003178790441631066	-0.08793481251919413	0.08857705560883006
0.168552898444237	-0.45410521190766673	-5.7650360657799915	5.806709754663109
-0.01619977642963044	-0.34052659874091806	-3.7966223002401245	3.8442395086657966
0.0	-4.440892098500626e-16	75.06076385123052	75.06076385123052
-2.450273621278663	1.5501909953772313	123.40288165087455	123.43693990325546
2.8970581824683546	-1.20807717931075	127.25102459479541	127.28973115301883
2.116811536847308	0.08287254091555951	1829.0711197195924	1829.0723762768612
-1.6298550864574533	1.4137489805787715	-41.27194422676397	41.328301368917195
0.40834559603775133	-2.2052488470596803	6.470312636903767	6.847978842146247
0.5768168237091231	2.6285765056852597	799.9368125604769	799.9413392374026
0.05449250398991978	1.360056749618856	-3.9372123548729974	4.165857045380392
-0.8933958010435719	-1.969763917857927	8.031011765270227	8.317167542097874
-0.8317353512752327	0.4248823040956321	1.499166467589083	1.7662980395273262
-0.7679777942967053	0.4684684812801074	-0.28792788652766454	0.9445396118353167
-1.2656542480726785e-14	-4.413136522884997e-15	24.46701353433204	24.467013534332036
0.9522122983246922	-0.5068897568226058	-1.109018736054057	1.5471160407582267
0.7888135391536276	0.7076142879238025	194.52256123810474	194.5254476293841
3.644541997806885	-3.358171780228203	-3.776995831389177	6.239759738133434
-1.7968612192555975	1.6366965901988948	6.3705223005092115	6.826414897361467
-0.01153046061796048	-1.1594206591566776	-0.22972674356462247	1.1820167482359012
-1.6412397068916107	-1.26225479090499	184.84144459108938	184.853040530812
1.8094225207055388	-0.08156834165129112	59.86026254820172	59.88765895908
0.5067119528032011	-1.6950257362590841	0.41493712295162166	1.817152185618378
0.9735158037274447	2.103794902372994	0.17004981852058873	2.3243500063752376
-1.1645397335532852	0.26238420383299066	2.471298336568863	2.7642745395082327
0.05857665122130129	1.9717944762001878	-608.1579194911465	608.1611188197276
-1.6136252298997533	0.5111865345122624	-63.76080644785179	63.78327003953564
0.8395992124023905	-0.8562495483442945	-68.4779925585608	68.48849213537324
0.393031144212015	-0.40362431461395837	-1.4111461634659452	1.519447123901602
0.04332214768123632	0.5461195911587732	-4.192323935261823	4.227966815680596
1.5987211554602254e-14	1.1546319456101628e-14	-131.55252320312803	131.55252320312803
1.2684298056342413e-14	4.427014310692812e-15	-38.481675163184576	38.481675163184576
1.4589800951117518	0.9777847438781682	-93.0172323120047	93.03439736414023
0.0	0.0	-36.92257193396794	36.922571933967944
0.40372993318852457	0.14141551173850045	0.9134208359944668	1.0086296790901519
0.0	0.0	24.467013534332036	24.46701353433204
2.516131230727011	-0.16444849055178087	-36.814367332641496	36.90061790511029
-2.516131230727011	0.16444849055178087	24.358808933005587	24.488967563189703
2.113112907433418	-0.305614744880371	-38.33662253927916	38.39603201179801
0.6585060697585016	-1.2804686027121028	-38.39773184437569	38.42471913858349
0.6579801015395459	-1.280194332334028	-37.983044145175256	38.01030752147231
0.2998534358540468	-2.439594901824604	-34.69793694263968	34.784886997709236
0.337504636980093	1.1632427278342716	-3.1433956682040263	3.3686762015257896
0.2995584277937631	-2.441495657944361	-34.74663015318594	34.83358929685129
0.22554854398354754	-1.8382917644719732	-26.16201419237307	26.227488925914137
0.9392190605039379	0.14904309112846445	-23.63326388675233	23.652389059617192
-0.293284650540711	-1.6961052408110813	-28.99366082733947	29.044709622321044
0.809965630407264	-1.587138508788048	-37.617930617845694	37.66010829694428
-0.5118201147694206	-0.015113674881567507	-6.257695211763773	6.2786095288990795
0.8158097470714356	-0.5095354574418018	-16.588513719011395	16.616376239470405
-0.2861014867772426	-1.0858788471831893	-24.45594343112731	24.48171064362119
-0.642245883755883	-0.8209242845020466	-24.45842536730769	24.480624336487974
-1.0423926915653463	-0.939514084624367	-37.33318884318809	37.36215047155079
0.34778889432539745	0.05519003398696892	-8.751298884483385	8.758380856095933
0.22035510820636725	0.14999399850470188	-8.753357076926823	8.757414840549979
0.4592364048647444	0.24398484633158593	-21.522295135158522	21.528933062289347
0.012983018587445883	-0.41212229041229287	-0.8629696687385797	0.9564151766827472
-0.011703381206822055	-0.28832521768916874	-0.38645031933340324	0.482298921417069
0.03787804704170091	-0.03296684549421501	5.215641097505732	5.217629080122533
-0.19310545205170768	-0.01165775371312018	8.730697708629739	8.733883883972025
-0.027585594763114347	-0.20855486029541392	8.320524427044901	8.32427789278098
-0.07719263262422887	0.04034257883657452	1.0124751459174235	1.0162146167513781
-0.2034084932500912	0.08502064604119233	6.543226542221986	6.546939522266705
-0.07411991548509539	0.10188186948536457	163.22377210455025	163.22388040204245
0.01882588972471941	0.3432914011583402	87.48953915031286	87.490326001903
0.3343595807554146	-0.3510360325366443	0.5972830367858393	1.21330962425676
0.07588023902254774	-0.08558356800714646	0.25791653388720387	0.31477465136084265
-0.022596079483121194	-0.012816379960719923	-0.1101498089877507	0.1131716520306346
-0.08925658493497893	0.016303881395233887	0.005709759961370638	0.09091290261355334
-0.005688318577379267	0.019320488465304195	-7.135253760936116	7.135282185814083
0.26511648244239094	0.06023988808879344	-33.78488857498636	33.78598247228611
-0.0036135059190011945	0.004215062891774403	-0.012555830494712455	0.013728549071924265
-0.10364104875509665	0.11084944286198703	-8.469963266271797	8.471322612081508
-0.05462934238751256	0.024513784837970592	-26.919025944994647	26.91909253890241
0.032225612997214236	-0.057671395495735946	-77.79161226293978	77.79164031531636
0.05966036181988929	-0.04246623416502867	-7.751188965218823	7.751534887643009
-0.002379914344962597	0.02033270200957702	-23.22609624734056	23.226105269146846
-0.0021486628568523126	0.013612634878818274	-0.8006037813882937	0.8007223834473789
-0.04143407231393482	0.13408453413585542	-92.22921857663817	92.22932535100725
0.06991183734111228	0.07704518892595769	-56.06311824253871	56.06321477317383
-0.007803148293860406	0.07543171240334354	-12.215387038349451	12.215622429046965
0.03220046527129395	-0.015306402534468513	-5.977078298178652	5.977184633126247
-0.0364178255894852	-0.08196736811463959	-38.24555599765797	38.245661175335556
-0.060485360641684166	-0.16010496456157547	-583.5843963304509	583.5844381169192
-0.024626321260307005	-0.42313372397691845	0.07094871009473243	0.42974681328604064
-0.05506583915333104	0.008578367032416233	0.1329966104503176	0.14420101738155983
-0.3559280087353441	0.308930841216767	0.547395452365582	0.7223328826294195
-0.08667760902284814	-0.2072829878082749	1.0991608676085827	1.2272935956496691
7.614757125369947e-17	-3.944304526105059e-31	-18.453948296020187	18.453948296020172
2.220446049250313e-16	0.0	-17.541515252310553	17.54151525231055
1.3322676295501878e-15	2.220446049250313e-16	-17.541515252310553	17.541515252310546
0.0	0.0	-17.541515252310553	17.541515252310553
-4.440892098500626e-16	0.0	64.31558448419504	64.31558448419504
0.0	0.0	53.81472806937105	53.81472806937105
3.382461856336951	1.3258431741643084	-1.1872928045436701	3.8221162378679274
15.165209355224158	25.98056457274761	25.377375961965612	39.3571406611486
-15.165209355224158	-25.98056457274761	10.895836855094878	31.999102660532998
13.130803151555932	25.183126584331657	32.56877057294239	43.21264482301843
14.343461897504826	27.891133522684676	34.17608354653665	46.38593445178452
13.294600204800648	14.286467413893646	23.35429089685595	30.434724396135074
1.0488616927041747	13.604666108791026	9.909359605971076	16.863643099359066
3.034922251308287	9.361606076197198	5.515903676024202	11.286474859784862
-1.986060558604112	4.243060032593825	3.8792180926680895	6.091406076852982
0.08316970317581956	1.5657006666664017	0.5182272366948573	1.683981961298385
-2.0692302617799263	2.6773593659274115	3.1472510350239125	4.621163936503891
-2.062413891690682	2.6662298662979373	3.1001551282924638	4.579660967807101
-2.0666119133221947	2.771210277771974	3.0859430577434304	4.633954656613408
-2.242500534844729	3.0716148349851053	3.321057905665015	5.054024528049941
0.8356103655105386	1.30492288908928	-397.2945419574963	397.2975637197467
0.5530546705046276	0.07943066948066468	-21.876747717090108	21.883881497052332
-0.14976835214533576	0.2257423039354447	-57.47946104966406	57.480099449348025
0.9212435577915494	-2.514470659215476	-49.76320782415919	49.835209494285095
0.03446680923440226	1.249728758048775	45.77415881119123	45.79122868849663
-0.49026246056637035	-2.0339189126295016	-9.832202622259128	10.052332656083701
-2.0583636665548752	-4.596563632848517	5.739709540935772	7.636067301230909
-2.075632503627844	1.3594243725478918	100.03424907768749	100.06501523249699
3.3865722732567747	-1.4145185053802152	159.26852124260768	159.3108018723724
1.458645557242542	0.9779591913534371	-92.05681410765104	92.07415475958622
1.4585867230981893	0.9775801191347944	-92.02087044690307	92.03821291139805
1.038200857118571	0.6863505043454062	-65.55595992518863	65.56860315537823
0.0838649542906249	1.3963195993800577	-65.555732321516	65.57148528106124
0.0838649542906249	1.3963195993800577	-65.555732321516	65.57148528106124
0.57221350831628	-0.24621911325571638	246.93790818754994	246.9387333570385
0.8981651721341185	0.21604505596266727	722.2827430325491	722.2837270374597
0.022274049257904133	0.22860539260916338	70.43597299425771	70.43647682704609
-0.564709006738923	0.6595571204522253	608.5713902556153	608.5727349637796
0.9195771741892009	-0.5792434056084547	78.12314327738522	78.1361955475014
0.31281251797946563	0.16932679834767925	47.980509921916905	47.99479760834093
-0.45926487905619096	-0.031057509585988786	19.279298775193375	19.291111165601865
0.6240956138621951	-0.9025552911879795	19.728952906937096	19.77488529113125
-0.25193831214711815	0.8208194970221685	13.498259782695161	13.57795827057027
0.005131085772101826	-0.361501241245503	-0.477468501320994	0.6139260913309984
0.04208395955762006	-0.35155253661164626	1.615853575331201	1.878457836310714
-0.19729772255647868	0.5015285913390657	-2.173439360022244	2.2938857170858453
0.5404637117238714	-0.08540908778449882	-1.3346423061692692	1.6566314984871011
-0.5709371747651071	0.4429324023423159	-4.910347002353555	5.075390720607033
-0.062488085036260584	0.24375066799404901	-9.708296026899271	9.74495458567184
0.10432826302998388	0.16687822004986	-14.627183774424779	14.656267638694128
0.26616661561527	0.5872865794562099	-31.707268340164415	31.71772740126527
-1.4832474634053325	-0.4915385005725614	-13.094371362452893	13.187273960643646
-0.10097331436855261	1.4418231611020373	-29.632075175692798	29.66730403754299
0.35178914331037536	-1.8998187080359252	5.5741650248740875	5.899523917171951
-0.2235857416633763	2.6667110088184227	788.5408162227819	788.5453570895459
0.8004025653724995	-0.03813450313316231	11.381903179396382	11.410075306155411
0.0498110407357687	1.2432139688550918	-3.5989655573558106	3.80796733115832
-0.05817328653015256	-0.6309719956620385	3.1251387169328506	3.205760719493605
-0.08640391541779335	-0.6087937875188447	3.0050114653949	3.0849780257688644
-0.9797997164613652	-2.5785577053767716	11.036023230665126	11.402145567866738
-1.071903951072892	-0.03276914456046487	1.4552066937005068	1.8076720992900432
-0.8138809327650872	0.3747295988857858	-0.2889554175744504	0.941445525957447
0.2751534136757621	-1.2533215825935358	-0.8588228118550916	1.5440534358029794
0.6789248044258518	0.7584540682535278	1.9187968898913983	2.1720895396764632
0.7888135391536276	0.7076142879238025	194.52256123810474	194.5254476293841
2.740165195708574	8.444954971193388	4.979964369716267	10.18502404950033
0.562958026830017	0.6547498086874919	0.24368245161202018	0.9559812703041299
2.7556168576529636	8.306937649018147	5.602040175458351	10.391414316555075
0.5662521783076668	0.6493712483731418	0.23775962762984917	0.9527613490179767
0.5823029952025519	0.6825992378393958	0.28062911570900206	0.9963288605196596
0.5823029952025519	0.6825992378393958	0.28062911570900206	0.9963288605196596
2.7777661628180064	8.270773139110387	5.51311766143936	10.320665653086584
2.827156788553377	8.550117165960472	5.863628445366057	10.746136868848325
2.827156788553377	8.550117165960472	5.863628445366057	10.746136868848325
10.623452028447769	10.223399521056967	16.172580997568936	21.884423841874536
8.442092404455579	7.541891991408545	12.636045609800338	16.965220529907448
3.2345874885062864	4.449864370410648	6.277163478075585	8.346653848479493
7.863682715681158	7.025159504896273	11.770287352446212	15.802848992548538
7.882332007996211	6.994709677613884	11.694059955173069	15.741923630661192
7.8158858033491905	7.328575663149413	12.226631046848366	16.256893888355723
7.8158858033491905	7.328575663149413	12.226631046848366	16.256893888355723
3.2441582116111833	4.434237672057249	6.227105332136543	8.304448630208949
3.206956993497403	4.608971512782356	6.489184392408508	8.581183230910485
3.206956993497403	4.608971512782356	6.489184392408508	8.581183230910485
0.43645286948156437	0.4875789664794487	1.233515704664264	1.3963471450485492
0.26212248201512306	0.29282751428298265	0.7408181288744804	0.8386105465399329
0.26393226244604995	0.29185348656340193	0.740326759438506	0.8384046800440847
2.9659052319525863	4.979718997840482	7.71764920559494	9.651751364545056
1.9126773674384556	3.211362157078218	4.977021115287895	6.224300828032569
1.7508561604610928	2.026328481225538	4.085786928391704	4.885197972719924
0.3531606898707189	1.2643712850118725	0.8324049337107616	1.5544308260255757
1.7545531777855894	2.020292137481811	4.060168617756768	4.862613122495477
1.7151993874936782	2.1109480909923435	4.191062235357247	4.996299975217718
1.979131649939728	2.4028015775557456	4.931388994795753	5.8347046552618025
1.979131649939728	2.4028015775557456	4.931388994795753	5.8347046552618025
0.35649982591538826	1.2589192756747403	0.818667695997617	1.5434334015477187
0.3641621577978289	1.3008545130388636	0.8691707943737488	1.6063294839658029
0.3641621577978289	1.3008545130388636	0.8691707943737488	1.6063294839658029
3.4246244586551713	1.4199971313251234	-1.0529353184022778	3.8539742241651944
3.233284975761815	1.3406595221659292	-0.9941060652168483	3.6386462534522623
1.0489817516206803	0.5047195762181722	0.46552251559027713	1.2537207736862879
2.1843032241411384	0.8359399459477583	-1.2108842286713468	2.633669831901777
1.0526269134382382	0.49876790009631755	0.46184437389333804	1.2530335441471367
1.0672425860837367	0.5382575529119586	0.5214951269381777	1.3041031777577037
1.0672425860837367	0.5382575529119586	0.5214951269381777	1.3041031777577037
0.40192507663841043	0.14020592621673572	0.9028275542908979	0.9981478155884371
0.3648760630590665	0.1595254337373253	0.9189227007244745	1.0014997929651932
0.3583603671881996	0.11754438145989611	0.923282271031416	0.9973409579401505
0.9490407791728914	0.646682021490392	-0.0861277007868182	1.1516483917823237
-0.5906804119846955	-0.5291376400304971	0.05982344497290626	0.7952790930031313
0.8544867424791829	0.16835825897634388	-0.3705837083240414	0.9464799951998083
-0.0849186116792581	0.3175503024783436	0.3026327946563467	0.44680641626450557
0.8458037033797751	0.1749522878306842	-0.37705684154822205	0.9424245696215979
2.2020830422556714	0.806909761769521	-1.216942454388798	2.6422002244195624
2.326938492704733	0.9501822896544236	-1.0957875618365918	2.7419408296095105
3.172742196084508	1.1251345774851078	-1.4728444033848138	3.6843653992311083
3.172742196084508	1.1251345774851078	-1.4728444033848138	3.6843653992311083
1.1319491695795114	1.7374509104812632	-0.6432149119922347	2.1711218325679207
1.1319491695795114	1.7374509104812632	-0.6432149119922347	2.1711218325679207
0.045205451746114456	1.1282649037047505	-3.266200854987387	3.455878072345696
-0.1421083531355617	0.673951015087821	-5.943685950439889	5.983461158244896
0.2081009876062806	0.4151300805644782	-0.6427732682783045	0.7929668840786235
0.1996795155169088	0.39206132326871995	-0.5710259565509185	0.7208707465109024
0.1996795155169088	0.39206132326871995	-0.5710259565509185	0.7208707465109024
0.34592914220520576	1.8590079863181401	79.80810922519771	79.83205727338887
0.34592914220520576	1.8590079863181401	79.80810922519771	79.83205727338887
-0.21384043859407853	2.550478610593024	754.1711414193899	754.1754843660073
0.9049618268917925	3.22001663987362	754.717565477194	754.7249771293807
0.9049618268917925	3.22001663987362	754.717565477194	754.7249771293807
-1.380260796582661	-0.3636787181849286	170.15542514964	170.16141187111134
-1.380260796582661	-0.3636787181849286	170.15542514964	170.16141187111134
-0.009410723224123618	-0.2594918899787445	-0.5196910207541781	0.5974806646485413
2.1622318673190577	-1.7939832897470818	-1.0039563216716934	2.9868094637365794
0.5147265700459119	0.17812074931585908	-0.690783510677665	0.8906919146215676
1.0305809738390284	-1.1944160905587649	-0.8902039173246998	1.8167745430693738
-0.05079468420851808	-0.21996777005429524	2.354473683744081	2.5131735728361475
-0.1979115606165143	0.25088083948386775	2.3877302686419988	2.5335309510906723
-0.21705928222204623	-0.03468288412417331	0.8387585554680326	0.9977742686703949
-0.019606890101798804	-0.13934938338684855	7.047331828479257	7.066279381229314
0.34107670156859055	-0.36494372236416256	5.47568469138656	5.500078151874847
-0.08798058955847063	0.2773167641602587	6.747364048366955	6.812761995966189
-0.2935018086143417	-0.20334031374406727	12.321530766213074	12.3367429546736
0.27715964588830444	0.13305510705303933	2.127372110585752	2.1537067646548134
-0.3894619653409653	0.06390789617110565	56.60190024376314	56.60546344442958
-0.021953463498778858	-0.12597026838711003	22.658495618568264	22.66423380796612
-0.17758540945923243	0.7233024547171317	106.0278993750597	106.03298312734383
0.15575692209044703	0.6947098038132311	255.57117533858764	255.57220511171062
-0.05409965936035084	0.38307254575152333	186.5187612035558	186.5198157628297
0.4089920394941715	0.9473598850707128	231.92685030965492	231.93085751968752
0.5955925528679751	0.769340497066697	112.96629059802454	112.9731378756612
-0.1713236366051945	0.5778840706767078	40.59818079441389	40.60289479074636
0.06597517599477744	0.18244534010830477	23.128156760775898	23.13545793364589
0.33099262701680143	0.42747559272597985	78.00990787571732	78.0203217563584
-0.007439482506052808	0.28904747609535714	24.470136979727233	24.4722174556445
-0.13195396776306928	0.6285489685790285	15.67060560168136	15.714934390157705
-0.008061287744167213	0.1328963893998264	1.8977926054607406	1.907569918225036
0.5468973025125063	0.2821788169633099	0.7361440778525292	1.3256406216639813
-0.45238505332293544	0.07536870177659935	1.0515172174467597	1.5385306479697558
0.28756643739760285	0.5889028356153946	0.97825844758456	1.276796984012711
0.5462940061950194	-0.0021274107451996448	-0.2719429327879367	0.6249913808800782
1.5012745838689818	0.7970460190419189	-0.42798027237828123	1.9729950009793842
0.8455701796218376	0.46860079509178143	-0.33951232152300737	1.137349635201198
1.5285090738862235	1.088015492862554	-0.16013949817867024	1.8881848811592532
0.0299013185105948	-0.05742077147093755	-0.4559588954683899	0.4812167215525079
1.2094437493201522	1.3981094839263348	1.1349014580215417	2.1734040654314075
0.30435670430891704	0.19324581734441112	0.8474454985075575	0.9314615436074736
0.07203933474260092	0.24716764477044786	0.4807419878119571	0.5629157611196532
0.9446023190218256	0.7905658540455129	1.441058403391105	1.9733364779398985
0.43781957924061865	0.4955416126313512	0.6729885385118809	0.953750927487921
2.0087274456981508	2.0872152055618147	2.4291788220981037	3.783099628619288
0.09273575881518692	0.8933479147565525	1.3449963656800967	1.6229310650349809
5.41199995055639	6.553017939923669	10.834779283425728	13.771118672469392
3.2646902445608794	2.9109703216675697	4.118761456080496	6.028578791950447
2.1128484603263615	4.434421305079361	3.307108865257739	5.942130082412497
1.0124225606419108	2.709203516558052	2.8432977280194205	4.154190130560029
0.9009409438753315	2.4550225869318423	1.114299186457519	2.8851712437975636
-0.6991590751742054	-1.5641022939626064	6.512816866402077	6.742471574554015
0.052304363570435004	-1.4313535415743366	-0.5144127212774753	1.521883423668844
0.07640564095727417	-0.17851044108487102	8.380405183393664	8.38914744401347
1.6835619928934173	0.49209912806975137	67.17998109159933	67.20368518171757
0.6968421250610964	-1.604313713145321	1.1185918443942575	2.076212694256331
0.3171165723644631	1.0929732698767336	-2.9535086356308575	3.1651803660896256
0.3163984029904523	1.0883460578901825	-2.9282635481596544	3.139957403950021
0.7624551244797292	-0.7212982632660728	-5.934218837200451	6.026322444843181
-0.3720468376790593	1.2064404276838645	-5.578660671772189	5.719735330044102
-0.4540250656798413	1.2674629026748494	-5.567243126810769	5.72772179866867
-0.4540250656798413	1.2674629026748494	-5.567243126810769	5.72772179866867
-0.12128814469747157	0.6501265713481222	-5.858644568006861	5.895853758960892
-0.2823448141310294	0.6319969237958247	-6.692433004585553	6.728134825240829
-0.403632958828501	1.282123495143947	-12.551077572592414	12.623988584201722
-0.403632958828501	1.282123495143947	-12.551077572592414	12.623988584201722
-0.06468261112154194	0.9236191504546694	-18.98204498189788	19.004612278867008
-0.059104271146964815	0.8439646414772082	-17.34500067453699	17.365621728882047
-0.06951530508485959	0.8845632420055995	-16.845682447644293	16.86903380854025
-0.06951530508485959	0.8845632420055995	-16.845682447644293	16.86903380854025
1.0190898004262448	0.387889069445269	-42.784531038734244	42.79902520758444
1.0190898004262448	0.387889069445269	-42.784531038734244	42.79902520758444
0.5741574270125993	-0.32975675746257144	-16.597714673092035	16.610915948239004
0.5741574270125993	-0.32975675746257144	-16.597714673092035	16.610915948239004
0.2517087839761416	-0.956854030131268	-61.252571495534994	61.26056187925906
0.2517087839761416	-0.956854030131268	-61.252571495534994	61.26056187925906
1.098720806324991	2.5952102835677238	-395.8313570960805	395.84138940285186
1.098720806324991	2.5952102835677238	-395.8313570960805	395.84138940285186
-0.11842326146387439	0.17849658822753633	-45.449556913604994	45.450061702311075
-0.5891189773344837	0.7149538251684209	-52.78929426631362	52.79742237341734
0.10953650561861979	-0.13422688554583143	-1.7892603890573686	1.797628393944705
-0.562077511452884	0.8821443814298036	-52.95848438432128	52.968813259535004
-0.562077511452884	0.8821443814298036	-52.95848438432128	52.968813259535004
-0.9927598090907714	0.9010682690956302	-56.245595119842136	56.26157184481541
-1.6778335307552652	0.8030631938076169	-68.16923745516738	68.19461101193338
-1.6778335307552652	0.8030631938076169	-68.16923745516738	68.19461101193338
-1.3861148997788977	-0.4593494047813189	-12.23686788383199	12.323686623629357
-1.4220466433236263	0.6355152456828642	-17.132564884494293	17.203222831919902
-0.00035895970226271223	-0.5766606398168289	-5.75433319313205	5.783155550384869
-0.5594553370327394	-0.31283416915608825	-6.566497167717348	6.597707218812149
-0.8939363969724017	0.9955951305468901	-22.595971852838574	22.635553360147256
-0.5327771867203519	0.5933647791517669	-13.466974111068541	13.490564295092248
-0.548451733069383	0.6213968561960996	-13.641809866123864	13.666964175701414
-0.548451733069383	0.6213968561960996	-13.641809866123864	13.666964175701414
-0.5244920579753655	-0.3469182136153857	-7.801665551343982	7.8269680937668795
-0.2831926952054298	-0.18731399729642462	-4.212408292901551	4.226070073047374
-0.440282017658447	-0.16221575315599956	-6.4111785868004745	6.428325837843943
-0.5872839539749881	-0.31048890877000446	-7.406067601322348	7.435801444392614
-1.027565971633435	-0.472704661926004	-13.817246188122823	13.864127282236556
-0.23156274465634585	-0.006837879044647277	-2.8311686794713937	2.840630942752404
-0.27282249947983966	0.023859506943978932	-2.8289377904274096	2.84216298167476
-1.3003884711132747	-0.4488451549820251	-16.646183978550233	16.706290263911317
-1.3003884711132747	-0.4488451549820251	-16.646183978550233	16.706290263911317
-0.026478712275476823	-0.5765906268091818	-6.187500992997817	6.214364521934932
-0.026478712275476823	-0.5765906268091818	-6.187500992997817	6.214364521934932
0.7010316366616557	-0.6631903777467084	-5.456157366100387	5.540841094670361
0.621102446713102	-0.6037103270693017	-5.466178204806085	5.534377885094242
0.10193750038113292	-0.13426478712814105	-1.7762986089949204	1.7842799767313486
0.7230399470942349	-0.7379751141974428	-7.242476813801005	7.31865786182559
0.7230399470942349	-0.7379751141974428	-7.242476813801005	7.31865786182559
0.4705481160676368	-0.9360775423584593	-1.0250445029938855	1.4657328978912347
0.5078708328692648	-1.137325268834566	0.11657798682307513	1.2510123808422757
0.13700767066481348	0.39599917867257267	-0.6489249140271771	0.7724571155575752
0.4194192611133108	-0.653612113161054	-0.6974398048426401	1.0438120484276057
0.0017554625388619266	0.4132479706582812	0.11374333240868115	0.4286193096085903
0.407279405500955	-0.6445008881082681	-0.7052637633939056	1.0385831140905832
0.407279405500955	-0.6445008881082681	-0.7052637633939056	1.0385831140905832
-2.5168428406219423	0.16419923314187046	23.408540074432157	23.544027006628472
-2.5194112415086645	0.16247793261719906	23.42662693329348	23.562272419147938
-3.4352002610673638	0.6400235172721664	23.606188638671593	23.86341075749327
-3.414578232361958	0.6361813589284714	23.46447710434005	23.720155079730546
-2.5599767887387266	-0.15524062435364452	22.088416526732086	22.236810145988606
-0.8342133790076002	0.8616914412396538	1.1861735450347897	1.6868407691780956
-0.8439610712813418	0.7988864259291718	1.2016517523728831	1.6716628683299324
-0.534950344027788	0.5565370590041101	1.2950544470942735	1.507670849210479
-0.24758723943548075	0.18424148140569774	-0.5714641658214524	0.6494733692922724
-0.2563401114714103	0.19077221794753485	-0.5680480697597942	0.6517537122622507
-0.43730661025004025	-0.10186097372977665	-0.861646485867908	0.9716210145658337
-0.6936467217214506	0.0889112442177582	-1.429694555627702	1.6233747268280845
-0.6936467217214506	0.0889112442177582	-1.429694555627702	1.6233747268280845
0.08856094144248006	1.5568980659411449	0.500503772946685	1.6706820926837997
0.11351922057388304	1.6129166925995713	0.5482420728577393	1.738923874457243
0.0003366161549850136	0.4144319836805269	0.11635969325949885	0.4304573853742748
0.11385583672886805	2.027348676280098	0.6646017661172381	2.1693812598315176
-0.08476377320568781	0.3176124487076525	0.3053981744939255	0.4486987963058945
0.029092063523180237	2.3449611249877504	0.9699999406111636	2.618080056137412
0.029092063523180237	2.3449611249877504	0.9699999406111636	2.618080056137412
-2.242500534844729	3.0716148349851053	3.321057905665015	5.054024528049941
-0.8138809327650872	0.3747295988857858	-0.2889554175744504	0.941445525957447
-1.0423926915653463	-0.939514084624367	-37.33318884318809	37.36215047155079
-0.22506635454883234	0.6076162646413155	0.2343201444086845	0.7030206995403994
0.11289407827355147	1.3804641451763948	0.7488426917123485	1.5803200012522223
-0.3819966411570659	0.7046354668676464	1.1958466462909636	1.5231866230270048
-0.9202751241991223	1.692192162247781	-0.341437283391137	2.148399712294113
-1.5013166154703177	0.6822066667657286	1.1598189890915174	2.2125778656984085
0.4400726351501324	0.15347934580214062	0.18340548422823444	0.5187263303909181
-0.38907430258966325	0.4901958880732851	-0.30096217112486523	0.8543212289108717
0.04141847884523331	-0.7658491026174029	-1.4255599798454082	1.6923892982722897
-0.3723490042677632	0.08455847601518411	-0.5236796212790067	0.8147111175061559
-0.5208620501379657	-1.0134931161159257	-5.936399831832704	6.145783872279787
0.7860848261526232	-0.476802336301217	-3.5164526627386365	3.637332667765123
-0.111018860065761	-1.2952328369062387	-22.909353928176767	22.94660476619491
-0.4921756712578411	-1.251447009122316	-12.84028789362667	12.953648305514573
0.6064007114142532	-0.4130561299600787	-13.356093189735338	13.391984013587265
-0.3086873492839026	-0.4837383236946471	-7.942198316915048	7.964124844295641
-0.09017578355821682	-0.3556842757230055	-13.394173608295315	13.399925724047566
0.1616046795816152	-0.3537258565305965	-4.151443954522695	4.171954547509359
-0.2565355987952252	-0.7253673646547801	-18.225263590951958	18.242030618101005
-0.4116126712979623	0.25018395055850556	-8.665239643339648	8.711621765532339
-0.2739142058087399	-0.15060997945498683	-16.90059650237624	16.90406324760669
-0.39828760064211566	0.12510005148237807	-11.434218164672199	11.442632899530853
-0.31095036056398095	-0.3127450884600056	-12.23234747538286	12.241090807623975
-0.4277218310203721	-0.10046387931339429	-22.122949272104215	22.127751879410944
-0.582102903832989	0.5726312605210532	-17.846681070056675	17.86586116502353
0.18238499775066114	0.40302813964613826	-73.9291485123397	73.93059525885565
-0.531766482551541	0.7649365845078548	-22.400553017242824	22.425351702726775
-0.21124397345104556	0.0038249141897852	-22.65508287091454	22.661532036612037
-0.2613695639201512	1.0723065343799085	-183.21562524357267	183.2209302768034
-0.0932666442890161	1.2016809552663335	-191.45345722770088	191.45885880219737
0.202105908981542	0.7460969787020598	-186.70173838863957	186.70497713014916
0.545540468705037	0.7183040208164824	-120.53484887244062	120.53946867061393
-0.11585004261447734	-0.10662594388417247	-88.012868017291	88.01311951486704
-0.12201942042240425	0.19096334803969384	-22.68465899553443	22.6862202508006
-0.28145495314618696	0.3310613032657287	-128.24797873835098	128.2514149863936
0.6695540210873072	-0.06171460046615593	-78.13458182175698	78.14312368676337
0.5843748753686436	-0.4021652508950455	-44.175306650438046	44.18120831467409
0.9368635185939559	1.1061812609863162	-40.86352490501301	40.89999227982994
-0.5091335960243879	0.7129751729689721	-4.6087186132333695	4.723132169898973
0.07699023051063034	0.5155653788093703	-10.588077470589958	10.630105277046821
-0.6303026790765689	0.4092963500267352	-5.673911524366998	5.800074890951059
-0.0070884416617078005	0.8950356985367938	-4.730725434525157	4.905475926902881
-0.3386996184666556	-0.37800657138276983	0.3562704283119186	0.6356215875405531
0.10345512746713845	0.13958531717498043	0.3014786045720144	0.3749081995432625
-0.7801441341661034	0.34844470923435256	1.4722141997159088	1.8727566923508066
0.5598533955615004	0.14390422311368312	-21.26223590357572	21.270092145295095
-0.047068653559699664	0.009165172790694813	1.4429347521969391	1.443731331528774
0.08494670060140057	-0.042132018284909825	3.772706345308793	3.7738977485937584
-0.18675348271259012	0.023211178208677262	5.98631245973405	5.989269779168928
-0.006351969339117573	-0.03486893192179744	2.74438524889569	2.744614104803097
0.040187856254619396	-0.15728748893948918	6.007057589596413	6.0092508104334525
-0.06777345101773374	-0.051267371355924754	2.3134668374484884	2.3150270823475285
-0.4112077636117286	-0.3683641799947925	0.04164665785378277	0.5536410733211411
-0.4139794707664081	-0.3661615685240816	0.0429582602396598	0.5543452972677494
-0.4386057920267151	-0.7892952925010001	0.11390697033439223	0.9840921105537901
-16.51326500789288	-26.50896975849596	15.39259146348575	34.822338675619235
0.2633480046905599	0.5776907361372263	34.00822404219338	34.01414972128822
0.3114623329708035	0.6092792282693651	34.03395041400648	34.04082858489224
-0.47950192699079364	-0.009956381855936447	11.169201479957877	11.179493858284495
-1.5788617395640747	-4.586607250992565	5.294760201157835	7.180825583126342
-2.075632503627844	1.3594243725478918	100.03424907768749	100.06501523249699
3.3865722732567747	-1.4145185053802152	159.26852124260768	159.3108018723724
-0.02363375587169067	-0.1039733395704594	183.04728697372988	183.04737123826078
0.9217989280058091	0.32001839553312666	539.2354560588192	539.2363557991989
0.06824135733157666	0.20218512577914802	56.560806422397356	56.56120895861263
-0.045967308073672525	0.026420266830015367	13.875166571860358	13.87526786843346
0.42551534094426907	-0.7423278231656578	41.17583619428463	41.1849618184342
0.49406183324493197	0.16308441755720315	36.947307083100604	36.951233729067205
0.3055636202870039	0.17739510505324566	44.78751129523594	44.798731642348145
0.007248897692461745	-0.008068306705566394	3.1929986266809705	3.196065965992787
0.6493230674420087	-0.991414684907052	19.26128394726672	19.298181324181726
-0.025227453579813465	0.08885939371907256	0.4676689596703759	0.47670396694952505
-0.1697652862756669	-0.27624939255883973	2.705309218572677	2.728243341842456
-0.08217302587145126	1.0970688895810083	10.792950564122487	10.849714928727817
0.046963493689914995	-0.2985088267928384	-0.32525107900728106	0.4439609823038515
-0.04183240791781317	-0.06299241445266454	-0.15221742231371285	0.1699651090271469
0.21404070394355967	-0.09716601834502606	0.618117389919521	0.8252537235218038
-0.17195674438593964	-0.25438651826662023	0.9977361854116802	1.0532041127889102
-0.19729772255647868	0.5015285913390657	-2.173439360022244	2.2938857170858453
0.12536534289384157	-0.1589641906568117	0.004336445310293979	0.2459363185216763
0.4150983688300299	0.07355510287231287	-1.338978751479563	1.410695179965425
-0.3427078524643514	0.47737239324728864	-4.690504759685626	4.729233316247885
-0.22822932230075563	-0.03443999090497278	-0.21984224266792857	0.3461574043591489
0.1488909007974946	-0.025558355284578865	-2.4644537457501827	2.473021184645872
-0.19896913716588335	-0.009068993585952645	-5.105655065504486	5.111444453087688
-0.012409848667871787	0.2783780168645805	-2.138187215644603	2.1604889479382794
0.1496283050335206	0.042443794072713384	-13.71138087934692	13.721147024437991
-0.0453000420035367	0.1244344259771466	-0.9158028950778585	0.9351206142561374
0.26616661561527	0.5872865794562099	-31.707268340164415	31.71772740126527
0.528626411457562	-1.769283463826313	2.6482921091234912	3.2453290978736637
0.52730925761257	-0.4995928410453172	11.743353940495467	11.765798308305989
-0.9797997164613652	-2.5785577053767716	11.036023230665126	11.402145567866738
-0.6639312429730415	0.6346376225801293	9.99649754051638	10.038602128032565
0.348760715213307	-0.4144890782440567	6.002623953081068	6.0270166379861845
-1.1567711679730384	0.6305753281705092	4.477047539071794	4.6668725552193795
-0.34352098903714356	0.4554180861033237	3.7285267450835846	3.771912511162296
-0.992975388473279	-0.34694607362777574	1.351234674980748	1.712368782415084
-0.9913052601192563	-0.3496729931837719	1.3428080171369192	1.7053124909497932
-1.0005787240016848	-0.31642927556222605	1.2908611193535733	1.663612845230655
-2.0724826750745766	-0.3491984201226909	2.74606781305408	3.471284944520698
0.047077232552412786	-0.04636893846099788	0.8515028763659278	0.854062932539659
0.05087235249237777	-0.11531392382504574	0.22050082809743213	0.28980285948846407
3.727448962536316e-05	0.20479423786845824	0.5955280635769395	0.6450380924109904
-0.10170431119052123	-0.3094480840977078	1.5384447920697095	1.578332620936693
-0.09552608066669799	0.02738615870164776	1.254489789471633	1.2661357156973945
-0.04741485811246626	-0.11939271665434195	0.3044213760713482	0.3586850271047042
-0.054970621837350055	0.34288739743656194	0.8288191030990177	0.9087102082885737
-0.019606890101798804	-0.13934938338684855	7.047331828479257	7.066279381229314
0.16424293797407627	-0.13343844625828846	1.689189053744097	1.7023927927781703
0.17683376359451422	-0.2315052761058741	3.7864956376424623	3.7976853590966764
-0.012881295717967499	0.4760281687878386	5.09352196779779	5.139878451266872
-0.07509929384050314	-0.19871140462757989	1.653842080569165	1.6728835446993164
-0.2935018086143417	-0.20334031374406727	12.321530766213074	12.3367429546736
0.1795909830494591	0.011611023277457902	1.15202591497939	1.1659980470988458
0.0975686628388453	0.12144408377558141	0.9753461956063617	0.9877087175559676
-0.3894619653409653	0.06390789617110565	56.60190024376314	56.60546344442958
-0.3500938947238122	0.3863053507552183	81.534769139044	81.5365553350229
0.17250848526457976	0.33699710396191346	24.493130236015695	24.49642779232093
0.21417904416676845	0.9838129179758804	193.3798385368407	193.38309990474147
0.19481299532740293	-0.036453032905167854	38.54701177281414	38.54775761494601
0.4269026702696738	0.15739101559959123	73.24561413740656	73.2471602724121
0.1686898825983013	0.6119494814671058	39.72067646061798	39.725977603249106
0.11955659975553996	0.1932720697952024	12.274316551137447	12.277162305330767
-0.0973057181360305	-0.025330873850699057	6.002548298237615	6.004907637010522
0.043724294375267994	0.014504144163801438	4.851291911400835	4.853387991304601
0.5329183997686924	0.5864946443363452	34.24894765563152	34.25839858037346
-0.201925772751891	-0.15901905161036542	43.7609602200858	43.76192317598493
-0.02478950831834604	-0.004278414593769354	2.1042596308445733	2.1044099929805133
0.01735002581229323	0.2933258906891265	22.365877348882663	22.36780746266399
-0.23182141664393408	0.8307316491468849	9.986514985145112	10.024660471833297
0.0998674488808648	-0.20218268056785635	5.684090616536248	5.690273918324407
0.5414421002547376	0.20584564007374415	0.23003312140176563	0.7950894005125895
0.005455202257768771	0.07633317688956578	0.5061109564507638	0.530551221151392
-0.3929939958014678	0.05261970954478139	0.4612170518128802	0.9286299307964871
-0.05939105752146766	0.02274899223181797	0.5903001656338798	0.6099007171732685
0.15765915956056115	0.003562951267327765	-0.013589519753224408	0.15828385976529355
0.3886348466344583	-0.00569036201252741	-0.2583534130347123	0.4667075211147847
0.4920323637510322	0.3202493344533247	-0.00043520736632979284	0.769591699995314
1.0092422201179496	0.4767966845885941	-0.42754506501195144	1.2034033009840701
0.6705183061105691	0.7418872120988969	0.6881595525799058	1.2139007389866092
0.5389254432095831	0.656222271827438	0.4467419054416359	0.9595033264447981
0.10085155047481612	0.040678106545929904	0.2512084663496868	0.30726409170467384
0.4325768014555161	0.5221059102302874	0.6408837791231384	0.9433605216978491
0.4111739670914936	0.22778183726929568	0.5489661579182797	0.722711864537376
-0.028356485544976787	0.32769379452196346	0.4542253348455252	0.5608100998165018
0.12109224436016369	0.565654120234589	0.8907710308345714	1.062120965218479
3.2646902445608794	2.9109703216675697	4.118761456080496	6.028578791950447
1.0748846916069545	2.3161174564866345	2.356130434171202	3.5098067621196574
-0.062462130965043494	0.39308606007141794	0.4871672938482187	0.6443833684403728
-0.6991590751742054	-1.5641022939626064	6.512816866402077	6.742471574554015
0.052304363570435004	-1.4313535415743366	-0.5144127212774753	1.521883423668844
0.16454488993616678	-0.07799291678527709	8.873840450621287	8.881841152540915
1.9845379937343068	1.090352851540274	91.63756204501806	91.66612753872232
0.2237037798819062	-0.5009619476592206	0.05134954522985598	0.5510381383636573
0.22101611901925713	-0.49882160723834595	0.046181165946789775	0.5475434419316756
0.9178582440803535	-2.1031353203836667	1.1647730103410472	2.623756136188007
-2.710365412781451	-1.1242043103502781	22.06781799504963	22.26204184401889
-0.5319994610919876	0.5550044925273581	1.3032952540837486	1.5131529772778884
0.021266654494876264	0.3344678081744666	0.11759121457344944	0.355174153118291
0.09162742377867521	1.045996337001928	0.6312514771388991	1.2251458481339312
-0.3819966411570659	0.7046354668676464	1.1958466462909636	1.5231866230270048
-0.18754630737764022	0.6882264086250812	-0.16579411727340523	0.8853996884811023
-0.732728816821482	1.0039657536226998	-0.17564316611773179	1.2630000238130106
-0.9389938270657641	0.8399911719203308	0.6441883937561413	1.4218836266452397
-0.5623227884045536	-0.15778450515460213	0.5156305953353763	0.790694239053169
0.14354756864540094	0.11941829660863645	0.06829159405167504	0.19882247319413665
0.2965250665047315	0.034061049193504174	0.11511389017655943	0.31990385719678144
-0.38907430258966325	0.4901958880732851	-0.30096217112486523	0.8543212289108717
0.036224113207382	-0.2518774818892208	-3.186483265081431	3.235126854236868
-0.5570861633453477	-0.7616156342267049	-2.749916566751273	2.9106570180429183
-0.06723298688735145	-0.8462241354426947	-13.797275088526112	13.823364837491445
-0.04378587317840955	-0.44900870146354377	-9.112078839650653	9.123239928703464
0.018620127075304797	-0.3164864238067746	-0.8873553061550632	0.952569992099188
-0.5107957983331459	-0.9349605853155414	-11.952932587471606	12.001078313415386
0.20345881575251618	-0.2609899052646599	-2.4182100916674747	2.4447353747798326
0.40294189566173716	-0.15206622469541886	-10.937883098067866	10.947248638807435
-0.4527153912755536	-0.12561114671076512	-5.267831835747784	5.290582332814947
0.041102719977591295	0.37579509726927074	-3.3974078075918643	3.4210394327173925
-0.36104000710820733	0.15262270929786878	-10.378535578307659	10.38593492798429
-0.03724759353390832	-0.027522657815490723	-1.055682586364541	1.056697971546564
-0.19776300825234766	0.1393688791188558	-4.293710804851424	4.300521639010519
-0.38433989558064136	0.43326238140219736	-13.552970265205252	13.565339526013014
-0.0037523068713265634	0.13613448403818915	-19.732246508207297	19.732716461202454
0.1861373046219877	0.26689365560794914	-54.196902004132404	54.19787879765319
-0.21124397345104556	0.0038249141897852	-22.65508287091454	22.661532036612037
-0.24016716688649936	0.8902156657455808	-173.98150375929868	173.98400298398514
-0.021202397033651874	0.18209086863432797	-9.234121484274027	9.23692729281827
0.1673058599609896	0.26907264789011903	-30.035829491273347	30.037824893862833
-0.12841339727316514	0.1766269617141814	-50.847299064135356	50.847959536118296
-0.13215910697684055	0.7559813456620329	-110.57032867229218	110.57307437221624
0.16392135377850675	0.33727743610861916	-97.7339194267079	97.73473851487128
-0.08107720440355436	0.4387118337896816	-69.07588094751543	69.07746267811527
0.11926175960658958	-0.02989229119624104	-19.891938014416215	19.89277593716258
0.10392151343364273	0.1153557390581931	-27.97437882852685	27.975157859327965
0.10707009995801461	0.12520072282967512	-36.64673220784194	36.64736826192957
0.3345488553133795	0.477747558928614	-55.913737836071796	55.91694254935638
-0.1293279350373716	0.5683933037484258	-68.64943183534794	68.65204853289892
-0.15212701810881535	-0.2373320004826971	-59.59854690300303	59.59936645349466
0.548041485575631	-0.3556854007384981	-37.96412445528454	37.969745946352404
0.03633338979301247	-0.04647985015654746	-6.211182195153503	6.211462368321677
0.09476896568797344	0.09752646818528388	-0.3058215587284505	0.3346929856411134
-0.6039025617123612	0.6154487047836882	-4.3028970545049186	4.38843918425786
0.3969845901478692	0.3841371750011002	-5.97377912396501	6.000889512468371
-0.3199943596372389	0.13142820380827008	-4.614298346624949	4.629215764578451
-0.2069872775307703	-0.16221256269126755	0.27694737202702646	0.40661564200992645
-0.3552544344526394	0.19826460341418567	0.7521153806989133	0.8664132368270467
-0.21790242218269376	0.31239266851143443	0.4431514469899691	0.5997278135138334
-0.4386057920267151	-0.7892952925010001	0.11390697033439223	0.9840921105537901
-15.709722689605117	-24.71456702116128	18.656390829849816	34.726303126360435
-0.6897824043851524	-2.019967586210501	2.2100089938952685	3.0724922404846553
-1.4347825297773849	-4.168055878338889	4.811586249521354	6.525538517953344
-2.64092078295392	-1.1654104011339916	22.083793624802848	22.27165429077489
-2.64092078295392	-1.1654104011339916	22.083793624802848	22.27165429077489
0.2895186799124918	-1.6228899452881307	2.072551122495543	2.668700244668514
0.2895186799124918	-1.6228899452881307	2.072551122495543	2.668700244668514
-0.08019111741083707	-0.6839541583966444	1.299339213008194	1.5534134023890844
0.20908564117713002	-0.3484126932469871	0.18308228414707584	0.4670193977026883
-1.0452458659586363	-1.322185962892604	13.488502286348421	13.594112267982064
-0.40968111833580945	0.4021890101296288	2.258917182822387	2.334904975012931
-0.6230108253862733	-0.20382821135487175	8.943986815228858	8.969061732655218
-0.6025507533628307	0.22717953027694712	34.9066263838227	34.92252487818811
-1.4702524069095397	0.46551258033053783	49.43058450807256	49.46353585728654
-0.5143595485057333	-0.28646156438266207	9.559533095129442	9.623494664766149
-0.08655849213510877	-0.40790131616173664	6.008052965619077	6.02412284725929
0.07187307840676793	-0.09964306326056815	0.7056519506925545	0.729738953237267
-0.5753022734226418	-0.7354724188778036	3.9191340064982505	4.065912366016545
0.34887352348550255	-0.4146732671315677	5.984565733144651	6.00905097899759
0.2602657519123362	-0.3308779155626032	5.987146213978628	6.00192787728944
0.04978126050784959	-0.04797856080739817	0.8507541432774653	0.8535588605940856
0.3100470124201858	-0.37885647637000136	6.8379003572560935	6.855486737883526
0.5351575299001441	-0.4840382820678837	11.408258838549898	11.431056660155186
0.8452045423203298	-0.862894758437885	18.24615919580599	18.28654339803871
0.8452045423203298	-0.862894758437885	18.24615919580599	18.28654339803871
-0.6857936985405778	-2.026480187439315	2.2104387594265233	3.07619480140922
-0.6937528221334494	-1.9611775019361564	2.1260126881561257	2.9744646783109556
-0.6937528221334494	-1.9611775019361564	2.1260126881561257	2.9744646783109556
-14.83551096923772	-23.339193439386843	17.619085775396048	32.794702616127715
-14.76532865343389	-23.453784350312702	17.602814328563507	32.83601685467909
-14.588967332405891	-22.594413836865673	16.33999771225899	31.47365612213144
-14.588967332405891	-22.594413836865673	16.33999771225899	31.47365612213144
0.9178582440803535	-2.1031353203836667	1.1647730103410472	2.623756136188007
1.9845379937343068	1.090352851540274	91.63756204501806	91.66612753872232
-3.4229404799275596	-5.2491029990106695	4.147349434583597	7.530858589715411
-7.6151806091412775	-12.44252402638658	9.091158496426134	17.21450941645128
-2.084445954898812	-3.791065426083672	2.7461252788435675	5.290784400349656
-0.41988084395851194	-1.778736507215304	0.294330715272512	2.010095796483258
-0.0735720218426833	-0.07243604725106845	-0.1536960076912574	0.23186649395635062
-0.9095943843298202	-2.6150937577546283	1.9105100949167095	3.4376123180138087
-0.13797268272756213	-1.0804838669895545	1.2125709316885194	2.066474422516551
0.40042868269570686	-0.7892560894420435	1.0480270561807314	1.3788070205919378
-0.1912434056165464	-0.26625926517634285	0.463826379270204	1.0967923866853602
0.21392686637266803	-0.4632933312363977	1.2959501583595647	1.3997757008807976
0.133412199555883	-0.1803570386293098	2.0286089639196034	2.1850838227226514
-0.3976903193174036	-0.3500824417138557	0.20352037087650965	0.5833999038711145
0.2645333333434014	-0.2659388734842495	5.631341874962419	5.775636802966419
0.02086593497061268	0.18570295431515094	11.226015408065908	11.302913021610765
1.680633687601427	-0.9925994797315632	55.662944936592595	55.70255909430247
1.1358178597390605	0.4438996477556569	54.8639744725793	54.88684716000008
1.7856881039677024	-0.4506368558405977	76.47716370673763	76.49946276930669
1.0823655039098614	0.09182749833637206	60.232797871660594	60.24784615956184
0.30590077834353047	0.0434956515042238	180.52797710710118	180.52824151788536
0.6158981496622786	0.27652274402890287	358.7074789517179	358.70811428131356
0.02755825898816794	-0.07497159091484765	1.8399102264931717	1.8416432441265376
0.6217648084538409	-0.9164430939922044	17.42137372077355	17.45653808005519
-0.02765317549672824	0.5820682819796744	6.350854519469249	6.377532540917749
-0.054519850374723025	0.515000607601334	4.442096044653238	4.472182387810069
-0.024522616813067468	-0.0011748424092921346	0.01859066499399222	0.030795321316169872
-0.2037067054876881	-0.033265148495680644	-0.23843290766192077	0.315362083042979
0.05715646048097449	0.07261146606185345	-0.6305962674285884	0.6373311058415668
-0.06956630914884628	0.20576655080272707	-1.5075909482160141	1.5231578420967125
0.01347541065997156	0.014328280596880544	-0.5140635776548066	0.5144397420384417
-0.058775452663508254	0.11010614538026606	-0.4017393174230519	0.4206808722176956
0.1442886428816177	0.042329540743933136	-12.963157490004223	12.964780865793198
0.12187797273365233	0.5449570387122769	-18.744110850160197	18.752946535472073
-1.2550573202400008	-3.6459525626439255	4.208872368528817	5.708129779595343
-1.248123739997497	-3.6572734383783034	4.208986052236619	5.713932574097735
-1.2673670231822938	-3.538751831225275	4.056068039323258	5.529979352047328
-1.2673670231822938	-3.538751831225275	4.056068039323258	5.529979352047328
-0.34332034391225164	0.45509048067493535	3.7092607392912176	3.752811137826175
-0.397284698357132	0.5084438249580656	3.7064220181768057	3.7621688467574814
-0.397284698357132	0.5084438249580656	3.7064220181768057	3.7621688467574814
0.16454488993616678	-0.07799291678527709	8.873840450621287	8.881841152540915
-0.5319994610919876	0.5550044925273581	1.3032952540837486	1.5131529772778884
-2.0724826750745766	-0.3491984201226909	2.74606781305408	3.471284944520698
0.16681106112402674	0.14036394122173768	8.711816060773224	8.773883157909243
-0.9245316512829682	0.4502205979340716	4.791220352240518	4.962796947805107
-0.7014099149327027	-0.03767619202131024	2.004265785140865	2.181305208767782
-0.6911070399822029	-1.8020087627089907	1.7352405734735359	2.6419016468865224
-0.12172330142355563	-0.029148667206581824	0.20478053199641827	0.27763475663919657
-0.8115353678397462	-0.1976193847702653	2.377134286331102	2.670478075201446
-0.8195974020947155	-1.1711251225587502	1.9176922464188253	2.5164658086332046
-0.4745219682533023	-1.6956916867174496	5.392800473994256	5.674708638509145
-0.7067730995460216	-1.1383672791970507	4.586766495555565	4.861398600659401
-0.07646855832691324	-0.31417779533287377	1.352049589202393	1.3901774056411578
-0.025235752863607977	0.004729711235166002	0.18639520286731667	0.1881552152955353
-0.06049093988613211	0.3506691609714988	0.7594126605344302	0.8386510616726981
0.005520318048782058	-0.007781763534936911	0.06940644256458756	0.07005914661587562
-0.11479028362775981	-0.1401175092565026	6.080541927611903	6.084840149417389
0.095183393525961	0.0007681258696540516	0.9667899008673548	0.9814392318119237
-0.012881295717967499	0.4760281687878386	5.09352196779779	5.139878451266872
-0.1041791058363907	-0.08976184072362392	0.9956733562170008	1.0051248213149395
0.029079811995887578	-0.10894956390395594	0.6581687243521639	0.6677587233843769
0.06757802274605684	-0.12819277599659007	5.638022993759417	5.641611759066364
-0.36107983136039856	-0.0751475377474772	6.683507772453658	6.695131195607237
-0.1046627730664349	0.0004655010079972696	40.17755718641287	40.17793593211495
-0.2847991922745303	0.06344239516310837	16.424343057350267	16.427527512314633
0.07361134870536962	0.06824891590770747	9.749400851176645	9.749917615144483
0.09889713655921015	0.26874818805420597	14.74372938483905	14.746510177176447
0.21417904416676845	0.9838129179758804	193.3798385368407	193.38309990474147
0.19454057310344963	-0.022914352618711546	38.170159507998704	38.170662136884694
0.000272422223953254	-0.013538680286456304	0.3768522648154341	0.3770954780613143
0.040117589165791306	0.024265153663437653	3.301473170206725	3.3018060682356283
0.12857229343250998	0.5876843278036681	36.41920329041126	36.424171535013485
0.08365639300749551	0.12840647423773746	10.703609607072416	10.704706686095145
0.03590020674804445	0.06486559555746493	1.5707069440650314	1.5724556192356227
0.016808654778267047	-0.014864570733434336	0.2045527008350721	0.2057797214437488
-0.11411437291429756	-0.010466303117264718	5.797995597402544	5.799127915566774
0.08635128930335138	0.009912325370061856	2.1505014203098467	2.1522572239658677
-0.042626994928083396	0.004591818793739579	2.700790491090987	2.7011307673387326
-0.030768008578380315	-0.10565835092016032	14.934095931260604	14.934501385769979
-0.1711577641735107	-0.05336070069020509	28.826864288825195	28.827421790214952
-0.546843313775575	0.14303747837300368	0.3296293956415677	0.6690535504811139
0.15384931797410722	-0.09041776882822228	0.13158765617131263	0.2595763803153733
0.4920323637510322	0.3202493344533247	-0.00043520736632979284	0.769591699995314
0.6824225846282405	0.42896728703247455	0.7226042717144697	1.090912485607663
2.5822676599326395	2.482003034635096	3.396157184366028	4.937666306342785
1.0748846916069545	2.3161174564866345	2.356130434171202	3.5098067621196574
-0.18754630737764022	0.6882264086250812	-0.16579411727340523	0.8853996884811023
-0.2240554394742028	-0.08827330582627232	0.1323627144319027	0.27479611469461906
-0.3382673489303508	-0.06951119932832979	0.3832678809034736	0.5158981243585501
-0.19400811134857657	0.4403211354833315	-0.04980852588002732	0.503470479544445
-0.19506619124108665	0.0498747525899535	-0.2511536452448379	0.35085074936642663
0.036224113207382	-0.2518774818892208	-3.186483265081431	3.235126854236868
-0.5168713355818256	-0.9342626582890167	-11.89536391697781	11.943185731184
0.006075537248679543	-0.0006979270265250297	-0.057568670493796714	0.05789258223138635
0.06421488630625467	0.32196167035086276	-2.461124324288796	2.482924849528158
-0.023112166328663378	0.05383342691840792	-0.936283483303068	0.9381145831892339
-0.035549030091805094	-0.004254469742955933	-0.9026146735212492	0.9033244615912562
0.01434663305815322	0.18634533837728387	-8.331506810752778	8.333602831227013
-0.07187925950792677	0.4787661382081517	-60.19226129840424	60.19420822519733
-0.06027984746891379	0.2772152074538812	-50.378067373887944	50.3788661470189
0.042559009445426496	-0.07518310795848854	-12.554513788278056	12.554811039162285
0.07670275016116307	0.0452908167622475	-7.337424226138159	7.337964898000294
0.28916822556963195	0.3154333169964098	-37.87070232474661	37.87311990065935
0.045380629743747514	0.16231424193220412	-18.043035511325183	18.04382264869703
-0.0224892745840398	-0.15743710973280778	-33.08867449786995	33.08905668400025
-0.12963774352477556	-0.07989489074988934	-26.509872405133088	26.510309769494413
-0.22046619034016776	0.08905533023748051	-2.2690610708477488	2.2814851163581022
-0.09952816929707112	0.042372873570789574	-2.3452372757772	2.3477306482203484
0.010765266588629675	0.04186351490997696	0.08841979688359808	0.0984200453478806
-0.22866768877132343	0.27052915360145746	0.354731650106371	0.5013077681659528
-0.19822426655091718	-0.5448333588591567	0.7440294932863913	0.9535176561319693
0.1180331491400801	-0.1391207995374876	0.5553097197218027	0.5998957462571153
-0.411681505047781	0.254897064157742	32.60438321319224	32.60827714971319
-0.19086924831504964	-0.02771753388079484	2.3022431706304554	2.314247728474927
0.04470435018745095	-0.1670234723918918	0.2664962439173466	0.31767210654632744
-0.6200066236100928	-0.5684489464859118	3.6526377625809046	3.7482402594702173
-2.057271289577861	-3.230010695523763	2.3710500560344503	4.601087306848265
-0.02717466532095153	-0.5610547305599091	0.37507522280911776	0.6896970935013913
0.06160038127109556	-0.024409047272624884	-0.02973103235380775	0.15733444551758105
-0.48148122522960757	-1.7543274599426792	0.3240617476263198	1.852761350965677
-0.8660253586808911	-2.4545960683820254	1.5992898205778907	3.058144780074829
-0.043569025648928936	-0.16049768937260306	0.3112202743388186	0.3794675379389798
-0.3212418572981903	-0.8915392909384455	1.1509114780386427	1.7622223620611879
0.18326917457062825	-0.1889445760511089	0.061659453649876406	0.30425206045536324
0.024523587582055202	0.12753580692566582	0.49131899845370985	0.5270113201228529
0.27403684427278185	-0.10897498380205656	0.8967207900321623	0.9542325184615902
-0.16514823229895403	-0.1989178617529191	0.6405691754337315	0.7038399841382086
-0.19606646904563096	-0.23797267150403736	0.06767518279217054	0.3156786071825956
-0.20162385027177265	-0.11210977020981833	0.1358451880843391	0.26772129668851885
0.16493098880329182	-0.040397105047467324	3.592929792946563	3.7176296802003934
0.09960234454010955	-0.22554176843678214	2.0384120820158556	2.0580071227660253
0.2433732250639203	0.026987350858766287	7.192725743237302	7.257964883224014
-0.22250729009330764	0.15871560345638464	4.033289664828606	4.044948138386751
0.44451765967419515	-0.06159642058839371	17.006629581445228	17.01312198199318
0.9300347411459932	-0.8034827092009662	31.258798168189333	31.28326216666383
0.3060812867812385	-0.12752034994220324	7.397517186958034	7.4061749456454615
0.6380871161536821	0.710837673011016	39.65665576984441	39.66840395072642
0.49773074358537833	-0.2669380252553592	15.207318702734883	15.218443209273655
0.3849665898665787	0.02031627367872791	15.314327815321453	15.319814889427288
0.5558622724535217	0.21705279277640235	22.857120765210468	22.865334990791297
0.14153664158976098	-0.14554156811875818	22.06134929112867	22.062696279343253
-0.04043655526175488	0.5301155672351797	3.681640808724972	3.7224476435533087
0.20724761638578162	-0.38975162601344204	5.0301752520482514	5.051435514355934
-0.9637108699181288	0.4180088586624395	3.331576389900796	3.4960479220632905
0.039179218635160495	0.03221173927163215	1.4596439623397222	1.466749025741817
-0.7014099149327027	-0.03767619202131024	2.004265785140865	2.181305208767782
-0.6170825106731911	-0.4724651392297813	1.9850955089070843	2.1363749898248723
-0.19445285716655522	0.27484575445951603	0.3920387774240172	0.5341030853765737
-0.04358495046515304	-0.1448583198982446	0.5228685555768163	0.5619207168825319
-0.24271489532023477	-0.2867313318205917	0.6752505830013149	0.7852187668424251
-0.533297556309328	-0.7395354708399144	0.7195731078406946	1.1693263249082488
-0.45609786601363533	-0.04649805730009271	1.230541787306237	1.320568138310819
-0.2506752335323863	-1.0918692218969581	3.3562247082493286	3.5408304623485813
0.2576776015912531	0.7908435202307253	125.76127222231959	125.76410021139232
-0.043498557424484635	0.19296939774515512	67.61856631452113	67.61899969334918
0.1633195245421217	-0.05573557588560918	0.06595592620051827	0.1847428096488017
-0.009470206568014485	-0.03468219294261309	0.06563172997079436	0.07483357066657158
0.18972427335241096	0.2293193657053429	0.18558003255508898	0.3774949069454435
0.30230809039862117	0.09092996874798176	-0.18601523992141877	0.3920967930498704
0.48491866542103845	0.37281942716725425	0.5286781998071141	0.8084807210430759
0.19750391920720203	0.05614785986522029	0.19392607190735572	0.28243176456458713
1.7815528672352365	1.7768216017564453	2.3284627728417773	3.428230521381614
0.8007147926974028	0.7051814328786506	1.06769441152425	1.509435784961171
0.0689407344649367	0.32148293445390375	0.24629807060889783	0.4338739753653398
1.005943957142018	1.9946345220327306	2.109832363562304	3.0759327867543176
0.009077903718716779	-0.07811750896455365	0.3569030793354293	0.3654648568355994
0.10895524542136334	-0.06100329057293396	0.19840664038637337	0.2344308894215159
-0.03214907339069966	0.03367241623710109	0.9789997171226218	0.9801060354172395
-0.15872017492434998	-0.06138995011789593	1.3232434535078332	1.3341416930576873
-0.37230915254743946	-1.4456083697922428	0.31228039735336055	1.525095639773175
-0.10917207268216816	-0.30871909015043675	0.011781350272959262	0.3276657111925021
-0.05659285984693439	-0.16959841148258475	0.37471780647178515	0.4151864731058771
-0.10855537245201967	-0.029319450270334363	0.26585136896194644	0.28865351103233156
0.28445623130603415	-0.1097209005765046	7.222384771775619	7.228817041198963
0.021625055475204304	-0.017799449365698623	0.17513241518241326	0.17735790444649768
0.021179166481786686	-0.06053435283586965	12.922694343233914	12.92285347953833
0.12035747510797432	-0.08500721528288854	9.138654947894759	9.139842799804924
-0.014898012746085055	-0.04601913495621663	0.5638392598640616	0.5659102601384373
0.05407723138124555	0.07823087422784879	0.8958047024756607	0.9008387656033797
-0.5810997820519929	-0.17690566530728313	1.605352883653434	1.7217287976255387
-0.12031013288070987	0.13922947328597288	0.39891290148743097	0.45957641114224346
-0.12968779618852513	0.07179497440022943	0.13831474591309073	0.20274222985448523
-0.06476506097803006	0.20305078005928653	0.25372403151092643	0.33136085552208844
-0.5029030315201426	-0.690069368176254	0.6243135468849907	1.0577686877722567
-0.03039452478918546	-0.04946610266366058	0.09525956095570394	0.11155763713599223
-0.1247871140461031	-0.3060308076867719	1.0838551902819789	1.1331234498440834
-0.12588811948628317	-0.7858384142101862	2.2723695179673498	2.407707012504498
-0.2426301166605188	-0.005741427608575003	0.6021734493917698	0.6492420200927108
-0.338469665391474	-0.17116423769870812	1.0031794342616642	1.0724867775328277
-0.06672888930365474	-0.0016378143456419816	0.0647318800849368	0.09298195202758891
-0.05358124357705511	0.14086728763161485	0.3341810214024941	0.36659445911465455
