0.0	0.0	6499.999932280723	6500.0
-3.496118166327376	0.6246793101689322	151.60218373894799	151.64377725739763
-0.04884608326437956	1.4375010343246686	3003.493421115927	3003.493765516614
0.07787336707968961	2.8024294349598904	2552.03697704435	2552.03851692654
-1.600808932790719	0.3282573917865502	-0.016294997657484878	1.6341994007813088
0.5926472263814722	-0.9571489188126343	0.6904918669973139	1.3206603674340407
-0.29680635834133273	-0.2672280844665442	212.98758441060082	212.98795885666047
1.0992561762185948	-0.9579890857063748	-37.65548069758073	37.68370116900908
0.36469372196324035	0.07758519154003085	49.05135807075888	49.05388516273291
0.4334810754866039	-0.7525843782299421	466.02236896725	466.0235383434894
-0.09322004006073659	-0.4467916246053664	8.11335539559082	8.132880701624062
0.6137231303641945	-0.7438135730192045	7.335677066826331	7.415664012137644
1.2600047205393556	-0.5897167390324152	40.1276823082873	40.15490337633637
1.0941201627559956	-0.5551799589172606	-3.000293520008352	3.2582180595436956
0.0	0.0	-6499.999932280723	6500.0
-0.8913403535130668	0.3487766983933566	-263.55377444428854	263.55551247629415
0.39095762298467573	-2.0349110478891013	6.95888213737899	7.260836827647332
-0.721707184883793	0.8945184789981498	-6.73897514605083	6.836286315614875
-0.723460476824414	-0.8988742147160451	-369.693018348296	369.694818986394
0.8236615169833783	-0.8955119312132638	-837.1162329975223	837.1171171991735
2.115544046840415	0.8371468482203642	-54.75952640803557	54.80677032896532
-0.43628091384016443	0.19862020042637596	-1226.0161628583446	1226.016256572213
-0.20245080785152764	1.0322310578762597	-2631.0736681961585	2631.073942249766
-0.3549234499020347	0.5180039099307797	-1068.796554486967	1068.796789891286
8.637535131583718e-14	2.942091015256665e-14	151.61427064044997	151.61427064045003
-1.7763568394002505e-15	1.7763568394325622e-15	3010.211481804625	3010.2114818046257
1.7263968032921184e-14	1.426636586643326e-14	2551.827087784488	2551.827087784488
2.220446049250313e-16	0.0	0.8079178427897205	0.8079178427899478
5.9119376061289586e-15	2.0372592501871623e-14	1.0052061401599701	1.0052061401598564
1.2434497875801753e-14	-2.1316282072803006e-14	213.00310483982435	213.0031048398248
-6.661338147750939e-16	-2.6645352591003757e-15	0.014056216366611807	0.014056216367521301
0.36469372196324035	0.07758519154003085	49.05135807075888	49.05388516273291
0.4334810754866039	-0.7525843782299421	466.02236896725	466.0235383434894
-0.09322004006073659	-0.4467916246053664	8.11335539559082	8.132880701624062
0.6137231303641945	-0.7438135730192045	7.335677066826331	7.415664012137644
1.2600047205393556	-0.5897167390324152	40.1276823082873	40.15490337633637
1.0941201627559956	-0.5551799589172606	-3.000293520008352	3.2582180595436956
-1.919276664166612e-13	-2.942091015256662e-14	-263.5587887767048	263.5587887767048
-4.440892098500626e-16	-4.440892098500626e-16	-0.15112986501094383	0.15112986501139858
-1.709743457922741e-14	-1.4099832412739488e-14	-6.787710909758744	6.7877109097580615
-3.3306690738754696e-16	5.551115123125783e-17	-369.63402295990267	369.6340229599027
-5.828670879282072e-15	-2.042810365310288e-14	-836.7557677990121	836.7557677990119
-1.7708057242771247e-14	2.2870594307278225e-14	-54.78120384825009	54.78120384825009
4.440892098500626e-16	1.4432899320127035e-15	-1254.681386376206	1254.6813863762063
-0.20245080785152764	1.0322310578762597	-2631.0736681961585	2631.073942249766
-0.3549234499020347	0.5180039099307797	-1068.796554486967	1068.796789891286
4.318767565791859e-14	1.4710455076283324e-14	144.89844275955707	144.8984427595571
-8.881784197001252e-16	8.881784197227435e-16	2765.797501849277	2765.7975018492775
0.0	1.0408340855860843e-17	2551.8270877844434	2551.827087784443
1.1102230246251565e-16	-2.220446049250313e-16	0.18954530030713101	0.18954530030715944
-0.7897204114106333	0.1279455745136742	0.25756734295953265	0.977941375745786
-1.3100631690576847e-14	6.772360450213453e-15	1.0052061401599133	1.0052061401598564
0.0	0.0	5.14458270507307	5.14458270507307
-0.6786409284171686	0.8828299172505112	207.8512319375841	207.85421467977017
-3.3306690738754696e-16	-1.3322676295501878e-15	0.013650452705405769	0.013650452705860516
0.5128397053880549	-0.22717531288467618	20.787470176037235	20.795504545231505
-0.3030010327304575	-0.4092007723294514	29.165663284260138	29.175251658404775
0.7685781796698095	-0.02985229626510788	6.433901677287349	6.498792971233798
-2.0160091650517087	0.37619827137993767	-1.1799583490921979	2.4182886094414258
-2.0160091650517087	0.37619827137993767	-1.1799583490921979	2.4182886094414258
-1.7492742352885633	-0.09927561794619594	-0.8167012703776725	1.9951282931178629
-0.26429114394660147	0.7499051358992668	0.8427094825176904	1.4004184902278536
0.26675661083600233	-0.3519782420706363	1.2625451757429502	1.3443540060220915
0.0805219342644514	0.16065495626942286	8.541469852428191	8.57587194823985
-0.7620387591957772	-0.17227467316188588	9.421829721484231	9.500739377494435
0.80806921015362	0.361023537122385	56.40820753017465	56.42109179978397
0.049338427407064636	-0.4796299191339562	38.99236295418653	39.00663018620894
-0.6242978326470687	-0.014828727030397018	39.90830578680609	39.91343530984415
0.6126876988517662	-0.5299825567980077	310.2816813851951	310.2841575419917
0.4649562474153725	0.11489355592513198	2.248119999006451	2.302804411155335
-0.15817605551648978	0.00039117929470593247	1.2597855363113144	1.2773250173543078
-0.04661883225685973	-0.7499633902995855	1.9824902682896244	2.12440713296056
-0.088779200451536	-0.029014187929545396	2.1071692204457952	2.258367169704881
0.6885832406007989	0.1788744809481628	-0.2980672958035928	0.7838793637406455
-0.1043568107776206	-0.2871601514810861	-1.3184661528536386	1.5642342938410445
0.24529153368159345	-0.22999306998041102	-0.8679696998134843	1.0800813724109832
6.661338147750939e-15	-3.4416913763379853e-15	-282.83990569470245	282.83990569470245
0.0	0.0	-137.07951333923307	137.07951333923305
-1.152690133533529	0.5870836044511516	-144.93683690114239	144.9426095135965
-6.5503158452884236e-15	3.3861802251067274e-15	0.9947523712279178	0.9947523712278894
0.0	0.0	0.9947523712279143	0.9947523712279086
-2.3899619685396982	0.8931198306584882	-0.736863653460814	2.7023229427241255
2.3899619685396982	-0.8931198306584882	-135.34789731454438	135.37194276773687
-2.37550205268418	0.8857551631962148	-0.7648587192669822	2.694917637308082
-2.3517419918744435	0.8768942841648247	-0.7584724026716287	2.6692535225341487
-2.353389943700873	0.8712165664502947	-0.7621645533947538	2.669898376197328
-2.3017539989592284	1.4280118013362775	-1.1194570709983438	2.9732933441368843
0.008229912338733011	-0.5764107557781837	-3.022398012567524	3.0768826492419232
-1.6433426286684045	0.43249337736936505	-0.3751422318246024	1.8106234315189573
-0.6570589456861409	0.9007966266459758	-1.2409866467341728	1.6682952011126446
-1.2197799319205271	-0.25135596551313083	0.08895599488852918	1.3449743762397857
-1.2197799319205271	-0.25135596551313083	0.08895599488852918	1.3449743762397857
-2.1129002991194072e-15	-3.944304526105059e-31	-6.600181546877247	6.600181546877247
5.551115123125783e-17	0.0	-5.811592065849936	5.811592065849936
-1.0898630424028517e-15	2.220446049250313e-16	-5.811592065849027	5.811592065849936
-6.661338147750939e-16	1.1102230246251565e-16	-5.809873869448211	5.809873869448438
0.0	0.0	-5.8098738694482535	5.809873869448452
2.220446049250313e-16	-1.1102230246251565e-16	2514.027857294603	2514.027857294603
0.0	0.0	2414.5688529551853	2414.5688529551844
2.7004417469708346	-1.1355855136440598	88.86208333613459	88.91097061063785
-3.9512039491216018	3.9215450052120073	-4.472397663782104	7.140929122912315
3.9512039491216018	-3.9215450052120073	2413.2313767495184	2413.237797701721
-3.9526961852503266	3.922172518000467	-4.444359598878168	7.124575540900048
-3.9522750330208165	3.9222043490198226	-4.438345604084428	7.120609285265463
-3.679613524351474	3.8680911194617345	-4.053193453034475	6.702989017204977
-0.27266150866934213	0.054113229558087284	-1.1737416320772667	1.2062097490877999
-0.3542541643051082	-0.013214165430152365	-1.1638002169290438	1.2165942511862335
-0.4808011626148449	0.1436836430379896	-1.1372758496073507	1.2430652055899338
-0.4808011626148449	0.1436836430379896	-1.1372758496073507	1.2430652055899338
-4.048371264192396	3.563805178383023	-4.027097844827601	6.731087155431753
-4.6202618666749835	4.274655890571039	-3.540185806090861	7.221663121545285
-0.5302691982107618	0.6964693926273715	-0.686734973202195	1.1125915516741898
-5.150531064885746	4.971125283198411	-4.226920779293056	8.334254673219474
-5.150531064885746	4.971125283198411	-4.226920779293056	8.334254673219474
1.265133864766418	1.3597915940578538	4.9606430062604066	5.296940240422732
1.2553432012684818	1.3492683899167632	4.922253403578605	5.255948088598359
1.9266652993131632	0.47595938739678345	4.901573909125707	5.288100159854249
2.469708013665555	0.20856097476946361	3.8267004054716414	4.55923144249088
-0.5201390933966941	0.24867451531641238	0.8106435649444863	0.994749556638902
-0.32225124605029587	0.15406585169046386	0.5022327723918693	0.6162953106283542
-0.32082178159846625	0.15424060258325173	0.49704182175236594	0.6113651540643852
-0.32082178159846625	0.15424060258325173	0.49704182175236594	0.6113651540643852
-0.7900769639880558	-0.05971464323399441	35.87408798386413	35.88283679033286
-0.7903769021964899	-0.05996214171377723	35.89618779157844	35.90493822685488
-0.7897451933048685	-0.01991990826476453	35.9372878996258	35.94596995288498
-0.7897451933048685	-0.01991990826476453	35.9372878996258	35.94596995288498
-0.9682081354419614	0.6220910327986533	207.82981039045671	207.8329966852711
-0.9682081354419614	0.6220910327986533	207.82981039045671	207.8329966852711
0.5725817792088208	-0.7133230249775937	28.131326099179017	28.150591529172097
0.5914449027512294	0.44971283010814717	88.89597202105632	88.90239358958189
-1.3096296658577324	0.26681809258869266	88.67479030565406	88.68497187964172
0.21046211582294722	-0.0636223501335635	39.311203518503646	39.31205010908546
-0.4041486844756411	0.09706358510553657	8.55725177375831	8.568476830983828
-0.2094605947814676	0.10544923004778407	13.39871833383242	13.427679424608954
0.08135418995065186	-0.1592251609213733	2.7639809761091465	2.773045544664969
-0.24214370022345727	0.1667319982771266	9.240640434810917	9.312390167871504
-0.056141068157934126	0.23031362520453805	4.585441029738516	4.799285986781817
-0.981572911886329	0.4219855056792196	-0.3314088158328341	1.6810229533135894
-1.8290104462154364	2.1039996939031846	-1.8273255986858423	3.566261634033102
-0.2694698286801964	0.008693217847719092	0.13456715148077308	0.33017795090395063
-1.2850860410713878	1.1019525317790195	-0.601540299967255	2.056976505662157
-1.8882204809259293	1.1740964094135578	-1.393783156090002	2.6702491254162344
-0.12601008925808754	-0.0011491198636349592	-0.03864939789243449	0.19197245617207662
-0.03153270150752013	0.055961656279682206	0.08115128166580718	0.17375653557184795
-0.4932993239195869	-0.21531077153004877	-0.4657538712102148	0.8662272001407529
-4.318767565791859e-14	-1.4710455076283324e-14	-235.55220673967108	235.55220673967108
0.0	0.0	-0.1511298650108337	0.15112986501094144
0.4525523877082298	0.3734303427519133	0.27565973202956684	0.6482608829559453
-4.824181074830446e-15	-1.3322676295502068e-15	-369.6340229598972	369.63402295989715
0.2719625485519468	0.9369974017673854	-553.5575628810428	553.5584227076292
0.0	0.0	-54.781203848250186	54.781203848250186
0.0	0.0	-1254.6813863512868	1254.681386351287
-0.25219171468030355	-0.8044333771192549	-17.410546959696603	17.434068921366816
0.6554024231222684	-1.600452373372832	-65.73540999191755	65.7589843819078
0.6554024231222684	-1.600452373372832	-65.73540999191755	65.7589843819078
0.35822989233305425	-0.16930723148107174	-79.60143153973573	79.60253209772932
0.13994324195535734	-0.5928146190435434	-24.67968850864534	24.692139601696766
0.012400230031466786	-0.7375281715570424	-87.14038173483539	87.14783033621276
-0.12022773941317365	0.27093946274342406	-132.8992981791825	132.89970202828133
0.28206036488666	-0.4082880471125791	-581.3176658788257	581.3183708426444
-0.035719129985158665	0.42509145630155765	-298.61301025858455	298.6143046153281
-0.18373524453534273	0.6436858346456227	-1492.5576020886765	1492.5580471101907
2.220446049250313e-16	-6.661338147750939e-16	-352.18076587059113	352.18076587059113
0.0	0.0	-204.79352859177504	204.79352859177502
0.9385497522642555	-1.8682660542957952	-131.99701324398546	132.01357051083795
0.0	0.0	0.18954530030714345	0.1895453003071588
3.556850557526897	-1.1142141384040347	-184.42992478597333	184.46758472857655
-3.556850557526897	1.1142141384040347	-20.174058505494543	20.515489163505595
-3.650088769561931	1.2998130223076851	-21.70127014367776	22.044450271384555
-2.4675117536743247	1.5081091208473831	-23.091950315080638	23.3206169886017
-1.182577015887352	-0.20829609853978845	-16.062576917885558	16.17709037207132
-1.9911540196752995	1.4309326124655533	-17.89273534154115	18.122147788658253
-2.257927630549073	1.4284938197591925	-20.27577370473276	20.50599500398485
-2.257927630549073	1.4284938197591925	-20.27577370473276	20.50599500398485
-0.0638390087334282	0.2937700747731762	-545.7893248367064	545.7899093943804
-0.31448027563308634	0.023192608406587295	-129.0610520607902	129.06151275482455
0.48675475257541195	0.15190208785547593	-131.94554138744462	131.94766400388383
-0.11235353345611322	0.08500413391643336	-8.341606516476391	8.34396357134212
-0.03533392237528994	-0.06914773953508016	-234.26614409608277	234.26752735056954
-0.17907730858592086	-0.05051999142000506	-2.447878194436999	2.4589039004572304
-0.9060294211812933	0.4835530364134571	-15.972603385679577	16.026425168883957
-1.4884923630626123	1.0287435192801815	-21.248177714091305	21.406878750938052
-2.19824158875781e-14	-2.375877272697835e-14	144.89844275955707	144.89844275955716
-4.440892098500626e-16	4.440892098500626e-16	2653.1698410712816	2653.1698410712816
-1.265133864766418	-1.3597915940578538	-54.597264149437535	54.628846312900535
0.0	0.0	0.0017216225717966438	0.0017216225719030214
0.00793606731942896	-0.15328812954619025	6.830243261355051	6.833393229282971
-0.2286956662301008	-0.1583499788748214	9.504304851281292	9.509398872407823
-0.08224143381978566	-0.09756266390843973	12.831115171623795	12.832459556713982
0.7685781796698095	-0.02985229626510788	6.433901677287349	6.498792971233798
-0.33942506793598903	0.8088283418572579	0.4984197664270106	1.0184864809117822
0.07513392398938756	-0.05892320595799111	0.3442897160906799	0.38193200931607124
0.03299764420153509	-0.14597902579948255	0.3789004965664928	0.40738717063077995
0.2337589666344672	-0.20599921627115378	0.8836446791764574	0.9369668353913115
0.23841708464806297	0.12017667340611043	1.440842727284851	1.4720029513396666
-0.15789515038361157	0.04047828286331241	7.1006271251433395	7.103868996900184
0.8546438380066869	0.3050957110444053	54.10260031623088	54.110390316883375
-0.04657462785306692	0.055927826077979644	2.3056072139437633	2.31070148290059
-0.037670911455899105	-0.052054561060195854	0.13632250538416785	0.15070700173284668
-0.00894792080096063	-0.6979088292393897	1.8461677629054565	1.9737001312277136
-0.07608751984126852	-0.13471541220495245	2.0680530060807953	2.078523652456464
-0.012691680610267483	0.10570122427540705	0.039116214364999624	0.17984351724841668
0.08717081751854933	-0.0009315902722314626	-0.0734617974149829	0.18021109806759286
-0.10962940526637592	-0.24943132379685617	-0.31223121000048193	0.4372673154815902
-0.08189822302979408	-0.03679723741199856	-0.932773145438174	0.9467558802918618
0.11817161369806804	-0.20484734022210943	-0.49315622686949895	0.5633379337309347
0.15982275149084194	-0.04146494727345746	-0.19519927605665155	0.28911072536233406
-0.03270283150731651	0.016319217515155866	-0.1796141968873338	0.2276327133177146
-0.13862327885022008	1.4321577954380864	-84.65126891289879	84.66349638969783
-1.0140668546833043	-0.845074190986937	-60.27511421931126	60.289566892830294
3.528192186217705	-1.472838767647365	-136.14345770306554	136.1971309150262
0.006877487734049614	-0.481688958457247	-2.525726205007093	2.571257360747207
2.7283758834867875	-1.1334742294627318	88.92960036497185	88.97927578860246
1.2522544382795084	-2.786587004356435	2423.800259687868	2423.8021850124805
0.30052040751800224	0.131976392753663	-0.02682684022720272	0.3293174197269727
1.9712997588011556	0.1711932456417493	4.161938038251463	4.6083682687744565
0.5725817792088208	-0.7133230249775937	28.131326099179017	28.150591529172097
0.26591939074585236	0.5247634018105558	35.03788757404589	35.04310396050318
0.32552551200537705	-0.0750505717024087	53.858084447010434	53.85928962907871
0.11966674633138549	-0.05658693684905371	32.08105258199199	32.081325673670875
0.0907953694915617	-0.007035413284509792	7.230150936511653	7.23072443541458
-0.13108483995026055	-0.17876060522743187	1.3831357477972628	1.407722583103914
-0.0783757548312071	0.2842098352752159	12.015582586035157	12.01995684150504
0.09744613797991952	-0.06489652529763794	1.075167732387448	1.0815234447620985
-0.01609194802926766	-0.09432863562373535	1.6888132437216987	1.6915220999028706
-0.2635540770017398	0.18755146811306833	7.40551863764936	7.471726252357457
0.021410376778282503	-0.020819469835941733	1.8351217971615579	1.8406639155140474
0.02222531365543317	-0.02377788046770371	3.5814683567325414	3.7513619933089775
-0.0783663818133673	0.25409150567224176	1.003972673005974	1.0479239934728402
-0.5769996646079123	0.3200440557972736	-0.02944882807573837	1.1474208630593423
-0.4045732472784168	0.101941449881946	-0.30195998775709576	0.5336020902542471
-1.7050218201657277	2.1054095939117454	-1.6458872642655225	3.3059256562948174
-0.12398862604970867	-0.0014099000085609215	-0.18143833442031965	0.26033597773828426
-0.15361715421136748	-0.0617978708661945	0.06643070659627934	0.17841032955093958
-0.11585267446882894	0.0704910887139136	0.06813644488449375	0.15176762135301106
-0.48279013972978424	0.1856930605927839	-0.07105129205373423	0.721271259634768
-0.8022959013416039	0.9162594711862356	-0.5304890079135209	1.3357052460273895
2.1871393585115584e-14	2.3425705819590803e-14	-216.71748255870537	216.7174825587054
-1.5843509680471386	-0.5431132285591712	-18.736646013740565	18.81135411960575
0.0	0.0	1771.3097085244228	1771.3097085244228
-5.768925461166256	2.3257492947322618	1704.8070586923516	1704.8184058655706
5.768925461166256	-2.3257492947322618	66.35151996706004	66.64243252386287
0.4491763665106583	0.37064456858037215	0.2736033223764309	0.6434248848663344
0.8167561904133152	0.3445498576879231	-553.4305621947934	553.4312721345939
-0.4632323142226321	1.3171153474795858	-431.4049633401763	431.4072226696655
0.4632323142226321	-1.3171153474795858	-823.274701388539	823.2758853041935
0.06891619676664877	-0.0626626709568713	-10.517641060391295	10.51805350470025
0.2893136955664054	-0.10664456052420043	-69.08379047934443	69.08447859302908
0.14457637537102513	-0.6088014915607438	-79.3163463865513	79.32037544923713
-0.13217614533955835	-0.12872667999629872	-7.824035348284093	7.827454886975638
0.013764396788846481	-0.016537038291649472	-20.443790252382364	20.44427799166701
0.26829596809781353	-0.3917510088209297	-560.8738756264436	560.8740928509775
0.0010625287900361408	0.40520884043996724	-287.7293177427982	287.7296369230226
-0.03678165877519479	0.01988261586159031	-10.88369251578626	10.884667692305431
0.23383980195545417	-0.46547874854981885	-32.88707429861029	32.89119954396074
2.7115390172976577	0.5684530319882072	-198.29293718261016	198.3122903886709
-0.9440229288034416	-0.246945143548027	-13.878698959120676	13.993585887539766
0.2152169733347279	0.35618251789769206	-400.4615012610923	400.4617418136274
-0.2790559820681561	-0.0624124431245158	-145.32782357561422	145.32816758075307
0.23510402590077414	-0.07259241255940298	-71.69535108609439	71.69590037456881
0.14728097905543494	0.09659443229625173	-29.655961134823414	29.656791340293367
0.10436974761920292	0.1279000681186272	-30.59422916652682	30.594972289021662
-0.20940063380032956	-0.31882090273465724	-173.1452947499278	173.1457711560342
0.1740667114250396	0.24967316319957708	-61.120849346154934	61.121756194535344
-0.2346842137744906	0.24035017370102404	-1.8691404372602884	1.904208666426725
-0.6713452074068027	0.24320286271243305	-14.10346294841929	14.122216502457231
-1.0478745252481287	0.7678488716960727	-13.199029898869473	13.290991472555445
-0.4406178378144833	0.26089464758410874	-8.049147815221831	8.115887278382605
0.0	2.7755575615628914e-17	144.89844275955704	144.89844275955704
3.7164557080728096	3.183632386281721	739.7799794347047	739.7961648525986
-2.0656799741964837	-0.6886804196591214	-45.265552409715085	45.3178943623033
0.8103367729280021	-0.6605879702576418	-9.29332213704066	9.351944102421616
0.021420617987857844	-0.03586146531496414	1.214729559247388	1.2154475676387162
-0.10366205180764351	-0.0617011985934756	11.616385612376407	11.617011989075268
0.03889020547608914	-0.09775836444298976	0.2762860991335391	0.29564024501912534
0.036243718513298426	0.03883515848499865	0.06800361695714083	0.08629176429694593
-0.03699988835115477	0.08838699012093093	0.9824527309388317	0.9871142893757562
-0.009574739501912153	-0.0324591640429513	1.3231544830049315	1.3235871935248338
-0.0631916771103556	0.042747747012998924	-0.5569940426026713	0.5621947362129721
-0.018706545919438464	-0.07954498442499747	-0.3757791028355027	0.3845611440788896
0.12026029532484386	-0.15880151386076896	-0.47260593105558735	0.5128711587767529
-0.002088681626775831	-0.046045826361340456	-0.020550295813911615	0.05046677495418171
0.05397288567992401	0.04979128655209493	-0.06356053165159828	0.09711944083943654
0.10584986581091793	-0.0912562338255524	-0.13163874440505327	0.19199128452289757
-0.016131735403820104	0.06940432003060983	-0.05134339677467388	0.08782560514116465
-0.016571096103496406	-0.05308510251545395	-0.12827080011265996	0.13980710817654995
-0.22002493779588878	1.1517032132253575	-84.76044238044383	84.7685520921104
-1.0720308782889487	-1.0447786716356664	-60.3493328452898	60.36789533806961
1.6865027645578814	-1.2210833495885776	-38.9213259495358	38.97697974178493
1.8179293608500813	-0.24289453902739488	-97.22851807012458	97.24581528801471
0.02303336346871876	-0.5063411467002581	-2.765065199966153	2.811138106308202
2.726672844607115	-1.1348795173582973	88.8516257509681	88.90131042291156
0.27819491028923327	-3.4546523102414564	2152.539758072313	2152.542548266353
0.9740595279902567	0.6680653058850621	271.25878341911846	271.2613549424931
0.30717636361510164	0.13450070706938974	-0.019664414391221262	0.3359083919155826
1.9737538153269933	0.1690624528181159	4.2025575538748265	4.6460495294498445
0.07545546647631299	0.010794960630270602	21.120717719563608	21.1208552631773
0.25007004552906403	-0.0858455323326793	32.73736672744682	32.738434365901405
-0.01179599552113102	0.19603747341824368	5.642835662136888	5.646252221286117
-0.06657975931007608	0.08817236185697228	6.372746923898268	6.3737046202189225
-0.07127916975321444	-0.02501626674080567	2.8555281387903144	3.0070815203392187
0.09350448340864762	0.0012383862731019553	0.7259402179422275	0.744280472969759
-0.48279013972978424	0.1856930605927839	-0.07105129205373423	0.721271259634768
3.185833146693309e-14	-2.0816681711722947e-16	-207.2740437578075	207.27404375780748
1.1617938488061894	1.2498753533352678	-9.248642642176785	9.40475114336842
-1.4818542936321206	-0.5079775162829052	-17.52451313104639	17.59438813328903
-9.345861205141391	-0.7383659195125198	1841.539314776558	1841.563177893948
5.629405497069849	-2.445266466769461	71.69941699519558	71.96162819028535
0.4295285346596041	0.39551850377082637	0.2753002506964033	0.6455384395568061
0.8167561904133152	0.3445498576879231	-553.4305621947934	553.4312721345939
-0.2977534841884335	1.8449546314077452	-704.2476923242211	704.2501719389111
0.5499451988580404	-1.0405212542973459	-533.009496640414	533.0107960067689
0.14457637537102513	-0.6088014915607438	-79.3163463865513	79.32037544923713
0.27429145255800697	-0.34287262884230735	-474.39469849928616	474.39490170286297
-0.0059954844601934065	-0.048878379978622384	-86.47917712715747	86.47919114811457
0.24243350079697734	-0.46687104602572127	-33.43145013755836	33.435588836987776
1.3831194318121298	-0.8568116668795925	-216.93551610586672	216.94161724693103
2.0331295357945276	0.02247739312175756	-80.46736002213645	80.49304410863489
-1.0868786526498155	-0.25952677554107595	-14.82232408584325	14.93987786625427
-0.10239702902396017	0.0014099215114071438	-26.880127019146396	26.8803220907949
-0.17665895304419596	-0.06382236463592295	-118.44769655646783	118.44784548995817
0.106686530785602	-0.08842005160946573	-47.62030756444392	47.620509159957685
0.12841749511517214	0.01582763905006274	-24.075043521650475	24.075391214611127
0.08762002067150332	0.07207863276136901	-8.811559372319644	8.8122897801444
0.05966095838393164	0.024515799534882726	-20.84440176250377	20.84450156014897
-0.017014973437605486	0.06084149187417247	-5.5575564305069305	5.5579154972636555
0.12138472105680842	0.06705857624445474	-25.03667273601989	25.03705679175801
-0.0007109183937607788	0.04449587688312389	-18.564748798194923	18.56480213545366
0.1747776298188004	0.2051772863164532	-42.556100547960014	42.55695405908168
-0.8931781076063637	0.5792004453981404	-8.165566061777305	8.249686364293252
-0.15469641764176506	0.18864842629793235	-5.033463837092168	5.041305108262194
-0.2150063573939249	0.37235410056980844	-3.718540245192413	3.7757299701443974
-0.22561148042055845	-0.11145945298569968	-4.330607570029418	4.340157308238208
8.881784197001252e-15	-1.3100631690576847e-14	18.468293758072875	18.46829375807289
-2.808742742681245	-0.036638644653116226	126.40244293852038	126.43365042191408
3.7256680964575253	3.419976998897255	721.885610653073	721.9033257398805
-2.062227663937728	-0.6931714585169892	-45.13776624907419	45.19016720001017
0.814203293041724	-0.665617846130301	-9.393138606061225	9.451826648440237
-0.13479370839242577	1.057782759914339	-84.18573392715645	84.19248701971247
-1.0069716076259319	-1.11840174984426	-60.559665123032126	60.57836126956677
1.64905150446844	-1.3501148415479127	-38.96931639031108	39.02755181763084
1.7244317067653152	-0.565023668259454	-97.35174260837636	97.36865360753504
0.02303336346871876	-0.5063411467002581	-2.765065199966153	2.811138106308202
2.7267403424071306	-1.0342343186633212	88.63994465569958	88.68851922366608
0.9546683925622135	-3.4035239082092223	2154.184287996371	2154.187188249258
1.0593077209598405	0.6745084318861366	271.46586497734546	271.4687697367267
0.7367048982747058	0.5300192108402161	0.25563583630518205	0.9814468314723888
1.9737538153269933	0.1690624528181159	4.2025575538748265	4.6460495294498445
0.0011954846714541806	-0.05516887980608545	0.2821535401167559	0.2874989646643545
0.09230899873719342	0.056407266079187404	0.44378667782547154	0.4567815083054045
-7.327471962526033e-15	-1.0408340855860843e-16	-186.82018294045554	186.82018294045554
1.2299782937170576	1.2732488827867008	-9.245327349094193	9.413293106689164
-1.5420973837468526	-0.48458059766732825	-17.538050293465545	17.612384585646566
-4.195691875026432	0.82102698768121	850.7644299798328	850.7751719664452
-5.150169329946862	-1.55939290718045	1103.402545614499	1103.4156667452762
5.600898115179571	-2.432883605906015	71.33633022112588	71.59721357534818
0.9545689622390086	-3.4036059546212627	2153.846852770836	2153.8497535637075
1.0201448005179685	-1.0383468830146398	2153.7508433435614	2153.751335243449
1.0201448005179685	-1.0383468830146398	2153.7508433435614	2153.751335243449
1.0592081361390022	0.6744262579880687	271.35994889095286	271.36285419113096
0.27573308036306365	0.5996858222001916	203.63783934312377	203.63890901336327
0.7868510769734776	0.07752620995939546	67.72416595747637	67.72878117585142
0.28188956921318997	0.8234211108260805	203.67911495112594	203.6809744461388
0.28188956921318997	0.8234211108260805	203.67911495112594	203.6809744461388
0.7886711579891839	0.15216987569773988	67.69297245316159	67.69773760925081
0.7886711579891839	0.15216987569773988	67.69297245316159	67.69773760925081
0.791299672086026	-0.6468939488193935	-9.128908667351645	9.185945809164703
1.1448905984586166	-0.5069985381798596	-9.114805701476554	9.200407870079726
1.1448905984586166	-0.5069985381798596	-9.114805701476554	9.200407870079726
1.0689203616052063	-0.8751486783248211	-25.260033210175944	25.297781596966544
1.1056470048502973	-0.920962789222088	-26.007603658239393	26.047381361713
1.1056470048502973	-0.920962789222088	-26.007603658239393	26.047381361713
1.6645658496849365	-0.5454081473672526	-93.97205207820527	93.98837599035357
1.6364311969051253	-0.10426578475032006	-76.12093122321151	76.13859040397958
0.6082657956430384	-0.9161085258400203	-31.560404035128606	31.579555807038012
0.6455883645922906	-0.9596749350419476	-32.19169604290547	32.21246737578837
0.6455883645922906	-0.9596749350419476	-32.19169604290547	32.21246737578837
2.086634548378356	0.013808844765303974	-84.47678022917033	84.50254808176493
1.8997785090329273	-0.1816642205119834	-82.4427611924451	82.46484725813406
1.7170982661881418	-0.19472627393109576	-76.68763600612374	76.70710437101027
3.616876775221069	-0.37639049444307915	-159.13039719856886	159.17195162914433
3.616876775221069	-0.37639049444307915	-159.13039719856886	159.17195162914433
-0.23136597701475414	-0.051833486606556026	-34.20527494976017	34.20609669802069
-0.2085609487903639	-0.07559404026233096	-27.314010979658633	27.314911823472357
-0.3180531718612085	-0.002977493335729442	-45.16688164765073	45.16800155484509
-0.5266141206515724	-0.0785715335980604	-72.48089262730937	72.48291337831745
-0.5266141206515724	-0.0785715335980604	-72.48089262730937	72.48291337831745
0.03445172838308047	1.7059989457074598	-767.7787884231524	767.7806845524626
0.06531093992464221	1.6728327900176545	-518.3249685169592	518.327672060029
-0.030859211541600696	0.033166155687876786	-249.4534141416638	249.45341825522712
0.009809108647459652	1.654085408867104	-456.5723816471873	456.5753779797815
0.009809108647459652	1.654085408867104	-456.5723816471873	456.5753779797815
-0.1166193591470801	0.07214127612678567	-241.4548565032892	241.45489544299198
-0.1166193591470801	0.07214127612678567	-241.4548565032892	241.45489544299198
0.44910596330456914	-0.849732081980014	-435.27312560785685	435.27418671133097
0.32294549718426424	-0.8095504278371664	-472.5950344342273	472.5958381508244
0.32294549718426424	-0.8095504278371664	-472.5950344342273	472.5958381508244
1.3958293107265831	-0.8588708421727773	-219.40400779267884	219.41012883201972
0.9632737177768149	-1.3875692019489563	-217.8852922646999	217.89183975041942
0.9632737177768149	-1.3875692019489563	-217.8852922646999	217.89183975041942
0.17349381181183787	-0.5465487160631701	-33.10320374913793	33.108169898965734
0.17349381181183787	-0.5465487160631701	-33.10320374913793	33.108169898965734
-1.0868786526498155	-0.25952677554107595	-14.82232408584325	14.93987786625427
-1.0069716076259319	-1.11840174984426	-60.559665123032126	60.57836126956677
-0.13479370839242577	1.057782759914339	-84.18573392715645	84.19248701971247
0.7367048982747058	0.5300192108402161	0.25563583630518205	0.9814468314723888
2.7267403424071306	-1.0342343186633212	88.63994465569958	88.68851922366608
-0.9278463462435025	-0.8503800061243845	-30.12026025179344	30.204463272457286
-0.18908319154631195	-0.36047639518204655	-13.0728976832529	13.102674425441327
-0.3117488198900217	0.06975202848570651	-41.88758675258855	41.89812767807265
0.14471381915492068	-0.221866289019519	-54.36897570038525	54.37186225789162
0.026834468754223822	-1.0378734717106006	-37.81922377618585	37.833729240587886
0.09340113766218491	-0.8852853460859902	-318.72792128967654	318.73032788516304
0.23649988982497724	-0.027274931740404296	-140.85885766740932	140.8610372232281
-0.18383019533151157	-0.13500591485740535	-58.32101761799588	58.32161979692218
0.503492193025135	0.6625873612860633	-311.5170832735546	311.5191820710429
-0.06793381048259561	0.3330806841960363	-192.17689589397168	192.1772472301862
0.2674819560864122	0.07651727114064316	-256.0586273602903	256.06191278383795
-0.0651849233242014	-0.2261324361374895	-408.51975780087764	408.52322082096543
0.41308004012798966	0.06359529073130643	-69.5479190259264	69.54931487874104
-0.39010428092042604	0.5844036503214982	-96.14865091805687	96.15131960677272
0.43304594178065137	-0.005641121016730588	-135.04133588715948	135.04294714834487
0.45520174672812497	0.5869343967004301	-53.88921982463599	53.896635605910454
0.9714122588038493	-0.556803295611693	-68.56438059511984	68.5776706200093
0.44456488303548924	0.2641979810780897	-35.25683027858224	35.269479239944815
0.8863699206891748	0.12230288110658466	-27.09725961829959	27.112387726599426
0.6738326217416667	-0.6596738537707173	-32.5059153700289	32.529022054947056
1.2590078756058987	-0.6758918609554694	-23.994412669667568	24.037330338158334
0.09945064472975157	0.21785337996593734	-2.530102215819583	2.5452401720259914
-0.022158488632189756	-0.4727781958952544	-3.0550550340905334	3.094445197907751
0.1720164556205042	-0.13989297165209008	-2.525563708417466	2.5391162901090754
0.641922389347353	-0.9960228460903013	-19.33567050249448	19.38482038808217
0.4220380747530305	-0.0746824028869664	-0.9309704044556111	1.0343496878302123
0.4400780168718564	0.5388823044479558	-0.9627279504410946	1.4210721018369155
0.05901688395405458	-0.2991813219173714	-0.27472072872577125	0.8716745140865858
-0.22793565528449472	0.12710242768636157	-0.17836376275112756	0.9517278880283263
1.082600903961289	0.13616061897820178	1.8414810161869057	2.305851295292942
-0.261226058012695	-0.6378396000467699	2.567061719724538	2.7138577531159913
0.8200025366446795	1.0497127763132774	2.4825620409283147	3.003548546787411
0.6597624266560305	-0.05358269212744228	6.78186973286619	6.854385332427062
0.42864936905448	-0.5608766113049695	16.805426523947744	16.846395285027782
0.12412828188166664	0.5564109645776192	30.75104792020063	30.76708564980146
0.39605040172626854	-0.2782664265360288	1158.4606915596366	1158.461173699292
0.4652341753898192	0.3989643833041149	74.08830822669772	74.09418285906041
0.7871188935128886	-0.4940979930748294	1056.6281420094988	1056.6292315414853
0.838184968191184	-0.2261777093502489	22.121056632147813	22.13852607344715
1.2067190837677702	-0.45365744122645496	94.34383912167647	94.355915742889
0.6553273910434468	0.16421501287509244	27.11993891935003	27.128688268133825
0.018153687228207774	-0.3631978361933195	23.218332575688162	23.227641925997087
-0.8931781076063637	0.5792004453981404	-8.165566061777305	8.249686364293252
0.0	8.326672684688674e-17	18.468293758072903	18.468293758072875
0.06352207033489421	-1.2128305494211244	75.46565346784473	75.4754254464581
-2.8379353258649336	1.1644859854438636	50.91061900195945	51.002951205658306
3.7256680964575253	3.419976998897255	721.885610653073	721.9033257398805
-8.770761894538737e-15	1.2878587085651816e-14	-186.82018294045548	186.82018294045548
1.819372322120916	1.147160730186508	-14.374043274914456	14.534070780634536
-0.5893940284037711	0.12608815260028686	-22.877866111215344	22.88580436309023
-1.5420973837468526	-0.48458059766732825	-17.538050293465545	17.612384585646566
-1.0966765043992512	0.5099019129627131	382.71059708162386	382.71250804995805
-3.0705079887367965	0.2987422138549293	468.41691967234794	468.4270785314935
-5.243326213673864	-1.7480923753868085	1334.6097777827015	1334.6212223885573
0.09315688353395352	0.1886994681479066	13.206747757382033	13.208424282303525
5.036690887081498	-2.115043708239143	58.18944448049328	58.44530018682582
0.46207122741648127	-0.30790267064367516	28.728096081426287	28.733461649050504
0.030823223746118428	-0.7604900488997544	-6.949570573131029	6.991124844947869
-0.6071563559120988	-0.22949877489641343	-6.8497522754325555	6.880437105518578
-0.3515132140775219	0.13960881767178335	-16.32093740322985	16.332901321990832
-0.09022039269899369	-0.24457785639925414	-8.571720131271197	8.576818981466234
0.06078079880448139	-0.18191157931147078	-2.9090289868485573	2.918683874525648
-0.15964359765179964	0.06601304052867837	-1.5921485651331455	1.6071715694494426
0.07912514043729804	0.02428777549924973	-27.207917903677238	27.212522251337305
-0.39087396032731975	0.04546425298645679	-14.67966884891131	14.685605426735345
-0.33103770477575356	-0.18741739740721858	-91.11622619769784	91.11712719098301
0.4244388424379385	-0.6978679486787716	-227.6116950919787	227.61320069418008
-0.1510001054700485	0.042497166340799905	-14.767945684769533	14.769438261971988
0.3874999952950257	-0.0697720980812042	-126.09091198263977	126.0915989612561
-0.08539345028210267	0.008940555600709305	-24.79366177957252	24.793810445647928
-0.09843674504940887	-0.14394647045811465	-33.52735583842336	33.52780935127425
0.24705188703676817	0.17572945178676389	-151.9013541944707	151.9017208637679
0.3110388556517302	0.18164643623440296	-102.7995562188833	102.80028199952456
-0.05459854966336335	0.3052114732648966	-56.81617286020061	56.81717920775049
0.3453456948769648	-0.05452781854506047	-163.77645541559698	163.77951622844014
-0.07786373879055261	0.13104508968570364	-92.28217194469333	92.28239655539781
-0.5712426338826665	0.010361078835852994	-286.35758849390237	286.35969986247505
0.506057710558465	-0.23649351497334248	-122.1621693069752	122.1635209584904
0.43304594178065137	-0.005641121016730588	-135.04133588715948	135.04294714834487
0.45520174672812497	0.5869343967004301	-53.88921982463599	53.896635605910454
0.1781724161989364	-0.48909741224624287	-29.944492794404646	29.949342066022286
0.7932398426049129	-0.06770588336545014	-38.619887800715205	38.62832855398702
0.27399266562422914	0.039750199750030336	-5.888851350409485	5.897007891406933
0.13397509296215898	-0.05505773214395539	-11.412167772487443	11.413940324520011
0.03659712444910118	0.2795055134720148	-17.95581115568532	17.958531024017876
0.16708105740207513	-0.33213151617081593	-10.488654845984508	10.496170143765335
0.5875671560475197	-0.25741565759966745	-17.454518795326376	17.466860168471747
-0.08081559170792796	-0.0701266800002341	-4.562741728718025	4.56599174270998
-0.07320740466161857	-0.2012510516751081	-1.206729410929284	1.2255844243051408
0.05104891602942882	-0.2715271442201463	-1.8483256231612497	1.8688607736026102
0.34356837730435535	-0.18076654518127538	-9.824701465908676	9.833359265930861
0.2983540120429977	-0.8152563009090259	-9.510969036585804	9.551461122151307
-0.06164425321105281	0.0942991960193608	-0.2075939110216704	0.2743489914636455
0.37619874860075614	0.5241691886750801	-0.5442557876441767	0.8555541970496374
0.12552352148215312	-0.079586080246485	-0.21087825177524766	0.29116891332363287
-0.31993108884242066	-0.23263963265576804	-0.13486968671152189	0.4406208319902404
0.37894797279647524	-0.06654168926160335	-0.13985104201424936	0.4310536820963455
0.18865239547926765	-0.17847199715095585	-0.28045648809109713	0.4069122837903871
-0.4165880507637624	0.30557442483731745	0.10209272533996956	0.5448156042379392
0.743955673125795	0.15502364718420045	0.511334151546677	0.9265229485556775
0.33864523083549397	-0.018863028205998666	1.3301468646402288	1.3793283467372648
-0.4173305149543728	-0.4980352757185963	2.165809736940789	2.261180158943491
0.15610445694167785	-0.13980432432817347	0.4012519827837484	0.4526775941725002
0.47862414742295417	0.6958841038775284	2.3109625934270777	2.4644195368575104
0.3413783892217253	0.35382867243574895	0.171599447501237	0.5391290099299002
0.23058062306162536	-0.35474908049264253	2.678432496805203	2.7152338313088284
0.4291818035944051	0.3011663883652002	4.103437236060988	4.139151501118234
-0.23942809235755563	0.30566745702214115	21.934325341172134	21.938205632252117
0.36355637423922227	0.25074350755547803	8.816722579028495	8.828880017549343
0.35628395384437084	-0.0906045402434538	39.495091495023175	39.49704899639505
0.10895022154544835	0.4895689235475687	34.593216731674545	34.59713386266536
-0.0421289619339541	-0.31000455395019566	688.3252503035352	688.3253355520792
0.8292478554468427	-0.18409343912463377	368.30289170596365	368.3038959894062
0.1801691840565105	-0.2389704995128535	13.174477138337572	13.17861508232183
0.0928922521661735	-0.06192639552983698	11.66632079032398	11.66768976347166
0.9336576475450865	-0.15276054618376456	69.50304119301494	69.50961089709553
0.1430761871620102	0.09322963980319521	7.391873318281716	7.393845664780661
0.5122512038814366	0.07098537307189723	19.728065601068316	19.734842603353165
0.12434600682625081	-0.46358149240175606	14.163242383268424	14.171372711799027
-0.10619231959804304	0.1003836562084365	9.05509019241974	9.056269214198062
-0.8021851562504595	0.5395699204746062	-7.457757415265578	7.5214534615218
-0.09099295135590427	0.03963052492353426	-0.7078086465117277	0.7282329027714531
-1.7763568394002505e-15	4.440892098500626e-16	12.895619645573419	12.895619645573362
-3.0534312677910904	0.2618746370303588	5.102841882913978	5.952395829803763
0.0634946838265727	-1.2128600122400233	75.42664457655076	75.4364220589861
-2.821146646906641	1.1575971105696317	50.609441582516006	50.70122756667587
0.0	0.0	-174.11744154242027	174.11744154242027
1.8859172693605906e-15	2.220446049250313e-15	-174.1174415424203	174.11744154242032
-1.7763568394002505e-15	1.1102230246251565e-15	-170.34567778958007	170.34567778958007
0.0	0.0	-170.34567778958007	170.34567778958007
0.0	0.0	9.4384913418021	9.4384913418021
-18.814322402204446	7.784119067169568	-157.89399320419113	159.20139549347903
18.814322402204446	-7.784119067169568	-3.013193243586869	20.582773637903177
-18.25903451432449	7.544009365733448	-141.26986271897258	142.64458816002417
-22.678696398143593	9.394146938549332	-132.82020238666558	135.06953553283964
2.651977040070732	-1.0857804000238642	-9.210100531357376	9.64561315292334
-22.412397284608385	9.37130804761566	-129.59510339504308	131.8522953555922
-23.613843713711468	11.124591553860803	-130.83933217166611	133.4177686640853
-23.417773495194915	11.127149191822488	-128.97596383539644	131.55608998400191
-24.14792892627699	10.341636961446053	-129.01579017453318	131.66300179180953
-23.19506003096452	10.668279045532163	-129.12602553448966	131.6258084798231
-22.604378211653085	9.688046678032856	-123.72515221715247	126.1456675987279
-0.4830955107283133	0.9400202909820723	-5.798100097258468	5.893639296544413
-0.9750767563815828	0.6071387513205408	-3.300098119117692	3.4942867283602794
-5.814436211784119	3.0357591028815136	-37.01620250374114	37.592855033764145
-5.905644121741341	2.9478459839814386	-35.636730253360426	36.242833382459324
-0.010762934318505002	0.0891330106748737	-1.5254626221213123	1.5281023348703906
-6.034439859747024	2.996732024695864	-35.69829354847314	36.32854290391647
-6.034439859747024	2.996732024695864	-35.69829354847314	36.32854290391647
-0.7916897154717171	0.009471097145415719	-1.1334521812212857	1.3825976111581113
-0.4132853510486523	0.00494419168528272	-0.5916954249352453	0.7217566780516335
-0.3113145067728116	0.0037242999104292185	-0.44570505319396503	0.5436759944853709
-0.3141292694670411	0.004584417539649744	-0.44876752689565375	0.5478051734112375
-0.015958217377370434	0.0911592628818608	-1.525664203977892	1.5284684946738418
-0.3300874868444115	0.09574368042151055	-1.9744317308735457	2.0762736680850793
-0.3300874868444115	0.09574368042151055	-1.9744317308735457	2.0762736680850793
0.4147690434686137	0.37409740112853784	-4.37513899260794	4.410648867183763
0.3798085863376737	-0.12273654922748328	-0.6590744644788981	0.7705179897317379
-0.34344390729212537	0.5013608558161545	-4.257821284415089	4.30097181055851
-0.358432762812154	0.5071182059642108	-4.261821518062284	4.3068277852842245
-0.358432762812154	0.5071182059642108	-4.261821518062284	4.3068277852842245
0.3761223862987558	-0.12156582117353468	-0.6551570517444713	0.7651647278875143
0.3761223862987558	-0.12156582117353468	-0.6551570517444713	0.7651647278875143
2.7035374882211887	-1.0902024329633155	-9.503440155207775	9.940474389015444
2.6141855887240975	-0.9598102591259237	-9.629131889647857	10.023740967026697
2.644192567083955	-0.9594188330972832	-9.821414905075434	10.216282570816139
2.5880358162200325	-1.0198331130492115	-9.831514511019073	10.217468695566819
2.6613216111099525	-0.9947108481767696	-9.826047829300062	10.228553090879172
2.5537353025268015	-0.9544987716595221	-9.428821049378925	9.815054675430112
1.955579218148321	-0.7309285186129346	-7.220327994667384	7.516094925448508
1.9039315499540383	-0.7116243895586247	-7.029636100899171	7.317591702861671
1.6877437368948993	-0.8111273714057955	-7.13519824742137	7.376819135920076
-0.0839359278565201	0.29343847019103514	0.02778714964559076	0.30646941357762997
1.7765943588362374	-0.8835055313109358	-6.872858314920313	7.1535341584894265
-0.11749877327613253	0.17253157354051346	-0.2528559071433971	0.3278859792169708
1.7497186344897424	-0.873669662920357	-6.854022169282292	7.127582611012035
1.7497186344897424	-0.873669662920357	-6.854022169282292	7.127582611012035
-0.05528777652172745	0.1932850565556627	0.018303124287938122	0.20186841179129988
-0.05814087375006176	0.19386126261344402	0.017481887866637912	0.20314567862960053
-0.11935226148915451	0.173072243614528	-0.2542506036996524	0.329912614663307
-0.17749313523921628	0.36693350622797205	-0.2367687158330145	0.5330582932929075
-0.17749313523921628	0.36693350622797205	-0.2367687158330145	0.5330582932929075
-8.017547414296343	3.4668339755193798	-3.449068069563875	9.391276532122276
-6.249862570547949	2.7024768027273485	-2.6886278705133506	7.320716006383314
-5.7014684980659585	2.655444305157913	-1.9310074761351994	6.579279395581564
-5.740576379121675	2.712514850425898	-1.9576293542879233	6.644115190684196
-5.384205258592402	2.717163533500817	-1.5332685248766917	6.222825427715151
-5.405942139104593	2.6937786694489914	-1.5298136395098334	6.230648738530799
-5.377575031993583	2.703502872885389	-1.547881885041046	6.214754970106106
-5.764838855717602	2.8690758013539055	-0.9301136211807712	6.506156648483956
0.17543416402205472	-0.13911403512523	-0.11725028278008776	0.2527399641666339
-1.19049446782478	-0.0727275418242781	0.05122013745434084	1.1938131661788833
-4.52269671969854	2.9224992141238744	-1.172025652403327	5.510846704891912
-4.22257297878288	2.7285637257800093	-1.0942506555267166	5.145149858255875
-2.30260578053763	1.7257591539992383	-0.07979599344432184	2.878646459492246
-2.5578221141400967	0.9638378891734025	-0.9870114295844288	2.9061364397289835
-2.3399861559449127	1.7335141574618604	-0.10494606219758197	2.9140384726536013
-2.3399861559449127	1.7335141574618604	-0.10494606219758197	2.9140384726536013
-2.586642043206018	0.9703999440930989	-1.0135629974319396	2.942737341479887
-2.586642043206018	0.9703999440930989	-1.0135629974319396	2.942737341479887
-0.5526395519299423	-0.03376085921690408	0.023776904956372663	0.55418012521354
-0.5602212814494427	-0.032212899098836914	0.018369146249174358	0.5614472197732665
-0.5602212814494427	-0.032212899098836914	0.018369146249174358	0.5614472197732665
0.1732546802589827	-0.13859253159215368	-0.1153316824648022	0.25005293644531823
0.1732546802589827	-0.13859253159215368	-0.1153316824648022	0.25005293644531823
-3.0573352789256356	0.2675718018515201	5.055152451172288	5.913836316766187
-2.2232282412077646	0.27845231108905716	5.259398580251708	5.716778194753448
-2.224510072770135	0.27707329735217084	5.261572503644695	5.719209725746341
-2.2228372543908983	0.2776467370817907	5.252191862098105	5.709957313886858
-2.011007594688934	0.25118784373850467	4.751673881017918	5.165815671342373
-1.4917142964107508	-0.3642631245463488	2.9459218686319986	3.322100965067847
-0.5192932982783617	0.6154509682848766	8.52157989327925	8.559542587167895
-0.5156901881727312	0.5696008059492371	8.575744385501757	8.610097166337937
-0.6353359664026565	-0.10841328118503464	1.193417327551342	1.356337033130737
-0.6650328575081356	-0.10304562262897234	1.1872182805505904	1.3646883701350756
-0.8599814401137309	-0.2099996810256735	1.6983400488581915	1.9152093527671108
-0.9020424284688815	-0.2024024606955218	1.6900310561400613	1.9263572538788152
-1.5670752859770172	-0.30544808332449414	2.8772493366906517	3.291045624013891
-1.5670752859770172	-0.30544808332449414	2.8772493366906517	3.291045624013891
-0.7139210841544544	0.6050355626029255	8.569189727764297	8.62013711821544
-0.7139210841544544	0.6050355626029255	8.569189727764297	8.62013711821544
0.12260483966416824	0.17840675021534574	1.2746680075766943	1.2929189629559246
0.14620828044450573	0.05564921700247005	0.6589396985224738	0.6772556555052631
0.14620828044450573	0.05564921700247005	0.6589396985224738	0.6772556555052631
4.281712997556593	-1.7980079260363964	49.46710178140262	49.684605838702
4.5619459101111275	-3.2302212358364386	72.09874752936526	72.31510959010188
4.5619459101111275	-3.2302212358364386	72.09874752936526	72.31510959010188
1.0944442772771539	-0.8033452030617388	36.175770772939245	36.201237034217385
1.1266826050198944	-0.954251518117502	43.51247194674602	43.53751514006444
1.1266826050198944	-0.954251518117502	43.51247194674602	43.53751514006444
0.07492250459180472	0.1517637369730951	10.621680140165381	10.623028504787953
0.07650975714243025	0.14731601522228743	9.705231126774208	9.70665065692387
0.07650975714243025	0.14731601522228743	9.705231126774208	9.70665065692387
-1.1003342957216091	0.6774815873727675	377.05463364467687	377.05684779623334
-1.1003342957216091	0.6774815873727675	377.05463364467687	377.05684779623334
-1.2187870230866078	-0.7581493389703666	436.2309176038825	436.2332789984656
-1.2228714189154744	-0.5640352522791545	438.8408863678924	438.84295265932815
-1.2228714189154744	-0.5640352522791545	438.8408863678924	438.84295265932815
-4.006304811567043	-0.9530073052179935	900.9639277756057	900.973339147177
-4.0087751011105865	-0.5855097812709573	900.4150872068494	900.42420134657
-4.0087751011105865	-0.5855097812709573	900.4150872068494	900.42420134657
-2.9683719880551007	0.28880498683164335	452.8357093315767	452.84553027098775
-2.962922293200563	0.4361839530611178	446.2806950777358	446.2907437583308
-2.962922293200563	0.4361839530611178	446.2806950777358	446.2907437583308
-16.297960754212752	6.985169114811519	-89.20695169153558	90.95216513313106
-12.963691532392005	4.920313748520851	-71.89183355200306	73.21681853918408
-3.4367658962352343	2.0297196540142095	-18.527251022223453	18.95231258026042
-3.5051989527306824	2.0554400186974626	-18.56356120111622	19.003080219697935
-3.5051989527306824	2.0554400186974626	-18.56356120111622	19.003080219697935
-13.224899965284415	5.019221904495772	-72.02492547499202	73.40082054920438
-13.224899965284415	5.019221904495772	-72.02492547499202	73.40082054920438
-0.7780147701690626	-0.07987357675024989	-0.2286558930656962	0.8267103925787843
0.11101762697079588	0.07553323301660882	0.5985546965302414	1.1210033454127502
-0.09143662893204241	0.3092870024847323	7.628555984299029	7.692962842591986
0.20982996004021334	0.013611674151135324	0.8535174727243942	0.8893399611225795
-0.04387897649092328	-0.06848935681790222	0.6068824029547054	0.6280144843005602
-0.26755495422160913	0.03498516279291094	1.4895974859834789	1.609922329770127
0.3318914982612318	-0.41727382087998105	2.6997055933741043	2.755158670477127
-0.24126628135012138	0.17891115611764669	6.322277080402399	6.330847155166625
0.06795124004149657	0.06816609235196112	1.8038024477948582	1.8117524783315284
-0.16440236180901546	-0.10749639581840545	17.38274737861583	17.384417442795076
0.26687723850001793	0.1894669242898247	17.69936143784739	17.702937503936695
-0.8956546663709092	0.1656899095854777	53.80926366181902	53.81715326956256
-0.8945750760353005	-0.25772901962071615	176.39366748718015	176.39681498920123
-2.3261677710296684	-0.17863979706803712	475.86588690788705	475.87186196627385
-1.7883567698150071	0.4143091312649029	325.4881652194203	325.49469415105665
-1.924202965099351	-0.2074633462517522	805.9076721934946	805.9105437269158
-0.6317199584131823	-0.15677639031332682	124.61391406422487	124.61837081764038
0.6742466764329178	1.3107367410393995	411.52304440747275	411.527426308724
0.7951841133183064	0.5678514013789357	127.28667742117698	127.29606006634057
0.7317728420918737	0.1984185928108686	73.82609357687329	73.83011021156645
0.37631082792888704	0.5217666698892315	104.96239311576491	104.96445731136942
0.8270452053005313	0.2666708400318537	115.37614412910892	115.38208937774989
0.34418128371909085	0.09739432923930039	41.033461381026	41.044883831706215
0.07993834106337919	-0.44056352282500033	9.948651862714094	9.971147173399888
1.2844469306807436	-0.13738761212217251	31.718352269837062	31.756818621666678
0.423629124323148	-0.9377559942204108	13.245809036582493	13.286451172460673
2.3281669180950493	-0.5964729459455214	36.31367342067472	36.39336805075308
0.2779706564616379	-0.43045915754322034	16.578283237873833	16.620576678301294
-0.11440331186649347	-0.5762541036963034	3.203957547562031	3.3031258678519286
0.21152849981572502	0.20087004673123005	4.898924155967575	4.909585598880084
-0.7358753139052192	0.09532831394704172	9.44269030181133	9.506007544407813
-0.2847068440661393	0.05244225188450673	0.5629200135289318	0.8371539529693648
-0.7260785100168526	-0.12480560537733215	0.6443574325933459	1.212799442397878
-1.337272255716405	-0.09400922550479504	0.3445824816842541	1.672920707018875
-1.012472749385585	1.100238082186127	-0.37714127309034173	1.8057276180280393
-0.7973654366235082	0.027540280684183946	-0.404668355660746	1.1590646597507728
-1.2242517003141788	0.6539738539770837	-0.5999830368896159	1.7802374720421665
-0.5635599314352869	0.4858094641538801	-1.3594300263006334	1.9095555741031904
1.3933395128129988	-0.020570923676037633	-2.304921045780774	2.7389952355288956
-0.9883234321915744	-0.02863945105220997	-2.57374258896909	2.8685756980399937
0.012433703026967516	-0.10903611399820479	0.048096543011739934	0.1839470942322075
0.38879240624682815	0.7398301712156842	-5.748953531056669	5.8846686833283295
-0.008292481760246717	-0.13249062588590232	-2.0699643251930975	2.0789070743237894
-3.104029672151417	1.282330222115816	-16.61687976383999	16.996487746475534
-2.412830494710801	1.2360369745190658	-15.483493270609507	15.71961583054734
-0.5979085663094187	0.25489310314142377	-3.959463521965643	4.014884346325784
-4.827099027926968	1.902281951472495	-25.854861970538956	26.383956764922402
0.04580296812207463	0.08295231028454604	-0.846621001759024	0.8632646773671373
-3.2072423732630932	1.409500547029071	-17.743648586575745	18.10699703765678
-3.4050302383234885	1.829681847383053	-21.509024613000026	21.85402310764728
-4.786802477563052	0.24408557348401266	-24.813308591460085	25.27237263824498
-1.790744578490531	1.3248366064424233	-11.490288042116871	11.78800526481852
0.35380664654941446	0.09682595172272124	-2.558872620730318	2.8155151144315993
-0.3439888094272878	-0.3383428145192416	-0.5274277662161938	1.0052678440613296
0.4800570095185782	-0.19506721999666238	-0.17409500859682975	0.8802394729738602
1.6002666646167691	-2.33528610240331	-10.646571462715148	11.016528422722935
0.6144569740041868	0.2022918286581159	-1.8266720560138006	1.9378364629312528
1.0231024220188838	0.983763859512012	-19.60460556486356	19.655917410568815
-0.40758110230591577	0.0871931946166778	-15.820631765252761	15.826121270225029
-0.3515132140775219	0.13960881767178335	-16.32093740322985	16.332901321990832
-0.15748492416663232	0.008249075520810834	-1.2840095128153104	1.2936575967337454
-0.002158673485167288	0.057763965007867527	-0.3081390523178347	0.3135139727156973
0.2490687944897756	-0.399394788868229	-112.40738849515314	112.40837397526069
0.17537004794816294	-0.2984731598105426	-115.20430659682557	115.20482671891939
0.24269858938508726	-0.10890449220778517	-82.56481790396911	82.56524643159065
0.14480140590993848	0.039132394126580955	-43.52609407867067	43.52635252966545
-0.07795976104621517	0.22941471350756618	-49.12129454508677	49.12189213192309
0.023361211382851823	0.07579675975733043	-7.694878315113845	7.695287075827406
-0.11184854980852343	0.10401958784040831	-80.43839335274798	80.4385383715055
0.03398481101797082	0.027025501845295313	-11.843778591945345	11.84385818389231
0.3375022171453621	-0.1504282450075193	-66.15975342929826	66.16078529029883
0.168555493413103	-0.08606526996582319	-56.00241587767694	56.002735668191576
0.46466139118807814	-0.046664709571167855	-25.72181988955977	25.72605889432994
0.32857845141683467	-0.02104117379428228	-12.89806791115543	12.902269659657074
-0.0403762599965191	0.17780029245932097	-11.690010681348085	11.691432457847165
0.07697338444562028	0.10170522101269382	-6.265800474337236	6.26709856617071
-0.0007521498395957754	0.009658309949869721	-2.5878310113093352	2.5878491439368654
-0.08006344186833218	-0.07978498995010383	-1.9749107174086904	1.9781425987731145
0.0864345903963459	-0.12415311991033706	-2.040659857748105	2.0462594143033215
0.2119194216466518	-0.6911031809986888	-7.470309178837698	7.505201707847985
0.07408124689878814	-0.00984013360163822	-0.18684107696884422	0.20123232199190777
0.05144227458336499	-0.06974594664484679	-0.024037174806403466	0.08993659133172509
0.2967110710070637	-0.034597628453527415	-0.162375663138642	0.3400004581356926
0.08223690178941157	-0.031944060808075936	0.022524621124392616	0.09105322396065288
0.09042031597309108	-0.03548187246390104	0.6036760405815728	0.6114405603053028
0.24822491486240292	0.016618844257902377	0.7264708240586562	0.767887786431962
0.0353557921297425	-0.019776315681705132	32.681974378990276	32.68199948662377
0.7938920633171002	-0.16431712344292865	335.6209173269734	335.6218965027825
0.7249068163493239	-0.09816312781491655	49.48134572962722	49.486752784022414
0.20875083119576252	-0.05459741836884798	20.021695463387708	20.02285811307311
0.06353042382223056	-1.2128477606210182	75.40422601575698	75.41400623783731
-2.8214038821828806	1.1573203729779236	50.58531596620777	50.677153646521866
26.276581928620825	-11.010843341252826	-12.731127355470358	31.205432743007105
0.21163564574626742	-0.005219398464520943	0.8395370704842019	0.8658171754983651
-0.0018056857060540984	0.018831072615656266	0.013980402240192216	0.023522785624214265
-0.18443343601212592	0.01633538002234128	0.28727178051331437	0.36746049207908477
-0.03159996622475454	0.03190620394061469	0.3488021702487414	0.37669499344368473
-0.05152155198472874	-0.013256421170045031	0.8535235352214232	0.8657668442473577
0.29609371975198495	-0.30811177501231224	1.9157410953315002	1.9628215153497124
0.0357977785092469	-0.1091620458676688	0.7839644980426044	0.7923371551274148
-0.05140992842115082	0.03473643214854462	0.5222181636511729	0.525891063725066
-0.1898563529289706	0.1441747239691021	5.800058916751228	5.804956091441559
-0.24184496576787995	-0.45991211376290797	68.21878619871164	68.22090792675132
-0.38987499264530245	0.30313572344958106	56.39512786551325	56.39746289088908
0.5477281037068359	1.0768301708608565	375.9090080335465	375.9121236164674
0.12651857272608197	0.23390657017854305	35.61403637392622	35.615302692256556
0.8129676415360774	0.38642793584641427	113.6747643259069	113.68221091829261
-0.01778352821777114	0.18142346553252142	13.611913095270053	13.613849148047956
0.4353439622702593	0.1566077699892863	39.439505666223916	39.442219227056874
0.2964288798216143	0.041810822821582286	34.386587910649375	34.387890984509575
0.011680119156193616	-0.09693372675057052	11.838618684496875	11.839843948058764
0.5407599292468971	0.2193531642710635	80.50414836344044	80.50638434695401
0.2746051568974405	0.1442514025113608	23.033377081171615	23.035861082737124
0.2670223684094016	0.34600301387215954	31.009808574069194	31.01688028386083
0.07715891530968935	-0.24860868463285918	10.023652806956813	10.02800354784539
0.07993834106337919	-0.44056352282500033	9.948651862714094	9.971147173399888
0.12653013766732926	0.2686434369211935	6.729824747933242	6.737818645135358
1.1579167930134142	-0.40603104904336607	24.988527521903823	25.01899997653132
1.0315127984118004	-0.24441714252473382	16.991987702693915	17.025022892241545
1.2966541196832488	-0.3520558034207876	19.321685717980806	19.368345158511538
-0.2823245585725117	0.15978205111192992	5.771579182703753	5.782373518491348
0.5602952150341496	-0.5902412086551502	10.806704055170078	10.838203159809945
-0.2644332137196882	-0.06760701979833406	1.106655818155089	1.1398169736850927
0.15002990185319473	-0.5086470838979693	2.0973017294069423	2.163308894166836
0.026161275633327846	0.17030431989992406	0.8583861513489515	0.8865633330151904
-0.762036589538547	-0.07497600595288235	8.58430415046238	8.619444211392622
-0.12144686203676741	-0.09965299376438813	0.37007973258496174	0.4255806067420601
-0.11997203891639935	0.11289313594817266	0.12640372928679494	0.25019160246415173
-0.04328794311297255	0.039202109700722194	0.06643655165717524	0.1613817437631531
-0.4342061570375163	-0.21510890517510375	0.021001143472105355	0.5047055189138079
-0.29187235297933634	0.09030329979777159	0.6233562891212405	0.7080939234840703
-0.5291072617779318	-0.2746511857004401	-0.4003469088023619	0.7315361922423284
-0.2682581748455767	0.3021914663846241	-0.00432144685838412	0.42752846750844453
-0.5194247056208121	0.40218186367801256	-1.0340804456006494	1.5431219126026383
-0.04413522581447479	0.08362760047586756	-0.325349580699984	0.36643366150055234
1.3933395128129988	-0.020570923676037633	-2.304921045780774	2.7389952355288956
-0.29949854688831634	-0.06817623884186647	-0.7013311706239548	0.7782625359861562
-0.6927959729412392	-0.001244639535693471	-1.1166302757864959	1.321480520837972
0.003971087637981152	0.040781427325349964	-0.7557811425586396	0.7688326412158657
-1.9144410537187373	0.739464804900197	-10.624638216991993	10.861750400958242
-1.1895886184326792	0.5428654172156189	-5.992241546847996	6.134737345517289
-1.4869863799540148	0.8296187191997619	-9.857059339030755	10.003050261124795
-0.925844114756786	0.40641825531930387	-5.626433931578753	5.716565569422546
-0.43851904074023035	-0.022838909259218332	-2.4950124339937334	2.5372007006839685
-4.388579987186738	1.9251208607317132	-23.359849536545223	23.846756064238434
-3.0312471933898384	1.1819498597621776	-16.754985715060343	17.068523401724054
-0.1759951798732556	0.2275506872668936	-0.9886628715154058	1.038473635932729
-0.6321256896341295	0.39440820116750525	-4.272564306583248	4.3370435172514465
-2.7729045486893593	1.4352736462155478	-17.23646030641678	17.516979590395835
-1.7141646394289642	1.3533736481760212	-10.367465370495355	10.653593793338764
-0.07657993906156663	-0.028537041733598167	-1.1228226716215177	1.1344114714797542
0.40236418004830693	0.10537671725640009	-2.247273752786902	2.470544696780569
-0.04855753349889249	-0.008550765533678855	-0.3115988679434158	0.3449704176510299
0.04433746810182587	-0.2287117423802876	-0.5119262010067642	0.5795024524171792
-0.38832627752911364	-0.10963107213895396	-0.01550156520942958	0.4257653916441504
0.3727605943236801	-0.40250380994057794	-0.013349444374507441	0.5662311985950014
0.1072964151948981	0.20743658994391556	-0.1607455642223223	0.31400827437885886
1.6283990394895715	-2.3349191296398204	-10.759719379109852	11.12991877288243
0.6068314402116893	0.2050050653861524	-1.8208783984207288	1.9302511793801884
0.3493031079532086	0.3358723097747219	-6.693317801448306	6.71083646506782
-0.2386415600582399	-0.2388221463719945	-11.138923342445015	11.144038722144284
0.5048597718180081	0.9739068907259777	-17.592996186223516	17.627163493582252
-0.30843008013961515	-1.1389149047316518	86.37289746829208	86.38095665910775
-0.24301096146413292	0.3318378542781252	4.341681909504113	4.361120554655523
-2.8210681844902035	1.1574354496631825	50.56226039009024	50.65412380326968
27.282607433095983	-10.547933988872185	-16.92237476174219	33.79299257773537
-1.006025504475168	-0.4629093523806353	0.41948365343142235	1.184203918112141
-0.15739024410490984	0.05149989240017197	0.15085256576615838	0.2240098757976209
-0.02704319190721608	-0.035164512377830685	0.13641921474715601	0.14345061628146388
-0.011349420621885823	0.07199267004182386	0.09925892479586687	0.12314255170263025
-0.020250545602868722	-0.04008646610120917	0.24954324545287448	0.2535524417410545
0.027056665208199968	-0.04434815126583561	0.4800121547739925	0.4828151720727688
-0.0785782171929287	0.031091730095790582	0.3735113804474307	0.3829516721745889
0.13674572871023488	0.010689943047514056	12.331085163005431	12.331847994785514
0.13785942818720565	0.13356145946384673	10.702291918166184	10.70401308795161
0.2670223684094016	0.34600301387215954	31.009808574069194	31.01688028386083
0.021533608124393436	-0.4476163174541985	8.806113683247126	8.81861338596394
0.05840473293898575	0.00705279462919816	1.1425381794669676	1.152533787435947
0.8371225832030309	-0.22913439005378458	17.772691539595055	17.79387089279922
0.3207942098103835	-0.17689665898958148	7.215835982308768	7.2251290837321
-0.1989031455467756	-0.06914085733623779	1.9768926495200634	1.9880763232803835
-0.5631334439917713	-0.00583514861664456	6.607411500942316	6.631367888112238
0.035392276074501725	-0.020258050291983347	-0.0028120176624826763	0.04087675685154583
-0.07868021918747427	0.05946015999270554	0.06924856931965792	0.12050498691160727
-0.056683629088973383	0.020431728000962684	-0.5511420001094316	0.5544258233527966
0.060654716726954536	0.02034969932438728	-0.20463914244920803	0.21440681786306917
-0.1050802400594553	0.00983753356778614	-0.4334965185789546	0.44615901373582467
-1.084508378373224	0.5330278836478327	-5.558745028269042	5.688578331781464
-0.11310605145189684	0.04293797749264126	-0.32684613724523687	0.3485183585097489
-0.06288912842135877	0.18461270977425231	-0.6618167342701688	0.68995527742298
-1.5357042150141242	1.118858765806131	-9.24281423212328	9.482626107586125
-0.17846042441484006	0.2345148823698902	-1.1246511383720759	1.17096768575264
-0.218743180068146	-0.06543521530449942	0.05824557102812585	0.2356329619825375
-0.1695830974609676	-0.044195856834454546	-0.07374713623755544	0.1901324296616129
0.08645161299290136	0.04910916800054979	-0.1056497665318074	0.14507744462529654
0.020844802201996755	0.15832742194336577	-0.0550957976905149	0.1689308297535623
1.4866523229311106	-3.418432926363236	-23.849451923946205	24.139017707312405
0.14174671655854865	1.0835137967232882	-7.36412827251675	7.444761882923146
0.6068314402116893	0.2050050653861524	-1.8208783984207288	1.9302511793801884
0.32644517138141316	0.3447743316536241	-6.690224135171513	6.707051123147702
-0.2763871606664729	-0.22406555435273626	-11.140725426206386	11.146405620528537
0.44491899613050745	0.9972780796997407	-17.589057434198086	17.622924215489505
-2.300234754096487	-0.7830198891432721	86.36456962947607	86.39874470937274
-0.34339704948088623	0.3497830510228639	4.338480389805979	4.366083119811857
-2.735127930865423	1.1221756510361156	49.021945446390276	49.111010357544494
29.279924094183677	-10.719231958200771	-20.248778057317203	37.17833914457931
-0.8161645319394295	-0.4791925986398496	0.5263394164417927	1.0829511859208623
0.3041630032733251	0.22584769280723666	13.428393162072208	13.434461098719003
-0.03714063486392355	0.12015532106492287	17.581415411996986	17.582419185141823
1.3521619935573983	-3.5631196520838744	-23.856504427649604	24.158993505904842
0.10024398621586368	1.0388645331687048	-7.371857957700494	7.445372933813351
1.5276748311331192	-3.502954104303242	-23.86243765063651	24.16651419789472
0.9999574921583718	-3.0520613178670284	-18.294266946215235	18.580774913160298
0.5710248522764698	-0.15430634441135704	-7.635902846418734	7.675082547425054
0.5447065892849522	-0.1441019364226252	-7.629925135712658	7.667022121597863
0.5447065892849522	-0.1441019364226252	-7.629925135712658	7.667022121597863
0.15440596205089593	1.0574311804294225	-7.372165850861471	7.449216820248241
0.11109844874917396	0.7608447384045655	-5.304433708864024	5.359873557557614
0.0924225267309073	0.7680159542054001	-5.304305369138935	5.360414711422753
0.0924225267309073	0.7680159542054001	-5.304305369138935	5.360414711422753
0.7713641675119206	1.3420524113533647	-24.279281569369598	24.329975338637205
0.7713641675119206	1.3420524113533647	-24.279281569369598	24.329975338637205
-2.224569500469089	1.2607781338514923	34.068178013188174	34.16916421236051
-2.224569500469089	1.2607781338514923	34.068178013188174	34.16916421236051
-0.7803502731326825	-0.29399992913616074	1.11215022683789	1.3900577808731154
-0.7653041504776759	-0.34045201542747244	2.580075917022162	2.758330972734191
-0.12670204407813995	0.12012493954945286	1.3118644432777131	1.414733800618225
-0.15831891631980363	0.12581186120885035	1.3103422452250477	1.4170004598824006
-0.15831891631980363	0.12581186120885035	1.3103422452250477	1.4170004598824006
-2.300234754096487	-0.7830198891432721	86.36456962947607	86.39874470937274
-0.2763871606664729	-0.22406555435273626	-11.140725426206386	11.146405620528537
-1.3740005839813842	-0.0014624901168812654	14.354875023457316	14.428930543361039
-0.053798823315882816	0.8839283353781032	11.92039348062145	11.985490806474006
-0.5157243766501374	-0.3503157005700782	15.664550616959414	15.696708869393348
-1.122805068565161	0.6428769875388854	26.14085270022427	26.17322375487638
-0.31773863546258	-0.31253120098463233	8.150408857076807	8.193793107330102
-0.6913077264397514	0.25597405247202	7.834483214058126	7.870326302284601
-0.10802736348057283	-0.017172499959390082	5.445058651101458	5.447945328731764
-0.26030888950820136	-0.7515465406502468	23.46022222087223	23.510469625077004
-0.009617691059496614	0.06864743554901366	7.152406021419733	7.250413467012487
-0.22170610347137057	0.00589176721157816	0.033007305566823145	0.9117347997398142
0.389372652741603	0.3863440545271743	-0.7991101126436491	0.9786058265210129
-0.19375829475242906	-0.36812960064266104	-0.11889046117665876	0.4546167686233021
-0.23282695065106915	0.005620904828821693	0.1649255594587506	0.3156897592310399
-0.018314386049120862	-0.2995737870354627	-0.10999712375794718	0.3469853574002023
-0.08817506944512961	0.6958603031318543	-0.3546661405892678	0.7974986370062935
-0.35653084519700023	-0.30148700292304054	-1.6437601291876907	1.8751959325949024
0.3383052176155544	0.03008535204024093	-1.5583830272766654	1.6006663639801013
-0.22270750672958955	-0.21273213179717881	-3.6298017529650983	3.6766737782105694
1.4121350793465626	0.796455305745239	-8.28185400464731	8.486024137143346
0.07080100191731964	0.901708066691622	-19.45468388196491	19.49085488316532
0.11448574951492846	0.5188366608853019	-6.535622092014676	6.619594704799186
0.5180630058105257	-0.02680222523365594	-6.266440935551527	6.307535600226353
-1.9213928306939252	1.267774160678241	47.83507014399497	47.89042636491395
-1.3064213652680001	0.8620034505107503	32.52471678195933	32.56235538899156
-1.1947654438448776	0.7883305972526121	29.74492664849751	29.77934839651244
-1.8811724509882026	0.9109950828286283	29.729697623382197	29.80308109254866
29.01602548503473	-10.334121921220353	-20.849719504371457	37.194550867590756
-0.8187223666168174	-0.4754599233886406	0.5153427491334781	1.0779362696522563
0.9343707101380127	-3.0270920599823414	-18.279822046502634	18.559047093409067
-0.8271817749792616	-0.32932843786665755	2.5728116707351707	2.768040245718375
-0.2790287667751659	0.6653568210939999	10.455142021220695	10.480936562199922
0.2252299434592831	0.2185715142841032	1.4652514594007546	1.5045542442740834
-0.1830909815442776	0.0932267029161796	2.262750364089593	2.2763419164851006
-0.3349576532016998	-0.19760285850165815	6.731324834868672	6.743994167890879
0.002324258095840054	-0.2459395449845997	6.670475418001149	6.676372785017367
0.10555034285754798	0.08850134032098013	1.0463399366508304	1.064556438168695
-0.423288978320128	-0.4010325413056125	7.104068920425976	7.129236669161406
-0.10446860273477081	-1.1009587925744602	18.504029026938262	18.537572493899468
-0.15584028677343054	0.3494122519242132	4.956193193933968	4.972897131177535
0.4085630219083883	-0.17429227393830876	5.580270077733629	5.599660299069468
-0.4181807129678849	0.24293970948732244	1.5721359436861049	1.6507531679430192
0.21831637510049637	0.17215335445776747	-0.19988563904220139	0.3697740805997517
-0.44002247857186694	-0.16626158724618934	0.23289294460902454	0.5419607191400624
0.2447561563347988	0.19291883801508736	-0.3497205248771248	0.4684311044809127
0.14461649640680413	0.19342521651208694	-0.4493895877665242	0.5101747220401003
-0.13846264661030833	0.053206992748937844	0.0432186662195229	0.1545015912329423
-0.09436430404076081	-0.047586087920116156	0.1217068932392277	0.16118816799809763
0.044540755211198865	-0.20892737193403677	-0.10104919326492394	0.23631645113605443
-0.06285514126031973	-0.09064641510142597	-0.008947930493023233	0.11066890626414785
-0.07524743474840473	0.15249600692817053	-0.1000236717034314	0.19728645028558825
-0.01292763469672488	0.5433642962036838	-0.25464246888583647	0.6002121867207053
-0.30472597582920413	-0.5108856340740111	-1.368219608205056	1.4984547816417626
-0.05180486936779614	0.20939863115097052	-0.275540520982635	0.37674115095314
0.023167454744514274	-0.035981297071428185	-0.21695370958901913	0.22113411496808438
0.31513776287104006	0.06606664911166912	-1.3414293176876462	1.3795322490120168
-0.22270750672958955	-0.21273213179717881	-3.6298017529650983	3.6766737782105694
1.3427908770701005	0.7966090668281928	-7.9804090821077915	8.146675543133169
0.06934420227646212	-0.00015376108295379193	-0.3014449225395167	0.33934859401017825
-0.0786196616240777	0.23399111271614387	-3.0848680470108154	3.0978740362371657
0.282525498760101	0.3445448193498736	-6.915926097284609	6.931669738092892
-0.1331048352187037	0.3231721346256048	-9.45388973766949	9.461311108835263
-0.15039765660056198	0.5668480136696786	-2.463092716095986	2.535792112673534
0.26488340611549044	-0.04801135278437674	-4.07252937591869	4.083802592125654
0.5180630058105257	-0.02680222523365594	-6.266440935551527	6.307535600226353
30.258923910660098	-10.317908932731086	-23.067347848849174	39.422890022866824
-0.6975657795573185	-0.47387949629106324	0.5741327936368376	1.020190305062599
0.9343707101380127	-3.0270920599823414	-18.279822046502634	18.559047093409067
-0.8271817749792616	-0.32932843786665755	2.5728116707351707	2.768040245718375
0.1122748404318706	0.15915353361349655	0.6244618591968445	0.654131562185501
0.0802383984033433	0.04201022405855505	0.5993666608576969	0.6061713575982361
0.03271670462406917	0.017407756612051586	0.24142293934621317	0.24425132449034626
0.049720895793390764	-0.16010502407168214	3.0804138761321895	3.0849725176213867
-0.04739663769755071	-0.08583452091291754	3.5900615418689594	3.5914002673959806
-0.1482169689548991	-0.19543918871596402	3.6134509011036817	3.621766442091364
-0.2750720093652289	-0.20559335258964848	3.4906180193222944	3.5074702270700424
-0.21421868096256597	-0.015943229269739345	0.1342939272226819	0.25333513124274754
-0.22580379760930092	-0.15031835797644996	0.09859901738634262	0.2886255878973148
0.09571537385457665	-0.15666128039800067	-1.7162255851605337	1.731286818851134
-0.31842288058416623	-0.05607085139917819	-1.913576167804565	1.945386959359436
-0.11805765541348893	0.2187913951159125	-7.863279073469714	7.867208213327344
-0.015047179805214759	0.10438073950969226	-1.590610664199776	1.594102895507919
0.19502173297704534	0.15813267195794123	-3.6229027130751303	3.634273417284543
0.32304127283348033	-0.18493489719159717	-2.6435382224763972	2.6732621829418095
30.22459442350889	-10.30620301340694	-23.041177380132957	39.37816379266451
-0.6988158803021899	-0.4752243735356848	0.5769440499812466	1.0232527921162347
0.7687797410828627	-1.066893415587949	-2.3663770371384425	2.7072170456800215
0.7545607142093259	-1.082190459255298	-2.366797222796624	2.7096544346778044
0.7731168569874822	-1.0758294402531308	-2.366116815295865	2.7117572610208702
-0.6564933461600173	-0.18313578260990926	-2.1040576911159263	2.211691885405507
1.3436699495227193	-0.8574338590161544	1.2782558195200169	2.0431788213405375
0.3890061817520468	-1.729200798220223	-0.8707104065539882	1.9747399378369226
0.5767867976138804	0.7663541500802966	0.9378725417212835	1.3414867117350473
0.3556213547132345	-1.5807993787261883	-0.7959853309966327	1.805266149594292
0.16926593078907093	-1.637614987431513	-0.6569184183156734	1.772561877822202
0.13055985640283815	0.2325898729693343	0.0050863178182080915	0.2667766776552414
0.15231864020252867	-1.6337155898536855	-0.6529845949764448	1.765960497282053
0.15231864020252867	-1.6337155898536855	-0.6529845949764448	1.765960497282053
-0.22002264815868036	0.6931432158428996	0.5684497339852852	0.923034443257529
-0.16422708063735497	0.51736895157889	0.4242965034861178	0.6889620373743776
-0.17752195876279742	0.519840818327605	0.4219155001328152	0.6926479708299288
0.12698549981546392	0.23332219731862305	0.00603720840912265	0.26570851098590875
-0.050536458947333496	0.753163015646228	0.42795270854193784	0.9583564818158375
-0.050536458947333496	0.753163015646228	0.42795270854193784	0.9583564818158375
0.7086182187178338	0.048609055969373455	0.08677039296465373	0.7155639184002434
0.6983314334104811	0.05066984733516988	0.09364794524659624	0.706402266394309
0.6983314334104811	0.05066984733516988	0.09364794524659624	0.706402266394309
-0.27861637600322453	-0.07772299348613793	-0.892964006763205	0.9386440571740778
-0.190425148948498	-0.05312111521811494	-0.6103115919918611	0.6415324072513515
-0.1929088103728262	-0.05222641298464782	-0.6121000871631223	0.643900554463035
-0.1929088103728262	-0.05222641298464782	-0.6121000871631223	0.643900554463035
29.43902600346773	-9.232420722944756	-20.37362292355108	36.972670385966914
29.27830985780146	-9.405321577565157	-20.448596320148578	36.92999585122155
29.488047962403293	-9.333423657571714	-20.36330504608663	37.031364573894564
26.021767105890422	-7.617835715068891	-18.170827124674084	32.63958858027735
3.443595426201024	-1.7310328973829854	-2.173816633275649	4.424963627678834
25.77012341423926	-7.554733831310766	-17.904261143474887	32.275932692035695
25.77012341423926	-7.554733831310766	-17.904261143474887	32.275932692035695
3.159146247023636	-1.588045459589559	-1.994254204915833	4.059451099056499
3.1252385401533394	-1.5798266507998011	-1.960978047079578	4.013527510876825
3.1252385401533394	-1.5798266507998011	-1.960978047079578	4.013527510876825
-0.6971844713376223	-0.474665128893736	0.5735117264852772	1.0199455240737854
-0.6744990410258005	-0.4592201740135655	0.5548504383483994	0.9867578900121252
-0.26066025270231674	0.2939086497605014	0.1367644883484056	0.4159694544267377
-0.12938960914609554	-0.896116261567494	0.2385235216401777	0.9363009642077239
-0.14411043997624992	-0.8932352472898666	0.2384634283207816	0.9356825490291236
-0.14411043997624992	-0.8932352472898666	0.2384634283207816	0.9356825490291236
-0.26751846980336613	0.29523592069649096	0.13376970722370937	0.4202674328640706
-0.26751846980336613	0.29523592069649096	0.13376970722370937	0.4202674328640706
0.28204994054023697	-1.2107222833452536	-5.20423949133532	5.373744040389495
0.8141674361069834	-1.4520779429935433	-7.234507589346497	7.4248891447453556
-0.2734889187126954	-0.3943805031254214	-5.003154526102313	5.02805799159697
0.013656861342351709	0.3069848997482336	-0.1432793192844939	0.7518293622240656
0.21807669817591974	-0.5081295199536258	-0.8148839986743176	0.9939862106845642
0.597219391486413	-0.6673469976676195	0.23286335300875982	1.2831729766508213
4.210547395860694	-1.4567041460152244	-3.4423925897001757	5.7398175010909425
4.310728780518954	-1.0486611399485137	-2.482758730187354	5.149390608172325
5.705914230357279	-2.3373421556813736	-4.546213804009126	7.71825610443072
9.826574992706544	-3.1706965163240035	-6.6728216874806785	12.310617453440932
1.7141770819225928	-0.1392006044041999	-1.1731304542829315	2.2247911698558407
0.6136101487010279	0.5586444619007275	-0.23943949943421558	0.874878339079531
0.59105636146775	-0.6398432604614394	-0.9366778671502562	1.2862083997543219
0.7223222854243979	-0.3032048166269755	-0.29875220699515054	1.111270414980337
0.5460853074765842	-0.05393268993078481	-0.17253457155821264	0.8863561402157092
0.17191576411636278	-0.4690447038677676	0.058990094170645435	0.9134193931544029
0.11118814471555744	0.11993674670057489	0.16626957415459132	0.5629491936816284
-0.07543446784757249	-0.16422238075219095	-0.007471826545245514	0.22568734539465485
-0.037394532303766825	-0.18422181853514852	0.849848747213038	1.3452157280809738
-0.8648461179910314	-0.756924075126324	1.1207859344108004	1.8425798062647933
0.015272196549791315	-0.0060900033606610116	-0.7443829458981043	0.7445645024256315
0.08044317730478534	-0.15057127703733966	-0.9718426392624295	0.9867223164255023
-0.11660541826991883	-0.08339079745598901	-0.9259242806716552	0.936956040701788
-0.20181746231424738	0.027319946056810828	-0.9876518871329097	1.008430918657648
0.28204994054023697	-1.2107222833452536	-5.20423949133532	5.373744040389495
0.0867529910393791	0.19342555163279598	0.223588412223127	0.3382470819669979
-0.07309612969702739	0.11355934811543764	-0.36686773150762086	0.4135822802570676
0.1569291297207895	-0.26690694583173247	-0.5455403900022805	0.6272801500222912
0.061147568455130225	-0.2412225741218933	-0.269343608672037	0.36670606066227296
0.5654963546971914	-0.728616597392953	0.05879968259219677	1.0496386940015308
0.031723036789221726	0.061269599725333496	0.17406367041656312	0.2335342826492907
3.2431448610458595	-1.069064645803767	-2.6357373543604803	4.41456111076819
0.9674025348148334	-0.3876395002114571	-0.806655235339695	1.325256390322752
1.7679402804197029	-0.7522799469281424	-0.8204082297885013	2.0938212440620148
2.5427885000992507	-0.29638119302037136	-1.662350500398853	3.0555693641103105
6.8414971467411	-2.2826170422718786	-4.3597971199349566	8.428744537736906
2.9850778459654452	-0.8880794740521254	-2.313024567545723	3.881872915704026
1.4666441748372023	-0.13122439569093802	-0.6197885213786372	1.6037090053189398
0.24753290708539066	-0.007976208713261879	-0.5533419329042945	0.6210821645369007
0.4969229228823484	-0.553801339796283	-0.8608162659144046	1.1378193876485463
0.0941334385854016	-0.08604192066515635	-0.07586160123585173	0.14838901210577557
0.4878939959646378	-0.024211860632491006	-0.46349106886127495	0.6876994411134826
0.23442828945976008	-0.2789929559944845	0.1647388618661244	0.4235709738668544
0.1629008676733817	-0.2961253184797842	-0.19195411033616064	0.4129807045231546
0.3831844398032026	0.2421926285489994	0.019419538777947984	0.4733754356925547
-0.09504836806116698	0.14869251878119177	0.007258548679362514	0.2251135909746827
0.2669641321775298	-0.6177372226489595	0.05173154549128292	0.6883058021797204
0.21807970763383713	0.09576061457090071	-0.0550581605334778	0.2814960747967664
-0.10689156291827967	0.024176132129674205	0.22132773468806916	0.28145311888486213
-0.03386473490321182	-0.030075840928946218	0.05561848414156548	0.07172720722190191
-0.041569732944360664	-0.1341465398232447	-0.063090310686811	0.15396013817275295
0.26104520422148053	0.2723925300747907	0.11167290753307965	0.41748402635846077
-0.29843973652524736	-0.4566143486099392	0.7381758396799584	0.9277317017225128
-0.7016941664437669	-0.5943004250410777	1.1709896454539699	1.568599499740336
-0.16315195154726464	-0.1626236500852465	-0.050203711043169286	0.2739803065244576
0.04226271132830718	-0.082084771292599	-0.895710906023799	0.9112090092382499
0.23978722921192983	-1.1286375120526546	-4.308528585311522	4.462535031151245
0.03514615419653369	0.048793198139026606	-0.07892820846893009	0.09922545253893136
-0.10824228389356108	0.06476614997641103	-0.28793952303869075	0.3143568277181362
0.5654963546971914	-0.728616597392953	0.05879968259219677	1.0496386940015308
0.11294416004635885	0.04584608987495613	-0.35553728466944196	0.375852375322439
0.13458874703903181	-0.05382229858821801	-0.1978046482348525	0.24522978921446179
0.10821084957044048	0.061709695832884284	0.06633654665245847	0.14113189556693903
0.27497359023276213	0.18048293271611512	-0.04691700787451049	0.33224354012561563
0.10704613436217626	-0.40331818722960877	0.0543442754642283	0.4208060542670397
0.15991799781535354	-0.21441903541935067	-0.0026127299729453816	0.26749974791268066
-0.06557862478728385	0.0681839870582632	0.06752329930479041	0.11622825847941229
-0.04131293813099582	-0.04400785492858899	0.15380443538327876	0.16522486040544984
-0.19931489385841933	-0.18476822309056012	0.3824215643643892	0.4691609276876567
-0.09912484266682801	-0.2718461255193791	0.35575427531556914	0.45857077403485613
0.2826687620613185	-0.10213471465225463	-0.06420406129081482	0.3375427015484269
0.28282759263587287	-0.6264818827406984	0.1230037438830116	0.7120959924531037
