0.0	0.0	6499.999932280723	6500.0
0.8869205602041665	0.3177819579034721	716.0097136482248	716.0103334813366
-0.34914885019275776	1.5042219919507334	215.6742191427883	215.67974729114488
-1.2656745387703943	-1.3988688469879085	307.4214047517027	307.427192788145
1.0183685096181798	-0.5484571904852505	4781.165849818065	4781.166051947598
-0.2904656808591648	0.1253220876189175	479.67822894183485	479.6784467710768
0.0	0.0	-6499.999932280723	6500.0
-2.8159442624388316	0.5567005019033888	-221.8519333711906	221.87050231626895
2.354646939289612	-0.00302325823348798	-141.41873248180272	141.43833379995849
1.7155777022261267	-0.20668885091152334	-30.002503813595713	30.052223914679253
-0.4157272804368378	0.18152572836615907	-3325.3906140008207	3325.390734397311
-0.29543199883981414	-0.13405943869618425	-2411.3866007413226	2411.3866451456497
-0.5431210998002911	-0.39445468242833076	-369.89903189388974	369.89978814682013
2.2737367544323206e-13	1.705302565824239e-13	716.0167806388358	716.0167806388283
5.773159728050814e-14	-6.128431095930864e-14	215.68123727759001	215.68123727759001
-5.273559366969494e-16	-1.9761969838327786e-14	307.4375859898456	307.4375859898457
1.0183685096181798	-0.5484571904852505	4781.165849818065	4781.166051947598
-0.2904656808591648	0.1253220876189175	479.67822894183485	479.6784467710768
7.795852302589079e-13	6.39488462184092e-13	-221.86074463546643	221.86074463546726
-5.762057497804562e-14	6.150635556423367e-14	-141.427660169708	141.42766016970802
3.885780586188048e-16	2.3092638912203256e-14	-30.029127500058166	30.02912750005362
-0.4157272804368378	0.18152572836615907	-3325.3906140008207	3325.390734397311
-0.517571481335293	-0.328112305113152	-2638.8253165678943	2638.8255507187373
-0.32098161778895856	-0.20040181553226832	-142.4603163471487	142.46088285356336
1.1368683772161603e-13	8.526512829121202e-14	715.2789506040785	715.2789506040748
-4.440892098500626e-16	5.551115123125783e-17	215.6812372775901	215.6812372775901
8.881784197001252e-15	3.6637359812630166e-15	307.43758598984357	307.43758598984357
-9.103828801926284e-15	-3.7192471324942744e-15	-0.9784362722666629	0.9784362722667197
2.220446049250313e-16	8.881784197001252e-16	-0.8546931292809994	0.8546931292809354
1.9153139606788052	0.7992813930113928	13.0664088107968	13.230204742333118
0.0	0.0	-0.854693129280963	0.8546931292809606
-4.440892098500626e-16	1.7763568394002505e-15	307.4375859898471	307.4375859898471
0.0	0.0	55.45517668622797	55.455176686227965
-1.3747222908928345	-2.2876048524969406	249.40707252971578	249.4213519833079
-2.089464445186022	-2.5379586915653625	52.03797776934059	52.14171292075256
2.089464445186022	2.5379586915653625	2.5625057876064172	4.168156894756373
-0.7981680179801681	-0.38917853977952066	54.49857280787119	54.50580675685473
-0.8062734320781217	-0.3925610174328753	52.98569511400608	52.99328323206795
-0.806166757321809	-0.38862533701147584	52.724910945217786	52.732505806896086
-0.28545920470808295	-0.9187426753133212	38.61075700793795	38.62274112212937
-0.5207188751403408	0.5296991726097355	14.102188436901656	14.121736722877735
-0.5161307750687381	0.5250319463427346	13.97793280710587	13.99730885140497
-0.28556262641295455	0.29048742836216845	7.733650843994996	7.744371138863687
-0.31708902121254173	0.2552691978613628	7.724164720557193	7.734883867327977
1.7674853006417799	-0.18417584721979868	117.04265322834199	117.05614293902136
1.7675641525762846	-0.1842594349807719	117.03943198139352	117.05292338553572
1.7581269922492277	-0.18327565975136806	116.41454949405289	116.42796886655555
2.409359876190864	-0.4609426532706703	102.98357451014164	103.01278610943642
-0.6749274052175054	0.25207140032762443	13.43075281054115	13.450062752680218
-0.6965085974086328	0.34578672576018404	13.423269660730336	13.44577484084348
-1.0135976186211746	0.6010559236215469	21.14743438128753	21.180658708171457
-1.0135976186211746	0.6010559236215469	21.14743438128753	21.180658708171457
2.1728903088729963	2.6767833922764592	2.6772475229790134	4.365120378965348
0.2816814444463125	1.8875613186803757	0.14332784860457226	1.9138377778980913
-0.5539945773345769	3.034503438180626	2.258556431838244	3.823113687015379
0.7944821369069194	-1.2148998981285606	5.001503681255571	5.207900028029538
-0.5319998267821114	3.845982293299806	4.030278770255338	5.596226459145708
0.3343454304482131	1.8671128176214404	1.361817805286417	2.335047082048452
-0.7357741530470656	2.039077401730087	3.5888908477226282	4.192772086747107
-0.7344966944550653	2.0193978284065737	3.564045317653312	4.161715032270359
-0.7344966944550653	2.0193978284065737	3.564045317653312	4.161715032270359
1.3073986337985843e-12	-5.115907697472721e-13	98.6176531242163	98.6176531242163
0.0	0.0	0.21092043140064742	0.21092043140064592
-2.235458206362182	0.8798605766904757	98.37796603176321	98.40729459025897
-3.998910511875296	1.0636161769671253	98.36328455949491	98.4502834632106
-3.9984019737740386	1.0630770962011218	98.32096824880209	98.40797807413153
-3.7630757793597986	-0.5927743505227288	90.81598430483065	90.89644671826886
-0.24803283505406165	1.6660365699015447	7.4108707819019966	7.607043044808079
-1.0648705052552927	1.5581508039967567	6.717259332423543	6.985145385744637
0.7801661126656219	0.13728018581523552	0.4219994368689832	0.8975458414404208
-0.7365092189543249	1.090264158388152	4.6985078740452515	4.890398552995018
-0.7426349053040469	1.1236762660845048	4.687817108710876	4.888628048671729
-0.7426349053040469	1.1236762660845048	4.687817108710876	4.888628048671729
-0.25842714877967066	0.5427901418543944	1.1621740485499281	1.3158776665570528
-1.591354081447348	2.3238441621289887	10.08752761363398	10.578795454342599
0.14031075367358203	0.1820019896993952	8.76897826514513	8.807113325421657
-0.10448949829100054	0.4249424663066959	1.761184380936412	1.8200946028924692
0.27281092113360594	-0.313807191834145	8.93704527231236	8.975156493836991
-0.4351424104397132	0.27054572918668923	4.448007775968535	4.479597846785022
-0.4477964351233755	-0.5190090711702648	44.85825484899816	44.866251636090944
0.32115054478337934	0.3840567304361089	188.5127544804408	188.51407601226936
-0.0671368799016056	0.3967939889777479	243.68227909770573	243.6883918328478
-0.2755894131853211	-0.07905613610744339	295.0751116222904	295.0752817806075
0.18966875444170878	0.3367218175747274	204.21221188550115	204.21473303750776
0.16033482197746377	-0.42791197632074085	772.7524902525357	772.7530215431614
0.630137216893722	-0.0782489446707296	215.59147216465527	215.5924495095623
-0.28523795964265614	0.32679807301124214	1275.3706104363414	1275.3710293373583
0.2784001051451169	-0.5747889514452849	1535.3450444807022	1535.3451836574707
-1.3907219730470501	-2.2942816942589275	240.26371794417594	240.2786965098221
-1.3495280881730836	-2.2263239156306183	233.14698567968736	233.161520572676
-1.6471211462043662	-2.960100042449015	179.09186761877396	179.1239019436324
0.38295261548251647	0.6032466751993195	54.59248211352015	54.59715800819545
0.38301834982151395	0.6056718914355521	54.862616210794435	54.867296260971465
-0.7122443943683395	-0.04167176711406717	12.451219809998243	12.471643972242642
1.233285429579265	0.4555810425390036	43.174090483023086	43.194104181860254
-0.795530505300362	0.12394585571378713	20.05282198668455	20.068978573651208
-0.41779848701074135	-1.0613248871109189	46.37543815388706	46.38946248941404
-0.8775656530158941	0.0326893799929424	20.027266607284414	20.046510864241846
-3.909450410356731	0.04076104579824136	90.78073248197603	90.86548164147919
-4.787016063372625	0.07345042579118376	110.80799908926045	110.91199250572103
-4.787016063372625	0.07345042579118376	110.80799908926045	110.91199250572103
0.7091225794557174	-1.0843704465092865	4.464139628635181	4.648360648864042
0.7117123826559817	-0.9888217140550826	3.932823223722887	4.11720796254771
0.5736896972665718	-0.7970590980444674	3.1701291414960764	3.318756069416356
0.4302582924351217	-0.5977818464031723	2.377547231051515	2.48901510039194
0.3575720646326984	-0.49679481552481736	1.9758932880928446	2.0685301922061425
0.35186107822883417	-0.5063568509427379	1.9873570942881484	2.080815152551142
0.41069471025878956	-0.11981043700370228	0.8474734993008634	0.9493345131547779
0.40985991360015706	-0.1242899701879035	0.8601880602881858	0.9609144834624921
0.7617209918289912	-0.6306468211306413	2.847545154576334	3.041729636013634
0.7617209918289912	-0.6306468211306413	2.847545154576334	3.041729636013634
0.6975956975679718	0.12275086732341212	0.37733629640753374	0.8025523118654325
0.6841609700437512	0.932051433438204	1.8353553167944987	2.1691761676708627
-0.31492655877674713	-0.34141392050618813	0.5607324379913238	0.7281229769441856
-0.3145809458415389	-0.3369313681639872	0.5590344881995476	0.7245712368952713
3.6153865494622257e-13	3.197442310920452e-13	-220.27668583226554	220.27668583226594
1.8075759072789604e-13	1.5987211554602257e-13	-215.9113534547821	215.9113534547823
1.8428092164943412e-14	7.993605777301127e-14	-212.55567509548786	212.55567509548797
5.639932965095795e-14	3.9968028886505635e-14	-211.005022502261	211.00502250226106
7.105427357601002e-15	1.4210854715202004e-14	-211.00502250226089	211.00502250226089
0.0	0.0	-45.04584883772342	45.04584883772342
6.363812298658345	8.156201923579948	-162.79947521459496	163.1278359659635
5.684341886080802e-14	4.263256414560601e-14	635.1574039741754	635.1574039741736
-1.2878587085651816e-14	-1.687538997430238e-14	11.564905637988524	11.56490563798856
3.8293815541883873	2.5907214796655893	623.5581311088636	623.5752712165959
0.0	0.0	11.56490563798854	11.56490563798854
5.841577565085693	21.268277494018555	-24.023304272773686	32.61261725458039
-5.841577565085693	-21.268277494018555	-9.4576389269612	23.998137221131568
1.8409828015145797	16.14090145356216	-28.016413317035138	32.38575817485243
1.1175921779260936	15.651500332206274	-25.923418630382493	30.302509935833275
2.4154852720348883	9.108231322804555	-13.974245822666191	16.854494748922
-1.1964399835634247	6.673825694195388	-14.529622134191193	16.03375618478559
1.4356508163258428	6.078908894721742	-8.167467402963759	10.282108266071686
0.7791130563681479	4.148960396303488	-8.244348316005036	9.262298239654843
2.117067251541246	5.9926076527062495	-7.935513891481776	10.166892393879436
-0.6814164352156925	0.08630124201426602	0.50587652327442	0.8530459069449217
-0.6827726452328895	0.08703926681969083	0.5107122458782872	0.8570771943861724
-0.9973535910744284	-0.2498921013442964	1.0697467340778348	1.5816484312814436
-0.9973535910744284	-0.2498921013442964	1.0697467340778348	1.5816484312814436
0.06708212502087357	1.7876460029838475	1.3069262164301152	2.215453537918089
-0.4240621454195987	1.1014329522588062	0.8551088191388136	1.4574616098094655
0.5638304982428958	0.5852260198466874	0.8534713402499737	1.1784768362944236
-0.4115883863418674	1.0941565761638732	0.8410450276459288	1.440118172742116
-0.4115883863418674	1.0941565761638732	0.8410450276459288	1.440118172742116
-0.05548988722377131	0.6663289113865836	-0.3008662770869308	0.7332079257767785
-0.04721354869469923	0.667823664769371	-0.30367826377697377	0.7351449206088123
-0.04721354869469923	0.667823664769371	-0.30367826377697377	0.7351449206088123
2.0035510980851097	6.015815085486254	-7.94372334910814	10.16400456476527
2.0035510980851097	6.015815085486254	-7.94372334910814	10.16400456476527
0.668636716831114	4.171151758154892	-8.245148008811498	9.264342811870765
0.668636716831114	4.171151758154892	-8.245148008811498	9.264342811870765
-3.741645544655056	2.4725465894512637	-37.56632045005836	37.833078518345786
-2.3280164597274506	1.9161521561530321	-15.83011558078374	16.114709399280628
-1.9495907006351414	1.6046761220387955	-13.256884846032921	13.495217122285275
-1.9517264683278375	1.6048986737194935	-13.273920089485586	13.51228664964324
-1.7951520043688198	1.438920388594288	-13.295995087557822	13.493574321574823
-1.7824453637289985	1.4287352654165943	-13.20188192548838	13.398062632629433
-1.74577380619339	1.3993408455061467	-12.930269912878913	13.122414450252457
-0.1381794830174052	0.7403374303732432	-1.2232893623765293	1.436534003928271
-1.5250239080783345	0.6735327336247265	-11.662317410040933	11.780873975899173
-0.11549285435474643	0.6187871104474598	-1.0224468718331101	1.200680512536219
-0.09711291714062802	0.6193811224147234	-1.0255989568650403	1.2020470514093637
-1.1764228031534647	6.56216846543283	-14.286532575546715	15.765501533812909
-0.975701403812578	5.442530497212018	-11.848962679243867	13.075589777008098
-0.9221933307617112	5.144058732911548	-11.199158181535413	12.35851628481334
0.10910756029500004	2.731304366661327	-5.759136809728458	6.374918414868228
-1.0244919762120752	2.354935246186265	-5.727419492037997	6.276833426245282
0.0324829462541046	2.746665989930299	-5.7568382814450425	6.378590455637374
-0.06462997088652342	3.3660471123450226	-6.782437238310083	7.580637507046738
-0.06462997088652342	3.3660471123450226	-6.782437238310083	7.580637507046738
-1.1225528394719353	2.3163881007066176	-5.869187000727575	6.408832558275437
-1.2001285482601	2.3319147617916536	-5.8587345786152145	6.41894896780402
-1.2001285482601	2.3319147617916536	-5.8587345786152145	6.41894896780402
3.741645544655056	-2.4725465894512637	-64.76974898686541	64.92483178137928
4.563474666091565	-2.7960127328442184	-86.47718719509066	86.642639003005
2.0260361894776886	-1.3422261705153402	-71.63968900711765	71.68090006947753
2.1590127175215867	-1.1423105282146493	-17.41072892272476	17.581231210523747
2.1574847948938247	-1.1421513153236833	-17.387795852497142	17.55832266691241
2.3617567109554565	-1.3586917489925088	-17.36904633468966	17.58145922860556
1.5222489359043125	-0.845183302141989	-14.822100209867859	14.924015252888422
0.8168211463884845	-0.3919581269247364	-2.747788615365214	2.893297467109185
0.8636417529065181	-0.3914847712938243	-2.738781169589201	2.898285648174592
0.11109607493117632	-0.07214368938615073	-0.40843695364128374	0.42938071088852037
0.10579121714827315	-0.07108808096932394	-0.40926876296263265	0.4286562926384934
0.9694329700547912	-0.46257285226314826	-3.1480499325518334	3.326941940813086
6.309448750706913	8.119422926920674	-160.48017346799958	160.80926667491278
6.207995640161506	7.988866242126878	-157.89972414152373	158.22352567703751
6.135643469111134	7.527746289705165	-138.26123208705667	138.6018808790601
0.05233499064039798	0.5727771811842269	-19.881581613111045	19.889899448949603
-0.042763796259810805	1.2244239421576388	-18.77587980003303	18.815809974531735
0.04159071384934104	-0.3531749966729349	-1.755506310786497	1.7911629666126534
0.03478179900470424	-0.29535587660897367	-1.4681081905554678	1.4979274103124975
0.021746587333387968	-0.18466504174317522	-0.9179037282246061	0.9365475673938235
0.009989250543668199	-0.18233440855496386	-0.918209173806334	0.93619106411652
0.9794222205984594	-0.6449072608181121	-4.066259106358167	4.263133004929606
0.9794222205984594	-0.6449072608181121	-4.066259106358167	4.263133004929606
0.8910725353335213	-1.1443238234900843	-17.90125746009313	17.959913861953027
1.1895118922568455	-1.1444738986057292	-17.887984868514607	17.96398512865721
1.1895118922568455	-1.1444738986057292	-17.887984868514607	17.96398512865721
2.0256668846694854	-1.342187688143855	-71.60997443659319	71.6511914271311
2.8630769916589776	-2.229892426133639	-71.59361730390648	71.68553319011109
2.2211670404646604	-1.729944243602335	-55.54212601561834	55.6134341004262
3.146355897739207	-1.7308122496296037	-55.512279786731256	55.62830640599297
3.146355897739207	-1.7308122496296037	-55.512279786731256	55.62830640599297
1.273086351765605	-0.20080766118355714	-12.972334038072638	13.036200480630086
1.489521967179463	-0.20082207240992506	-12.959183572788543	13.046050899360688
1.489521967179463	-0.20082207240992506	-12.959183572788543	13.046050899360688
-1.1988438770458558	1.2708461253107404	-38.848164396163945	38.88742924734326
-0.3514713948513859	2.1750273614249727	-38.21542494846002	38.278884259546096
-0.8379353218674135	-0.9051650113436362	-0.007856960363301413	1.233499506777332
0.21052320428587112	1.2840807206325582	-31.371940537002963	31.398914573180605
-0.5910903620817909	0.8595164505277914	-6.843757229955359	6.92280068812039
0.12509243742835408	0.9702691391493983	-7.134080062123693	7.200844995768088
-0.6326623591141464	0.3986780302159911	-12.155802993333433	12.17878287207514
0.18833288859902486	0.8089280452135069	-7.135419277606731	7.183595348187616
-0.17219755774252035	0.04364208062029859	0.00031757139513044486	0.17764214293052277
0.3075119180666688	0.8089489777855707	-7.136077458683252	7.188363062946985
0.3075119180666688	0.8089489777855707	-7.136077458683252	7.188363062946985
-0.2813030328896372	1.2715967096457583	-18.773571187157053	18.818689239889906
-0.2813030328896372	1.2715967096457583	-18.773571187157053	18.818689239889906
2.725161405752428	3.9032195807781873	-62.920180568462385	63.10000594731417
1.9255023137806853	4.061365304898644	-62.93263029333329	63.09293306652953
1.9255023137806853	4.061365304898644	-62.93263029333329	63.09293306652953
0.12700276388986914	0.7746500017949767	-18.925814711501477	18.94208739345805
0.442241749803088	0.7743060184634666	-18.926169385976856	18.947163777256616
3.4104820633648885	3.6245267089345616	-76.92511032181625	77.08593373496824
2.433170304106107	3.817785006340759	-76.94206553187377	77.07514027489394
2.875412053909195	4.592091024804225	-95.86823491785063	96.02230405215056
2.875412053909195	4.592091024804225	-95.86823491785063	96.02230405215056
-0.2592936422583096	0.19364561036631317	64.994674446617	64.99562999173068
0.11026231912254036	-0.21382287291361657	272.76365716980484	272.7654447200378
0.06328012522886223	0.26204017470479996	136.18947186437478	136.19763805703835
-0.36684342073824633	-0.09398351528173385	0.5516341264974137	0.8647813761293743
-0.21021275255528526	0.17600768215849488	3.082545997106601	3.134465447551401
0.2608427249540736	0.20035540487579584	0.8852608879630672	1.0674660497091084
0.04514438576825157	-0.0708341447072848	-0.47584756366011427	1.2639266514389422
0.23233770847380894	-0.7491458196053478	-0.8419116188141497	1.43000827775584
0.3321840471697239	0.7245512011919567	-2.4206613637803507	2.716194747683184
0.009327181996778247	-0.2713598091658741	-3.110903819266173	3.1258479649495765
0.01172669333595594	0.9796225217978403	-10.936406395530486	11.008790423652687
0.04058569083911731	-0.08458513778985272	-3.1101860820844887	3.19052696256217
1.1152003895903486	1.2567678912616616	-21.923139777850235	22.0014449189834
0.05516419522446587	0.40008578284923	-2.877986752566606	2.9095359174483018
-0.029914049299490597	0.03271236622536089	-4.427134964559836	4.429556267683907
0.020356037886575196	0.17690073989001276	-4.679638145117757	4.685104181786488
0.6371490505663877	2.137098616829334	-35.69445710729793	35.77239889426444
1.587595441071612	1.8325458928046188	-27.453842267140704	27.58649178732931
1.2916910698098245	3.413637510896586	-69.79485741311878	69.90034412783751
-0.007617527136681415	-0.0981446644359206	-0.6941215380035254	0.7148250809094973
2.3986079044051927	-1.2943349900892072	-33.894864648302494	34.013526732396215
1.10278240413232	0.07114509559580513	-10.878500468775641	10.999334219589977
1.3970072154154871	-0.397943460372215	-22.649476090732243	22.727150202766897
0.24346037480463548	-0.425408023154024	-4.733929296914407	4.8211384990582005
0.6062145109643527	-0.08970910742333782	-11.752417706187742	11.795121108859076
0.03747263484057245	-0.2198552308658166	-3.038968971898674	3.167892266441144
-0.04543165906298235	0.08124872670391935	-0.6418116847586226	0.6633757719640692
0.2927729964350475	1.2196484894803556	-2.02431599055354	2.3854964849783427
0.05725389273416587	2.4551313665039207	-5.810363288612701	6.309576005214836
-0.1885392335676	0.30801865230318065	-0.9664385010936687	1.04110791662397
0.19469475053563562	1.5836406749190082	-2.409583899283648	2.893119078301315
0.36616230934010247	3.2508424204103354	-5.444593887405449	6.450362412113523
-0.16861306738301002	1.1969285818434665	-2.1776093703386703	2.5398162686330084
0.5237613048606038	0.9057108721886201	-2.008288989158518	2.2687755590505865
0.14998894284788641	2.4638619632862246	-3.3829410394959343	4.298143959573363
-0.03877776528978885	0.4902755472505057	-0.01864015272658924	0.5115672658666927
-0.006131587356677307	-0.07640617286614979	0.08204924430486588	0.17912945879046288
0.4710717404533651	1.3834240944860572	-0.8574713519574221	1.7001493211438872
-0.7958614147806286	0.1238223657135687	-0.622066267580824	1.4800572652755606
0.5334168884042919	0.1787232396522333	0.7567647471969249	1.3311499692847277
0.4175841368866151	0.9121756674860446	-0.029371494850000845	1.3739192979730193
-0.7634606363890661	0.2788602911603748	0.9059988332358638	1.3134645155185554
-0.009723013604116162	-0.06008863114729407	6.5793068865774265	6.680656795526308
-1.045595258497502	-1.0478709728328472	18.550597449469564	18.610089965861658
-0.17719222116448105	0.2325071495442283	7.874463021289359	7.915521774582013
-3.2244435711181105	0.24968504358764995	79.54094555234212	79.6107151875136
-1.1102230246251565e-16	2.7755575615628914e-17	-102.54698986832476	102.54698986832477
-0.027509970208859813	-1.014958504584893	-29.040012694833422	29.059630673505126
-0.43008727900643184	0.3984777367815336	-12.16220849030409	12.176332573311988
-0.43008727900643184	0.3984777367815336	-12.16220849030409	12.176332573311988
-8.204795100172928	-24.297103377142104	-8.624228332642208	27.05633399943349
-11.2564224828213	-26.361644738792453	-13.00215753856799	31.475378649093464
-11.239277410617248	-26.32149234551174	-12.982353472920408	31.427437339106973
-5.514187592187801	-12.0298554341291	-2.5695056675295405	13.480580326653232
-5.725089818429479	-14.291636911382714	-11.963500398617583	19.49750960568054
-7.078515267902677	-13.787455336276135	-13.724929991223576	20.702004886284058
1.3534254494731248	-0.5041815751067582	-1.5942487666881595	2.1511830786907407
1.6312410512139102	-0.14079652273404838	-2.271000345367611	2.7996809812261034
-0.27781560174032627	-0.36338505237287627	-3.688580798804332	3.7168344749485915
-0.3247921447349701	-0.3540876771375562	-3.686874022912307	3.7180516512291444
-0.3247921447349701	-0.3540876771375562	-3.686874022912307	3.7180516512291444
-1.4694274975187223	0.6489783629125168	-11.23715490382018	11.351389360710112
-1.2814435317996025	0.6490880804809035	-11.252135420905812	11.343454693867152
-1.2814435317996025	0.6490880804809035	-11.252135420905812	11.343454693867152
0.3198009074082284	0.34638289753537443	-0.4397820475137395	0.6447185288166506
0.31304286147192956	0.34778879966339094	-0.4416313914775616	0.6434214545911912
0.31304286147192956	0.34778879966339094	-0.4416313914775616	0.6434214545911912
1.2043998236298665	-0.6956713960227012	-2.038764774063783	2.4680152816316143
1.0378410055325706	-0.38559303258741373	-1.9047250080816527	2.203128070711384
-0.29662570648744235	-1.212264161370073	-1.0321342013745483	1.6195283931868985
1.0119484170031632	-0.3803745477852853	-1.9122721985984896	2.196704203303386
1.0119484170031632	-0.3803745477852853	-1.9122721985984896	2.196704203303386
-0.31308754013693424	-1.2088072952858093	-1.0312701939830031	1.6194928520752812
-0.31308754013693424	-1.2088072952858093	-1.0312701939830031	1.6194928520752812
-6.090261890044285	-11.862546115562711	-11.8087501270364	17.81173404797972
-5.565285167589341	-10.840002144194434	-10.790843335849804	16.276373840065975
-5.458244847413527	-10.63151016844116	-10.583296859639894	15.963321010843819
-4.995060322828792	-9.729324370506387	-9.685202424247487	14.608679828577166
-5.146145425294028	-9.697751442687405	-9.659998586301194	14.6234321713393
-5.146145425294028	-9.697751442687405	-9.659998586301194	14.6234321713393
-5.465777921760363	-11.924243986001915	-2.546947689505231	13.362232802222167
-1.8093309572478846	-2.9097826327669782	-2.4168575719236483	4.1930554498804975
-4.644700342370871	-10.939370573948363	-2.0462699817687584	12.059448190646009
-4.807953308153149	-10.021809134548473	-1.8244119726194903	11.264171180718861
-0.361723756672662	-1.9401054107681572	-1.239764800335859	2.330637217840879
-0.9308901091661976	-1.3968433301059524	-1.1127919748801907	2.0139596976013943
-1.4800880413790356	-4.8147753602731855	-0.904576935043064	5.117712556556777
-0.9501676308500958	-1.3927200874912515	-1.107692721556688	2.0172929718329424
-0.9501676308500958	-1.3927200874912515	-1.107692721556688	2.0172929718329424
-1.5156856253199662	-4.806285584119011	-0.8991407642066871	5.119193114619721
-1.5156856253199662	-4.806285584119011	-0.8991407642066871	5.119193114619721
-2.758698914280574	-5.750295854937487	-1.0468078630320934	6.463136144401561
-2.802982198915037	-5.7396715602244655	-1.0334080204460476	6.470585055727675
-2.802982198915037	-5.7396715602244655	-1.0334080204460476	6.470585055727675
-1.709383781167941	-2.749046667914043	-2.283350714964418	3.9614316832703085
-1.3794950895712916	-2.218516649782793	-1.8426939191562677	3.1969272289513033
-1.4106279220512274	-2.2118928442386987	-1.8352826922837797	3.201656391535687
-1.4106279220512274	-2.2118928442386987	-1.8352826922837797	3.201656391535687
-0.027498647682245136	-1.014540338892783	-29.02804719445524	29.047658635394097
0.46388722278931294	-0.9608109060749184	-28.52303900473523	28.544894517555093
-0.49597397054316067	-0.0490622065508635	-0.38075255992420975	0.6271919893117468
-0.467629764043916	-0.05304500539187242	-0.3954437111183738	0.6147089534729943
-0.467629764043916	-0.05304500539187242	-0.3954437111183738	0.6147089534729943
1.8632886224433043	-3.1592048980645555	143.06336389414994	143.11037177223898
2.366544676413527	-2.1741525074300663	138.15439188880185	138.1917633978077
-0.5516657243976597	-1.0906638387616727	4.886414027323791	5.036955898862352
-0.09142648982299162	-0.48617762837892986	4.069946157020858	4.0999011220304284
-0.5601864106546116	-0.7652221752356775	0.6829610133437009	1.1686785434421108
-0.24710198740408204	-1.2249807919098143	0.022026320512800956	1.2498489874870389
-0.6429731148471791	-0.0707714014571128	0.2202778970227497	0.6833340102740774
-0.6453470593412488	-0.06998915661675642	0.22468818245951738	0.6869178177782866
-0.170861995688948	0.044255227262215334	-0.0014052120124637562	0.17650586769748022
-0.8162090550301968	-0.025733929354541087	0.2232829704470536	0.8634236854757669
-0.8162090550301968	-0.025733929354541087	0.2232829704470536	0.8634236854757669
-0.8142408005915434	-0.87956941815196	-0.007634786993065745	1.1986195112163713
-0.7851450376470094	-0.8481392278873372	-0.007361968494752347	1.1557885094614733
-0.6761879310751597	-0.7304402145717444	-0.006340324406844289	0.9953960141114213
-0.6686593345755945	-0.7270235870501282	-0.009945998581234357	0.9878094577043135
-0.2392934305292635	-1.1862707342341312	0.02133027683353461	1.2103530813381038
-0.2460744776769135	-1.1845060042899207	0.021789554927929073	1.2099925237235125
-0.9147338122525079	-1.9115295913400487	0.011843556346694716	2.1978019814278262
-0.9147338122525079	-1.9115295913400487	0.011843556346694716	2.1978019814278262
0.6840544467079099	0.2902768927638302	1.7110590876606757	1.8654528570831461
0.6824431699180269	0.3027689739977322	1.7162384722618729	1.8715961705066537
0.5688536331855484	0.579439974704525	0.8701466579101486	1.1901682009473191
1.2512968031035752	0.8822089487022573	2.5863851301720215	3.0617643714539726
1.2512968031035752	0.8822089487022573	2.5863851301720215	3.0617643714539726
1.9176166253104308	0.8842363759987188	13.517781416059133	13.681722914262481
1.7870455211271719	0.824028449946999	12.597351533305432	12.750130204612635
1.7390070048238462	0.7656779527483111	12.650518261475982	12.792420426724892
1.7390070048238462	0.7656779527483111	12.650518261475982	12.792420426724892
0.7308271430755074	0.008060269175901049	18.241670352219916	18.256306048049648
0.24510621179352496	0.44877220977909643	12.980817674217825	12.9908853063452
0.4779123744071643	-0.47942199827887927	5.2615487216813746	5.304916647853396
0.48417767113187393	-0.4770236544008776	5.257673438866163	5.3014252398613895
0.48417767113187393	-0.4770236544008776	5.257673438866163	5.3014252398613895
0.2611257931552554	0.45454815296037826	12.979445860682949	12.99002754245003
0.2611257931552554	0.45454815296037826	12.979445860682949	12.99002754245003
-1.6466708034751076	-2.9434850050800634	177.38006061857308	177.41212341257264
-1.1455862055314416	-2.0477777407958575	123.40302028792713	123.4253263216774
-1.6528507035734368	-2.609322639242572	123.36383855586067	123.40250055537935
-0.6082769550466683	-1.272394147819851	46.36144530080061	46.38289122187804
-2.2611276586201052	-3.881716787062423	169.7252838566613	169.7853917772574
-2.2611276586201052	-3.881716787062423	169.7252838566613	169.7853917772574
-0.8287837398321397	-0.5815163738752511	30.27453017117885	30.291454584851387
-0.952861645513971	-0.7192947990445018	30.24824085939235	30.271792239826762
-0.952861645513971	-0.7192947990445018	30.24824085939235	30.271792239826762
-0.2592803338274956	-0.8613143106572028	18.11979426305355	18.14210662433228
-0.2369613170358397	-0.8532396087542689	18.120532300882836	18.142156965561096
-0.2369613170358397	-0.8532396087542689	18.120532300882836	18.142156965561096
0.31275638646823195	-0.10268178345752434	14.58050879987269	14.584224249821983
0.2527943861731132	-0.16907718284536274	14.58944041676723	14.592609902613047
2.5363738009497223	-1.6537960124889102	145.48356297817747	145.51506908267058
1.9734005018788205	-1.2867195993866276	113.19204451993112	113.21655753232531
1.7803436606864715	-1.584757303228674	96.53258039902745	96.56200162462969
0.14424198995664866	0.15606173851971042	18.4951864085065	18.496407253931764
1.8997348249230348	-1.5418739687326248	96.51759050515774	96.5485973210476
2.152529211096148	-1.7109511515779876	111.10703092192497	111.14120722366064
2.152529211096148	-1.7109511515779876	111.10703092192497	111.14120722366064
2.2428232070466225	0.2574728412708914	103.00384303382205	103.02857966573309
1.0559204325940281	0.25890977223106293	43.20906358031689	43.222739127894144
3.2987436396406506	0.5163826135019542	146.21290661413894	146.25131879362723
3.2987436396406506	0.5163826135019542	146.21290661413894	146.25131879362723
-0.08092475758768616	-0.23536629296795472	3.043241500604921	3.0534021908782636
-0.032109906352422946	-0.093390327645267	1.2075192129752352	1.211550844615271
-0.030637003524945118	-0.09284846643242654	1.2076345732335492	1.211586037461975
0.1671436070140674	0.16427196508303404	18.4941603269727	18.495645121586012
0.1365066034891223	0.0714234986506075	19.70179490020625	19.707231159047986
0.1365066034891223	0.0714234986506075	19.70179490020625	19.707231159047986
1.9489478595410343	5.7097739844494395	480.4749631490658	480.51284075434324
0.2696820093368789	0.8644876843110075	31.463618323079615	31.476647618876363
1.6792658501213875	4.845286299895934	529.132891460086	529.157739769565
0.18077764238753546	0.5794974823382204	21.091205733045427	21.099939743081535
0.20685159665779543	0.5888711553498757	21.090336931626045	21.099570344207304
0.20685159665779543	0.5888711553498757	21.090336931626045	21.099570344207304
2.3345402508491726	5.080162891167855	529.1209761193262	529.1505130892839
2.3345402508491726	5.080162891167855	529.1209761193262	529.1505130892839
2.0939655380547473	-1.1573177845292901	-28.48241581108363	28.584628501423904
2.0939655380547473	-1.1573177845292901	-28.48241581108363	28.584628501423904
0.9193226809086589	-0.9201362320481694	-10.778151307091953	10.90262555191824
0.7978421691041298	0.2798553725268796	-9.996780761975787	10.033442905814644
0.08014982747815719	-0.45387254295909607	-4.809474552508485	4.9228495523055065
0.5071859528943253	-0.17944506039973682	-1.2908315573586917	1.48435169083619
0.1707898220055239	0.11352465194024905	-0.3967478213823778	0.9405184999634859
-0.2926666727101591	-0.011892136317826256	0.024356957910461025	0.3253740163566986
0.030087880603188996	0.38303198834010393	0.7530283632240042	1.2774084647602717
0.0007885723380065546	-0.43240145889671283	0.632751639137303	1.093602860444195
0.33367032808949615	0.2922438538153278	5.437886415350261	5.516455585624691
0.02036714389400058	-0.6106190911577074	4.921503176922468	4.96124417867077
-0.5771555674613497	0.311852809950812	6.0416118983513964	6.07872641589725
0.3223791621550488	0.2987188930365719	2.5296138331692806	2.571055628843952
-0.1461063102860697	0.11693144592256738	3.170074763117803	3.178659120699693
-0.14450905762382724	-0.316794755852296	8.223626126323017	8.232177611999958
0.5060810737301062	0.39778477571330967	34.39716602918693	34.403471647572545
0.5005138093604591	1.0826879008110184	108.53318283161346	108.54281326715532
-0.015367546702747675	1.5484975227417253	93.09169161869515	93.10989873691355
1.8602643761281301	2.1137340766634822	269.1124711367795	269.1286695896416
0.5779593908089738	0.12334974649019745	33.07347884013427	33.07903375866037
0.3964159221671737	-0.050238118921012424	27.73765226284781	27.74085871250216
1.0095355840117164	0.2601138446529328	57.577104373496965	57.598990059259116
0.30273176376298155	-0.4737674103813851	28.612877583992713	28.618741158572696
1.0695544056556627	-0.08198663434530662	61.84495983322411	61.86432305513715
0.0766173148791735	-0.08978566704689306	5.657972694851684	5.660924525157847
-0.010324086350696197	-0.09391300246503727	1.6228047755060073	1.6311471970965936
0.16378771780118076	0.05214017784763234	8.480603402395214	8.4834190444517
0.1662281903910748	-0.2066991374185011	11.054248236323785	11.058253931582406
-0.05027686379944013	-0.2673455076608224	34.81648578207936	34.817810143626694
0.3858764161671169	-0.31267718241172476	24.19980879702101	24.205281098176282
0.333474009234896	0.22956200991088743	11.070944720885795	11.07922381888904
-0.6297061104311155	-2.1891035323156878	68.06152246708545	68.10573556679056
-1.4938917584656894	-2.0787948610630185	87.58620058474146	87.62806711538386
0.5835293850658975	-0.5640808578767045	32.40259541748702	32.42224838406647
-0.12619603862357065	0.3497800288394032	16.26715265531232	16.291138824669193
-0.25033121836580413	-0.17155618243546744	3.4747081927833823	3.490546356663424
1.040955079527139	-0.010699088746130625	14.261711908728312	14.329225146665356
0.11484681566781023	0.27536376571239896	3.1535679411205786	3.2889463898066458
0.8335714743401723	-0.09610112476571048	5.305276416455847	5.437412392707192
0.2246988973942856	0.24096327403382206	0.5029828797260683	0.7779875407876624
0.3758859775464214	-0.23212169784715342	1.576438650134115	1.6427261393075063
-0.12439122558131804	0.4388142215487575	1.2098054228529809	1.3004384045772965
0.2371374005526382	-0.7745703858322854	0.3482487728405337	1.525975922247663
-0.42613655675093676	-0.02182360739145539	0.5258678157806032	1.4147190373932381
-0.41772516293800305	-0.6224109821566912	0.09428331799274703	0.7682830672431612
-1.7399729614578971	-1.3780420643673685	-0.9984892010688793	2.5432655096847525
-0.19050318219196882	-0.0076071566695212756	0.1732352214449398	0.2929838871114562
-1.0621512238819215	-2.789269208880286	-0.5369297814048161	3.155441579020158
-1.8402050991557088	-4.084928986024711	-1.7442330276336522	4.8331220163483986
-2.4524726646079786	-4.634433402397033	-2.00431275994777	5.789959768544965
-0.6707925204828915	-1.694429021382266	-0.8638058784440028	2.021556997606713
0.18912950979796084	-0.15886182064750043	-0.37927674243899295	0.47364298980454667
-2.1312380892526903	-4.499630910965336	-3.3331922154309295	6.042498269781812
-1.985038068107226	-3.4340871707026146	-3.337905115033583	5.244876482341088
-0.137963749361168	-0.002113151440520711	-0.5360830220420445	0.5697745768885558
0.2756282096139332	-1.2030555076253113	-2.250933056251017	2.5706483012046055
-1.2074693490004624	-0.5892188772563254	-1.067140868521912	2.0363813059955165
0.23620291458039042	-1.3414243508530828	-5.5628625645963385	5.75332865748214
0.1979135469308417	0.9201019957604987	-2.664709840409934	2.829250004619375
-0.2285299983195602	0.8547996469389956	-6.323687481186434	6.386815445991297
-0.7272024100912627	-0.5225947829195704	-63.56769771272722	63.57862609012962
-0.7083993183380151	-0.033136050115205054	-52.7086618681941	52.720859186411914
0.9214741701896134	-0.05627867953587523	-130.09223243456555	130.0955781006623
-0.7446697071931536	0.5188522493804647	-1553.7188248541179	1553.719373245144
-0.18773881780738322	-0.15604464413467467	-1538.8526756365598	1538.8529492938787
0.13971176893607073	-0.2540714534630575	-1497.0368167149659	1497.036851300443
-0.6572832502713637	-0.07404085165009454	-1141.7884998529287	1141.7886994182945
-0.12620620469703828	-0.05758832783450303	-76.2101411059141	76.21026736473861
-0.1947754130919203	-0.1428134876977653	-66.25017524123459	66.25061548882475
5.24469356832924e-13	-2.049471703458039e-13	-102.54698986832571	102.54698986832571
0.0	0.0	-102.5469898683244	102.54698986832443
-1.1536301919912912	2.4167374259680776	9.088282507492764	9.475644628564732
-0.4377238894560567	-0.09289326383908919	0.9992451061412175	1.1031508257778666
-0.11884854543179214	0.2163975817395406	4.38388899983368	4.393053088445064
-0.007792995643770322	-0.05460575887011155	0.6564483250519281	0.6733845172309552
0.26695229474914445	0.02021016682996611	3.7286409402595204	3.740675719745636
0.24360444320155644	-0.28308295628520097	8.604933499625998	8.614165043854944
0.02920647793204947	-0.030724235548943997	0.3321117726863616	0.3609914499820464
-0.4477964351233755	-0.5190090711702648	44.85825484899816	44.866251636090944
0.32115054478337934	0.3840567304361089	188.5127544804408	188.51407601226936
0.3505002544300681	-0.031776424303944784	189.18057623615584	189.18323677587918
-0.4176371343316737	0.42857041328169265	54.501702861549866	54.505155056968576
-0.1958661794343834	-0.07116643703352543	257.7189716575099	257.7190559124925
-0.07972323375093772	-0.007889699073917962	37.356139964780546	37.35622586811502
0.0064742289406962954	-0.07119327107056769	41.98667982381712	41.98697265593361
0.1964906737573303	-0.2874864226827921	340.5287565945169	340.5289632389891
-0.04263008072056283	-0.06923228256738104	390.2370538342017	390.2370856482387
0.040388556419481414	-0.03910091495886332	14.570372148988387	14.570480591835553
0.5897486604742406	-0.039148029711866275	201.02110001566686	201.02196891772678
-0.0942097030762543	-0.23883588281195134	221.6139335477883	221.6153062933707
0.20447202219879465	0.025013009898334777	51.14972362201653	51.150138426667056
0.03509858296398642	0.32232432928701765	7.708502261925119	7.716580317134084
0.028181542264875816	-0.06028415458221764	128.48096960244968	128.48105773990426
-0.10296009007719152	-0.05834488819347916	0.14509492409754052	0.23353207065815182
-0.17986388994178654	0.08971109484778675	0.10101910558346466	0.26473334515444563
-0.08401944071926827	-0.1253497219360414	0.3055200968164085	0.3665159603167768
-0.21021275255528526	0.17600768215849488	3.082545997106601	3.134465447551401
0.2608427249540736	0.20035540487579584	0.8852608879630672	1.0674660497091084
-0.037927652917457776	0.03455887409305115	-0.25760224836439294	0.9743420004786802
0.08307203868570934	-0.10539301880033594	-0.21824531529572125	0.28958465096026187
0.37942233874415965	-0.6396197686193799	-0.2517692704774056	0.7974599112203207
-0.14708463027035068	-0.10952605098596796	-0.5901423483367441	0.6325483665355193
0.18243875636128884	0.19828639134597015	-4.547265474758229	4.557379123536229
-0.0022645209804690375	0.5285558066052056	-3.3737584915202903	3.417762793518096
-0.16844754204486392	0.25278032384666455	-3.015382429251967	3.033648506598363
0.04135003689139878	-0.3235489399040221	-2.4368186198400763	2.4625106117463194
-0.0007643460522814699	0.23896380211416937	-0.6733674622444125	0.7280163508158508
0.2959660698240397	0.17358422517820996	-6.143348323553008	6.1545053259477625
0.3848075594422249	0.18504229588876958	-5.181366579588867	5.200803488505609
0.43442676032408417	0.8981413701946823	-10.598424874708362	10.64613610453003
-0.008740650786038778	0.6211606388454434	-8.124313638098354	8.149225043727652
0.6379681299597675	1.309524335885573	-23.868555349868455	23.913370142992285
0.007921571392658963	0.20641364209831775	-3.701588119331123	3.7098037075445025
1.5733846077504279	1.7480618106435626	-25.956163811598053	26.08636503797814
0.014210833321184238	0.08448408216105648	-1.4976784555426526	1.5001267493511683
1.0223298314973943	2.988731955654005	-62.50352732205984	62.59034587275819
0.26936123831243	0.4249055552425806	-7.291330091058933	7.309998255079319
1.198007955254625	-0.7735264184752442	-15.991667812031714	16.05573060860837
0.23189259246115201	-0.12487723534259154	-2.346571543210569	2.3654272955749027
0.9687073566894154	-0.3959313362713713	-15.55662529306021	15.592368828212937
1.0567005722547977	0.02515786628833952	-9.890878966537137	10.00956930195933
0.04608183187752221	0.04598722930746561	-0.9876215022385024	0.9897649176306474
1.006432564949471	-0.45821551389391	-18.477056674290544	18.53388361630688
0.39057465046601597	0.06027205352169497	-4.172419416441698	4.193266586460017
0.3561812215124998	-0.08996257483390488	-3.685537575625714	3.7064302682875243
-0.11272084670786431	-0.3354454483201192	-1.0483917212886937	1.1147082307706768
0.15887831479465508	-0.23657790860524708	-1.615036414990107	1.6459142846442887
0.4473361961696976	0.14686880118190926	-10.137381291197634	10.149206824214788
0.0211640218136285	-0.006785666161833764	-2.8469917445808868	2.8504974547780786
0.01630861302694396	-0.2130695647039829	-0.19197722731778838	0.3173948116630661
0.056179894244433544	0.2645743186694408	-0.3313797250774378	0.4277479080125497
0.13851485629120208	1.3190663562495673	-2.0782041742062103	2.4653711702887655
0.6440949849962829	2.447653176008196	-3.7746429331332303	4.571379839257836
-0.2779326756561805	0.803189244402139	-1.6699509542722182	1.8789825728556862
-0.16861306738301002	1.1969285818434665	-2.1776093703386703	2.5398162686330084
0.32488964192123865	2.0930609968616687	-3.171174819537549	3.8160564902763525
-0.1749006990733522	0.3708009664245564	-0.21176621995838535	0.48208746929701
-0.5158519437695914	0.31043602329133296	-0.8495536763227008	1.0505688869851513
-0.2800094710110371	-0.18661365757776427	0.22748740874187692	0.42948837829040937
0.10440011870550253	0.2839820722538291	1.9257214266671936	2.010887405518378
-0.11412313230961868	-0.34407070340112317	4.653585459910233	4.6697693900079305
0.11374783264237862	-0.15728732835645448	4.16699453317471	4.173847277692402
-0.2909400538068596	0.3897944779006828	3.7074684881146482	3.7416744968896105
-1.474242895242097	-0.2173770363663818	31.74160667464148	31.776873964609173
-1.7502006758760134	0.46706207995403176	47.799338877700634	47.83384122290443
0.24543801195841425	0.1176693685239324	-3.95221103132902	3.9640304891690383
0.6738846689502446	-1.0378056005721017	-6.825940275762933	6.9385950627492
0.31311914986705175	-0.46904146019754084	-3.978697680232134	4.048678632156704
-0.23296932238889456	0.015168917238444712	-0.8307768722763509	0.8741709201488024
0.5071859528943253	-0.17944506039973682	-1.2908315573586917	1.48435169083619
0.020335485504295654	0.12133078463270094	0.15790367925610305	0.24402468746603595
0.015835456793306432	0.0772636878179188	-0.41617833921181546	0.4459872577509165
0.1346188797079218	-0.08506982051037072	-0.13847316142666544	0.2505065547465334
0.1087203646150709	0.20184738822100373	0.6692876273779971	1.0628777263980782
-0.0786324840118819	0.18118460011910018	0.08374073584600714	0.2145307383621933
0.2807963286048468	-0.015127743576437702	0.43364024334171025	0.5353494861575318
-0.28000775626684027	-0.4172737153202752	0.19911139579559287	0.5582533742866633
0.3473032611734628	0.47892325973806005	2.6503671948472016	2.719175076445442
-0.013632933083966653	-0.1866794059227323	2.787519220503058	2.7972805091792483
0.2650671409565363	0.2573166258383717	2.334036530997972	2.363090976492603
0.05731202119851252	0.041402267198200185	0.1955773021713087	0.20796465235134876
0.016494524502666252	0.8544729968935847	76.20649284858696	76.21141271645864
0.4840192848577927	0.2282149039174335	32.326689983026476	32.331400550696664
0.3293349494844345	0.9960759244945951	64.52100486944278	64.53145212864086
-0.3447024961871822	0.5524215982471301	28.570686749252378	28.57844660827269
1.2330063200798165	1.3663753653830086	201.58003824940462	201.58904441164032
0.6272580560483141	0.7473587112804744	67.53243288737498	67.53962517800132
0.022375809118082464	0.029253888247649712	3.4454461741635813	3.4456430177645734
0.5555835816908914	0.09409585824254772	29.628032665970686	29.6333907408958
0.31486618151687823	0.003395806058692885	18.376441427950216	18.379139038558005
0.0815497406502955	-0.053633924979705316	9.361210834897594	9.361719673944155
0.7073453352290306	0.07722943624293103	38.247939090271686	38.266093846212286
0.3021902487826857	0.18288440841000175	19.329165283225276	19.332896213046823
1.0876692433174044	-0.1735843353209361	59.24779258490384	59.26547792663969
-0.018114837661741365	0.09159770097562947	2.59716724832027	2.598845128497467
-0.07122211472953367	-0.033421658393245235	0.8210751718800755	0.8248357622910127
0.06089802837883747	-0.06049134407179203	0.8017296036259318	0.8063114348055809
0.1260544393969537	-0.019621158933747107	6.334921639981234	6.336206033287754
0.03773327840422704	0.07176133678137946	2.1456817624139806	2.1472130111639482
0.09150617625911851	-0.06271296335786557	6.815377688917839	6.816280462148382
0.0747220141319563	-0.14398617406063552	4.238870547405947	4.241973469434025
0.03951590915304725	-0.11259737783940296	17.2694047835149	17.269817059061737
-0.08979277295248737	-0.15474812982141944	17.547080998564457	17.547993084564958
0.12866735918852718	-0.18987244739181575	11.194680507423916	11.19702989631161
0.25720905697858976	-0.12280473501990902	13.005128289597094	13.00825120186467
-0.5267718144002074	-1.3709023981843607	36.09357852070115	36.12687210473546
-0.10293429603090798	-0.8182011341313266	31.9679439463843	31.978863462055088
-0.5125932352158558	-0.7073479845911148	36.841810070976386	36.85547153740392
-0.9812985232498338	-1.3714468764719039	50.74439051376509	50.77259557797993
0.05577111773084656	-0.009692923346038773	16.485500492477	16.48618848135297
0.5277582673350508	-0.5543879345306657	15.917094925010014	15.9360599027135
-0.15382387098708733	-0.21020305288552424	6.8221639989181035	6.828561233507545
0.027627832363516694	0.5599830817249273	9.444988656394212	9.462577591161645
-0.05228191815923272	-0.11348352821126617	1.4300664343612397	1.4355145129285032
-0.19804930020657147	-0.0580726542242013	2.0446417584221424	2.0550318437349206
1.0932748821464078	-0.11788653979079121	12.489801616443023	12.547828958218181
-0.05231980261926869	0.10718745104466058	1.771910292285293	1.781396188447175
0.0957251434803471	0.4679908374325745	2.519003799340091	2.610991920804235
0.019121672187463114	-0.19262707172017557	0.6345641417804869	0.6779544690024104
0.7420317539546065	-0.25424515171379986	3.630799537823645	3.7472225644211896
0.09153972038556576	0.15814402694808938	1.674476878632202	1.6901898282860028
0.06862630155104044	0.01065478426751535	0.20295880750841233	0.2145119372846146
0.307259675995381	-0.2427764821146688	1.3734798426257027	1.4282142020228918
0.14700261466195116	-0.7608570079305919	0.4873292735263326	1.311790669645979
0.09013478589068702	-0.01371337790169351	-0.1390805006857989	0.21418525260168395
-0.12284496158228211	-0.11419484188860944	0.2971253429330295	0.99960322169008
-0.30329159516865467	0.09237123449715405	0.22874247284757365	0.41511581570315803
-1.5152055645973517	-1.248816786809274	-0.6201416201637404	2.063842698454203
-0.22476739686054617	-0.1292252775580951	-0.37834758090513915	0.47942281123055014
-1.0401912912180584	-2.5097893880826936	-0.3336376454873432	2.782080244249746
-0.021959932663863035	-0.27947982079759226	-0.20329213591747278	0.37336133477041206
-1.795512084515531	-4.34003844031849	-1.702876755497495	4.997906195437958
-0.6569605800924483	-0.2943949620785432	-0.3014360044502755	0.7920535731070082
-0.60565468648353	-0.9277260607069597	-0.8844505465704275	1.4245089670490125
-0.9323980389984495	-2.404531158018031	-1.8170445730643192	3.1578896368318796
-0.593185363770711	-1.1673736922403448	-0.6316970957961825	1.4600996659009198
-0.10865121028228603	-0.5932391043061265	-0.4939359492938499	0.7919534249427533
-0.8077713063621231	-1.076128194914839	-0.9952472309976197	1.679447293302493
-1.0686155514628166	-1.7647198714816492	-1.8487219347421129	2.773475764095841
-0.16393203115237212	0.005718823770808882	-0.4284464330911557	0.45877310493488827
0.025968281791204112	-0.007831975211329592	-0.10763658895088872	0.11100147195366751
0.215999370191777	-0.8135276456465164	-1.4135542275628221	1.6451803890197378
0.059628839422156174	-0.3895278619787948	-0.8373788286881947	0.9254679121848676
-0.915839148378665	-0.13846872053063672	-1.1415870392206464	1.4766975605332706
-0.29163020062179734	-0.45075015672568863	0.07444617069873455	0.5596837454622459
-0.01409923056863125	-0.20442535415794588	-0.8300232715395572	0.866260313025166
0.22866388146688266	-0.5198966020784969	-2.1692528814234113	2.246712597553154
0.02163826368213899	-0.6171023946166401	-2.56358641163337	2.6403557469038197
-0.013683094021585112	0.10557014452379464	-0.37347153903603575	0.38834684619129295
0.2115966409524268	0.814531851236704	-2.2912383013738977	2.4409031584280823
-0.8260309867764963	-0.2856844079308114	-49.93411187146968	49.94195581822362
0.09882857668523373	-0.23691037498875894	-13.633585841257528	13.636670271905997
-0.6922032226185282	-0.02309305846798166	-51.447583204204356	51.452434110828825
-0.016196095719487193	-0.010042991647223404	-1.2610786639897618	1.2684250755830975
0.3500955576671559	-0.05386238449220569	-57.98222227318546	57.98330421589515
0.5713786125224576	-0.0024162950436695425	-72.1100101613801	72.11227388476713
0.23442636112323242	0.006484657425076784	-1072.4955094131326	1072.4955441347477
-0.42216517893061567	-0.16252930155975148	-466.35716622342744	466.3574051591311
-0.1076682454264494	-0.006170047870760607	-116.18438295631834	116.18443300830366
-0.5496150048449142	-0.06787080377933392	-1025.60411689661	1025.6042664099907
-0.10238103329562709	-0.01671415095977406	0.3899151262959783	0.403478679158385
-0.3353428561604296	-0.07617911287931514	0.6093299798452393	0.6996721466194815
0.26529708119021633	0.026619584915665975	3.721105136913567	3.730645330710716
0.0016552135589280774	-0.0064094180856998665	0.007535803345953565	0.010030389034919844
0.07492635339734624	0.0022058643010818627	0.2529657398969048	0.2638379992198385
-0.04571987546529678	-0.03293009985002586	0.07914603278945678	0.09715345076220783
-0.1852761375509244	-0.4617707880801536	22.4228207012224	22.428774542804113
-0.26252029757245116	-0.05723828309011125	22.43543414777576	22.43747709328683
0.35308727355747516	0.20781473866013656	153.32410072505832	153.3247075338368
-0.031936728774095764	0.17624199177597238	35.1886537553825	35.18936847843258
-0.047981274430776974	0.07879832696887142	13.094767162210502	13.095092149791677
-0.36965585990089667	0.3497720863128212	41.40693569933936	41.4100629071769
-0.06918914961177983	-0.08697093565568015	213.47464922732672	213.47467815601053
0.02655906889121699	0.017738653088299125	176.76240460687492	176.76240749222816
-0.20530224145862597	-0.02941536573263368	26.506780483004277	26.507959288356506
0.11109253838237168	-0.20942051707931766	195.10715306478403	195.10734700501422
0.075155379174349	-0.06444971956402097	71.37552506155929	71.37559372720236
-0.046973836909473196	0.004165564981803326	57.10544454089038	57.105464012701894
-0.060303820473872574	0.0006924750032639496	0.1678788061025753	0.17838252107143587
-0.0237156202453957	-0.12604219693930535	0.13764129071383321	0.18813343924534093
0.29212327686869416	0.06460133948916073	0.27850635003326935	0.43045874292567393
-0.031280551914620536	0.1357540653866351	0.6067545379297979	0.6370073067834345
0.06921043331472966	0.01353148754084222	-0.07670056354469815	0.1041929061057176
0.01386160537097967	-0.11892450634117815	-0.1415447517510231	0.1853917448545443
0.010669566104712092	-0.05537750461517244	-0.10001558958239751	0.11481997133678813
-0.15775419637506277	-0.054148546370795525	-0.4901267587543466	0.5177283951987312
-0.15800324149837672	0.2662970721416758	-2.944526382956823	2.9607625326736375
-0.010444300546487213	-0.013516748295011243	-0.07085604629514426	0.07288597392472489
0.3987510307542214	0.7110671196950978	-8.778623358562905	8.816396480691264
0.035675729569862744	0.18707425049958437	-1.8198015161454566	1.8297396238387655
-0.02387964071777147	0.14128701142446437	-3.177347025986161	3.1805764226600757
0.03180121211043043	0.06512663067385335	-0.5242410933449618	0.5292272848844266
1.2970785309444928	1.321755234445881	-20.56235484184829	20.66688744949765
0.2763060768059352	0.42630657619768175	-5.393808969749766	5.419477588480488
0.29237151818441975	-0.060153191956968916	-4.800627338488972	4.809898372543416
0.6763358385049956	-0.33577814431440234	-10.755997954571235	10.78247045566952
0.8470757833269666	0.07584103888465192	-8.666585599534413	8.758615518039102
0.20962478892783104	-0.050683172596312394	-1.2242933670027256	1.250953783920228
0.13360498675314572	-0.0016129511397293822	-2.0681752895925087	2.0724868932221847
0.25696966371287017	0.06188500466142434	-2.1042441268491885	2.1207796932378318
-0.014109667346902477	-0.1095160648765792	-0.17272169099194332	0.2050015456473625
-0.09861117936096185	-0.22592938344354002	-0.8756700302967504	0.9097066851233143
0.0626322618789654	0.06325790581381327	-2.6351760261173154	2.6366791711354405
0.38470393429073224	0.08361089536809597	-7.502205265080319	7.5125276530793474
-0.04873218554779206	-0.04378334328426366	-0.022747534493493607	0.06934880952795652
0.06504079857473602	-0.16928622141971927	-0.1692296928242948	0.24804600213510958
0.1036707944396548	0.5017039691667953	-1.0995363694946578	1.2210301057054072
-0.27228386182266484	0.6952246126766715	-1.0780730008440127	1.3187861629276014
-0.12435679635805558	0.18628124365480508	2.2065715493508447	2.217909672854737
-0.16658325744880403	0.2035132342458777	1.5008969387638038	1.5237648240348738
-0.5844838774183312	0.11004366661976912	16.886775439454624	16.897245803801663
-1.1657167984576822	0.3570184133342626	30.91256343824601	30.936595419102765
0.12104041770979457	-0.11541191026814324	-0.13868307535069868	0.21726409537664304
0.013578461998127234	0.0303420897577725	0.00020991392403323095	0.03324245936989034
0.14180827999117449	-0.23484650538073418	0.08473463604216819	0.3192525846548422
-0.03308791537610359	0.4366938936017379	0.5845529913358288	0.7436251417432359
0.12782979174604298	0.06193627198522644	5.514054850285853	5.515884104058588
0.35618949311174974	0.16627863193220704	26.812635132740628	26.815516446638075
0.3293349494844345	0.9960759244945951	64.52100486944278	64.53145212864086
-0.5267718144002074	-1.3709023981843607	36.09357852070115	36.12687210473546
-0.07522948702916579	-0.5499526800439922	23.78867490910283	23.795149954496715
-0.02770480900174217	-0.2682484540873343	8.179269037281468	8.183713507558375
0.07590529763620289	-0.024303411592168762	1.404827485184149	1.4070865407476105
0.4518529696988479	-0.530084522938497	14.512267439825864	14.528973361965889
-0.0218678452573065	0.09240270540613646	2.4261231148831834	2.4279806076641237
0.0494956776208232	0.4675803763187908	7.018865541511029	7.034596983497521
0.09015832582002742	-0.0652801626236785	-0.09399776291326252	0.14569009156267987
-2.3539929340413157e-05	0.051566784721985	-0.045082737772536394	0.06849516103900406
-1.0401912912180584	-2.5097893880826936	-0.3336376454873432	2.782080244249746
-0.26882617345024507	-0.18339804661194758	-0.09717390958840981	0.33962497513827755
-0.3881344066422032	-0.11099691546659564	-0.2042620948618657	0.4524285979687306
-0.3517580880930964	-0.8279785332999352	-0.4179417522223558	0.9919463253599539
-0.24142727567761457	-0.33939515894040967	-0.2137553435738268	0.46815334054096597
-1.054747846060644	-1.7011753548254478	-1.8033683559182805	2.694184112818287
-0.013867705402172338	-0.06354451665620138	-0.04535357882383219	0.07929165127755414
-0.04578954151679306	-0.39517415371372006	-1.5083951039185477	1.5599727829039582
0.06742780519893204	-0.22192824090292004	-1.055191307714822	1.0803829639998614
0.09069859412891004	-0.24789700111465612	-13.444499410405356	13.44709052377237
0.008129982556323695	0.010986626125897148	-0.18908643085217058	0.18957974813362605
0.008706805363870236	-0.019106012623760237	-1.215653352868307	1.215834660847429
-0.02490290108335743	0.009063020976536832	-0.04542531112145483	0.052590414735668535
-0.41055264361418836	-0.1820565065991037	-440.4070738390874	440.40730282949664
-0.011612535316427334	0.019527205039352187	-25.950092384340152	25.950102329634475
0.08088032996126764	0.06105182902415557	62.088230621776596	62.08831331818026
0.2722069435962075	0.146762909635981	91.23587010328173	91.23639421565653
-0.06960977726564652	0.17180603691659832	27.87690474180898	27.87752106661035
0.03767304849155076	0.004435954859374057	7.311749013573515	7.311847411822226
0.05507644443639219	-0.005277557901503301	0.13208987086552826	0.1432096412062772
0.23704683243230198	0.06987889739066402	0.1464164791677411	0.2872491017193967
0.005370304719600091	0.1473176922572883	0.5421630552116123	0.561847061985007
-0.03665085663422063	-0.011563626870653189	0.0645914827181856	0.07516024479842756
0.04447604434735253	0.27075224787312474	28.962005468436576	28.963641439516877
0.28485890513708195	0.7253236766214706	35.55899940100621	35.567810689123995
-0.31864081060744653	-0.37013497716234367	9.971213662052174	9.984143105279465
-0.20813100379276084	-1.0007674210220168	26.122364858648975	26.142728999455993
-0.9745139032464692	-2.2228574214295262	-0.23885812023803213	2.44280687941733
-0.06567738797158912	-0.2869319666531674	-0.09477952524931108	0.3392733648324159
