0.0	0.0	6499.999932280723	6500.0
-0.825172474934881	-0.6500138162903859	2752.5890704015687	2752.58927083605
0.4861598641946778	0.27146887014393717	0.2707916096416422	0.6191727197349919
-0.17323435521286024	-0.0763465372068032	1646.1615229940214	1646.1616358207905
0.5122469659534404	0.4548914833534691	2100.7919539575105	2100.7920915778004
0.0	0.0	-6499.999932280723	6500.0
-1.1838856535291886	-0.3534556597982159	-41.257635971567154	41.276131627206105
-0.4621674458189773	-0.810596946429996	-3581.183297523502	3581.183419084461
0.7333712588458492	0.28259306127508155	-2725.2741793533196	2725.2744018340836
0.9126818405014233	0.8814595449530951	-152.09822610991782	152.10387649516056
-2.7755575615628914e-17	0.0	2752.5831420711297	2752.58314207113
-7.66053886991358e-15	2.2315482794965646e-14	0.4450327802345839	0.44503278023525183
-0.17323435521286024	-0.0763465372068032	1646.1615229940214	1646.1616358207905
0.5122469659534404	0.4548914833534691	2100.7919539575105	2100.7920915778004
-5.551115123125783e-17	2.0816681711721685e-17	-41.26675499304861	41.26675499304861
3.941291737419306e-15	-1.1435297153639112e-14	-3581.2757483184314	3581.2757483184314
0.7333712588458492	0.28259306127508155	-2725.2741793533196	2725.2744018340836
0.9126818405014233	0.8814595449530951	-152.09822610991782	152.10387649516056
8.004708007547379e-14	-2.758904216193514e-14	2573.4140988611766	2573.4140988611766
0.27638794647530984	-0.10534330400414688	179.16077815830678	179.16102231735195
-3.83026943495679e-15	1.1157741397482823e-14	0.430329047177338	0.43032904717767906
-1.1102230246251565e-16	0.0	2573.4140988612	2573.4140988612
5.551115123125783e-17	-1.1102230246251565e-16	2214.914589651329	2214.914589651329
1.1571051280849483	-0.4960092945658188	358.239550490144	358.2417625750495
1.1571876646366341	-0.4960378070636766	358.2858649011407	358.28807700613464
1.118707188371832	-0.48137124666883124	358.2870697315628	358.2891396077731
1.0112735679787814	-0.5659856695599939	358.27396689316316	358.27584117181107
0.22267641678979544	-0.1476518641623219	179.15767958714062	179.1578788133754
1.2339499847685769	-0.7136375337223158	537.4316464803038	537.4337199851865
1.2339499847685769	-0.7136375337223158	537.4316464803038	537.4337199851865
-2.1760371282653068e-14	4.04121180963557e-14	2024.0667615200798	2024.0667615200798
3.552713678800501e-15	1.7763568394002505e-15	2024.0667615200687	2024.0667615200687
1.7763568394002505e-15	8.881784197001252e-16	2002.16325149733	2002.16325149733
4.263256414560601e-14	-7.105427357601008e-15	855.9817844965644	855.9817844965643
7.837251855911281	-5.143100917201506	1140.992460534703	1141.0309675905967
7.841967723756113	-5.151943968942817	1142.1576416173493	1142.1961816121368
5.665424714708775	-3.722018722691458	825.151079279433	825.1789224747462
5.920844651758019	-3.26182665614998	825.3308702486574	825.3585531754915
5.4896719994029795	-3.0769984690304124	825.4291731878035	825.4531630369684
5.490567100409454	-3.0773076843417844	825.666182168055	825.690172235098
5.401888214276355	-3.0435083563327296	825.6691499771424	825.6924297602328
5.154049387925525	-3.2385759840417574	825.6069288787724	825.6293681865492
5.154049387925525	-3.2385759840417574	825.6069288787724	825.6293681865492
2.1316282072803006e-14	-3.552713678800501e-15	830.0478516207932	830.0478516207932
0.0	0.0	110.61887540746356	110.61887540746356
24.821259508324133	-11.967504416703111	688.4726666701597	689.0238956940927
22.84762478827266	-11.01592167283648	633.7295317260715	634.2369303899873
17.042961249610457	-7.206682041571832	637.6780022091256	637.9464188281204
13.127553615241869	0.2619268128255916	467.6230075465213	467.8073091096699
3.6252351264669764	-8.78779200026222	175.2242138034818	175.48188715935999
13.150124590748518	0.2196024070482565	468.7756511161644	468.960110330669
9.109745498143234	0.5897172501634436	269.4556058399729	269.6101977820255
6.21692210163546	-1.8000400893625121	516.3266076127904	516.3671716847166
6.376751093303155	-1.5120749648757086	516.4385534057927	516.480133953937
6.10694486338734	-1.3964187513460928	516.5007064560548	516.5386960630301
6.108362318545357	-1.3969084154564761	516.741901743315	516.7798916953213
5.687033516039356	-1.3005556254795252	481.0992473752068	481.1346169422212
5.635360945755121	-1.2808609920863352	481.1011002406907	481.135808842652
5.490655137340872	-1.3946077373119383	481.0274837848126	481.0608406230192
5.490655137340872	-1.3946077373119383	481.0274837848126	481.0608406230192
9.193176177752875	0.7400349477796573	269.51272222318255	269.6704833312509
9.052337416962885	0.800407452136787	269.5465345002011	269.6996843265999
7.078090150007797	1.4424620340401866	219.9252685639776	220.04386792144186
2.2476372302705894	-1.2998981018982958	63.03835487602747	63.09180448893654
7.082515288469557	1.4409333567653253	220.16886300802616	220.28746344264883
5.076192727046739	1.0327482719436516	157.79981201603832	157.88481552667548
5.526181763526939	0.7307901462815811	189.68976225390722	189.77164868089565
-0.028660233977509643	0.20560533568522765	3.752704130039742	3.7584415986803705
0.5149000845331275	0.09530309862808278	38.40155063315769	38.40512069774856
2.0004205450307615	0.44672188935221563	52.67494157215426	52.71480543863625
0.5107755174504052	0.09687514809558564	38.40169773017546	38.405216637630204
0.49921475252989217	0.08779293393145303	38.394127238217266	38.397472955297545
0.49921475252989217	0.08779293393145303	38.394127238217266	38.397472955297545
1.9947610486114418	0.4488789662414715	52.675206482109054	52.714874010095244
1.9784043240962677	0.4362720730658458	52.64514055265958	52.68410804787928
1.9784043240962677	0.4362720730658458	52.64514055265958	52.68410804787928
2.982200899985389	0.3943704939864843	102.36597417862968	102.41016414318591
2.9712042911646486	0.3985617733848477	102.36644996746939	102.41033632094688
2.9398940439302477	0.3742049170472891	102.3228410409461	102.36575015599793
2.9398940439302477	0.3742049170472891	102.3228410409461	102.36575015599793
2.2496315238562126	-1.3005870365632979	63.13844059500342	63.191890693359724
2.408715781718774	-0.348132584475375	91.66316691873979	91.69547032207329
1.8472383035602442	-0.544269367266249	33.844324668251126	33.899068287259404
1.1173791828808755	-0.32922404201495503	20.47215227731732	20.50526624001368
1.1151786694538146	-0.3283853319414215	20.47228383600205	20.50526434486689
1.1085677377569394	-0.33336174311469047	20.45786986094178	20.490595201901698
1.1085677377569394	-0.33336174311469047	20.45786986094178	20.490595201901698
1.4038085533807454	0.2622623093190466	50.10807410876215	50.128420590146604
1.3984257898869157	0.26431391141799554	50.10830258030579	50.1285092937449
1.3831177998966282	0.25239675481380386	50.08746219603749	50.10719098302869
1.3831177998966282	0.25239675481380386	50.08746219603749	50.10719098302869
1.734766349018751	-0.8254402190459993	54.927265200951354	54.96085177921234
1.7288652872720962	-0.8231910712468543	54.92754898285988	54.96091571276616
1.711921609569515	-0.8363042465429591	54.90655895035915	54.939605897379316
1.711921609569515	-0.8363042465429591	54.90655895035915	54.939605897379316
3.6567917714833555	-8.846966059808345	177.54291921291377	177.80081298229942
3.4743541429637848	-8.405590228640714	168.68528903712865	168.93031646611624
3.526606575272972	-8.311446619163792	168.72386859111268	168.96526545770118
3.438399600942653	-8.273635466096158	168.7454531849177	168.9831459235645
3.1650096376278993	-7.615791946101712	155.32836424514005	155.54715783981231
-0.20050543655712952	-0.6595311424031758	12.168252516750998	12.198014308456342
3.3649066007084754	-7.760768218898287	149.488083402125	149.7280508088569
-0.1993949748144866	-0.6599147547229367	12.16918469647883	12.198946758490866
-0.2007035589664232	-0.6594159971617246	12.169226056212837	12.198982506057703
-0.20478481993904588	-0.6624219697088696	12.17485058127512	12.204823897328598
-0.20478481993904588	-0.6624219697088696	12.17485058127512	12.204823897328598
0.46442425990333935	-0.5814315312139919	15.555669492750377	15.58128126402836
1.2021465587323004	-0.2612628910342541	37.01262970291505	37.03333163458176
-0.1450260249061897	0.3682691212905156	8.6624217741752	8.672509745610022
1.1886068817085027	-0.4672270836181591	29.46500969650318	29.492983970468934
2.364919840380241	0.06448418270612197	82.45666058345391	82.50135022178695
1.4517754383305541	-0.15333194482388368	82.21707853991624	82.23540574492412
2.5003972589371406	-0.20786760034116247	106.31735404426095	106.3511060504281
1.3899383003764756	0.07653974389880819	95.58795872700347	95.60185809289817
1.1660189504690903	-0.17485656756254736	75.64709181041002	75.66001665203262
0.9547608323699169	-0.9441659161988826	167.51983055131143	167.52783946573575
1.4046500130883257	-0.4700273834039136	146.74450372900813	146.75497842549055
2.2657605639858973	-0.12299271594218375	385.8343002572168	385.8409961016559
0.07272366102585981	-0.5949438736084818	94.85729601193823	94.85929228823603
1.9412289139090715	-0.9569844672564278	225.8505573350061	225.8628405311025
1.6459029169673363	-1.3672233668230729	336.6536415022005	336.6604700772336
0.6360203003798457	0.42847357377886164	158.31553309109526	158.31833838493282
0.6215293014158877	-0.9083857642646288	487.3432738842897	487.3445367944653
-0.004022364410349352	0.16834541162645195	1285.1756218248486	1285.1759763087036
-0.8919847911694859	28.650381449573096	54.57708509036637	61.66480528660421
-13.933475749005952	34.938301713488805	69.46920297463103	79.01295358991072
3.703683174458166	17.38806071395454	51.236765676231585	54.25419874452109
-17.637158923464156	17.550240999534356	44.16637017417139	50.692687721161604
3.2207527712284576	17.704977899399054	51.52774007925288	54.60034330026338
3.5970472033445153	16.99936204190368	47.91671900901017	50.99195053146358
3.2995778137735314	15.685394106850902	44.23008597112981	47.06877210051175
3.3137080474580305	15.710852657640263	44.235448806503996	47.083293038685554
3.289854896421636	15.721077644403838	44.240054152196464	47.08935993332407
3.396167214388181	15.684351737199453	44.16196152868993	47.01129318818751
3.3912711526436263	15.686217836381262	44.1619714899393	47.01157172355895
3.3367678912069985	15.663275620304525	44.048922421864205	46.8938139805751
3.3367678912069985	15.663275620304525	44.048922421864205	46.8938139805751
-18.071417187486354	17.835217687416385	44.338334731077815	51.09363009071494
-16.556410414182633	16.568017715800224	66.92647066164261	70.90674447510366
-1.51500677330385	1.2671999716162845	-0.6846259078163257	2.090395638359894
-16.06895571646538	15.653957514096716	61.17311232249788	65.15679085783631
-15.101584706334219	13.64383901636669	54.279358589592874	57.96948311521095
-0.6699016205601701	3.3240864327828064	10.580386770785344	11.110486173577167
-0.6665445456744785	3.3301349004436647	10.5819823259376	11.11361462499842
-4.549931904925009	6.2668381777285544	23.256986796892164	24.512498362184687
0.22755449617367063	0.3776245745376965	0.4829273371479825	0.6539114473600147
-4.562409658356631	6.272186941230821	23.257959630802137	24.51710825330798
-4.515428737737432	6.255957242132546	23.007644364082044	24.26680442260646
-3.166371146866857	4.386888523337232	16.133737348786468	17.016702912007553
-3.168151346585296	4.387567033824101	16.133531314977624	17.017013842696777
-3.1858002251474313	4.379863690949964	16.160362709675375	17.043762845513807
-3.1858002251474313	4.379863690949964	16.160362709675375	17.043762845513807
0.2272575452227161	0.3777518667155018	0.4830208656378572	0.653950778965235
0.2336352233982268	0.37554867877516424	0.4867584239111168	0.6576898896824652
-1.001043003259044	0.5479087287306081	2.272002191471632	2.5424958264360975
-0.11437936421332129	1.6967086688398958	5.088663247735154	5.365295573845374
-0.11494074844847273	1.696922636456432	5.08863933800734	5.36535256270153
-0.12047488777428862	1.6945046068377694	5.083245877409229	5.359594080840122
-0.12047488777428862	1.6945046068377694	5.083245877409229	5.359594080840122
-1.001301544863574	0.5480072700280528	2.2719452578326598	2.5425679944375306
-1.005908565872529	0.5462772349568663	2.2839110589760074	2.554705577095086
-15.084212064467673	13.675139438934366	54.29051085120794	57.98277727709584
-11.428379201390875	10.360811587111845	41.13257904310565	43.929982092549835
-11.450598190366339	10.370336067455238	41.13356480073469	43.93893742781437
-5.169916123072069	3.297658077577103	15.479497942506622	16.649847989344433
-6.275660151580022	7.063348222680835	25.629591240528384	27.31576002255012
-5.126248424387112	3.2825729408741546	15.244857687369466	16.415218363726847
-5.127948590599944	3.2832209471584375	15.244567109075025	16.415609122989753
-5.149509015851135	3.274454777513138	15.303845866307427	16.475654630211256
-6.155417581723664	3.820732012470004	17.587756925283433	19.03036020730634
-6.155417581723664	3.820732012470004	17.587756925283433	19.03036020730634
-6.212746401540664	7.041614480156734	25.305462112095764	26.991646208479292
-4.995340085424796	4.822399777761293	20.38207202749563	21.532250749042092
-1.2075821165584206	2.205054486819259	4.8891861940615104	5.497696017267154
-4.9975909112062435	4.823257664031584	20.38177313728426	21.532682267407665
-5.0203966728784994	4.813368926189595	20.432796903495518	21.584070340696908
-5.0203966728784994	4.813368926189595	20.432796903495518	21.584070340696908
-1.0167130906322734	1.856526137283279	4.116407106299208	4.628736574041519
-1.0171827104079076	1.8567051295274122	4.1163291419081816	4.62884221041166
-1.0258467359753796	1.853476348908405	4.123101273956026	4.635482738288635
-1.0258467359753796	1.853476348908405	4.123101273956026	4.635482738288635
-1.1751564634142486	0.6299230220629617	-1.0686503490414765	1.7087449475376648
-1.175057396608289	0.6301015114897739	-1.0682720803633579	1.7085060836265853
0.18825030452564356	-0.3497026635382413	-0.9175874492628964	0.9998484170535988
-1.3677791021265793	0.9717480174433168	1.208200466414091	2.067574000770577
0.1882288173341924	-0.34969345275314045	-0.9173822969712733	0.9996528784381546
0.1832069016199398	-0.34036368555583696	-0.8929066792715865	0.9729822943579869
0.2528263096766885	-0.3644139176345014	-0.8802389824125019	0.9856669378593415
0.24300211011923922	-0.3502537020583172	-0.8460350918738779	0.9473663800293934
0.13834087111829985	0.014503651051700484	-0.9374386214199437	0.947702337997181
-0.08620778692520796	-0.016229003574036616	0.8641826173083687	0.8686234852578476
-0.08630083971460166	-0.01619353716384564	0.8641810657741276	0.8686305198551503
-0.08662479174678402	-0.016417480166318478	0.86547585053175	0.8699550770320497
-0.08662479174678402	-0.016417480166318478	0.86547585053175	0.8699550770320497
2.9976021664879227e-15	2.3314683517128287e-15	0.4303290471776222	0.4303290471780201
8.881784197001252e-16	0.0	0.4303290471780201	0.43032904717756537
0.0	0.0	0.07001338414358838	0.0700133841436067
2.566300882293148	-0.7190391514344929	-4.619563862506993	5.333224896770616
2.5520477055924142	-0.7291358529580376	-4.660098866632369	5.36293837653179
2.5529539051158636	-0.7317943146421195	-4.6626424481552835	5.365941777538087
2.5100461501066116	-0.7194949734331368	-4.584276943998589	5.275755850277562
2.886952463251992	-0.5099689795158753	-5.871157726102439	6.5623971176628455
2.886952463251992	-0.5099689795158753	-5.871157726102439	6.5623971176628455
0.1383403199501942	0.014503861125511778	-0.9374284905470572	0.9476922396014438
0.11129865588564104	0.006429936419204103	-0.9392442550923958	0.9458374625739768
0.11129865588564104	0.006429936419204103	-0.9392442550923958	0.9458374625739768
-1.368634759372267	0.9721148068875276	1.2079759347764403	2.068181365676356
-1.336539069996945	0.9610272553017397	1.1450319216384095	2.0052451652184473
-1.309502545759428	0.9415868683619549	1.1218693489931724	1.964681547791514
-1.3021792847118916	0.9363211386707251	1.115595407693533	1.9536942641880586
-1.3023441075186692	0.9363839597136201	1.1155124927980828	1.9537868911388847
-1.3148328115240693	0.9324284212809975	1.1301948662389838	1.9686412874736219
-1.3148328115240693	0.9324284212809975	1.1301948662389838	1.9686412874736219
-0.6265256091344275	-1.1288160123269557	190.4048227532906	190.40919958773156
-0.6220542081417859	-1.1207598547422584	189.04593765577656	189.05028325353447
-0.7208158213813679	-1.078424308105954	189.0679793314019	189.07242893371668
-0.7206497993491716	-1.0784816609119594	189.0532711461839	189.05772078891016
-0.6485999968128736	-0.6214199636976147	18.96598266646123	18.987241590911925
-0.09908632677383145	-0.4376213102745608	170.1104510523694	170.11104281542669
-0.14546063039374718	-0.8477877076469987	136.59319387609804	136.59590226674277
0.03905104257238089	0.41543212706366717	33.523531117570876	33.526127832287244
0.03545043325784769	0.41680447374686425	33.52363068668672	33.526240426267854
0.025363638606570205	0.4088770231583761	33.52146420514343	33.52396733966522
0.025363638606570205	0.4088770231583761	33.52146420514343	33.52396733966522
-0.1601310585451629	-0.8421961780874286	136.5936351918612	136.59632539451985
-0.2011202077577341	-0.8744655296973693	136.59970995682613	136.6026570004756
-0.2011202077577341	-0.8744655296973693	136.59970995682613	136.6026570004756
-0.6506381090854486	-0.620643151671394	18.966020573333417	18.98732377821628
-0.6566362739153855	-0.6252183476821886	18.977883879840753	18.999530145117248
-0.6566362739153855	-0.6252183476821886	18.977883879840753	18.999530145117248
0.2836092291168092	0.5016137941073568	499.5982896405184	499.5989558283392
0.08477553219461854	-0.014534826182743092	1069.177264348389	1069.1776451485448
-0.022388519244122138	-0.035958521790458886	108.96538522434818	108.96651178822823
0.5016259543810974	0.017606197695043152	127.20657367983242	127.20763556304054
-0.8414803308216737	0.21874950437945279	194.58110536337944	194.58367409644055
-0.2265312530159231	-0.12824753365756508	47.40203608691318	47.40532152581503
0.4053885645860497	-1.0824103885072685	143.28454506402443	143.29186840843434
-0.38132314333780426	0.3387687358458539	12.231713578027781	12.25229401350379
0.07772685712578287	-0.9473812846301373	46.6003099651258	46.61021284432726
-0.298131871920567	0.40766075350440123	26.326208733956843	26.356754352585888
0.034129441053359036	-0.07237353053394328	8.874611638405755	8.876069753223858
-0.8910875880181744	0.37983717603195144	4.051307412449663	4.269866006432236
0.518673264087585	-0.06736372858639872	1.9646195225470227	2.239661019011855
-0.17736609776641132	0.6656697948661061	0.4086675970603033	0.8122830871814397
-0.21894978458114303	-0.219417682801917	-0.7307318118017633	1.1039041187775231
0.8970211921338043	0.44269971196680724	-2.40917335125602	2.7131600849639828
0.3068617525821737	-0.4692519253224784	-0.5894812535275704	0.9516142050626881
-0.1490632757203827	-0.09703031096293935	-0.4353485153755906	0.7220129456968112
0.8803288074361568	-0.14981815568334025	-1.0277674284724951	1.4482576146539983
-0.05338110912953814	0.38611780212272806	0.05735993950589399	0.85545732586171
0.1864482796307982	-0.08913138934816998	0.046384745222829885	0.25115435599209945
-0.18777930222481293	0.6163579503283245	0.7461619690573341	1.274098619256298
-0.17629841705624744	0.5362911501714409	0.9399937763575433	1.443131394606763
-0.656686358406567	0.36482147384712166	1.3102682652385451	1.699285494136376
-0.22640543731997861	0.2929722785076553	3.4887414753845647	3.6319693067247263
-3.75351783461401	3.5906592384816527	12.180224460871163	13.274627984649001
-1.8714704671532978	1.5994419706249678	7.728785441899791	8.126644845558701
-2.9002872176487324	1.9664123430852865	10.172542554164716	10.781241632331838
-1.9702454946843213	2.6066712541683916	6.706816042033061	7.480516250955123
-1.6711349258937154	2.228371204935192	12.042222611455124	12.379931446329891
-0.0695792416508485	4.220561675552948	9.591785684586382	10.50885590237708
0.04769278112098675	2.555370387355294	9.389448718473082	9.764218999546554
0.06845735099616317	1.5531229721659454	3.3155444802878082	3.66441430200543
0.4398822000147583	2.6553092164465655	8.809215465903675	9.236664807205793
1.115965890209533	7.229610424627436	20.506835721593887	21.85224612922049
-1.6169917057254837e-13	5.506706202140778e-14	-41.26675499304835	41.26675499304835
-3.552713678800501e-15	-2.4424906541753444e-15	-1641.7566492043366	1641.7566492043366
-0.2968679167882807	0.8709031086336688	-1938.610403525446	1938.6106218784307
-3.9356758558139417	1.040298354355851	-66.27234936348626	66.39725939573177
-6.224929045613862	1.6817128830925299	-158.4739963579741	158.6051241968762
-6.679011297602743	1.360048943766313	-159.58581227322168	159.73130689987343
-6.650141303986548	1.2753548230321043	-159.67516281053645	159.81867390218986
-6.340466298084943	1.1473395435450096	-158.34048473008727	158.4715337386003
-0.3096750059016189	0.1280152794870978	-1.3199743473920797	1.3618438966472906
-6.119834747621818	1.107415145164623	-152.8306523291224	152.95714117682448
-6.070090023431646	1.112062094720919	-149.8462321478977	149.97325082798312
-6.070090023431646	1.112062094720919	-149.8462321478977	149.97325082798312
1.759913679629132	1.246692123693559	-1022.9573060244577	1022.9595795955123
1.9448884394543196	0.7040430725823105	-1023.5235268815944	1023.5256168498497
2.308236264793732	0.3186409764318221	-1012.8378643167381	1012.8405446467954
-0.3204400703303457	0.37310275494150646	-10.764028068970461	10.775258130272434
-0.2847063313081061	0.33149635890057294	-9.56368202783824	9.573659773599957
-0.12066547941780408	0.14049623304191708	-4.053321440356751	4.057550252095201
-0.11887618736756345	0.14087320149592708	-4.03099923817393	4.0352114771073655
-8.038014698286133e-14	2.7533531010703882e-14	-41.20091717366813	41.20091717366813
3.3306690738754696e-16	-1.3877787807814457e-16	-10.995850118309363	10.995850118309136
-0.820546760430654	0.2834603247943092	-30.1987294157193	30.21120495884861
-0.36344817354244596	0.7755831777406681	-28.526716161829967	28.539571805092955
-0.5322648902453341	-0.329217237405115	-1.7381038222181808	1.847348045064054
-0.42763929879662144	1.0553710088426924	-23.168950019791424	23.19691635445914
-0.06587485598361352	-0.36023642692008795	-5.782494850005151	5.794079432512738
-0.42764080060657367	1.055371581246896	-23.168921184097382	23.19688760725804
-1.0927304324822003	0.8568031035162887	-23.162123225440418	23.203709265260965
-1.2116066198497637	0.9976763050122158	-27.193122463614348	27.23892074236833
-1.2116066198497637	0.9976763050122158	-27.193122463614348	27.23892074236833
-0.06587547808305945	-0.3602361898112998	-5.782472680414432	5.794057299578732
-0.23193529364886162	-0.40981544764592637	-5.778758330558682	5.797912600632299
-0.23193529364886162	-0.40981544764592637	-5.778758330558682	5.797912600632299
-0.40219890900754096	-0.2487686415870532	-1.3133751142514356	1.3959240631849905
-0.40220334193858187	-0.2487669520068518	-1.3133872039071655	1.3959364140477235
-0.44108117947352826	-0.26038109274975674	-1.3063427405621273	1.4031686556386207
-0.2869619478341512	0.14051109408569368	-1.1980296701311888	1.2399054873579138
-0.7280431273076795	-0.11986999866406306	-2.504372410693316	2.6430741429965345
-0.7280431273076795	-0.11986999866406306	-2.504372410693316	2.6430741429965345
5.551115123125783e-17	1.1102230246251565e-16	-10.995850118309818	10.995850118309477
2.1094237467877974e-14	-3.907985046680551e-14	-10.995850118309818	10.99585011830959
-2.220446049250313e-15	0.0	-7.4565857553330375	7.456585755332981
-1.826380759572901	3.4247735703451054	-2.3076313115287235	4.7581407037855
-1.826001496665456	3.4254568912446244	-2.307267518348815	4.758310601550346
-1.826641727790841	3.4257313352697643	-2.307571985613573	4.758901517361141
-1.5629798972753737	3.3346485698286434	-2.4144191337709375	4.652118549334665
-1.4878135939182473	3.1717429542873994	-2.3483285654420865	4.476403658026269
-1.48792787290371	3.171786510911559	-2.3484592185441935	4.476541044928485
-1.586148320739772	3.1423051981648618	-2.339791440193792	4.484927249956639
-1.586148320739772	3.1423051981648618	-2.339791440193792	4.484927249956639
-0.9269557724805007	1.6353614700253438	-2.4438349779681987	3.6057540800391816
-0.6020779234316738	0.579592164671366	-0.777501892287287	1.3411361575972331
-0.27647623532612425	0.016359674187762324	-2.096402106819988	2.230143684187625
-0.3925018976181816	0.21514250387297118	-4.575442293520308	4.789594425730735
0.029056030816843634	0.5723499034503567	-1.1815387176675403	1.3201068163803706
-0.45492484970841474	0.06639695641953353	-11.744446548584511	11.790936421343414
-0.9608355923341884	-0.010986109262142829	-12.58647611860705	12.651212871288273
-0.3208728021895134	0.38169871495755126	-11.734825616894444	11.746191090030294
-2.4704763030030192	-0.11481342580639473	-56.28480466211576	56.339286034914146
-1.3341894218278987	1.3210850076129586	-38.18348043006992	38.229870318235314
-1.104865082429833	-0.15229385304244544	-31.41135786378144	31.431461991124294
-0.4724032520595354	0.33300680451351095	-22.09201181303558	22.10001185738624
-0.36174195838460976	-0.12663281855355962	-133.16451304778877	133.16599432318296
-0.005603033455049193	-0.1559152277481474	-66.90445585800147	66.91051566108945
0.10180703638319405	0.15349712571666047	-7.134180429555867	7.1379224026756045
-0.12440867203296946	0.2501360382686853	-812.7767076299821	812.7770682083102
0.32060636564049166	0.1292728864493215	-1365.0311905789047	1365.0318529554916
0.26241123731058846	-0.08830660287030782	-332.8132855606317	332.8134280989524
0.8919847911694859	-28.650381449573096	48.585204561764215	56.41065587619235
-10.887783759318147	-22.970797296785694	64.64939622066944	69.46758809212244
-3.9024582691945375	4.008248252497015	13.211270926717205	14.346878200346367
-5.011690770072194	-27.930628293149166	106.18126023803694	109.90767519587791
-6.000931102602983	-27.28145139350234	106.90236695051266	110.49165047122888
-5.7107585947012085	-25.962268247638065	101.7331478096462	105.14887303033055
-5.292442824740127	-26.746681237926197	107.01715543204156	110.43580246035297
-5.051834478763956	-25.53070688617134	102.15187457549247	105.41510093433278
-4.872044455081157	-23.09264599861239	88.50849529897187	91.60109637159172
0.0026476048367776728	-2.8794367187264385	22.50100945230454	22.68450107892302
-4.710573045346516	-23.05925050497396	85.48337159469978	88.66411535375633
-0.27664371792405784	-0.025055649676726244	3.0408616524090335	3.053522412123313
-4.683620411566375	-23.01068973723864	85.50983015338868	88.67558398569803
-4.729118968684477	-22.991186144460286	85.52153939645454	88.68423144668094
-4.688359414422065	-21.525952702087093	79.23182366351631	82.23763879622174
-0.04108149836759839	-1.890899358984708	9.63785375119472	9.821680762717506
-0.03422260809710004	-1.8932687830779595	9.660747350691906	9.844576031794457
0.015936004829358502	-2.9028989012835122	22.843579278034024	23.029656754262504
-0.1146899468680874	-0.28682445319693917	1.8799488139173226	1.9335277587387978
0.013472582889074103	-2.9019599854962816	22.843712345292392	23.02966884222123
0.003924846083023181	-2.908175676781218	22.855676222597786	23.04231621959172
0.003924846083023181	-2.908175676781218	22.855676222597786	23.04231621959172
-4.576207473323494	-21.56469592451286	79.33594443640467	82.34178686895133
-3.878055355740754	-18.274758085698387	67.23235037262589	69.77961760471689
-3.885412985530799	-18.27195377732819	67.2327367339491	69.7796647859923
-3.9425281171983633	-18.29906945016986	67.36441009150947	69.91683071817609
-3.9425281171983633	-18.29906945016986	67.36441009150947	69.91683071817609
-0.2757004961487388	-0.023356239744183344	3.0415761538051247	3.054135192965066
-0.2772927423896613	-0.022673701126415608	3.041863446553173	3.0545602939181027
-0.2768190019848321	-0.02283735616168816	3.0317916876221864	3.044488650304208
0.3702753345962283	-0.7040507831025771	2.117796659661	2.2622674510917093
-1.34524645416366	-2.608724411872959	13.017589091737582	13.344390463444446
-1.3466621092262296	-2.6081848449941454	13.017612427272134	13.344450544280665
-1.3553115363684682	-2.61270410186227	13.04765374524873	13.37551346081354
-1.3553115363684682	-2.61270410186227	13.04765374524873	13.37551346081354
0.37004012236871764	-0.7039611336315921	2.1178381050015878	2.2622398654482323
0.3673127733735221	-0.7050962586663477	2.1155379108854615	2.25999558846079
0.3673127733735221	-0.7050962586663477	2.1155379108854615	2.25999558846079
-4.028617586660964	4.091038765460522	13.267761237325272	14.45682697173642
-3.8829955251401946	3.8179727112210298	11.86399435233795	13.054077212280987
-3.1376633354558403	2.5306045465589646	16.5945494118607	17.077118046099432
-0.9859405356605213	0.07139381290721936	0.13472579702630583	0.9976606922016842
-0.8707682274711144	0.06305396894547499	0.11898784888951752	0.8811192979139193
-0.8706134418802279	0.06333284733595519	0.11929683687862973	0.881028121017403
-0.8708747343797087	0.06344485401987453	0.1191652804369498	0.8812765834538672
-1.3488870903556935	-0.6403405002060724	1.7301823135528496	2.28540219148917
-0.3808625480288532	1.3992971312481837	2.9274360993678203	3.2669513093849916
-1.3281709171055367	-0.6474969640191798	1.6885189418625108	2.2437438624957755
-1.8480530723697348	-0.062323233786237275	2.431978414105383	3.0551110209678662
0.345571489532745	0.07520954438726907	0.6272919535452359	0.7201189658156621
-1.848347732560988	-0.06221092614583203	2.4318901065246346	3.055216691170636
-1.8581194256248708	-0.0655341480933867	2.4584601658119287	3.082357687117899
-1.8581194256248708	-0.0655341480933867	2.4584601658119287	3.082357687117899
0.3454991327097166	0.07523712267677939	0.6273112479639704	0.7201039349663078
0.3439677210450912	0.07468180457389309	0.6221054717244158	0.7147771561856345
0.3439677210450912	0.07468180457389309	0.6221054717244158	0.7147771561856345
-0.36819467320794175	1.394920976122905	2.8954245062943387	3.234942799904826
-0.19388400747648643	0.7345377015026938	1.524673080506228	1.7034566756170684
-0.19405736009677516	0.7346037736234642	1.524653019518531	1.7034869512727522
-0.19710619867766163	0.7334568770901545	1.524371538493116	1.7030908465128518
-0.19710619867766163	0.7334568770901545	1.524371538493116	1.7030908465128518
-3.1324520048896423	2.5399938409515443	16.598046881300547	17.080953853601482
-3.141249216448321	2.5437648887098305	16.59893923995779	17.083997492995557
-2.282374312443491	1.8482531116875984	12.060486107474102	12.4129205755753
-2.2692243987054437	1.8437104347812296	11.951666874309252	12.304104543340824
-1.2320619980047927	1.2590227718757419	9.892402682252067	10.048021991161104
-1.0371624007006512	0.5846876629054883	1.9934263726769665	2.3219203715599437
-1.2331328114875062	1.25943090483407	9.892342512541786	10.048145257720936
-1.2383599809348809	1.2564066064039188	9.90463991119665	10.060516128582362
-1.2383599809348809	1.2564066064039188	9.90463991119665	10.060516128582362
-1.037394137564434	0.5847759877662565	1.993366049498902	2.321994349652021
-1.0427584891967894	0.5828563996133735	2.0056969123479	2.334499293973788
-1.0427584891967894	0.5828563996133735	2.0056969123479	2.334499293973788
3.9356758558139417	-1.040298354355851	-548.1188712523549	548.1339879883966
3.6586281633226463	-0.9626737316580147	-450.937344732738	450.9532139537914
2.3670499123824484	-1.8776052145023658	-454.1231029932032	454.1331533798105
2.449166876205938	-2.1185066896066775	-454.3736836060848	454.3852229580503
2.120698679411694	-2.378911507305144	-449.27069234622365	449.28199561534143
0.10783664633049415	0.300329216078697	-10.612823660924587	10.617619904583277
0.10906677816967214	0.29935541414052436	-10.764042660462538	10.768756828079795
0.10906677816967214	0.29935541414052436	-10.764042660462538	10.768756828079795
0.11296771271498049	-0.46322061642648776	-120.43561403453822	120.43655783407236
-0.34273578547744	0.37462759797819306	-32.154474072802316	32.15848280865143
0.2916626463020907	-0.6468480885460466	-93.79150054923856	93.79418454694684
0.2810301029638538	-0.6672499603942654	-93.75155069876158	93.75434634644685
2.068839378209475	-2.4772505854228655	-449.69388848461386	449.7054705106631
2.3498694811733287	-3.144500545817131	-543.4454391833755	543.4598168571099
2.3498694811733287	-3.144500545817131	-543.4454391833755	543.4598168571099
2.159534813054967	0.8234679888987058	-893.6025963225367	893.6055851685999
2.045661371012784	0.6217966447078993	-895.0111091194692	895.0136629173046
2.045661371012784	0.6217966447078993	-895.0111091194692	895.0136629173046
-0.5469425666369716	0.43215494842081625	-1938.6639813146453	1938.6641066338016
-0.5469425666369716	0.43215494842081625	-1938.6639813146453	1938.6641066338016
-0.3446869500243821	0.36858805143935847	-32.08151485342443	32.08548365749708
-0.3446869500243821	0.36858805143935847	-32.08151485342443	32.08548365749708
0.376930455096257	0.2674429840877841	-99.29977402378654	99.30300831153512
0.004852431461549345	0.44869760711325113	-416.6334698598069	416.6355012348524
0.08323489791664404	0.4885205704016371	-336.19710523167254	336.1996838357811
-0.20497641006705103	-0.04603720057525433	-182.0156195923135	182.01579088069994
0.27518990160098017	0.9927803216243982	-327.03790238365934	327.0395548210303
0.1408542236122286	-0.6479217765547517	-380.51453012636637	380.5151334173388
0.28902187189985085	0.5394879367813152	-516.7260664468943	516.7268198696081
0.659188875480485	-0.2430299142348134	-519.4457180632876	519.4475354359589
0.49182317856855934	-0.33639358220400367	-293.6178845130186	293.61900023023713
0.8629581181094591	-0.6836573232363679	-152.99392046140912	152.9988624853914
0.4209359438638377	-0.8654033039520742	-118.77762164603259	118.78369461685244
0.5229193743604728	0.528026887084913	-94.04610416165131	94.04914377512765
0.6674089701856817	-0.8746110577014004	-88.86510111403517	88.87617010285021
-0.13610330602786644	0.3665364834418883	-20.969560206327404	20.97366940082959
-0.23169066794250598	-0.6240285974262693	-20.596048387635577	20.607244382552544
0.3755475777766932	-0.12414594041191251	-2.7907152186938013	2.9703342997065802
-0.1386817103073044	0.3807888448293791	-0.47200780763750605	1.1395591968895613
-0.6130448325786229	0.29916746898968816	-0.30125566678901394	1.0724759334634013
-0.23278117767048495	0.09359508615144468	1.3303637354521942	1.360990290316456
-0.021445580325841845	0.08294698130079164	0.7217341000149244	0.7392292108316465
-0.46026307443606884	0.5764866082380256	3.3842741063075774	3.5486936964675766
-0.0952253853882378	0.2782201971295338	1.4275403944369929	1.5570759622967856
-0.8741100074521004	0.08178375482645749	4.203627120746034	4.387946809661992
-0.622279712747507	0.6942873989047432	1.3036545614350863	1.6088076434507452
-0.11770696832690385	0.2780872010979579	1.30946356914062	1.4330031307759583
-0.12235756511856202	-0.768687811235137	3.2207838495436922	3.4674442438872664
-0.7336667202356848	-0.03149289209337456	2.3488961726331032	2.510038213024701
-0.6914557762861987	-1.5525155390038832	6.77517003836997	7.009965207281353
-1.2287420542405956	-6.00935526508896	20.09858349705068	21.01415466086442
-0.1026306122253749	-3.5347554133775994	15.494377461080022	15.893362809103447
-0.5553505757168202	-1.6347271162489525	7.060832173002403	7.309933192674919
-2.0564321585355962	-6.836101005392145	28.267296778531634	29.169875007223936
-0.1736411503000937	-2.0126279288943767	10.112738930771833	10.355127314721505
-0.15160882730682035	-2.0556885544191115	14.075307151021153	14.246770865080567
-8.881784197001252e-15	7.105427357601002e-15	-7.45658575533291	7.456585755333066
0.0	0.0	-7.456585755332991	7.456585755332991
2.172604905750981	-5.04219633977943	96.76641934878774	96.92334016938757
-0.052759947423870496	0.10560352177125283	1.4825319903730874	1.4872245352811553
-0.09226607748231921	0.26266559951926277	7.179889783802113	7.185285210328866
0.09027838364467163	-0.04477430009923536	1.6316414857212964	1.6347503975927546
1.098328498063831	-0.4224527835189237	27.83336821078188	27.85823357287618
0.5266330608087068	0.1506553292596461	40.69781574892087	40.70174106751432
1.838286779571534	-0.08617114655352412	41.75884483453305	41.79960915427263
1.1425075577387673	0.3602303767075764	78.21078962846688	78.22008810744846
0.24743074263770812	-0.2836906328087682	17.37716909853658	17.381769985449708
0.42327070114779247	0.20475689695904672	17.848940797476608	17.855678392321785
0.742748249321298	-0.37961346452159406	57.79815101293341	57.80433825971083
1.3993049830725144	-0.05619407743425771	227.32225955899236	227.32657324478342
0.8664555809133833	-0.06679863850792606	158.51204069822447	158.5144228568725
-0.014635270140237855	-0.08647230729100779	7.8709557524065925	7.872681620153505
1.9558641840493096	-0.8705121599654203	217.97960158259954	217.99015891094905
0.38140186913336616	0.25341909124995776	86.17550142055305	86.17683107129334
0.12588093271976472	0.027687152008131488	46.07429506901471	46.07468674314716
0.1287374985267148	0.14736733052077236	26.065736601527504	26.06682057049233
-3.552713678800501e-15	1.1102230246251565e-15	-614.4612340000532	614.4612340000531
0.0	0.0	-614.4612339999846	614.4612339999846
0.03251706273032741	0.010240268186963098	32.15267383803047	32.15299483628438
0.25109216638648185	0.49137352592039374	467.4456158024879	467.44596099205484
-0.013773711527425417	-0.25232457187131063	856.0687460681094	856.0689257133284
0.09854924372204397	0.23778974568856753	213.1085182802797	213.10871943521644
0.12342408524616397	-0.009776756542755451	19.404434051984115	19.404829037319242
0.3782018691349333	0.0273829542377986	107.80213962784829	107.8028065257213
-0.005020154391225884	-0.5883166971578939	90.10733823065381	90.11061127688541
0.4104087189772756	-0.49409369134937436	53.17720683337061	53.18125713154891
0.2797256556330495	0.17568794133357263	2.9325321556001507	2.954375961802803
-0.5778575275536166	0.23197281217082863	23.393676578356697	23.40237839078309
-0.16058031968486894	0.6442800522797073	0.35707110400380676	0.7539115320447981
-0.008797256041406125	0.012455699272847308	0.030485754099077944	0.03409073895096895
-0.007988522040136288	0.008934043313551528	0.021110738957418607	0.02428081618567278
0.07858413902708217	-0.08052241868232629	0.0960786306434758	0.20339669363931392
-0.29753392360822517	-0.1388952641195907	-0.8268104424452392	0.9005074251382092
-0.03199121613726397	-0.04667205774520425	-0.5846872022490992	0.6037720002269
0.9290124082710681	0.48937176971201146	-1.8244861490069206	2.1093880847370823
-0.10835560437474903	0.005317902057079715	-0.174038971073078	0.24551655938832623
-0.007808265739929904	-0.01198297085526438	-0.278556113184261	0.309867179928282
-0.032899405605703785	-0.0903652421647547	0.017246568881748386	0.16662920638020298
0.24645826142959293	0.42976996364545805	0.08862385655028349	0.5222814079866918
-0.29983937055913107	-0.04365216152273002	-0.0312639170443895	0.3331759178750182
0.012967404204555062	-0.033770978834898886	-0.036223125596176506	0.051193235990977144
0.17348087542624316	-0.05536041051327109	0.08260787081900639	0.19996112000112232
-0.4741722947943607	0.28172087988644023	0.3627163165710533	0.6747213725097291
0.28639299256954776	0.3346370704418843	0.3834456524862808	0.599377246746569
-0.6113030950364099	0.2203405272581004	1.3809589196424594	1.532158138082861
-0.045383263370156995	0.14448094658902116	-0.07069065440391448	0.1671273560535145
-1.503192456763839	1.3509146831697747	4.2697890294344365	4.749671182466642
-2.2503253778501704	2.2397445553118787	7.910435431436727	8.52495680218236
-1.8714704671532978	1.5994419706249678	7.728785441899791	8.126644845558701
-2.572037522397218	1.5620468119101072	8.170097638505244	8.707774828670452
-0.3282496952515141	0.4043655311751787	2.0024449156594715	2.0734668036613852
-0.678099539937723	0.8691281015769693	2.4435983725944124	2.684137710692318
-0.5074108969971687	0.8699560498740531	2.1204985681271955	2.3513874893205973
-0.7847350577494291	0.8675871027173688	2.142719101311452	2.4449910509422064
-0.05354681184981247	0.15849671762675518	1.4336015500408905	1.4500626399357304
-1.6175881140439032	2.069874487308437	10.608621061414233	10.929868806394161
0.1307856682484043	0.5078935166177014	1.0757148223965953	1.2048663325303834
0.05144653174006411	2.3547024889466273	5.371624594185587	5.866949899465564
-0.25181144163931696	1.3579656699886196	3.1444462680042	3.4370396703811337
-0.16612047394267532	0.5668961090382572	1.3785393000970796	1.506259472042516
0.21381325506366206	1.9884742783170368	8.010909418376002	8.257959527504037
-0.004439658228970196	0.7408011066511611	1.7107861567382734	1.8642948437058144
0.07289700922513337	0.8123218655147845	1.604758323549535	1.8001194582996156
-0.14177252883011962	0.9426392963747058	3.0066964017928224	3.157272767825832
0.5816547288448779	1.7126699200718598	5.802519064110852	6.079392039379961
0.765188606977347	2.489708513425686	7.251085519968022	7.75952574383535
0.3507772832321858	4.739901911201748	13.255750201625862	14.092720385385139
-1.2835034264618739	1.0924330491787562	-1.0135847407465486	2.028733780329892
0.35654765398137306	0.5429284208465877	-1.4302502372216503	1.57702029970929
-0.4916120629292308	0.36765143525375066	-0.13697723388452707	0.6442767617758175
-0.11046586050244295	0.21194072941761533	-0.6405246584027601	0.6968593958214158
0.013915814027111714	0.22614712952695337	-0.3361044275820898	0.4286981982859295
-0.290392049353236	-0.20978745533919102	-1.7602976792378981	1.8014454859016957
-0.025510140158343936	0.30214401688152537	-2.7934230063615235	2.9627598032169344
-0.36699175745983764	-0.0870015130085542	-1.7820192871587845	1.8268346225138006
-0.03765248997069018	0.4243878860793502	-0.8772220962836336	0.9752135120373102
0.06670852078753382	0.14796201737100656	-0.30431662138390675	0.3448933043430604
-0.6084341880383474	-0.3422151078647814	-9.226903263945477	9.254324771064201
-0.352401404295841	0.33122899860263855	-3.3595728546615726	3.396888100224071
-0.2881801052205725	0.3614011831688771	-9.70570842529804	9.716709042939488
-0.032692696968940935	0.02029753178867419	-2.0291171915964044	2.0294820470908053
-0.36174195838460976	-0.12663281855355962	-133.16451304778877	133.16599432318296
0.22716349354201504	0.03142738754744545	-33.38438893244739	33.38882650331997
-0.23276652699706424	-0.18734261529559282	-33.52006692555406	33.521689157769465
-0.1019431922574443	-0.13968572330094836	-539.6970730348604	539.6971187867285
-0.022465479775525165	0.38982176156963366	-273.07963459512166	273.0799494215817
0.2777982513007622	0.3515048238467258	-1197.4814659160063	1197.481917312512
0.042808114339729475	-0.22223193739740432	-167.54972466289837	167.54993564297956
0.18373862965146726	-0.032750912728946265	-274.1055145825128	274.1055781210052
0.07867260765912118	-0.055555690141361545	-58.707770978118845	58.707849977947205
0.009640921472333334	-2.8668368063168024	22.506749899302054	22.68860148292882
-0.11489473298457652	-0.2867464004222062	1.8799546375105805	1.9335340020077816
0.3234707426584661	0.41110142472700123	-85.59751560638287	85.59922777381011
0.05345971243779092	-0.14365844063921712	-13.702258417403675	13.703780537725008
-0.05028331316595369	0.5114272347208717	-393.75464621523014	393.7560994485063
0.055135744627503036	-0.06272962760762057	-22.87882364457674	22.879401786346147
0.19563530996459888	0.5632322072892119	-266.79327873668996	266.79559485373795
-0.11240041204795487	-0.07471163688757476	-69.40382649498255	69.40408898204313
-0.20650955131763934	-0.0050295839580732984	-159.65143192385636	159.65156556335185
0.0015331412505882706	-0.04100761661718104	-22.364187668457163	22.3642253173481
-0.12016089385074108	0.37033627934379193	-273.8372725384287	273.8375848905164
0.40918276575059187	0.1691516574375233	-242.88879390846546	242.88923497909158
0.4460702402668764	-0.46695789871160986	-130.73787514911965	130.73954454039574
0.21311863521360863	0.22392798447679643	-388.70784291416794	388.70799089556317
0.21387854305044268	-0.16318273563074548	-81.56343838481243	81.56399373124076
0.010108399239045968	-0.0641393107555223	-97.77936419629705	97.77947892202852
0.2678362362790707	-0.10907153581773593	-114.27508193190916	114.27552757696787
0.2478091804110281	0.006514477488842291	-55.64034361972538	55.640895840644305
0.615148937698431	-0.6901718007252102	-97.35357684168376	97.35796664474711
0.5135863319765592	-0.3599117150573365	-76.97259640244614	76.97527774605165
-0.09265038811272161	-0.5054915888947377	-41.80502524358642	41.808416870800784
0.5680353842669505	-0.6143596842613629	-35.360377022167306	35.37055053224566
0.09937358591873119	-0.26025137344003746	-53.504724091867864	53.505619570604566
-0.0864385474798563	-0.41696200098099184	-12.55925570901537	12.566472571775565
-0.14525212046264968	-0.20706659644527742	-8.036792678620209	8.04077181077698
0.10143269615501664	0.09083750004035604	-0.8396133102428407	0.9834686046843577
0.2741148816216766	-0.21498344045226855	-1.9511019084509607	1.9868656950222225
-0.07815179013277347	0.2349696838796552	-0.6591641855724448	0.8599626855770234
-0.06052992017453091	0.1458191609497239	0.18715637793493875	0.27959651131253793
-0.520100914594339	0.11563918216740919	-0.5093734975767413	0.7502123211116821
-0.09294391798428384	0.183528286822279	0.2081178307877274	0.32226361235171913
-0.06964643861155526	0.03425317660340489	0.5293281093135332	0.5349879940971917
0.04820085828571341	0.04869380469738677	0.19240599070139136	0.20424121673445486
0.0820722964998184	0.21079804525548604	1.9320395629543925	1.9502380202060685
-0.5423353709358872	0.3656885629825395	1.452234543353185	1.598455676261508
-0.004674241757844779	0.09177606105781655	0.495397129448156	0.522821953139663
0.09668869959013254	0.1969951441498915	0.5653128574320819	0.6222653799827633
-0.18723984322052556	-0.010551008078174232	0.3668304075567553	0.4119886291743595
-0.2607902468717045	-0.2302949503934565	2.7339998720273124	2.759580113384188
-0.613319760580396	0.312078705219914	1.4696272487187216	1.6283666962778043
-0.11770696832690385	0.2780872010979579	1.30946356914062	1.4330031307759583
-0.04173992767370095	-0.5069204765930689	1.6403215945255745	1.788010412922272
-0.08061763744486107	-0.26176733464206786	1.5804622550181175	1.6794338309649943
-0.3637139564795127	-0.6332073294603863	1.9882704503680388	2.1227196077030666
-0.32774181980668615	-0.9193082095434972	4.786899588001932	4.8872455995782875
-0.1313923613527242	-2.897095389065531	12.601824931632294	12.931218707201419
0.028761749127349304	-0.6376600243120681	2.892552529447726	2.9621441019020276
-0.5808649081176407	-1.6015861725431413	5.98645413327973	6.225720455041798
0.02551433240082046	-0.03314094370581133	1.0743780397226737	1.0842127376331203
0.10971412117475507	-0.35929072432356013	1.738556171904385	1.784148077020774
-0.2645710212352459	-0.7183277677374137	5.677775703356399	5.730847173822063
0.003248072753670464	-0.9780700623581374	6.658975275760368	6.731775614237728
2.1784598814737293	-5.044218958599059	96.91171449132746	97.06863673713521
0.1843446962037688	-0.22628884569940563	15.395168371553183	15.397934887418439
0.06308604643393932	-0.05740178710936258	1.9820007269833981	1.983835098031269
0.040541389330041706	0.1435180477520585	17.002024194974503	17.002678252580605
0.08819610919667309	0.003849282768713866	9.063712406553005	9.064142317911722
0.045001975413657275	0.013866507208623584	46.745013738946135	46.74503745759627
0.20609019097282458	0.47750701871177015	420.7006020635418	420.7009235344586
0.3806931925329833	-0.4303432735212297	49.82354667407099	49.82685948184208
0.02971552644429238	-0.06375041782814471	3.353660159299627	3.3543976497068324
0.5572598920533092	0.290013095294965	-0.9568798463110442	1.1446681715720406
0.3717525162177589	0.1993586744170464	-0.8676063026958766	0.9647199131650417
-0.07867379690456087	-0.0036334778423294366	-0.01095965061054336	0.07951655439036565
-0.029681807470188157	0.008951379899409152	-0.16307932046253465	0.16600000499796058
0.056724817678823806	-0.03317655539955396	-0.10992028605103284	0.12806583484449066
-0.06453308341875372	0.02119358454428958	-0.1686358271332282	0.18180134508379137
-0.042684781891234286	-0.06607563828550696	0.07155341509833683	0.10633847747722505
0.009785376285530497	-0.02428960387924775	-0.054306846216588454	0.060290728902977944
-0.2127585364928352	-0.019582251968390835	-0.08282753205417703	0.22915073534447225
-0.08708083406629587	-0.024069909554339186	0.05156361500978754	0.10402518253054596
0.2890740905249682	0.3442736948220196	0.3804848425481385	0.5889456020449806
-0.002681097955420427	-0.009636624380135295	0.002960809938142274	0.010431644701588548
-0.4068507512457353	0.08437720559050729	0.9324859583741831	1.020870760271593
-0.2044523437906747	0.13596332166759312	0.4484729612682763	0.5112873778112681
-0.08074306025216171	0.19871827616270465	0.7204607895431806	0.7517128070806989
-0.24750663499935233	0.20564725501247405	1.2819841261162908	1.3217539965806862
-0.46564052726490823	0.6858317209345869	1.8747279027544226	2.0498270559824396
-0.2124590126728148	0.18329638064238235	0.56887046983999	0.634310654709879
-0.2504419359371882	0.35774147109182497	0.7885722443665888	0.9014135055568386
-0.25696896105998046	0.5122145787822282	1.3319263237606067	1.4499739837637589
-0.7386798661133929	0.8471071225711976	2.0080104513013257	2.3011615315417355
-0.046055191636036275	0.02047998014617139	0.13470865001012705	0.14382951940047115
-0.8450602503993669	1.1856382834682957	5.953321634580157	6.128776668372804
-0.7725278636445364	0.8842362038401415	4.655299426834076	4.801092138021358
-0.10970240954871914	0.33832251098646354	0.7194427793422049	0.8025550777663905
-0.1421090320905978	1.019643159002156	2.4250034886619956	2.6344845926147435
0.1208374531487243	0.276940059219374	1.12257133842476	1.1625247938588916
0.46081727569615366	1.435729860852486	4.679947725686091	4.916867245521069
0.22027036739797648	0.8143961985788403	2.1733515130710486	2.383052023095912
0.5449182395793705	1.6753123148468458	5.077734006896974	5.376473720739439
0.18455638363833957	2.869833954603602	8.305328653262155	8.790220236679783
0.08888881807419731	1.0628424873287028	2.6778497364576643	2.8858091362382363
0.07733208151964893	0.8072254692694437	2.272571811906043	2.4166910124671195
-1.2835034264618739	1.0924330491787562	-1.0135847407465486	2.028733780329892
-0.014764721854578403	0.16710180317525591	-0.4220093572142058	0.45412873418471567
-0.09570113864786456	0.04483892624235944	-0.21851530118855433	0.2427306616367001
-0.07694880832457725	-0.06703478353965142	-0.8338095065151078	0.8400315913474613
-0.2134432410286587	-0.1427526717995396	-0.9264881727227903	0.9614138945542343
-0.30452474905222426	0.2639477091047015	-2.3834854741098477	2.4173139475913312
-0.04787665524361675	0.067281289497937	-0.9760873805517251	0.9795741526327395
-0.37217350002974603	-0.2221038336662905	-102.84458373127131	102.84559166960162
0.010431541645136294	0.09547101511273089	-30.319929316517467	30.32040265358135
-0.002164448607018795	-2.8617762693413598	22.509723126060276	22.690910147292303
-0.11623582556374686	-0.28742678234708574	1.8827896777666813	1.9364715058734128
-0.02814915062253557	-0.08867419283143632	-9.069429881780575	9.069907048459182
0.0816088630603265	-0.0549842478077808	-4.632828535623099	4.633873489265827
0.011473897314092363	-0.05857767909678076	-14.943240881430505	14.94336009856097
-0.12387430936204723	-0.016133957790794004	-54.460585613552055	54.46072888348217
0.16165402097647857	0.12134171579849605	-131.81331104358895	131.81346601963094
0.24752874477411335	0.04780994163902727	-111.07548286487655	111.07576895946065
0.06300041708293369	-0.002122397610052996	-9.05079006387519	9.051009575592444
0.150878125967509	-0.1610603380206925	-72.51264832093725	72.51298415564831
-0.04009842817159907	-0.08024829496423427	-45.71082812845635	45.71091615645067
0.050206827410645034	0.016108984208711964	-52.068536067840704	52.068562765577845
0.2089149208316296	-0.07716264307622518	-61.52431694766632	61.52472003507643
0.058921315447441086	-0.031908892741510764	-52.750764984242835	52.75080754189144
0.07732330021900868	-0.03945750928746819	-13.32186590613851	13.322148738432988
0.022050285699722512	-0.22079386415256927	-40.18285818572935	40.18347083217157
-0.015814023381814535	-0.010356385606592376	-0.012150022332189356	0.022471339546758385
-0.04471589679271638	0.15617554655631632	0.19930640026712815	0.25712517176577954
-0.06249809639137339	0.1713963448641163	0.18746972779120122	0.26158673116852
-0.0031967606932906695	-0.003626314833091431	-0.013430051742223524	0.014282746549514416
-0.027249060899619794	0.015758256791254147	0.03407815473874972	0.04639413463368473
-0.5386388846806301	0.37443794612379827	1.4434278063495876	1.585502903097495
-0.0036964862552571337	-0.00874938314125874	0.008806737003597416	0.012952773164013177
-0.26134832256246593	0.12296961593320722	0.46756904488442513	0.5495864662481318
-0.35197143801792996	0.18910908928670675	1.0020582038342962	1.0787802300296725
-0.12927486622741102	-0.14257448337086598	1.4010148910515685	1.4205990988645683
0.048657228782549924	-0.11919285127120191	0.17944736396654917	0.25883473210042635
-0.23594089582156466	-0.8030790102973001	4.096322288729922	4.180964039099922
-0.09180092398512146	-0.11622919924619712	0.6905772992720084	0.7062815604783657
-0.021310802167511245	-0.28037655019887703	2.3233830945946052	2.340336335751435
0.02455887492118171	-0.6976935121592606	4.335592181165764	4.391439278486294
2.1680430132836626	-5.040248643227091	96.91224154931136	97.06872348498734
0.08265025538454623	0.6867144631385611	2.0498769875303564	2.163424018218653
-0.005318173864897307	0.12051100613088256	0.22269482437568683	0.2532669942484668
-0.001555975130933529	-2.0572688541400552	16.181751452297966	16.31200286976498
-0.11623582556374686	-0.28742678234708574	1.8827896777666813	1.9364715058734128
-0.1256042232064478	-0.04322032732373812	0.9074202556901104	0.9170910194838743
-0.0036706430209632393	-0.09935415604712787	0.49359463536145814	0.503508079380694
-0.01955581400700423	-0.11462263825349178	0.1302820384350686	0.17462585318464185
0.06821304278955415	-0.004570213017710108	0.04916532553148054	0.08420887891578448
2.1367241684521816	-5.063821035270917	96.90268367827011	97.05971346392911
-0.0012340310257639153	-1.6316029375286334	12.833613434041855	12.936914757507076
1.34084701097385	-1.4367729955276172	31.71904539722565	31.77986828573674
1.343116413684456	-1.4375569674600635	31.787351928829164	31.848175369754316
1.3396991454102378	-1.4362544999130322	31.787554149158627	31.848174509293457
1.3292947808275164	-1.44402502099715	31.774594396248524	31.835154812277764
1.3292947808275164	-1.44402502099715	31.774594396248524	31.835154812277764
-0.1497793470421025	-2.9134018211199213	33.83623209015431	33.96175711124048
-0.1450958005997156	-2.9150197662021142	33.86798470474092	33.99351086588804
-0.08056446665808009	-1.6185651947994446	18.805203963479862	18.87490238467958
-0.08258791232528692	-1.6177939728457569	18.80529242822531	18.874933149892385
-0.08923757348599376	-1.6225431442502964	18.813250263651057	18.88329936960809
-0.08923757348599376	-1.6225431442502964	18.813250263651057	18.88329936960809
2.1367241684521816	-5.063821035270917	96.90268367827011	97.05971346392911
0.14744784481668818	-1.3741736287101112	21.048120022861173	21.109960646955848
0.44256661477146664	-1.397831189063056	12.402239133349918	12.51253007718539
2.670531090641754	-5.645811165091907	115.9229588597223	116.09214842754413
0.3013228872124515	-1.368445730640201	18.03487948619524	18.089770508952054
-0.1538750423957633	-0.005727898069910281	3.013240536665932	3.020190138003796
0.22061646638170368	-1.275929130965901	8.455125379213943	8.554840251904999
0.22195014838976296	-0.12190205809715465	3.9471137541359744	3.9576898252803936
2.670531090641754	-5.645811165091907	115.9229588597223	116.09214842754413
-0.16961071830702798	-0.032989154337260476	2.6202898913429165	2.6259808062402863
0.015735675911264672	0.0272612562673502	0.3929506453230155	0.3942093317635096
2.074684436618617	-3.978931374124472	83.82688384383707	83.94701236470596
0.595846654023138	-1.6668797909674364	32.096075015885255	32.14513606283819
0.5351154086736384	-0.9330360076440285	20.8113871607951	20.83916361682176
1.5395690279449785	-3.045895366480444	63.01549668304197	63.1078487478842
0.3457396846222492	-0.8537119311129195	15.676057157022626	15.70309294314619
0.2501069694008888	-0.8131678598545169	16.420017858862625	16.442043119692
