0.0	0.0	6499.999932280723	6500.0
0.7995610588510358	-1.8334905140968223	185.36703222260965	185.37782397139662
-0.8921116923424186	-3.2770397852291593	356.29031471876436	356.30650178662427
0.4885997803999782	3.5124755931053246	266.3930109076044	266.41661448745384
0.12314273932491968	1.2282017923227497	-23.899254555147728	23.93110971243602
1.0977547408334591	-1.217483960739225	-1.355376356560462	2.1270584697188535
-0.34432852284272697	0.0014740672289589032	-3.010933236897503	3.0305582425637527
0.0056812788311256645	0.035347764253362904	-0.2493467461039417	0.25190383315747444
-0.25511844146744755	0.14295825961361946	4076.0287659953874	4076.0288494678653
-0.15157593894943938	0.4111362128993556	1615.0378548240749	1615.037947982338
-0.8716050026394382	0.996420570646571	-0.7532448679582073	1.5584694624339324
0.0	0.0	-6499.999932280723	6500.0
1.355271931170884	-0.15965469627438256	-19.054954432215425	19.103757223207904
-0.37521546093147	0.9747658775553854	-72.66244207651113	72.66994869738461
1.512294334194964	-0.35886235546040757	-470.37940463962616	470.38197257704576
-1.123086321995288	0.41887908869830426	-2799.539865487255	2799.540122096427
0.8856199127132527	-1.1239403907994472	-59.23844705350578	59.255726929494216
0.004808723515452584	-0.09511877973054084	-464.20386327506276	464.2038730435015
-0.062082395684228686	-0.2096147802694759	-825.4568507653457	825.4568797526736
-0.776626592773748	0.48313593552449896	-1088.4473547500832	1088.447893219928
-0.9680427551042742	0.05263676155230705	-646.8268121676192	646.8276228767049
-0.4529413751060497	0.01777333921029145	-24.038828249678737	24.0453661938932
5.551115123125783e-17	-5.551115123125783e-17	185.34038885300689	185.34038885300689
3.8510861166685117e-16	6.217248937900877e-15	356.2902820206875	356.2902820206875
-2.4003021792395884e-13	5.831446436843635e-14	266.40238993435105	266.40238993435105
0.0	0.0	0.0158906623683972	0.015890662368253212
0.0	0.0	0.37468544138083804	0.3746854413808334
0.0	-6.798155367234455e-33	0.009784145506807729	0.00978414550674419
0.0	0.0	0.0012879291068741416	0.0012879291069295084
-0.25511844146744755	0.14295825961361946	4076.0287659953874	4076.0288494678653
-0.15157593894943938	0.4111362128993556	1615.0378548240749	1615.037947982338
-0.8716050026394382	0.996420570646571	-0.7532448679582073	1.5584694624339324
-1.3877787807814457e-16	8.326672684688674e-17	-19.078941702044354	19.07894170204436
-3.885780586188048e-16	-6.38378239159465e-15	-72.67186587271001	72.67186587271007
4.4629067634881583e-13	-1.1590728377086634e-13	-470.3859454322637	470.3859454322637
0.0	0.0	-2794.4006846381203	2794.4006846381203
0.0	0.0	-57.92783446921316	57.927834469213174
1.1110704548987953e-13	-1.7670484276950664e-28	-465.6425562154711	465.642556215471
0.0	0.0	-822.4577070086244	822.4577070086244
-0.776626592773748	0.48313593552449896	-1088.4473547500832	1088.447893219928
-0.9680427551042742	0.05263676155230705	-646.8268121676192	646.8276228767049
-0.4529413751060497	0.01777333921029145	-24.038828249678737	24.0453661938932
-1.7763568394002505e-15	-1.7763568393999475e-15	122.27443786319806	122.27443786319813
0.47900766558272945	-0.3335998924583107	63.05147585162588	63.05417784968809
1.7763568394002505e-14	-2.4868995751603507e-14	356.2902820206881	356.2902820206883
1.5959455978986625e-14	4.7628567756419216e-14	266.40238993435094	266.402389934351
2.9476769765762163	0.4358364575119689	-147.553385162118	147.58346867375167
-2.9476769765762163	-0.4358364575119689	-2646.8314088136335	2646.8331066267365
0.24362006000500583	2.196097892675298	-3.1179349096984543	3.821480706344864
-0.24362006000500583	-2.196097892675298	-54.43521411813388	54.48103920424913
0.0	0.0	0.00789992648293203	0.00789992648290026
0.2028402367784057	0.37995648094681045	-59.979650823107875	59.982105031009155
-0.2028402367784057	-0.37995648094681045	-762.4767682564094	762.4768899067219
-1.687538997430238e-14	-1.7208456881689926e-15	266.40238993435094	266.4023899343509
-1.4210854715202004e-14	2.842170943040401e-14	266.40238993435173	266.40238993435014
0.0	0.0	3.0105183288430553	3.0105183288430517
2.0138158831364024	1.7433882920740018	263.3395933790266	263.3530639620101
2.014072031137963	1.7434146496619647	263.2833874179845	263.29686301031984
2.014139524266051	1.7436146388011298	263.2775851666182	263.2910628965539
2.014282253888573	1.7435799644195697	263.2858121598635	263.2992903309253
0.4527781032422009	1.9385607213712444	133.14235812012453	133.15723995137745
1.5578715351756576	-0.20459026118920476	130.14285625253626	130.15234094884119
1.772310082060715	-0.9857003406601677	126.49950293157214	126.51575763565336
-0.24209437327365177	0.707951006341368	3.6388022477171615	3.7149274704820265
0.8803280712268742	0.18742927402483744	90.83576519519784	90.84022427230607
0.8496614188587912	-1.0493724811648641	36.29983787832012	36.32494097893687
0.9162912498974429	-0.5705959717997253	36.30646445792731	36.32250722145173
0.9162912498974429	-0.5705959717997253	36.30646445792731	36.32250722145173
4.440892098500626e-16	-2.220446049250313e-16	14.815209659672036	14.815209659672036
-8.881784197001252e-16	-4.440892098500626e-16	9.803743253017231	9.803743253017231
-2.1809974320509182	1.3373227869935354	4.612611969676504	5.274596782506485
-2.220446049250313e-16	0.0	4.116821065173632	4.11682106517361
3.1414372095736196	-2.485566243637594	4.871840076543847	6.307257171276838
4.384920528184633	-3.248033247397931	4.305568336765415	6.950911214887886
5.0644813016052215	-3.7884685281633343	3.860842796778198	7.409964355152263
5.063086182595127	-3.8107131992841436	3.859570273503703	7.41974793882498
4.055206824615082	-3.0223546016123986	1.8865140525378692	5.408064810883394
0.9593732056304995	-0.664594353966295	1.8374109728172745	2.201604343662807
4.037022122713382	-3.0320518528530944	1.8471809104272021	5.386266181086285
4.037022122713382	-3.0320518528530944	1.8471809104272021	5.386266181086285
2.994078369578185	-2.7267816244894334	1.5548673891791118	4.408112980161473
0.9875087745097691	0.014868500398217868	1.5790155288262318	1.8676628382050815
-0.291551612911674	-0.05200569928851147	0.04907086278154449	0.33105085745850404
0.5753520154418048	-0.21646697091754827	3.5155866098566477	3.5714782237855682
-0.03746579068799717	-0.18478841053705716	0.5239746563804358	0.5740902956588683
0.20456190370894656	0.009765575431994982	23.31458491008133	23.32860538813305
0.5210923030662464	0.06535358392963739	94.73707324524868	94.74318786667335
-0.12092388898069273	-0.5503288620050039	193.92568816135585	193.92877652347426
0.06818867145692664	0.30251020409078266	977.2287914510335	977.2289942191591
-0.21147164038532124	-0.011540163775489568	525.125465902799	525.125527157885
-0.09728760893498167	0.14199297698432295	229.96456410755468	229.9651669009332
0.14649474328709255	-0.24607245657988203	350.7283469139308	350.72881683296913
0.05783103354461026	0.17523520445425078	1079.7434735525335	1079.7441966408046
-0.09821234154953826	-0.18143142273548063	632.1919080721811	632.191956145102
0.05466292908477442	0.16943350076295882	1045.9458732657536	1045.946398571521
0.006659100323609859	0.32828742696749624	166.072550260311	166.07360864051893
-0.31219290292290824	-0.5806059395365867	247.1879715701207	247.1907003867048
-0.023926637104603188	0.31837902099105586	8.757568431772839	8.764425943697313
-0.00024395974923268563	0.08812008270818018	57.6758406739134	57.67607686412136
0.4097959459499771	-0.18714107747770062	20.733479617471108	20.738843056766367
-0.6045152187106978	0.47081479073962845	43.60139814905425	43.608353621228154
0.7841562169408053	-0.4625842317231744	17.254307912359177	17.292044365085328
-0.7391774303808994	0.2216860011876141	5.760962341216729	5.874724240895561
0.0012463650382142089	-0.03956222789264177	0.09873220725204021	0.9110294422507951
0.2128594806432211	0.4567329553626069	0.36081410058265573	0.7948060633218862
-0.2172726924988924	-0.154499127606069	0.08225684866294955	0.7647700212793022
0.5729851045889977	-0.38249449796305884	-1.9678729365231566	2.228359981046122
-0.6534231156949716	0.07195231466101491	-1.0327577344847647	1.341218499852917
0.16604721120453178	0.5483797180894178	-1.1812178873695338	1.4964315545977842
-0.449789917287439	-0.24996015447261788	-12.195900022352891	12.219233204371875
0.1876122065200238	-0.18802900268847705	-6.154980223343959	6.162289718971567
0.20329766610410616	0.39690213146377573	-66.13019967885975	66.13252657487647
0.20329766610410616	0.39690213146377573	-66.13019967885975	66.13252657487647
1.1872949414749474e-14	1.0658141036401501e-14	-19.07894170204439	19.07894170204436
5.584462052461695e-15	5.3290705182007506e-15	-18.70530146707351	18.705301467073497
1.9044028694889067e-15	2.6645352591003753e-15	-17.628555119024945	17.628555119024938
2.4424906541753444e-15	1.3322676295501878e-15	-17.347645935903717	17.347645935903714
5.440092820663267e-15	2.636779683484747e-16	-17.34764593590372	17.34764593590372
0.0	0.0	-15.952704732915253	15.952704732915253
-1.7696969718900697	-0.0880445485005021	2.135815920504571	2.7751196120380697
-8.881784197001252e-16	-8.881784197001252e-16	109.90515470507518	109.9051547050752
-5.440092820663267e-15	-2.636779683484747e-16	39.61406772067248	39.61406772067248
2.676274605012559	2.2292442299169877	69.97332859274101	70.05996495821107
0.0	0.0	39.61406772067248	39.61406772067248
-20.909266478135418	-11.55894802321596	20.472858037505528	31.463385391291578
20.909266478135418	11.55894802321596	3.1885049502516933	24.103387062296147
-17.827331339907335	-5.7300910021690905	25.739537836196334	31.83035490874967
2.2347777637306896	-2.889700444111633	-4.455921304379714	5.76192979658631
-14.805679833824886	-4.758866662610497	21.376803348028513	26.435254654239998
-14.525102774669982	-4.744907617143799	18.922333171297634	24.3217485299792
-15.985859575641225	-5.9616675354937545	18.42933789845367	25.114332194013464
-16.068358980607258	-5.70675645230763	18.206465777615172	24.944631198858985
-0.7295743825607957	-0.9236675377221331	0.35833805147324793	1.230384760578689
-11.720242213386516	-3.7490236281910834	11.66770353414961	16.95743381134037
-4.595652103435594	-2.271121506567588	6.660341800218484	8.404651334180581
-11.776311414997522	-3.70997481755274	11.651601281875683	16.976608498804566
-11.526866286684129	-3.870827424921714	11.261274481141452	16.573118423647035
-11.526866286684129	-3.870827424921714	11.261274481141452	16.573118423647035
-4.625160508133401	-2.25057068589997	6.655298061188746	8.411312051130416
-4.530778357504676	-2.331284131737957	6.501454152253837	8.260250863114544
-4.530778357504676	-2.331284131737957	6.501454152253837	8.260250863114544
-0.4820390463459905	-0.6102788552711105	0.23675849472037758	0.8129308139167986
-0.4840951147855772	-0.608846927851956	0.23673108716354802	0.8130708882647699
-0.4613744452437757	-0.6163452684784956	0.22055246180566782	0.8008690636479668
-0.4613744452437757	-0.6163452684784956	0.22055246180566782	0.8008690636479668
-4.55430339096602	-4.688058963285367	1.9118010807006662	6.809886900116117
-4.28262132238262	-4.674542454276166	1.2296387564874423	6.45787921993068
-4.542300652474856	-4.890846359395837	0.9925838676217138	6.748192058837086
-4.786628559634243	-3.9418693151896247	0.7984805105068495	6.252017097833226
0.8870776418086181	-0.8260166702848768	-0.10789217481414917	1.2169022161091583
-3.9745547721074264	-3.2731128606536215	0.6630145798721108	5.191333332409029
0.20833364713627212	-0.7063654907469228	-0.4722239283258509	0.8748431593895788
-3.753624003238978	-2.9664638624304756	1.0830285671169904	4.905359505886314
-3.0637592800948354	-3.1958628720841453	1.272793838423179	4.606534986154035
-0.586204465417409	-0.12206619928688311	-0.424729017143027	0.7341189074577342
-3.3414795372348136	-2.923636667541729	1.2514667030602027	4.612949790581062
-0.054184424450296476	-0.3413391939468934	-0.21915132823355277	0.40923795259464324
-0.05455675472547461	-0.34107988841029563	-0.21874848433481844	0.40885551135203724
-0.0318303753452712	-0.3446454946135236	-0.22042119790559442	0.41034033952093774
-0.2542997838271389	-0.052953209882411034	-0.18425055354649603	0.3184661504360715
-0.25456267728579784	-0.05277012047520933	-0.18464258232358685	0.3188725850382939
-0.23642332850882772	-0.05547414907149131	-0.19284978552317822	0.3101038717183887
-0.2682537038540989	-0.40011964368501496	-0.41327098342877266	0.7204442112393264
0.10467338940953808	-0.35490028180637045	-0.23726018248901246	0.43954877166412554
0.10427715865776309	-0.35462433103213803	-0.23652449520858976	0.43883479671899994
0.12875168351686778	-0.3584936140533242	-0.232877447782115	0.4464600463770001
-0.13950202033723114	-0.7586132577383391	-0.6461484312108876	1.1669042576163267
-0.13950202033723114	-0.7586132577383391	-0.6461484312108876	1.1669042576163267
-2.859478511082969	-2.2599229931341798	0.5411068833497835	3.684652758327485
-2.867755675536337	-2.2541584482846853	0.5389724706383427	3.6872407364654256
-2.7470373711188043	-2.287552847418301	0.4438546098025997	3.6022380907843807
-2.7470373711188043	-2.287552847418301	0.4438546098025997	3.6022380907843807
-0.35301281720489996	-0.7838231280097483	0.6946714315324757	1.1052443815289474
-0.3565383843100402	-0.7813677835724134	0.695162678651915	1.1049463256112424
-0.33807833276186594	-0.7919220946846641	0.6830571147774195	1.099092619018453
-0.33807833276186594	-0.7919220946846641	0.6830571147774195	1.099092619018453
0.4578132258038963	-0.42630017776110196	-0.05568223373317763	0.6280328832422968
0.328825016856954	-0.3061907241588996	-0.039993845555235275	0.45108553396692264
0.32801979512194646	-0.30562993588033033	-0.038884945776320186	0.45002075808354247
0.34635182517960883	-0.30981046485191716	-0.027837865384338627	0.4655287936166398
0.34635182517960883	-0.30981046485191716	-0.027837865384338627	0.4655287936166398
3.7674296486142564	0.8271341796151392	-2.004987896912551	4.3471431509798695
4.119763226797705	0.8446631980321155	-2.0859342212401226	4.694361142724869
4.031652271136394	0.7712698178712903	-1.894269116795671	4.520766821476677
3.388902536487164	0.6483094439499564	-1.592273584866658	3.8000395663713755
0.7409290820892347	0.36460914016335705	-0.8327639095384601	1.172779373456934
3.486239468679668	0.9105091989231875	-0.7212619886278477	3.674658010011685
0.7402630801984068	0.36507297023356466	-0.8316852054690554	1.171737164425578
0.8122303682234882	0.3548234949686167	-0.8054247018735848	1.1976338480664104
0.8122303682234882	0.3548234949686167	-0.8054247018735848	1.1976338480664104
3.480454533747776	0.9145380565173756	-0.7152900413834868	3.6690030609971456
3.642987465454451	0.8806808261869166	-0.5955032665791684	3.7949414398087837
3.642987465454451	0.8806808261869166	-0.5955032665791684	3.7949414398087837
15.592553576176652	8.619791446280727	2.3777464559405947	17.974487748251736
16.457657842144968	8.662831421888354	2.06456815771924	18.71260515190336
15.755818514704858	8.078223523993906	2.9680425407388453	17.95307185123372
9.12697046420987	6.354215353715528	2.409003554567769	11.37896923020155
6.628848050494984	1.7240081702783756	0.278129803049854	6.855011804153388
4.040202752275779	3.021039837159181	0.1843429250884518	5.048158306870905
6.942661853321954	3.815850128879898	2.302529282990996	8.25002466145863
3.2019367379940356	2.394230942022591	0.1460952383881029	4.000760489773656
3.193814125792467	2.3998878505683603	0.1495181825992559	3.997782641958527
3.3396923034742803	2.3625085012205598	0.2606259164839103	4.099136124669174
3.3396923034742803	2.3625085012205598	0.2606259164839103	4.099136124669174
6.921992143776766	3.830245332499511	2.311777293303958	8.241909293329874
7.156061228548717	3.751518698590667	2.5501317413004783	8.472678251332441
7.156061228548717	3.751518698590667	2.5501317413004783	8.472678251332441
4.772953909107117	1.2413335579548217	0.20026114953817464	4.935798066025395
3.9592724024892165	1.5846532804046036	0.3565572029196229	4.279497285331966
0.8136815066178871	-0.3433197224497851	-0.5299362883523269	1.0299410156642916
3.9501915771068243	1.59097752652562	0.3625961975351869	4.273955894510641
4.099562009664683	1.5506762512409422	0.49839565112902606	4.411281416132153
4.099562009664683	1.5506762512409422	0.49839565112902606	4.411281416132153
0.8127021273567941	-0.3426376439787046	-0.5277652676866952	1.0278236622387837
0.8691897857921395	-0.35185364806704345	-0.49989895186992117	1.0626339141322927
0.8691897857921395	-0.35185364806704345	-0.49989895186992117	1.0626339141322927
0.02248350882987233	-0.01900419626616208	-0.411340046188055	0.43537005655306266
-0.4547494588760909	0.5702069838490601	-0.49941606565830765	1.179966353783713
2.3117238963598963	1.202247987649779	0.2829188793004205	2.73895670279352
0.9722668160891663	0.5892351317816045	0.48098573334427824	1.4501179688120083
2.150160918897066	0.8424580300909447	0.4180134168599288	2.4812343577107527
2.467386943086954	1.290127781849738	0.12715837064565733	2.931040984656837
1.841052395751937	0.40244873204419807	-0.0021372679904970576	1.962545055850283
4.232846318328697	2.2684924579786214	1.1039043323861135	4.985608573385335
1.6959973653748563	0.4628459585063308	-0.5057028806784547	1.9095833238407236
0.6840495517516063	0.48618695652150523	0.5226113016780133	0.9984507516571886
0.49243625697979165	0.308741780211203	-0.017685754895823774	0.5980029472021734
1.4848926064920265	0.6449685250829937	0.11368866627716107	1.7985999443431044
1.0817308665290697	-0.8310378010845424	-0.7952409607970259	1.5851351567177292
-0.04393419773593715	0.42002125164024484	0.15191934623062064	0.47000780655142044
-0.9479581981538696	-0.985404033390001	0.037311612411053754	1.5988428297396002
-0.009041552418705079	-0.03534784070562527	-0.019716221624182628	0.4954189048752827
-2.7662737182380717	-2.3974119913064955	0.3809829826311662	3.682999098320471
-0.2765161149009329	-1.0580892343576065	1.2605405158022476	1.6746510581438667
-3.8477007915855372	-1.3212385657321457	2.9146697250759255	5.0288659037421235
-3.173241600412911	-0.9312980078459143	4.759429210252498	5.861399462962539
-0.9254152744902627	-1.353892203070435	1.9129166964416153	2.630864017028844
-3.0488555057806037	-0.6605039433999942	2.69986191506142	4.128016412234182
-2.3726835552538788	-1.2011195451431624	2.576440376013294	3.784804696115033
-1.2363123311910842	0.3889828860363471	-0.3384007119380137	1.4289529802706777
-0.06037500647539629	-0.22081844603414724	0.7182801052736177	0.901139378535706
-0.7026911874209689	-0.3428921646080467	-0.1592153216283424	1.0976006779154115
0.28770297430753733	-0.260394705405463	-1.8107159095853735	1.8570811221253063
-0.21498548182095306	0.32346037273075684	-1.5321715351866891	1.5867812603686882
0.21013439212827698	0.39334917879602926	-61.40880214455574	61.41526535666141
-1.765254609153999e-14	1.4988010832439613e-14	-72.26017046781854	72.26017046781857
0.05680928975477953	0.9058037042420662	0.9170231469627448	1.2902089358264992
2.398081733190338e-13	-5.795364188543317e-14	-443.2332215109964	443.2332215109964
0.0	0.0	-425.9177605665001	425.9177605665001
-0.17346698384376558	-0.035040656600123996	-272.2017019281269	272.2017952383779
-1.5712023640342563	0.57081335367693	-1463.0724649895753	1463.0737208582548
0.2867436011313892	0.019917448537268803	3.299477884515048	3.311974170785443
0.7068150303060788	-0.007499838053883989	74.36060676438152	74.36396628812655
-1.7888071112315238	1.422587222813739	341.45239060612994	341.460039588718
1.0743683384050204	0.455339768347235	-37.46406887301828	37.48223656818607
1.8382031204291909	-0.02469392860423572	-141.57086903465347	141.58280460468734
-2.912571458834211	-0.43064583974299925	-2615.349856065534	2615.3515341250686
0.18553428176774459	1.6724872541316873	-2.3745327624399692	2.91033373083652
0.6983132233988453	-1.5361820864149602	-53.118678068492315	53.14649900515294
-0.8838475051665898	-0.13630516771672702	-2.0599381969000836	2.245687174604571
0.8390119971612032	-0.0639074268372601	-23.720501678313394	23.73542131838938
-0.8390119971612032	0.0639074268372601	-402.18935896170365	402.19023917459344
-0.2596987829574573	-0.5711691474807594	-759.575997832595	759.5762570109509
-1.5987211554602254e-14	-4.7628567756419216e-14	-62.98266760417317	62.9826676041732
1.6653345369377348e-14	1.7208456881689926e-15	-46.11382418104023	46.11382418104017
-0.4619264465574792	-1.368735973888089	-16.830588033490763	16.89246896582401
-1.9761969838327786e-13	-1.730837695390619e-13	-39.39793847003996	39.39793847004002
-1.4983320644267604	-0.1541781272726939	-6.616594669492347	6.785874659214777
0.0	0.0	-39.39793847003994	39.39793847003993
0.3666677822445987	3.945657697071819	-37.944501306847926	38.15085633836261
-0.3666677822445987	-3.945657697071819	1.557081165651038	4.257600460520388
0.6817125055776703	0.6148182940917187	42.92387481606065	42.93369029910958
0.25145869275585986	1.4260221704854399	139.7873608776419	139.79486053443085
-0.19977378129859213	0.5841938728212253	3.0027021057721797	3.0655198548932887
0.39993497613807205	0.08514953082295434	41.266887622044436	41.26891339056775
-1.5841004008101485	0.8626276202273542	4.785575116709742	5.114218384924271
0.0	0.0	2.5562355011914306	2.556235501191428
-1.665066821549491	5.1824299853783105	-4.896562311615909	7.321635783423705
0.926471176612154	-0.6413744673307116	1.7741937145973141	2.1275275286946296
1.556609470847994	-1.2444181260272613	0.5495910394792196	2.071989288749998
1.0916777026634437	-1.1648208740968762	0.8943834776260714	1.8352028403353269
0.3457911960667481	-0.3175426243652967	0.11089287207382123	0.5009208510761488
0.32126882044991284	-0.07150302034680447	1.5805297813279808	1.6144351106739063
0.2540831949918919	-0.14496395057074377	1.9350568285286665	1.9570431131116617
0.01395754806611571	0.14141128128839328	11.052062364114132	11.053856985179053
0.1192330048976013	-0.1971184961479577	10.705465795363168	10.708853808488156
0.07137135074522957	0.06547279029155939	1.5570567506040303	1.565894594465841
0.014254449437302558	0.15978028613482143	532.5874483344314	532.587490780712
0.09965918916708331	-0.005192457629925318	214.95199584830166	214.9520643256743
-0.04572496714745923	0.14792237558588658	229.6893472683004	229.68943911277276
-0.09728760893498167	0.14199297698432295	229.96456410755468	229.9651669009332
0.14649474328709255	-0.24607245657988203	350.7283469139308	350.72881683296913
0.20780358927718157	0.12009153113635374	705.6404759871118	705.6411405992556
-0.14997255573257132	0.05514367331789703	374.10299756542145	374.10305604154894
-0.021856998945200136	-0.08180598381509455	108.53952643017257	108.53955945936723
-0.07635534260433811	-0.09962543892038608	523.6523816420085	523.6523966857347
0.1429650822863736	-0.08182323773778089	48.49335705443343	48.49383767295234
-0.08830215320159919	0.2512567385007397	997.45251621132	997.4525608985687
-0.4908760178226405	-0.565470583603391	218.94181958216657	218.94365667481253
0.17868311489973226	-0.01513535593319578	28.246151987954143	28.247043711892303
-0.04871924631107298	0.07882306459217758	1.4976575935812368	1.500521545358267
0.024792609206469793	0.23955595639887828	7.259910838191602	7.263904398339046
0.3972663265021532	-0.3418450100757105	13.90929385614282	13.919864004598558
0.3868898904386522	-0.12073922164746397	3.3450140562163586	3.372180360486771
-0.06715830722534294	-0.22635486642849723	2.3834112241967924	2.3991405986962273
-0.6720191231555565	0.4480408676161113	3.3775511170199364	3.475583642199334
0.17421658142790436	0.18448875338315118	0.18619908923576883	0.5854720835373151
-0.17297021638969015	-0.22405098127579293	-0.08746688198372861	0.32555735871348007
0.2128594806432211	0.4567329553626069	0.36081410058265573	0.7948060633218862
-0.2576955666848156	-0.36031325826335975	-0.07105158840594	0.4698518514216734
0.040422874185923205	0.20581413065729076	0.15330843706888955	0.2949181698576288
0.15204092902596902	-0.009277182363792269	-0.2708978155285887	0.34068742502454125
-0.0814563153998793	0.028383209873518805	-0.2584184042537344	0.306105528336709
0.502400490962908	-0.40160052547278535	-1.4385567167408333	1.5815670276848715
-0.09456008140555455	-0.19407894827327157	-0.14917711028520408	0.2624158101016945
-0.5588630342894171	0.26603126293428647	-0.8835806241995606	1.0788026897512226
-0.07578766819215668	-0.08136618193357845	-0.48879792210379946	0.5203531683053785
0.24183487939668846	0.6297459000229962	-0.6924199652657343	0.9760783862924058
-0.440953846335003	-0.33894227867457527	-10.492062582499416	10.507719980226696
-0.008836070952435986	0.08898212420195739	-1.703837439853475	1.7115132241451776
-1.9355851627377247	-0.22622367689258563	2.0884849864118804	2.8564727572068778
2.6138024095360746	2.1772070506845687	68.33994334378355	68.42455735924926
0.02930965949514669	-0.0992869622023162	-0.25242610213310357	0.3064566509984694
-0.48405911837123755	0.6694939460513762	-0.24698996352520408	0.8735097027852435
0.863151090952048	0.7530008882790882	-0.14665989227260642	1.1626559542539743
1.448572805407848	0.4492470993706905	0.4295787715730269	1.5763007485395455
0.08236212170990592	-0.01774201745895998	0.3103940284069864	0.35060310330456096
0.8899046943792606	0.6069771492405645	0.1705917049372919	1.0995148655074474
0.6727950941381228	0.5650000681712481	0.3910797561666348	0.971751756526941
1.4773658247589436	0.27745796191969674	0.026933660693294087	1.509482601183812
1.954462828678059	1.3636800760292724	0.17360180970274416	2.393567561543962
0.5129241144088954	-0.07355229417953407	-0.04644343905708681	0.5374734231128752
0.35939291565338494	0.01497882054511103	0.0045006823835355226	0.3842232286427788
0.24680211688327475	0.11596979183925882	0.033811555470948676	0.30614228587483894
1.2348573632152773	0.27150011965982823	-0.040449505844981255	1.2721795413326653
3.618328352976842	1.6663881363755373	0.9916371603091564	4.107550795013404
0.6145179653518544	0.6021043216030841	0.11226717207695705	0.8780577783719304
0.7663731847370701	0.34769089941312614	-0.3136523230206643	0.9081928209114004
0.36361843181612086	-0.005912039327888266	-0.05943193676223274	0.392434799263189
0.5660057488216654	0.12106709842109295	-0.13261862089555768	0.608955703666134
1.1547780876670664	0.8167527818457527	0.055435695768057014	1.4219318743083547
0.3301145188249602	-0.17178425676275896	0.05825297050910405	0.3766680700347496
-0.49496561483847845	-0.8579975911226136	0.04162882939286461	1.1092788187742795
-0.45299258331539116	-0.12740644226738743	-0.00431721698181085	0.48956401096532076
-2.0681316015219577	-0.722411185334481	3.5777170920381325	4.224076913950778
-1.105109998890953	-0.20888682251143312	1.1817121182143653	1.63732254901176
-0.8447933537498303	-1.176552580984193	1.900415108643803	2.393534866347698
-0.08062192074043224	-0.177339622086242	0.012501587797811964	0.23732915068114602
-1.5938434961104837	-1.112242787848511	2.061010306918362	2.8363117563727775
-0.7788400591433955	-0.0888767572946515	0.5154300690949326	0.9484929397422557
-1.2363123311910842	0.3889828860363471	-0.3384007119380137	1.4289529802706777
-0.4516280181108221	0.13772715083681875	0.06274638630884878	0.49634013409672606
-0.25106316931014694	-0.48061931544486547	-0.22196170793719122	0.6012605438186854
0.15305055272347268	0.19966335373751345	-56.150520819074025	56.15125784846391
0.05708383940480427	0.19368582505851578	-5.25828132548172	5.264007508197496
2.220446049250313e-16	-2.220446049250313e-16	-72.2601704678186	72.2601704678186
0.0530791298250973	0.8981005830701587	0.9272125356233901	1.2919462595445315
-1.3339772247130322	0.3240731283721524	-380.24725347909305	380.249731488429
0.3014903459650392	-0.01291362783738473	3.3095428755926566	3.3232720676887326
1.0278433388200927	-0.7433385309441346	74.3948746497572	74.4056878756848
-1.6523354633761929	1.31405521771588	315.4023094556635	315.4093748821757
1.1208647779506578	1.1663160504954249	-73.27587744509583	73.29372992505523
2.078953200161604	0.10437987200153576	-192.46152014834638	192.4727764630063
-0.46630279476012093	-0.16235282518577296	-151.21777761251718	151.21858372172696
-2.6870187438030464	-0.3973668151615327	-2413.2414273304535	2413.2429785361523
0.9740231841731637	0.7969197165683295	-1.2530916308763933	1.77596194591397
0.6519159664435017	-1.4356021430061612	-49.63889106595729	49.66502143559672
-0.0874743797562551	0.4035036523552038	-1.0061715708424224	1.0875882467870088
-0.7499758684549909	-0.6403887634807288	-4.533553628592648	4.639576497373735
0.24710763401300823	0.4040391831001791	-11.934752603654076	11.944146246370849
0.5919043631492186	-0.4679466099375172	-51.51054472290465	51.51607072026384
-0.37024424378766074	-0.4545776376952734	-343.2977981594996	343.2982987764275
-0.46876775337377746	0.5184850645325514	-58.88967658329283	58.8938246173024
-0.2596987829574573	-0.5711691474807594	-759.575997832595	759.5762570109509
-0.10479811509718454	-1.455495847641977	-16.83050878677095	16.893651968387573
-1.4312051763183293	0.04472580484442286	-6.625818345502449	6.778776984230724
0.2976495942387185	3.885907696132204	-36.1495794588978	36.35905621656014
-2.3114654773753274	-5.629295988206357	-0.18556245581734432	6.088208225820058
0.760471799545528	1.1808269554829638	42.91854662045718	42.94152202320098
0.5078745429615218	3.269139173874815	139.77266822751687	139.81181634943835
-0.17958067549467727	0.5251436380647354	2.6991893979216073	2.755657537769053
0.47562850230098797	0.6292628945905797	41.265117089073804	41.27265538631699
0.7395321316579404	0.21473599082846037	1.2547223914288566	1.4721914274525147
-2.4601041803231976	0.7564236344966024	29.58093387572446	29.692691663991184
-1.3322676295501878e-15	4.440892098500626e-16	-72.2601704678186	72.2601704678186
0.0	4.440892098500626e-16	-72.26017046781863	72.26017046781861
0.0	0.0	-72.26017046781855	72.26017046781855
2.8705887493161453	5.538254735712135	-1.6178691394833358	6.4443809507066625
-2.8705887493161453	-5.538254735712135	-68.0860658271438	68.37202501830333
-2.5903215168207323	5.914509503098651	-7.156027712309791	9.638460501661788
0.9206829495703451	-0.6568982797044972	1.7657337348030004	2.1227077202784255
0.2598259831164611	-0.2901558051761062	0.05143431526262285	0.3928681987211041
0.08596521295028706	-0.02738681918919056	0.05945855681119841	0.10805265235504469
-0.02588133125290415	0.020434783485465794	0.8613472656090134	0.8619782686678616
0.09725268199813372	0.045038006806093586	0.6957094849950167	0.7039163257979792
0.034944557242335014	0.00047958055874548766	54.582645060573526	54.58265624867144
-0.08066952438979424	0.1474427950271411	175.10670220772687	175.10678286410132
0.1251014497679282	0.16222446014637187	84.18603802261815	84.18640296911852
-0.22238905870290987	-0.02023148316204891	145.77852608493657	145.77876393181472
0.02916114548759434	-0.34277835282695984	214.8972146570403	214.8975324063216
0.11733359779949826	0.09670589624707776	135.83113225689058	135.8312844266476
-0.1274058729811047	-0.013554572852847328	286.43247510013043	286.4325037560677
-0.02256668275146663	0.06869824617074437	87.670522465291	87.67055228548118
-0.07404322866484805	0.2207220747030072	628.0480454065925	628.0480885566607
-0.014258924536751132	0.030534663797732495	369.4044708047276	369.40447234190805
0.03856940681898302	-0.02733387246714275	2.1809069018032585	2.1814191834811356
0.14011370808074924	0.012198516533946968	26.065245086150888	26.065624528411167
0.2780606336413288	-0.13939621893058557	2.2047971683252934	2.226629644841816
0.10882925679732329	0.01865699728312161	1.1402168878910657	1.1455507156449547
-0.11861932310720266	-0.230124433093854	-0.07253599244907233	0.26886663742783434
-0.054350893282487475	0.006073451818061036	-0.014930889534656273	0.056690721285645715
-0.06818277276525801	0.3053726146504829	0.09194547308457866	0.3547324050621513
0.2810422534084791	0.151360340712124	0.26886862749807705	0.44007365825973493
0.356539290879466	-0.238029759371854	-0.8194028015917089	0.9247699084333347
0.14586120008344194	-0.16357076610093135	-0.6191539151491243	0.6567971192515368
0.21047205871081257	0.43127186800981915	-0.4210747603103442	0.6384339162396223
0.031362820685875904	0.19847403201317712	-0.2713452049553902	0.3376444700527836
-0.009138314403283589	-0.03337844818093102	-0.5806557808324315	0.5816861399476715
0.0003022434508476047	0.12236057238288842	-1.1231816590210435	1.129827084197506
-2.3612490640194226	-1.1721038059331088	0.25336875407180415	2.6483051560866944
0.4256639012817009	0.9458801290405237	0.7583698842915121	1.284913949168737
0.09604602031353862	0.8291743765668474	16.394012546977166	16.415249080511025
2.5177563892231705	1.3480326741182496	64.31521395492128	64.37859143685317
0.3964686776421944	0.38979487881215635	-0.011838551614005682	0.5561183428047051
0.46668241330985377	0.3632060094669319	-0.13482134065860074	0.6065376114492693
0.9229875645536926	0.1886717567456516	0.08040629571932749	0.9454989415676527
0.5543782602052509	0.08878620517404515	-0.0534726350260334	0.5639836596161593
0.2233388139232617	0.03012139961381847	0.00605101045870992	0.225442097326378
0.28958530048563375	-0.10367369379335255	-0.05249444951579672	0.31203132578649717
0.33724748938995913	-0.0010952493817423092	-0.03182114452176499	0.3387471828808526
0.022145426263425853	0.01607406992685334	0.03632182690530051	0.045476045761926244
0.10300167128920362	0.06878953359331556	-0.049498890957623914	0.13338472336212184
0.14380044559407112	0.04718025824594324	0.08331044642857259	0.17275756251271707
1.064844309070424	0.2554914228270866	0.0064733761539723655	1.0950850077946954
0.17001305414485346	0.016008696832741663	-0.04692288199895362	0.1770945335379701
0.48709400907964523	0.5455836710574218	0.09018855028362055	0.7369233952101369
0.12742395627220918	0.05652065054566231	0.022078621793336493	0.1411343831617935
0.300401693221371	0.12866160427631249	-0.19239989620927161	0.37922645710255976
0.465971491515699	0.21902929513681366	-0.1212524268113927	0.5289663638088407
0.15439530721741507	-0.06899062527607325	-0.03325969458002333	0.17234797518479866
0.2092231245987058	0.06307858594818498	-0.02617224218220942	0.22008682407839036
0.5655955998539154	0.1013673755609786	-0.1271577253178044	0.5885089757261388
0.0004101489677500736	0.019699722860114347	-0.005460895577753278	0.02044672793999525
0.9107270157174535	0.5840026814277531	0.012457067243863192	1.0819602615608126
0.24405107194961284	0.23275010041799954	0.04297862852419382	0.3399716127475419
-0.49496561483847845	-0.8579975911226136	0.04162882939286461	1.1092788187742795
-0.2465383260205603	0.0007131688593235014	-0.004804484248338341	0.24658616724328739
-0.20645425729483086	-0.12811961112671094	0.00048726726652749104	0.24297784372203338
0.016425336963510798	-0.09375084523482727	-0.03399503378570929	0.10106767534034278
-0.09704725770394304	-0.08358877685141473	0.046496621583521254	0.13626147534080324
-0.9476453932224763	0.454950199844445	-0.24171593745241246	1.0876202714885286
-0.28866693796860776	-0.06596731380809794	-0.09668477448560124	0.3413327087821493
-0.12198038932576506	-0.2585966432886521	-0.04515906475518671	0.28946637184617263
-0.12908277998438183	-0.22202267215621332	-0.17680264318200448	0.31179417197251275
0.0530791298250973	0.8981005830701587	0.9272125356233901	1.2919462595445315
-0.11147331477706601	0.03398067599465193	-380.2451472526128	380.24516511081066
0.3014903459650392	-0.01291362783738473	3.3095428755926566	3.3232720676887326
1.0278433388200927	-0.7433385309441346	74.3948746497572	74.4056878756848
0.12384360814662031	1.6104181418396235	140.16062026830716	140.16992636734687
-2.0984778244419204	-0.19726370872199192	179.11709339767907	179.12949413589976
1.1208647779506578	1.1663160504954249	-73.27587744509583	73.29372992505523
1.476661221123105	0.07414005723450788	-136.70363687986566	136.7116321360118
-0.03954764920219385	-0.17180057076961944	-3.8951893920006557	3.899176817256236
0.17553683348260352	0.03968756035080119	-203.08047148943044	203.08055123189843
-3.640257286369888	0.020449723466299474	-2392.267320666695	2392.2701131594367
0.9740231841731637	0.7969197165683295	-1.2530916308763933	1.77596194591397
1.498613305656363	-2.5033749237300498	-54.078260898304066	54.15791659243939
0.03602797525721346	0.2656971276905311	-0.4420479331234184	0.5170100132906592
-0.5252898115400635	-0.9006662720674203	-4.820422947762294	4.931896847568931
0.08190023947159375	0.40318330912763956	-9.055819943205051	9.065160741703721
0.49508373685091556	-0.4759249506716139	-41.77054692315323	41.776191816733444
0.085496261999821	-0.3235452965779752	-39.371344360275735	39.372766576723684
-0.6292133562421038	0.060838967044787695	-325.71924988053155	325.7198633082787
-0.29529490291534743	0.32661375637017576	-37.09688050015963	37.09949350690195
-0.05702541472449467	1.0175493292715325	-1.9473432739841672	2.202196866321018
-0.05702541472449467	1.0175493292715325	-1.9473432739841672	2.202196866321018
-2.3141933380687316	5.745195912835125	-6.4239229168095	8.923539237540753
-2.163289923517479	5.625186735729503	-6.004989774264003	8.5077876850586
-1.6269112586844554	4.2304452736877085	-4.516077741512292	6.398317405746895
-1.6312015823330477	4.162037605328054	-4.561581009794431	6.386814302865552
-1.5826954299835023	4.038273361622604	-4.4259357616458725	6.196893087144333
-1.46520970332327	3.2838185252319168	-2.8488363463531066	4.587610719064064
-0.08458369764188658	0.7312349497551038	-1.5138821570728047	1.6833591830484456
-1.4866074866261878	3.325476768957584	-2.8092803041748633	4.600092758585898
-1.4866074866261878	3.325476768957584	-2.8092803041748633	4.600092758585898
4.442522297093532	0.6456970031385778	0.904298214639625	4.579375966333802
2.350298971793191	2.3011048068245716	1.843009625722639	3.770367763137899
2.9746911735407044	1.9182460711162939	1.7178419691294142	3.9343915156217473
3.3159200755989056	1.646876467834382	1.6186791159391913	4.0407487088959275
2.6189756154445636	-0.4463852697092765	0.020976245574136243	2.656827635768841
0.1605657953213183	3.488003199585452	0.10879083761334507	3.493391352438792
0.07367371279332147	1.6004289421305247	0.049917386880755255	1.6029012322282328
0.073063252641597	1.5906953744497623	0.03493394803761067	1.5927555976696286
0.03276767960087246	0.7134009845995408	0.015667307094924615	0.7143249611805724
0.03004736242415489	0.7146858630699265	0.023734476429588806	0.7157108719532218
0.03004736242415489	0.7146858630699265	0.023734476429588806	0.7157108719532218
2.9134158229072544	0.07246502935992982	0.749994806942008	3.009274854194358
2.9125277258130273	0.058304640431475895	0.7390885597396504	3.00540664201427
2.5443025014660785	1.3787235330723786	-0.02687343069866044	2.893972353166429
0.40852079738767527	-0.4431245027906813	0.7852286313809972	0.9898649253368986
0.025995563825961465	-0.45984277763501274	-0.0637454830926541	0.4649673494950255
1.76264436733212	0.7645863947224874	0.8343970208002759	2.0946899314702296
-0.07992346160043351	-0.003628874994481668	-0.29716565927558586	0.30774722988292713
0.8459499864276502	-0.13520893139305848	0.5837345337490067	1.0366575329184489
-0.0814988374047269	0.00037871998598547384	-0.29706118696721995	0.30803823257758695
-0.022943519989073735	-0.018136337552249415	-0.10528293887864493	0.10926952488080133
-0.10444235739380063	-0.017757617566263942	-0.4023441258458649	0.4173077574583883
-1.0816774627002161	0.12411421610855133	-0.8536394348623413	1.383521144293037
-1.0391370461303353	0.12849161809831244	-0.8740633821035547	1.3639291376374012
-1.0279279569859656	0.16170531188171855	-0.8773023651842715	1.3610451618524717
-1.0042237798238791	0.15594667769659773	-0.8885154390248603	1.349905349138933
-0.8184994041052289	0.1271053975531644	-0.7241905360055174	1.100249512177907
-0.8473954460497881	0.6642407753975645	-1.5330549562197389	1.873379926356793
0.23427275097656053	-0.24855738907570207	-0.7297800583955747	0.8057564341326127
-0.8416021646970856	0.6651742250376008	-1.5382546888636186	1.8753608828937705
-0.9460445220908862	0.6474166074713369	-1.9405988147094835	2.292668640352159
-0.9460445220908862	0.6474166074713369	-1.9405988147094835	2.292668640352159
1.0226134063308652	0.44358142347501456	0.48408266323420096	1.2152525181638802
1.0186031190307943	0.4406541661230804	0.4877852874405946	1.2122965375123338
0.8427581243711153	-0.13960550249925305	0.5811104708731561	1.03316036116375
1.8613612434019096	0.3010486636238273	1.0688957583137508	2.2454568986760837
1.8613612434019096	0.3010486636238273	1.0688957583137508	2.2454568986760837
1.164183367695672	0.6308554131942224	-0.012296337025284931	1.3241799975380724
0.08984920957474704	-0.17690588028722698	0.14440619432393142	0.2454011407889676
0.971255190737345	1.47786306106461	-0.4946801487082577	1.8363344799680479
0.08910178688582417	-0.17800929120965833	0.1422932621430963	0.24469125165100578
0.08910178688582417	-0.17800929120965833	0.1422932621430963	0.24469125165100578
0.9635579273087012	1.4872459034718124	-0.47911236837942445	1.8357268092522023
0.9635579273087012	1.4872459034718124	-0.47911236837942445	1.8357268092522023
-0.20754812493469232	1.3687239583857223	-0.6701451106352819	1.5380429017850454
-0.20841613833556355	1.35488379672845	-0.6833594829457388	1.5317074042674996
-0.10533717095198186	0.6847820291452908	-0.3453818655866978	0.7741517810485595
-0.10876766945703185	0.6902750645327038	-0.3374273322587121	0.7759943783236926
-0.10876766945703185	0.6902750645327038	-0.3374273322587121	0.7759943783236926
1.1861535651828117	3.2913426890365676	-35.31144782541942	35.48433801699263
2.532361007415381	3.4298672172714952	-35.28272901359006	35.539383900771575
2.887076838700451	4.4809270178215375	-35.21610482181078	35.61724243161405
3.6372044180855956	4.298692878567871	-35.194018891513714	35.641646737761945
0.996318394718299	0.8777485733843702	-16.964724912167707	17.016609070177758
2.4551616476486444	3.4497855853269312	-18.393618882365324	18.874693504545192
2.249784938616644	3.1612075965582345	-16.854974403755534	17.2958066562337
2.3051306180733477	3.1510904346388546	-16.875236917170366	17.320987821261273
2.3051306180733477	3.1510904346388546	-16.875236917170366	17.320987821261273
-0.43167098673377363	-0.5047269602798151	-35.123834721561124	35.13011321776182
0.127009566346534	0.05964252734395017	-0.774311953009772	0.7869229070152404
-0.4457963640594225	-0.8927135752158704	-37.4090790783094	37.422384603506885
0.12953189971019471	0.05913092818351816	-0.7746295554623062	0.7876077246358796
0.7475611200371655	0.6585953949146743	-12.729032028007962	12.767961931821638
0.7885933040758064	0.6491292686596731	-12.732932170714214	12.773833014043705
0.9181252037860012	0.7082601968431913	-13.50756172617652	13.561440738679584
0.9181252037860012	0.7082601968431913	-13.50756172617652	13.561440738679584
1.4490735630228073	0.40490817055069783	-152.0103228512453	152.01776875794167
1.4490735630228073	0.40490817055069783	-152.0103228512453	152.01776875794167
0.5559397061069831	-0.8070928245459816	-79.70544659233838	79.71258580073936
0.5559397061069831	-0.8070928245459816	-79.70544659233838	79.71258580073936
-0.018154432054296454	0.10752395005311755	-586.0254633818232	586.0255155411553
-0.018154432054296454	0.10752395005311755	-586.0254633818232	586.0255155411553
-0.6365282374208618	-0.007903803365564954	-335.8526396555171	335.8532429401748
-0.6365282374208618	-0.007903803365564954	-335.8526396555171	335.8532429401748
-0.3408315074783559	0.3181686062824829	-42.600890318372876	42.603441800924884
-0.3408315074783559	0.3181686062824829	-42.600890318372876	42.603441800924884
0.42166163949954594	0.9486674625135542	0.7580454724574847	1.2854576737375076
0.4447725400554512	0.9362782271793589	0.7733170609537733	1.2932357897304285
0.4447725400554512	0.9362782271793589	0.7733170609537733	1.2932357897304285
-0.508041711256245	0.8441721191133648	1.1723404203889594	1.531376834205835
-0.5133375903997179	0.8478603789047515	1.1703506212415618	1.5336568326957658
-0.4947638781758903	0.8331393675336688	1.1542948469554613	1.5070862930137683
-0.4947638781758903	0.8331393675336688	1.1542948469554613	1.5070862930137683
-1.790735157286693	-1.9642387458140544	0.7144135826402831	2.7523359208426363
-1.7975256182196695	-1.9595096001244388	0.7138711225944999	2.753250479126476
-0.8817505032078101	-0.7968005070484954	-0.1457034727804647	1.1973322429134923
-0.9151285451616735	-1.1449294853873349	1.1931158398786876	1.889933646467107
-0.8318371035819015	-0.807416037173914	-0.17481074625708745	1.1723618984716768
-0.8318371035819015	-0.807416037173914	-0.17481074625708745	1.1723618984716768
-0.8837560434158651	-1.1628945491813891	1.162368637912738	1.8666679745452763
-0.8837560434158651	-1.1628945491813891	1.162368637912738	1.8666679745452763
0.031781207093709206	0.8739309354267304	16.394738113326238	16.418045045911295
0.031134637243522834	0.8561513277381213	16.061196868822513	16.08402963565717
0.10120310364926322	0.6970835250146112	16.065214908547045	16.08064978683502
0.10120310364926322	0.6970835250146112	16.065214908547045	16.08064978683502
2.265678684459394	1.523589562332202	64.32484973893479	64.38276880495431
1.7511277186046064	1.177572059390485	49.716240941661844	49.76100619572816
1.9674425140193392	0.6849177807292648	49.7827426451457	49.826312403038
1.9674425140193392	0.6849177807292648	49.7827426451457	49.826312403038
1.498613305656363	-2.5033749237300498	-54.078260898304066	54.15791659243939
0.08190023947159375	0.40318330912763956	-9.055819943205051	9.065160741703721
0.9206829495703451	-0.6568982797044972	1.7657337348030004	2.1227077202784255
0.7880402301996676	-1.1290837272378849	-30.284384111848752	30.32061836645195
0.8091959342911765	-1.2158074150557032	-22.53986131027595	22.60660709195328
-0.1711957831733485	0.03355557391811025	-0.5500392174360648	1.1015115552435157
0.17997273946446812	-0.15616999606842233	0.2757911402958233	0.850580144218182
0.16403450949854242	-0.061889748906531476	0.2941941776114221	0.368113400824531
0.19777826502544804	0.09497945901256487	0.25506493132302166	0.3642461308533196
-0.5242889704164108	-0.07632901082749416	4.003289206145995	4.040607540375485
0.8109098946880315	-0.3293481574308832	30.080829745306783	30.118965145559574
0.6312579530259239	0.3830795220800763	23.224830865249483	23.268671823344118
0.9878713823525975	0.3055266047871603	34.28119303880223	34.305068653629995
-0.17880708848049512	-0.5379836646301597	19.450117018542386	19.481048283349434
1.0030135688618955	0.3773502445060575	16.009007007162722	16.06378382774667
-0.08096874360314793	-0.5407387976746452	2.9070886468827104	2.9613508016588717
0.27163936441804587	-0.19454735629665754	2.6262803563276873	2.6508875360105604
-0.5919460100989831	0.5649539546612008	2.971968530784433	3.0857170613379985
0.22136989631919074	0.035578172593758506	2.822149133800949	3.01023676630018
-0.6746548559172411	0.06056889736805768	2.3266597827146596	2.484414042172303
0.06964770343599802	-0.23695026306931988	2.002613036232362	2.4133527394724426
-0.15916352280163248	-0.25676476588033115	1.1831353738070798	1.7258187654538881
-0.09798660349005534	-0.17552420146894787	0.10816841690851511	0.8513184934921946
-0.8297225567024111	0.08986437864049963	0.17999311838550758	0.8643681222230308
0.06491738287307726	0.4219970205072531	-0.10252066381852998	0.46074507412003957
0.2687763830611886	-0.09540633749614955	0.1465776339011788	0.347919123484111
0.14961769779356782	0.38234651392886965	-1.789374307856797	1.996098014346787
-0.18670425988791908	-0.23609910250620758	-2.9902606492730808	3.234612826182337
-0.2704413492238511	0.3068468884798885	-6.85220989316419	6.914389991511491
0.3547963880115832	0.13515418753998398	-9.498464262033002	9.50707369558971
-0.20717269211893213	0.13823995670078176	-7.579221650668716	7.652184858792728
-0.06233688024529898	0.2448909304471541	-70.4083789444724	70.41282831995944
-0.3039482932676104	-0.03821711652231957	-77.01875884596302	77.02287602787354
0.07760781466315364	-0.18414140034533177	-101.22242936967558	101.22383048704283
-0.4087360224285659	-0.18986297932690488	-64.0969484376939	64.10046433391463
-0.31937616652850703	-8.206683455323077e-05	-584.6406967760882	584.6407995919999
0.13886859958018818	-0.4311122700997142	-655.8857747789907	655.8863225090087
0.0315684672333536	-0.24804517773711465	-160.1241111075673	160.1259857980667
0.5702076686090473	0.5192363406068161	-99.64588116046517	99.64896314158612
-0.0031640899901217434	-0.16608856036554648	-20.81057657376823	20.811707583447372
1.6317680694247247	0.093401425381473	-98.0897669932689	98.10462527116059
0.47495985479882624	0.9277610146003368	-26.60696885695969	26.642930977392144
0.24126977865374843	-0.1336668901220747	-13.198974766440793	13.202546437303202
0.8648059669142196	1.1483231795496236	-34.80803827656854	34.84670348675386
-0.19728903128747963	0.20917764121875682	-4.8873902849655595	4.897830318613328
0.3717174555062579	-0.16773223846041432	-1.1570553873520537	1.234732734176672
0.24294987406029434	1.55644429911049	-13.304558701916545	13.398173209459664
0.33177423589633037	-0.025627490916335358	-1.7575231776127282	1.7941846105240127
1.4670774800113666	1.3481969461267858	-10.596876757975703	10.823425527370148
0.1564435051003511	0.5706067753507171	-0.26982808667478814	1.1415885649492135
0.39970542663542524	1.2450073009112468	-0.10814873611006566	1.5361620823280708
0.5142103460190067	0.37992395007432034	-0.0394475829997214	0.6555840026248211
0.21221849894674943	0.6342534990403875	0.4155343075440934	1.2465784077681534
0.611859760119428	-0.12926791755798483	0.007013112101274241	0.6407897698969038
0.22914563691065132	0.7977248817412553	-0.07667474435615618	1.1778416500213984
-0.09836496435488454	-0.019255809270328664	-0.748313083613112	1.1019930428253255
0.4170327544311126	0.5894305210935114	0.6527146262117938	0.9832908143757728
-0.918282856001591	1.9758215880391925	-2.520095551420651	3.334098909762323
-0.0049494521794648805	-0.20393197473371777	-0.5186460861876032	0.574531369912375
-0.3163868916431545	0.8406282174750617	-0.873527070020645	1.3674595532511262
-0.3457675890985874	1.7304672481180192	-0.9471719621096815	2.150132420342639
-0.11087966193040537	0.002605245946904172	-0.18612724263836716	0.25772897021562485
-0.34409177735592955	0.43061343801538676	-0.2951833405708458	0.8608177798398654
0.7326249724929772	0.28266017263296866	0.33465208553793846	1.0142818959086903
0.34218523089164	-0.6358841666090166	0.7894784459815293	1.0783947434283139
0.3268728716365902	-0.9507688873623541	-8.859397986382817	8.916262671798734
-1.2892500515470093	0.01023957785280594	-6.640515303373005	6.764518758840105
-2.1182919856192046	-5.158845197219275	-0.1700546544333612	5.579405281094516
1.236100301846516	1.8100898500735436	84.18366370953098	84.21417740951797
0.5078745429615218	3.269139173874815	139.77266822751687	139.81181634943835
-0.17448196226900328	0.5610785638256441	2.6953075112742884	2.758611188673296
0.7394466470721708	0.21337296983700066	1.24852222386458	1.4666687122889062
-2.137805427403585	0.6573244190945966	25.70552966535935	25.802646042877953
-2.7774554755440413	-5.828126988516885	-64.15108530566866	64.4759797832346
-0.041952415719067306	-0.08349924270835192	76.0883112154548	76.08836859697166
0.07111356120666165	-0.25927911011860794	138.8089034415855	138.80916380934994
0.048908594113532815	0.10442791530290357	53.96089610030869	53.961019311984664
0.06842500368596544	-0.007722019055825806	81.87023615658188	81.87026511466294
-0.5204741358434812	-0.6078472691904071	-0.03977184651973166	0.8125103254235252
0.025508521005002616	-0.25015032193220665	0.08140067591259627	0.29676849335075445
0.09331888272276956	0.07354327405846561	-205.7803161292104	205.7803504303447
0.12383995002573994	1.6103598144171487	139.71521294506582	139.72454803415968
-2.0984826990299967	-0.19734143227663115	178.5628630521432	178.57530242073636
-3.640257286369888	0.020449723466299474	-2392.267320666695	2392.2701131594367
-2.901414664546053	-5.730048066285647	-62.01524920475814	62.34782828475929
-2.864420931605671	-5.752731523547034	-61.65706016690847	61.99194137693376
-2.844203941644967	-5.768809518441658	-61.68238630842345	62.01769376575777
-2.892829025464505	-6.544119000974192	-61.83598932416014	62.24943717791455
-2.829052070199001	-6.399864221270053	-60.47292332083133	60.87729587156229
-2.6350530550184095	-5.96126044656047	-56.32966715002485	56.70644083300482
-2.927327831397297	-5.204564001629916	-56.38622965576202	56.702491386815375
-2.927327831397297	-5.204564001629916	-56.38622965576202	56.702491386815375
-0.6488293665138436	-1.4017767431371655	-7.067352181992648	7.237339258365148
-0.6488293665138436	-1.4017767431371655	-7.067352181992648	7.237339258365148
0.21398868261570383	-0.6224247997702631	-5.799841676625212	5.837068379038865
0.23272248775969967	-0.6266133530873245	-5.79527298854469	5.833694632249114
0.23272248775969967	-0.6266133530873245	-5.79527298854469	5.833694632249114
1.1700875626924234	0.7813417976862833	-0.8989304137541598	1.6696334322094053
1.2003694499188349	0.4479172786977754	-0.6415140251880942	1.432849241674603
-0.224280902407002	-0.10517925572107029	-4.400672559372493	4.4076392290922115
-0.1635332488414567	-0.0766909050846409	-3.208727417262108	3.2138071281097287
-0.180120586851902	-0.03363782603979097	-3.2089605717293357	3.2141877481040244
-0.32550414677278233	-0.921170101967335	-37.40264124562927	37.41539896159832
-0.5056247336246843	-0.9548079280071259	-40.611601817358604	40.629586709702345
-0.5056247336246843	-0.9548079280071259	-40.611601817358604	40.629586709702345
-0.9095768083016658	0.7291513716370891	-8.625853458817101	8.70427134147066
-0.8816407386881999	0.723046086553013	-8.631447386719975	8.706432680788923
-0.8816407386881999	0.723046086553013	-8.631447386719975	8.706432680788923
-0.14923876258507426	0.19193601615383732	0.12327441352501756	0.2725953476948337
-0.15012161989808098	0.19110341481757803	0.1256525084236702	0.27357918193627906
-0.15012161989808098	0.19110341481757803	0.1256525084236702	0.27357918193627906
1.2888605589383633	0.2274929119075085	-1.956733580823496	2.3540859949622503
1.2772417798000124	0.25457691892748724	-1.9555959620908825	2.3495768850291916
1.2772417798000124	0.25457691892748724	-1.9555959620908825	2.3495768850291916
-2.008963927996476	-5.147595357759235	-0.2214345994871729	5.53016340744697
-1.9801567831049613	-5.062236799460893	-0.3080492704515654	5.44446109844844
-1.9192375007933085	-5.0770363792671915	-0.3158318367325258	5.4368668118639505
-1.915604885322594	-5.067426875029657	-0.31523404953017575	5.426576242570263
-1.8879490589339998	-4.994267801900067	-0.31068297628310404	5.348232085276173
-2.2038722264971433	-4.4857317864726145	0.353463687773375	5.010367155156459
0.295730061759228	-0.44948578067096545	-0.3606339562059073	0.6477272472439523
0.19317996144448257	-0.2936179205567391	-0.2355771792052338	0.4231153366849876
0.19440789775016204	-0.29262969320647836	-0.23339487135295167	0.42178161888306165
0.23680856392763314	-0.24863897017259218	-0.7278755594011039	0.8047996417813721
0.43121646167779515	-0.5412686633790705	-0.9612704307540556	1.2265812606644337
0.43121646167779515	-0.5412686633790705	-0.9612704307540556	1.2265812606644337
-0.2476883073718917	-1.8718587923414913	-0.06512444809699451	1.8892977610252009
-0.24289654374588546	-1.8605713319231718	-0.05226000205605417	1.8770869771944403
-0.24289654374588546	-1.8605713319231718	-0.05226000205605417	1.8770869771944403
-1.8536338188105081	-2.769740854245353	0.2935313588696963	3.3456813046902267
-1.8454283254810218	-2.7469160759606477	0.3115242350064303	3.3238834188122595
-1.8454283254810218	-2.7469160759606477	0.3115242350064303	3.3238834188122595
-0.4944178708857567	-0.7122236075534234	0.7843866342899126	1.1691765864317816
-0.347565830190968	-0.500678887268844	0.551408045282141	0.821907651062439
-0.3499836135384651	-0.5051533828278543	0.5462273544161184	0.8222121336007501
-0.3499836135384651	-0.5051533828278543	0.5462273544161184	0.8222121336007501
-0.11025709269169455	1.2237034169305385	5.248342598763798	5.397016898145792
-0.11025709269169455	1.2237034169305385	5.248342598763798	5.397016898145792
-2.1378436027385903	0.6567157271005883	25.62213181549622	25.71955072676536
-2.355647955906282	-0.24071344432563968	23.30974147404365	23.429704817628306
0.07095231247290604	0.6858844511416488	2.5453689304603175	2.6371148445063657
-2.2105269826326728	-0.22588416169323555	21.87373217520455	21.986305111774243
-2.2657412975974207	-0.42684488699291273	21.874127150916745	21.995299925203653
-2.2657412975974207	-0.42684488699291273	21.874127150916745	21.995299925203653
-0.14112526509024176	0.3937218722091467	16.99825804557633	17.003402889924804
-0.18370931568528956	0.2373625207799895	17.00289885085423	17.005547900944585
-0.18370931568528956	0.2373625207799895	17.00289885085423	17.005547900944585
-2.102478407213111	-0.6058925871181572	163.00061430539446	163.01529923665413
-2.510681375411205	-2.105073226578404	162.99657599165084	163.0295023584998
-2.510681375411205	-2.105073226578404	162.99657599165084	163.0295023584998
-0.22603330093012036	0.325227364239711	139.7332677429095	139.73382903936755
-0.22603330093012036	0.325227364239711	139.7332677429095	139.73382903936755
1.236100301846516	1.8100898500735436	84.18366370953098	84.21417740951797
-0.8768581484055291	-0.13921091655774526	-411.7731498559934	411.77413066146227
-1.321298703698013	0.16837303774838422	-1151.0189872460849	1151.0200807564572
-0.04444670496340461	-0.14957903285827015	-154.07059991769478	154.0735358813704
-0.5008177854657245	-0.03865452743092463	-357.8570384603452	357.8586210206883
-0.8793253786054422	-0.05900364614658646	-280.90663607512863	280.9084523568823
-0.1709817135057163	0.27962808427988456	-13.939407933857186	13.951997710032497
0.027910007091319196	-0.31475680588256566	-9.231667782842505	9.238128633712428
0.28581605475751964	0.11868723293030028	-4.695285506749382	4.769906202730873
-0.373225452827713	0.4335776940851806	-5.013292610694165	5.047634025589353
0.4089877099857463	-0.6848408188592495	-1.9991589186974565	2.156648760624403
-0.5953070168088589	0.21869741905257473	-0.32710047081128885	0.8677175034347798
0.5066035470939879	0.19270663523486875	0.07768562368860975	0.737250296520553
-0.1537260270357931	0.06607690512970518	0.2174226481231639	0.3078152718703517
-0.19284694543094172	-0.4710463428199119	0.17011789154526452	0.7074052732441135
0.6528825901577512	0.5244012130107224	0.6607509785106352	1.274932543359261
-0.5892100790738681	-0.2503783531578905	14.49399416595775	14.531180213923347
-0.11018085772837333	-0.20970695247236248	14.418849937300244	14.45207835511295
0.18794809230803622	-0.03192244650766796	2.711987287233474	2.7638441139487657
-0.03920610039942745	0.2905937026089772	27.58609720603699	27.588008638974404
-0.38701969437204714	-0.7972833886383482	36.01123466150373	36.03067508376224
-0.36101171684449573	0.2534923837340596	30.447194262073243	30.450709450941137
-0.5506093669041343	0.12362099650242758	55.358645575179196	55.36558377995554
0.04636759304288787	0.046163719136527795	16.075994998082862	16.076733996864355
-0.8427564013876424	-0.10324981914586046	81.07308983698684	81.08296458064586
-0.35490417291021903	-0.271975519972102	42.961091260666294	42.97366217295904
1.1454132189253756	1.4840365321524365	45.74988188178106	45.7884728689238
-0.5107579713331354	0.36615304437488894	58.20509099668189	58.20864007421582
0.07445266271941758	1.4409347830966008	78.64054800583546	78.6580189680665
-0.06687403851033558	0.8620180071898715	27.50224020008214	27.516158576464857
-0.11036951055731282	-0.2784651498146099	1.28048611798393	1.3224404530153693
-0.31618575650103076	0.4825442858636758	10.85840942353311	10.885104195257227
-0.015533597116226788	0.12116301557785508	2.3792755487406647	2.4330215470107293
0.1341701631172394	0.17585315390890666	7.168751792532924	7.220801472875294
-1.5752729993429608	-0.03961041708939533	11.867131011449574	12.003947825097764
0.3463864640635752	-0.21239216151783435	2.8341926029553286	2.8665696412798667
-0.8869828646062519	-0.6415675818650851	0.4452213404259058	1.1894491189521161
-0.27626329307135683	-0.5125209728413267	-0.4126071807473868	1.3365206916311463
-0.456453815654945	-0.7140337119595217	0.887472674883421	1.2350229800312973
-0.21729344825900887	-1.3157968710988355	0.37233486271978794	1.6029283379294688
-0.3007245898761798	-0.4397710382749402	-0.8727011370092284	1.3877289766012728
0.45172825082443707	-0.23936694789054533	-0.2244353772234418	0.9614733845614399
0.37242550444277234	-0.3123196367400738	-0.6734070808118817	1.2530251399076098
-0.09135034450737478	0.05529106711075382	-0.13011934144865023	0.21866141740803835
0.5267104092909767	-0.03318745210329449	-0.6618513458032168	0.8579348757767723
0.18717542298701745	0.11974489466571517	-0.15830068431042502	0.3064512527662776
1.1585869409049174	0.21741241383488896	-1.6750325618928774	2.191571442653601
-0.8329409987807759	0.6903724967777836	-4.333209963448454	4.468399407392547
-0.26698207437663707	-0.4461087718346729	-10.692359030762766	10.733541799707634
0.2504076355227504	-0.49572525784016	-15.443610126338196	15.454223404442699
-0.7560251111764091	0.1329959701554864	-7.068735717866325	7.15887104064393
-0.21591460888269426	-0.6095327089573698	-2.8539686164611506	2.929420711636185
-0.8562720964570283	-2.1905642039844127	-32.31447318158905	32.41547855959232
-2.1080521658644296	-3.0467808286399416	-35.211115387979426	35.42203942568655
-0.38934439934865434	-1.3371578125536423	-10.083435632792163	10.180114637003854
-0.09305338998170813	0.7518522015810013	-1.5052953408607488	1.6851868530303586
-0.13091596856420962	-0.4997586153145902	-2.25035472871557	2.3088945557254874
-0.12353955497378011	-0.501110471069745	-2.2469292342303544	2.305442410796218
0.06085596925606751	-0.33116787387436775	-37.93489966918514	37.93639398400592
0.11157187027131582	-0.4578263668222259	-14.371422650251768	14.379146089269799
0.6764683599283519	-0.671257360415659	-15.912961461596984	15.94147227718215
0.2616967901850702	0.1990475259746816	0.2922953248737081	0.4615424893038957
-0.08172405072060204	-0.355217522043104	-0.016504184577884717	0.38903765491428643
0.08626404714802169	0.011085102508586943	0.04692171096775972	0.09882313640096618
0.07777046235052076	-0.07297485141511842	0.24727246664366237	0.2692902644235648
0.9506446907560896	0.03985344462357443	25.74776378548933	25.765716240061465
-0.13973479606805808	-0.3692016020544576	4.333065959817455	4.353248905498114
0.5167499751497939	0.5057525650967434	20.906260610739043	20.939850541562095
0.11450797787612989	-0.12267304301666707	2.3185702545104383	2.3288212817820204
0.6692138588940986	0.46152012178840596	17.320565727058877	17.340193911892058
0.31865752345849907	-0.15599351700124559	16.960627311743355	16.96487474173794
0.2473734656795763	-0.1005262801279664	3.8050826486443414	3.816992652918385
0.192889355908273	-0.021551056044075104	4.0741920939399945	4.081199793548766
0.5627507472740462	0.499427580678099	8.129732264578388	8.165591381279517
0.13773143293905463	-0.17757548619127228	1.5626658269943574	1.578742375364477
0.13390793147899122	-0.01697187010538527	1.0636145293333297	1.0721451606460835
-0.32208939184072766	-0.19023896622746544	1.5654458162628966	1.6155596024791632
0.5434592881599184	0.22581713882122395	1.2567033175380518	1.3946771638210167
-0.24062468373986737	-0.11024079416971133	1.0286123009654542	1.071249887617976
-0.23277859315824234	0.15588078392757912	0.801326827266725	0.8602843490544059
-0.20125157901913138	0.014928907610189909	0.49672065448248043	0.5528798054999214
0.2204684077978759	-0.041598023359227326	1.0839025979502528	1.4518861322871135
-0.1508207043618779	-0.19535223971009252	0.9187104382821094	0.9614666071853292
-0.16337327160831847	-0.4156350089415102	1.0563899058828006	1.481807515396277
0.004209748806686012	0.15887024306117908	0.1267454679242789	0.24401125005761096
0.2618848120962019	-0.06922996570845691	-0.1848976309198282	0.3564314264741847
-0.35987141558625724	-0.10629423576049096	0.29306604782834333	0.49488706701801
-0.7966527888915715	0.10103187476372266	0.14707736247936173	0.8163913622282375
-0.03306976781083952	-0.011167496123223038	0.0329157559061458	0.04797675999479343
0.10771043802455825	0.02757557801471814	0.03489041619757679	0.11653021970599796
0.16106594503663038	-0.1229819155108677	0.11168721770360202	0.23138890377811305
-0.024629700413044357	0.13713149831285215	-0.14242978866752687	0.24326466979781589
0.2827278805932575	0.2675249534673026	-0.9855616847482696	1.0687919697192174
-0.10848048238664532	-0.022309937851285072	-0.6613828344410007	0.6840413748297535
0.04924827034144968	-0.06619421998647497	0.055844974463647	0.1714803573710051
-0.23595253022936877	-0.1699048825197326	-3.046105623736728	3.0631324688113324
-0.19026643376214486	0.08286649798214679	-0.527667729916456	0.5839359471719271
-0.0801749154617063	0.2239803904977417	-6.3245421632477345	6.3304540443395645
0.2927292244727456	0.005411161571272059	-1.000065409058843	1.051346891765985
-0.4999019165916777	0.1328287951295097	-6.579156241609873	6.6008379670267425
0.20728495045321563	0.022593065571309662	-51.99271157154345	51.99331701136123
-0.2696218306985146	0.22229786487584446	-18.41566737292897	18.41951130859823
0.02080458518741425	0.2838118459290498	-28.61354931610493	28.61530475540534
-0.32475287845502465	-0.32202896245136936	-48.405209529858084	48.40757127246819
-0.4087360224285659	-0.18986297932690488	-64.0969484376939	64.10046433391463
-0.24596015780918062	0.05834782091814354	-419.6583535008561	419.65842963524153
-0.07341600871932634	-0.05842988775269677	-164.9823432752321	164.9823699567583
0.2955143631064074	0.007065270289404554	-177.4663092128452	177.46661027942955
-0.15664576352621917	-0.43817754038911877	-478.4194655661455	478.41971222957915
0.05272310856409456	-0.479019454245641	-95.57612482296861	95.57744166551171
-0.02115464133074095	0.23097427650852634	-64.54798628459872	64.548544132555
-0.010671304781646684	0.3197656223610784	-12.043027215680148	12.057548845420555
0.4856311595804729	0.6079953922392582	-14.563941641279538	14.585382131971587
0.08912372910034991	0.006633815322721018	-5.760039376750901	5.760732650307199
0.15214604955339847	-0.1403007054447957	-7.438935389689891	7.4418137869960015
0.5898050745133264	0.2373582881447022	-10.54335579427221	10.563369726933072
0.2750008924008933	0.9109648914049214	-24.26468248229633	24.28333375982079
-0.00488359763112068	0.30664044777383337	-2.6756682533357066	2.6931863685317645
0.247833471691415	1.2498038513366567	-10.628890448580837	10.704986840927898
-0.06029003050459064	0.755302657390305	-0.05777611834066965	0.7726155944514815
0.3060748388079253	0.2766271271695287	-0.13536360607380543	0.45607835421851406
0.15392061833209053	0.2130775163514128	0.08499098830440943	0.3074681336580752
-0.0006738633997870197	0.08243981166651532	-0.28006534569003905	0.3235941275671937
0.21289236234653647	0.5518136873738722	0.6955996532341324	0.9229842802009598
-0.000343800087697993	0.48536565226776535	0.3265284767814631	0.6013988407446725
0.22948943699834934	0.31235922947349004	-0.40320322113761925	0.5764428092767259
-0.09161422837461726	0.04306642393358092	-0.8820731046806842	0.8987661712659889
-0.006750735980267274	-0.06232223320390959	0.13376002106757223	0.20322687155933666
-0.025342320908830512	0.1257154219157086	-0.16348346624947926	0.2077822039382474
-0.8929405350927604	1.8501061661234839	-2.356612085171172	3.1263167058240753
-0.11781577198945958	0.41276512546322164	-0.3178196484738748	0.5520368817245809
-0.041453164695111865	0.05397171704035275	-0.07589125284899682	0.17283106856845606
-0.15711795495858308	0.3738913749714873	-0.47981616869777355	0.6425916029580896
0.04637620719472606	0.1612377728749399	-0.12613734408005234	0.25206901131834575
0.06208713172163209	0.33956907029784567	-0.31049584170554817	0.48481895388361135
-0.45423092801494547	1.2296604049452335	-0.5105387763240808	1.413244455140682
-0.15349088249359005	0.39748022744647876	-0.3994354520370773	0.6004818460733263
-0.19060089486233958	0.033133210568908056	0.10425211146623144	0.2603359337665392
0.7753995233929049	0.11431999017506303	0.27597374280757914	0.8309482461325702
-0.04277455089992774	0.1683401824579056	0.05867834273035933	0.18333364977612002
0.27991894293158404	-0.548545366898218	0.5951150151701774	0.8563985727676315
0.062266287960055976	-0.08733879971079868	0.19436343081135188	0.22199617066068228
0.06422486957730873	0.6626248531048945	2.5530350874895094	2.6384057094724964
-0.4043512768565394	-0.48521333896997915	0.02378407450365243	0.6320582422608735
-0.11612285898694179	-0.12263393022042791	-0.06355592102338409	0.18045208316265174
-0.004930083434243438	-0.19338649588913664	0.11403940121067073	0.22456096620614185
0.030438604439246054	-0.05676382604307001	-0.03263872529807446	0.0722075271446126
-1.000867847021966	-0.20828522970858981	-883.4160050788403	883.4166076254321
-0.32043085667604676	0.37665826745697406	-267.6029821672446	267.6034731310253
0.03809499807261432	-0.11058693533604644	-3.7898029020582458	3.794175341295428
0.24772105668490532	0.22927416826634672	-0.9054826046911362	0.975730861435445
-0.06018892350081043	0.14652320836745927	-1.0969499218560175	1.1083279695840949
-0.3130365293269026	0.2870544857177213	-3.916342688838148	3.939306056005259
0.04893789265008459	-0.1949906393606278	-0.4883261767089568	0.5280896908996469
0.3600498173356617	-0.48985017949862175	-1.5108327419885	1.6285590697247563
0.07841337024684866	-0.13787873610098986	0.14523414858341938	0.25638242006234846
-0.2712603156777904	-0.3331676067189221	0.02488374296184516	0.4510228531817651
0.08950373525845579	-0.10224672527150394	0.2767695212807763	0.33844713658701886
0.5633788548992954	0.6266479382822263	0.3839814572298589	0.9364854067722423
-0.49568432376646565	0.006365695792570847	4.033161134957847	4.065908508112941
-0.09352575530740254	-0.2567440489504613	10.460833030999904	10.465271705810407
-0.3483321882664229	-0.27741147749851164	8.339591732684413	8.366283429408098
0.2381513305380496	0.06770452502614917	6.079258204615833	6.085794925704853
0.18794809230803622	-0.03192244650766796	2.711987287233474	2.7638441139487657
0.18531254081052623	-0.14714441830181513	5.0646253710470095	5.071946565873117
-0.5723322351825734	-0.650138970336533	30.946609290456713	30.958728517889128
-0.23525747716894774	-0.21129077051663686	14.540699418621925	14.544806950863295
-0.3153518897351865	0.33491176701906444	40.81794615655727	40.820776829092246
0.23085697729768234	0.33673014967210996	11.251643242504546	11.25904781916586
0.9145562416276932	1.1473063824803265	34.49823863927651	34.52942504975794
-0.05588228898335407	0.07973966211107567	6.1089135663965966	6.109689534308599
-0.4548756823497814	0.28641338226381324	52.09617743028529	52.09895053990723
0.06535990311844873	0.3972421417292531	9.611870496611509	9.62131007008048
0.009092759600968857	1.0436926413673482	69.02867750922397	69.03670889798603
-0.02809424287161058	0.4802627549459879	17.35246147548852	17.359129035138373
-0.03877979563872499	0.3817552522438836	10.149778724593618	10.157029541326482
-0.31618575650103076	0.4825442858636758	10.85840942353311	10.885104195257227
0.30424938186584627	-0.22728315846997046	3.067933713556056	3.0944987277689555
-0.17007921874860688	0.4031363123788771	4.100818078976867	4.126302745106338
-1.3297789288761985	-0.2421761624075517	10.722181063617873	10.80794188729877
-0.24549407046676253	0.20256574531815635	1.144949947831702	1.1960059377989969
-0.6437471387631233	-0.4142915630136813	0.2599301773934651	0.8084624759194611
-0.24323572584312864	-0.2272760188514038	0.1852911630324407	0.3809866430326552
-0.07327971134991948	-0.7355346008681787	-0.5950205184643469	0.959119527203684
-0.20298358172143732	0.223013628026852	0.18241333771696022	0.3774011644274621
-0.23709740062573964	-1.1147737978857748	-0.011954701926462918	1.1482850245624157
0.01980395236673073	-0.2010230732130609	0.3842895646462509	0.45464331336705316
0.26055509997099696	-0.034168406561346634	0.0844068450455055	0.30929070551565835
0.06072672634808644	-0.26874207111144455	-0.03029937377548514	0.3103350979657484
0.1304464245053537	0.06354352978224584	-0.2785428484934622	0.3418475810800333
1.2237938206199268	0.17239121142282687	-1.3811994745690717	1.858650536979243
-0.06520687971500966	0.04502120241206207	-0.29383308732380536	0.33292090567435784
-0.03017603464144187	-0.007213437407536372	-0.6977707798708644	0.7122685398692745
-0.25420152612712377	-0.3421175337175064	-4.124899326180499	4.149209208847711
0.01739548639192856	-0.0967778007096301	-5.8696889247114035	5.872064050990648
-0.5583875009192395	0.11793026841537804	-2.831525957569455	2.891837336829472
-0.06295503743123657	0.18944693655985	-2.228369679509081	2.2416433016796593
-0.13468257282593313	-0.17438123481974166	-2.0088400807877895	2.025390402134799
-0.12301515785519257	-0.4388420605359381	-1.7439672222848983	1.8025362009018489
-0.09289945102750166	-0.1706906484214317	-1.110001394176252	1.1268845107343362
-0.8683445502804239	-2.233924735027823	-29.561145642605283	29.65847692427904
0.012072453823395696	0.04336053104341031	-2.753327538983767	2.757001635313281
-0.6887925163203998	-0.3432178416121595	-8.789294723607432	8.82402488327596
-1.4192596495440297	-2.703562987027782	-26.421820664371996	26.59801454241059
-0.042904207849104	-0.1963561532458027	-0.07619775146686653	0.21494791763879598
-0.038819842871498034	-0.15886136879730126	0.05969356688898181	0.17408973727549043
0.194566780493253	-0.020636199938163916	8.405350551673378	8.407627488259418
0.12409074296524608	-0.13535731706308168	8.55527676006998	8.557247253478522
0.35377209663107806	0.3873899332560108	5.697174948681989	5.721278533040712
0.16769537812277557	0.08214575506552306	1.7801089501732936	1.7898764763321218
0.041283272520192565	0.029891892356565128	0.6524483657231053	0.6544363719066837
-0.1865927544748213	0.0445591961566973	0.32003669806656837	0.37312982471786393
-0.01465882454431007	-0.029630288546507393	0.17668395641591206	0.17974998078205753
0.010735315710660423	-0.01827617492396348	0.04303855779863958	0.047974816629620456
-0.006525566903974412	0.17714641798514255	0.08370691012563931	0.19603643342799051
-0.10981013736927293	-0.07384303317768148	0.04146112676187508	0.13867258146549027
-0.2500612782169843	-0.032451202582809466	0.25160492106646826	0.3562144855525198
0.023937648949711284	-0.03357627583546545	-0.13624481671534994	0.1423482610291329
-0.1324181313363566	0.011266337984180374	-0.5251380177256507	0.5416931138006206
-0.006707908369650558	-0.008614094085302046	-0.050253980281967287	0.05142626941346681
-0.07346700709205574	0.23259448458304377	-6.274288182965768	6.2790277749260985
-0.16036582436010127	0.09069693904351353	-2.882719869001704	2.8886012143443685
-0.33953609223157644	0.04213185608599618	-3.696436372608168	3.7122367526823745
0.006270063651011966	0.0007252408892704091	-0.1464577856692404	0.1465937333438009
-0.026770355035976974	0.14635128106173825	-39.264156432802835	39.26443831242345
-0.0006543499457759422	0.08389775455751769	-25.137372066126645	25.137512086787737
-0.010671304781646684	0.3197656223610784	-12.043027215680148	12.057548845420555
0.35586368401767515	0.07117381224535643	-5.808494196568565	5.8198204014147095
0.23394139049565124	0.16618447589934576	-4.734861597703646	4.743549325518362
0.10438637600486252	0.21405696008971548	0.041908836837086745	0.24181242371581363
0.049534242327228	-0.0009794437383026933	0.04308215146732268	0.06565570994226155
0.17659626890083296	0.3426136139546241	0.3701531248460572	0.5344002867608179
0.036296093445703476	0.209200073419248	0.32544652838807514	0.3885839934401419
-0.1288150851161669	0.1921975614050206	-0.1901282892120359	0.2994695228603699
-0.028302869842416194	0.18169381356646672	-0.28968787948573765	0.3431220800977198
-0.0398540693584926	0.15958566183992734	-0.02153676613029496	0.16589081531136737
-0.41437685865645285	1.0700747431053061	-0.4890020101937859	1.2473536398293146
-0.2814822123103518	0.3801646158209893	-243.90468886021145	243.9051475581594
-0.038948644365694944	-0.0035063483640151924	-23.69829330703316	23.698325572865897
0.19029614620261145	0.12187528089637067	-0.7130121231169071	0.7479655707750288
0.05742491048229385	0.10739888736997603	-0.1924704815742289	0.22776529066041618
-0.030971884589450577	-0.03464908096539528	-0.04125673039682248	0.0621444627445186
-0.24028843108833983	-0.2985185257535268	0.06614047335866766	0.3888783904372465
0.007373598305157976	0.003704493148582647	0.048782048895933613	0.04947505953446597
-0.10089935361256051	-0.260448542099044	10.412050982103972	10.41579664627594
-0.3483321882664229	-0.27741147749851164	8.339591732684413	8.366283429408098
0.09883956342211364	0.007209041013832654	1.1705528120261295	1.1747404459335222
0.13931176711593599	0.06049548401231652	4.908705392589704	4.911054479771331
0.04302606042952713	0.02933100220353192	2.2645146240738105	2.2694091339180114
0.14492203187850913	-0.061253448711199886	0.4474726631596634	0.49443498003075437
-0.02045152431807267	-0.027416092606786117	0.5821595057664228	0.5831634394704135
0.20576406512859885	-0.11972832569502899	4.482465865280586	4.488783126402703
-0.1252159162352559	0.2616677993829623	3.2229015496336397	3.2359300767389083
-0.044863302513350994	0.14146851299591487	0.8779165293432271	0.89037266836743
-0.1576380864687693	0.05897534879713718	0.43633712182817624	0.46767290060102484
-0.08785598399799324	0.14359039652101918	0.7086128260035258	0.7283330371979722
-0.20256313179806223	0.13959152593079488	0.14848901434756925	0.28734405136950286
-0.0004204499233751366	0.08342210209605716	0.033924323369390996	0.09005711305795926
0.01943681909078291	-0.17469270909218415	0.19100493936381774	0.2595731484720829
0.00036713327594782054	-0.026330364120876804	0.19328462528243323	0.19507016489497028
0.09811300588386525	-0.020132181738010048	-0.19460015882794557	0.21886225915164376
0.032101664628230824	0.08304521349805861	-0.08326303976341887	0.12190167869429124
0.000231753993257644	0.000630498022197265	-0.0006796499020978175	0.0010836432340983193
-0.0992524247877724	-0.0010189768684645793	-0.1870040695839966	0.2117134955100575
0.03404554507276274	0.046040179280526644	-0.10682901773980878	0.12120741016430034
-0.0069571847884939315	-0.1149531541517363	-5.473533244614783	5.474744634224763
0.024352671180422496	0.01817535344210619	-0.39615568009662083	0.3973194167658855
-0.023857736458765447	0.022228764929140814	-0.23999490271170165	0.24220004728903333
-0.08513131340346627	-0.14758090102016777	-1.3358163047834433	1.346637636528111
-0.025693522963701365	-0.049029098728714665	-0.43302887329264417	0.4365527183176545
0.03753375355306757	-0.034809837053510415	-1.5631731284634625	1.5640111051273666
-0.02546129972967187	0.07817036809692074	-1.190154410520305	1.1929905301859145
-0.6390960307938158	-1.1762230510922214	-11.026828146613466	11.107784809647873
-0.780163618750214	-1.527339935935561	-15.394992517758533	15.490229732762716
-0.3738842185861975	-0.2368579974314473	4.502194039702498	4.526049278994622
0.025552030319774682	-0.040553480067064274	3.837397692981913	3.840234150413475
