0.0	0.0	6499.999932280723	6500.0
-2.9221872824838986	1.2928919820846732	152.0548447652467	152.08841693164706
-0.5038731571219088	-1.6404307367982611	2706.2483242024146	2706.248868295302
2.469503328956057	-0.4478422062100566	8.20317577297241	8.578525636475595
0.48300862685293927	-0.1434450001971393	39.44201696180272	39.44523514718642
0.34484459725585914	0.4563101992196327	2293.344313049988	2293.344408115692
0.12870388654097553	0.48251576190114764	1300.4839874862591	1300.4842124061179
0.0	0.0	-6499.999932280723	6500.0
-1.9076716856094937	1.0848995652675095	-408.4456484640987	408.45154421006293
0.8948097321532598	-0.005884855798973658	-25.01518104086558	25.031180587330685
-1.0684315592400537	0.25149224604604803	-78.82747060069349	78.83511220040087
0.19250567393949114	0.1670400284658251	-59.65333640163808	59.65388088509085
0.6013719268971338	-0.501611020865579	-109.05074489973624	109.05405597683226
1.2874159118596586	-0.9959359631148319	-5818.784280831624	5818.784559607902
4.440892098500626e-16	4.440892098500626e-16	152.06570946448272	152.06570946448272
1.5987211554602254e-14	-3.219646771412954e-14	2706.2422934694673	2706.2422934694678
-3.108624468950438e-14	1.3660947373318145e-17	8.391504649336893	8.39150464933685
2.3314683517128287e-14	8.382183835919933e-15	39.44294095783184	39.442940957831844
0.34484459725585914	0.4563101992196327	2293.344313049988	2293.344408115692
0.12870388654097553	0.48251576190114764	1300.4839874862591	1300.4842124061179
-1.1563113308542788e-13	-5.329070518200802e-15	-408.441560000644	408.4415600006442
-3.968763977401114e-14	6.461498003318396e-14	-25.02332061171321	25.02332061171275
1.402189941733693e-14	-7.15573433840433e-18	-78.9891567527911	78.98915675279112
-1.099120794378905e-14	-4.052314039881821e-15	-59.65376985102171	59.65376985102171
0.6013719268971338	-0.501611020865579	-109.05074489973624	109.05405597683226
1.2874159118596586	-0.9959359631148319	-5818.784280831624	5818.784559607902
0.0	7.105427357601002e-15	62.38273746151913	62.3827374615189
3.0788336452734018	1.467245463895867	89.63590280907928	89.70076420112204
0.0	1.7763568394002505e-15	2706.2422934694832	2706.2422934694832
-1.554312234475219e-14	6.830473686659072e-18	6.374836710764576	6.374836710764555
1.1657341758564144e-14	4.191091917959966e-15	28.707247110774645	28.70724711077465
-1.1074288609883345	-0.40748412835159387	-17.311117853994013	17.416005378727885
-1.0507772686258259	-0.35905960708474705	-17.307310693936298	17.407643726999424
-1.0507772686258259	-0.35905960708474705	-17.307310693936298	17.407643726999424
-7.771561172376096e-15	3.415236843329339e-18	5.045972476632475	5.045972476632464
8.881784197001252e-16	3.552713678800501e-15	5.0459724766323575	5.045972476632471
0.0	5.551115123125783e-17	0.35629206385658563	0.35629206385656786
1.1582664098775997	0.8634907072754148	4.569518312172534	4.792462298556131
0.0	0.0	0.2199948920163215	0.219994892016326
-1.4833432289740869	-0.6950487614273013	-17.94699260214596	18.021596582356032
-1.6046079063081322	-0.7854519027993838	-20.843434475459404	20.919858076893526
-1.9443896484352052	-0.785301833911655	-20.946537838255143	21.05124218388885
-1.7442613461871206	-0.7044738358303451	-18.790593910596883	18.884521453882083
-1.982041174554467	-0.6477155308744443	-18.504778315669892	18.62189150270862
-1.982041174554467	-0.6477155308744443	-18.504778315669892	18.62189150270862
-2.9640218758495394	-1.4063270911256598	-16.208246721126073	16.536941777143763
-1.855887997666315	-0.8870898272999632	-4.200653609686469	4.677257676262229
-2.6305817631552797	-1.4646261020112448	-9.039538291104488	9.527766923454998
-2.781643399507337	-1.4645593837361428	-9.071137501723344	9.600417166232154
-1.7845777973447765	-1.194985072212101	-4.9370426919866475	5.383966732817413
-0.9970656021625548	-0.26957431152403877	-6.435672686068571	6.518028309746629
-1.0706734494009298	-0.2515686341082092	-6.277636935347768	6.37325300807693
-1.0706734494009298	-0.2515686341082092	-6.277636935347768	6.37325300807693
-1.8550573739480773	-1.345510597425252	-7.0235125020589955	7.387920173837951
-1.895729957545155	-1.3329987772671126	-6.765617926530783	7.151521777910236
-1.895729957545155	-1.3329987772671126	-6.765617926530783	7.151521777910236
-1.587618925213974e-14	3.2307490016592055e-14	-23.743330699251374	23.743330699251146
-2.7755575615628914e-16	-2.220446049250313e-16	-23.225311420174506	23.225311420174734
-0.5736100660582025	1.1542350337230947	0.3020557795003356	1.323829564138304
-8.326672684688674e-17	0.0	-23.22531142017465	23.22531142017464
2.220446049250313e-16	-1.3877787807814457e-17	-23.225311420174663	23.22531142017464
-1.1546319456101628e-14	-2.636779683484747e-16	-23.22531142017467	23.22531142017464
0.0	0.0	-20.947094506681164	20.947094506681164
-4.094721863712564	-0.09738504950214036	6.333135056452404	7.542203300912713
-1.1102230246251565e-16	-4.440892098500626e-16	375.1320557389455	375.1320557389455
1.1102230246251565e-16	1.3877787807814457e-17	99.30430837482288	99.30430837482285
-0.2841075308563632	-2.0813144276017774	275.7591340535722	275.76713473655934
1.0658141036401503e-14	2.5673907444456745e-16	96.27244065969329	96.27244065969327
1.361632207962742	-0.1711780306103581	0.5027850482246874	1.461552938707125
0.0	0.0	96.27244065969325	96.27244065969325
18.97108191230402	8.093396459149776	89.72488575426848	92.06497780798547
-18.97108191230402	-8.093396459149776	-14.399539601256404	25.154557358388928
-15.105079742685529	-8.00145106573975	-17.93701513768199	24.777472938936857
-15.153453854713723	-7.9953696987001885	-17.516764531269562	24.50285983288017
-15.143460319090995	-7.922159073794766	-17.39582540711081	24.386466255303816
-15.149838202660426	-7.936141265502691	-17.423291223382297	24.414565587116268
-14.63319032279698	-8.975755314006234	-17.40457021840185	24.446134806292033
-14.63259311492886	-8.975388996642922	-17.403859905336276	24.44513711380432
-14.630787270737445	-8.974281321881655	-17.4017120523159	24.442120279500415
-14.623291988776009	-8.96968384071649	-17.39279723891386	24.429598698819856
-4.523961844328197	-3.302948687026233	-6.505971671272046	8.585066580141358
-10.100241476539592	-5.6664440506134515	-10.856958910399808	15.874414094550167
-4.656171471990286	-3.1931703730319025	-6.682353572042766	8.748149465434253
0.1322096276625589	-0.1097783139939866	-1.1036080116910956	1.1169070271686934
-4.3804553850928665	-3.1955651130765297	-6.764118109286669	8.66910142800755
-4.3804553850928665	-3.1955651130765297	-6.764118109286669	8.66910142800755
-9.16564640812611	-5.721461754468398	-9.61235724235691	14.461729164983387
-8.735629003099051	-5.725672127694953	-9.774229425380735	14.304897631707515
-8.735629003099051	-5.725672127694953	-9.774229425380735	14.304897631707515
-0.9370896225765672	0.055814529072333474	-1.16284881984093	1.4944797088624873
-0.8896056795662891	0.05541081643403442	-1.1792479177401525	1.4782064386238565
-0.8896056795662891	0.05541081643403442	-1.1792479177401525	1.4782064386238565
0.6845004990588968	1.5006258891085302	2331.075950237937	2331.076533749309
0.6845077047318604	1.5006113896416124	2330.3314804083316	2330.332064098906
1.6535447113803903	0.8669174420051498	1829.4888794848393	1829.4898321430094
-0.9696342145166714	0.6333276302731419	500.84189061043	500.84322964838725
-1.61488062369573	0.7167179106382848	426.8931146690136	426.8967707488589
0.6434405649876545	-0.08449795512640179	73.9466280883959	73.94947573383217
1.223934077361065	-0.2769142881733595	54.667833567008195	54.68223407157783
-0.5879887943348467	0.1878188518817927	19.269879707985684	19.279763242934905
-0.5870774622430686	0.18752774880498357	19.240013050743674	19.249881267063245
-0.5845829080799856	0.1867309235875947	19.158260202541705	19.16808648776754
-0.5879734230022695	0.17511950549871172	19.147832635582688	19.15765837015714
-0.5879734230022695	0.17511950549871172	19.147832635582688	19.15765837015714
1.1336908974559623	-0.25649682747140634	50.63706162380754	50.65040034952111
1.1396481123475204	-0.5200358071174189	69.30961157384425	69.32093112168815
-0.08284040928469824	0.45415623036742475	45.36202156269272	45.36437060810159
1.126941433861513	-0.562064967687911	69.33015390672175	69.34159036792441
1.126941433861513	-0.562064967687911	69.33015390672175	69.34159036792441
-0.09124469478916908	0.4266592005641129	45.36071844992724	45.36281673310577
-0.09124469478916908	0.4266592005641129	45.36071844992724	45.36281673310577
-1.340385025165471	1.2373496543387572	570.5131028056439	570.5160191783453
-0.744732253162206	-0.0361347176474513	153.59769891051022	153.59950860094077
-0.5054095920983017	1.253066911285406	420.94617583908325	420.9483443002103
-0.4285263977054918	1.0624496605634697	356.91160432610576	356.9134429196937
-0.4949463533037637	0.846105694673821	356.9048953830066	356.9062414908083
-0.4949463533037637	0.846105694673821	356.9048953830066	356.9062414908083
-0.7732957890398047	-0.12923374691272807	153.5846499516442	153.58665107524152
-0.7732957890398047	-0.12923374691272807	153.5846499516442	153.58665107524152
-0.0567151850632793	-0.40645422097530004	97.33318459734463	97.33404977450968
-0.07482161980664781	-0.46545407259993654	97.33230689013692	97.33344856894965
-0.07482161980664781	-0.46545407259993654	97.33230689013692	97.33344856894965
1.4357642979123015	0.7527399192345634	1588.5357066861582	1588.5365338743068
1.1400052971711858	-0.2101901230025386	1588.5651910201696	1588.5656139778848
1.1400052971711858	-0.2101901230025386	1588.5651910201696	1588.5656139778848
0.07069785956557012	0.003734207173005183	1164.7989118047706	1164.7989223181373
1.2196325922366822	0.03579152428145134	1527.7740907313096	1527.7747461476733
-0.4864066839409422	0.07293881114823737	552.0786513262778	552.0788869186854
0.07713704108060646	0.045323580848738276	58.97217091895007	58.97239326027347
0.04207416595427623	-0.3208018352369515	379.96007593649165	379.9609958151677
0.03941269763107513	0.45715974260892156	248.96587309028433	248.9663350571387
0.16493145083600586	0.15153870431054034	144.97022539821137	144.9713609111073
-0.007395145445064588	0.2755268883638524	127.53739694251517	127.537771144128
-0.5159655060753782	-0.24093724800224792	136.1615108066337	136.16506811575522
0.16122325059108705	-0.23265347150388677	64.04175020776832	64.04430892718436
0.1940292037208294	-0.0762889065525679	75.80357831238518	75.80549827026516
-0.8756469375615413	0.402243241514017	85.25735497244332	85.26699662717434
0.49434968331281504	0.28635033395820675	17.98868019539776	18.006085996627498
-0.0015493386940990117	-0.33046299273338564	11.771889705330635	11.777354338279292
0.38782802053637583	0.04120486816513336	4.9820499560196705	5.027232817509974
-0.03491692925709461	-0.09670853843227184	4.655230026922428	4.658456624442761
0.03841426676184062	0.34947833457696187	5.033861683842137	5.097534335471504
0.06866775250296289	-0.1985951933282213	8.89577796482479	8.899283145900526
-0.11775553412847553	0.016046909677594257	-0.021655698375922863	0.1811420403998821
-0.6500186256518685	0.32523250950047716	1.8432253461814574	2.1320584837026764
0.025812134080782298	-0.20912970687959068	-0.4229705119960079	0.4927325232654251
-0.056180237972926705	-1.3953025716450163	1.3047078078641863	1.9161857254399064
-0.836114667100853	0.5375677601917619	-0.43600024754156175	1.094368692029821
-2.141437122039803	-1.1453772775127082	-2.5597282770923986	3.5310155066834468
-0.6258424197359065	-0.3647081469504996	-0.5178289196503176	0.9012864925866675
-0.4042432919839052	-0.6485149197128459	-0.5820632260214469	0.9707016143958132
-1.2273972334732344	-0.6526481391970355	-1.815832707100308	2.40986227968612
-4.198905178842862	-2.541049640907542	-4.796253268289062	6.9225186756830945
-1.0881787274450367	-0.8368876533836093	-2.1496119288567446	2.55437372301569
-2.2781679215272037	-1.494245464969483	-4.159628724294971	5.199180314628533
-2.5358882518925725	-1.695329970315087	-7.703309796502032	8.395063614912939
-0.8446131049737211	-0.23062714957549646	-6.339418562920365	6.446519765324441
-0.8250771018965153	-0.4810409320436812	-7.85306100226179	7.988039350756565
-2.6479126287095864	-0.7287449413555648	-26.442528300236177	26.660664640365255
2.4334716127431175	2.9357927684077154	53.01962718386358	53.1565756043866
-0.18663515696608712	1.6871576631364453	53.08699338947176	53.114124306024614
-0.18562652217017117	1.6780397351280438	52.80009466359021	52.82707895618013
-0.18473111615279425	1.6699453806215958	52.54540302832433	52.572257156874755
-0.18421527162621043	1.6652822128660894	52.398674858681616	52.425453999566095
0.14741704816544332	2.0947040002017543	51.08010969206339	51.12325422728662
-0.3224616907436889	-0.38405264890985497	1.2723501092816585	1.36760841607567
-0.19668564827128746	0.0036722181188836717	11.283255432820626	11.284970176819167
0.3037564963715379	2.0429793608084705	39.95604988940897	40.009398338924264
-0.41354094365180283	0.0996188369724756	11.281008000683014	11.289024826628308
-0.41354094365180283	0.0996188369724756	11.281008000683014	11.289024826628308
-0.4647317830329102	2.3830070104930186	39.949430648041016	40.023139646270344
-0.4647317830329102	2.3830070104930186	39.949430648041016	40.023139646270344
-0.28211549067850017	-0.3360002276354156	1.113154479116666	1.1964941276200705
-0.3045071887678641	-0.3260682055036766	1.1120018697856449	1.198162451864713
-0.3045071887678641	-0.3260682055036766	1.1120018697856449	1.198162451864713
-1.1896113083934544e-13	-2.664535259100401e-15	-355.02938726728996	355.0293872672901
-5.7774517058576296e-15	-1.3322676295502005e-15	-337.7756782828469	337.77567828284697
-2.444488988915637e-14	-6.661338147751002e-16	-337.20926816126985	337.20926816126985
-8.881784197001252e-16	-3.3306690738754696e-16	-336.89227167196316	336.89227167196316
-3.9968028886505635e-15	-5.329070518200751e-15	-336.8922716719633	336.8922716719633
5.329070518200751e-15	-5.329070518200751e-15	-336.8922716719633	336.8922716719632
0.0	0.0	-78.89075387433591	78.89075387433591
-5.0878981611509495	2.4529495540997153	-256.84350126265383	256.9056009706134
-1.1102230246251565e-14	5.551115123125783e-15	9.281956617490081	9.281956617490081
0.0	0.0	9.281956617490087	9.281956617490087
-10.177601996796623	-21.002353557584666	-12.491167589111702	26.470959655861794
10.177601996796623	21.002353557584666	-57.11762966773413	61.70175083596422
14.009108718971111	19.15512855267971	-57.9218694840854	62.594864338067424
13.39654389065505	18.416117099357677	-53.07587273668277	57.7552510512424
13.281071021235716	18.361087479904654	-52.51703931043947	57.197515670263634
7.464933030530833	15.749921259191941	-41.34075718463473	44.86472388659029
5.815129355908968	2.620284148721118	-10.88938339992319	12.619837133517859
5.154873515696488	3.8160535436074037	-8.884108982329813	10.957297934272887
2.7438178351112024	3.2002428967290997	-13.544029039765109	14.184879750647871
2.4952835492302343	0.315670350773129	-4.60805112242028	5.249783129640219
2.658694560448878	3.508477547340723	-4.021366224643664	5.9623366039380254
2.296341992721335	1.7230540921846882	-2.0511748201731095	3.528373576457284
0.3618367232009597	1.790086622911541	-1.8234632348278375	2.580766184789402
0.35266609415299494	1.7447174844857316	-1.7772481774912734	2.5153575409932074
0.3355270077526641	1.7535677101416633	-1.779830829442626	2.5209870821599525
0.3355270077526641	1.7535677101416633	-1.779830829442626	2.5209870821599525
2.2691838058739995	1.7367097667427427	-2.0395908908892655	3.510738805570543
2.2691838058739995	1.7367097667427427	-2.0395908908892655	3.510738805570543
0.10917471252118321	0.7606732891378256	-1.0933487184182051	1.3363960456124422
0.10115340642422319	0.7649394793877443	-1.0947989462291532	1.3393838700767156
0.10115340642422319	0.7649394793877443	-1.0947989462291532	1.3393838700767156
3.82960656180798	1.2386158799396967	-10.640093476759766	11.375923914586775
3.77126695459919	1.2709078343690636	-10.615998109850597	11.337419328694866
3.77126695459919	1.2709078343690636	-10.615998109850597	11.337419328694866
1.30032011001228	1.5166240784247116	-6.41863796700744	6.7223429200888996
1.2667387986320424	1.5353543790346655	-6.413690518389442	6.715457268039109
1.2667387986320424	1.5353543790346655	-6.413690518389442	6.715457268039109
5.381371035632159	11.35390896757662	-29.80200256246319	32.34238333518759
3.9996093015281238	10.300184811045902	-27.99605728313513	30.097672752343442
1.354765219264924	1.0666589823653707	-3.1659981047048973	3.6050928119794214
3.8437025912182285	10.386295875290827	-27.997441238039105	30.108236539131205
3.8437025912182285	10.386295875290827	-27.997441238039105	30.108236539131205
1.337558083417121	1.0531111397193942	-3.1257861486353136	3.5593038288570114
0.8644859681530769	0.975018964528675	-1.7818492901422758	2.207483830768595
0.3671904994338662	0.14933639717295608	-8.7404921041923	8.749476124079832
0.8510973720672049	0.9821174002768788	-1.7784470831107009	2.202679130534314
0.8510973720672049	0.9821174002768788	-1.7784470831107009	2.202679130534314
0.3262729504755441	0.172596057328752	-8.738345932892033	8.746138180940669
0.3262729504755441	0.172596057328752	-8.738345932892033	8.746138180940669
-5.096038571772702	2.4431287867194627	-256.77299717397125	256.8351817121196
-5.09757309763721	2.4423974948169636	-256.80976732133917	256.8719664514766
-5.070576582798096	2.4294626689824357	-255.44971449596488	255.51158422234397
-2.8467297689739866	0.9582359752743512	-101.34104840990658	101.38555212347023
-2.206639677976287	1.4847745363540428	-154.1488780421265	154.1718210819948
-2.100758062146106	1.4135303143717954	-146.7523227964266	146.77416495600272
-2.7865673374173445	1.80351971458731	-146.77320286305445	146.81073094146146
-2.7865673374173445	1.80351971458731	-146.77320286305445	146.81073094146146
-1.8294480820022623	1.0626462557898593	-93.03830722521927	93.06235924735614
-2.2643865781952153	1.3099628958481624	-93.05565089570787	93.09241436866841
-2.2643865781952153	1.3099628958481624	-93.05565089570787	93.09241436866841
-1.017281686976175	-0.10441028051401041	-25.556450169206393	25.57690186063322
-1.0482301392180862	0.019071482962737286	-27.068425985501335	27.088721554897887
0.030948452238073257	-0.12348176347714031	-51.90019691727259	51.900353039302914
-1.174946091928443	0.09110839262285204	-27.076377152222072	27.102010972389397
-1.174946091928443	0.09110839262285204	-27.076377152222072	27.102010972389397
-0.2114549428146355	0.014373923637018837	-51.90013042675121	51.90056317725568
-0.2114549428146355	0.014373923637018837	-51.90013042675121	51.90056317725568
-0.18664813528071644	0.17774762807146804	-11.891919075069971	11.895530707732288
-0.3989672179900162	-0.04703969030322408	-87.25432638394376	87.2603097179593
0.41674744132639613	-0.2415300495078193	-38.54843220955469	38.5628893211362
-0.642787734343992	0.16039962546270042	-63.24470000341917	63.248313829177775
-1.9185584883464881	0.919278680330722	-88.49657484901617	88.52383769129838
-0.41967054071386745	-0.14550586385827663	-6.109783541924273	6.127395029596913
-1.1995615011964533	1.0578699685937636	-71.03164049322783	71.04978161549597
-0.5156510695491299	0.1393457448433387	-10.866067307270297	10.907283876031922
-0.42266957954789275	1.1035215629207469	-43.670917117604276	43.690337042971734
0.10300373989388287	0.09035407956223046	-8.520339920786174	8.552588660368087
-0.09099962636901521	-0.24383163421966547	-4.489188557950517	4.524175551277755
1.0072660794858854	1.9358644035743353	-6.627292490536988	7.035717254036867
0.058481736569841014	0.5062248545303952	-2.316842354812203	2.376325314179079
1.3747760985263684	3.8496359022120012	-10.885236485764587	11.640370220667364
-0.07356766884776741	0.1395331471186464	-0.6411499504433831	0.673924743868394
1.1395640522929993	0.7543057304326632	-2.062045151069675	2.4777193856835265
2.041321011566521	3.1778517376297093	-12.991384001972328	13.553391295010623
1.3527189033142182	2.3609462701928026	-5.271225131603267	5.9832469039842575
1.6078232590315849	1.0799184355335556	-5.269833139067921	5.666928847243211
1.21892738292894	1.6329744238353352	-2.836592977164716	3.6584798190228662
-0.0378266705093151	0.13632385204119746	-0.30723195714334106	0.5984366863146826
1.300756259591733	0.4204433148645194	-1.870639526195863	2.368913592186854
0.9017482969546783	1.2706563291723953	-1.613969430657715	2.4164018212395546
0.27150002880226415	0.41960253312474893	-0.9805687224690306	1.4058999437838477
-0.2261872251074538	0.3338784617975411	1.4738898807698655	1.7051430698978924
0.08734014778112889	0.28159312264705616	1.0156988419189847	1.4138308663033623
-0.24214593450382677	0.6951434593285637	6.693926531553395	6.799328061314478
0.2466868689704642	0.30223678678945076	8.26303652170998	8.325282255793145
-0.5670221986930809	0.019583003866204672	8.267146056081774	8.287766970984379
0.23266622472057444	0.13604380389500756	11.21695557766826	11.280414563737166
-0.560580022405056	0.6262822364705087	28.105457341307105	28.128715404858944
0.5041811956668749	0.08685601969592037	37.243275784825336	37.252943600623475
-0.022752824792502957	-0.03603026470795345	91.4974061819008	91.5022401128609
-0.5567512873236325	0.09490879911072092	102.65729417300065	102.66314732357947
0.14605675450964592	0.29594035045538686	117.65660362239989	117.65714924733639
-0.11500161355380112	-0.20423091730233656	528.0319252885403	528.0328109219676
0.06066769181300046	0.6718199640606982	410.1874631954458	410.18838370311107
8.104628079763643e-15	-3.577867169202165e-18	-76.68757887645864	76.68757887645864
5.329070518200751e-15	-6.661338147750939e-15	-42.20082425017568	42.200824250175664
1.0532241372504068	-0.0004651697110528649	-11.573241636734927	11.621067217855884
0.9012960877868066	0.03564870281053445	-11.712007625110736	11.746690090341355
0.9012960877868066	0.03564870281053445	-11.712007625110736	11.746690090341355
-2.4424906541753444e-15	-1.1102230246251565e-15	-14.717566754033765	14.717566754033765
0.0	0.0	-14.717566754033763	14.717566754033761
-6.106226635438361e-15	6.106226635438361e-15	28.70724711077465	28.707247110774652
8.881784197001252e-16	1.7763568394002505e-15	28.707247110774656	28.707247110774656
0.0	0.0	5.580515821749415	5.5805158217494135
-2.2629553298032574	-1.2686029758633035	22.910731539378666	23.057145096575486
-0.22090364172195107	2.6027978548064734	5.108470408377771	5.7375800652524696
0.22090364172195107	-2.6027978548064734	-14.24552134066212	14.560502510530709
0.28476765894807876	-2.566995962813009	-13.645651748829621	13.968692585314413
1.9093425965664563	-4.284087272989899	-13.45052605975355	14.323604441542159
2.2737652619112327	-4.149996084498518	-13.473793742109914	14.35916410424184
1.1211165857895014	-4.305922874243258	-10.884060461543356	11.853718670881092
1.2284139129444653	0.2909250173453114	-2.4235116167423474	2.732589735711896
1.0285564268716454	-3.633959168045909	-9.38511810470386	10.227122244185999
1.065360893676188	-3.6080060405608303	-9.401390532232496	10.23664228944476
0.17190978624624503	-0.11004476409912467	-1.100891063602521	1.11965349936165
1.2372706799224331	-3.718050804659955	-10.502281595835017	11.35629578880641
1.2372706799224331	-3.718050804659955	-10.502281595835017	11.35629578880641
1.1406253208644814	-1.6710676676106173	-10.16702341732131	10.558874332100496
0.2747110940189855	-1.1118898357298765	-2.3053544883451407	2.621096040077434
0.15861805031782153	-0.07425059635433894	-3.2485751011538238	3.290536881297971
0.5046897874527935	-0.20502573023757328	-8.071978392755025	8.137057788038653
-0.1874218899197138	-0.4277805058583397	-23.1145110870251	23.13534326734735
0.030450887786964836	-0.36572134450154425	-14.92096364211079	14.947755711433219
-0.358331733675498	0.2984107077246722	-19.035548325689938	19.04765787659786
0.202288238004393	0.20417091040253113	-46.15370303036471	46.16313127405029
0.27080922240627625	-0.3802689928423318	-303.0454674645978	303.0468196873517
0.593879561146803	-0.23978601106142935	-231.61237704049654	231.61524096228692
-0.1238937581055176	-0.06217700044988653	-747.6317481379364	747.6317740166038
0.020721663079737326	-0.3345591345497006	-610.2896866703832	610.2902505590189
0.6291244301649833	-0.3724793247578194	-2041.4998110952267	2041.5001582248346
0.26971180601937406	0.06408646086200581	-1779.9018221591148	1779.901848865962
3.036403714094249	1.4470251041009732	88.40061515616937	88.46458268231433
0.7110254545425165	1.5549686133175982	1.7923079240983268	2.477065255538478
0.47388045198907136	-0.6794730607610662	2.4796615531784383	2.6143771230235107
8.326672684688674e-15	5.717648576819556e-15	-64.72700312240113	64.72700312240113
-2.220446049250313e-16	0.0	-64.72700312240072	64.72700312240072
0.0	0.0	-64.72700312240059	64.72700312240059
2.9640218758495394	1.4063270911256598	-48.2987615092582	48.41005623727316
-0.12964872564480484	0.06969752713182956	-0.0694741175860667	0.16276728898638182
-1.0148421602422042	0.7786549519773261	0.5499532245002834	1.4309286123291178
0.005044750067984549	0.48251557139108847	0.5195587245262904	0.7821048487060431
-3.794506490970222	-0.09024500680598413	5.8688044950899325	6.989226700634077
-0.7872903440223662	-3.1844387604978333	275.77837068765024	275.79787928017174
1.3644421727284604	-0.1505927958919621	0.5034721701705639	1.4621439255527402
19.19980160639809	8.098836115241893	84.65100932074822	87.17807584001834
0.2858825481880707	-0.011021525313828938	153.37020226806192	153.37053261248238
0.9337500440486118	0.046813049595280286	1374.403888463248	1374.404213535191
-0.46251883834565793	0.08240638687280262	477.37952543714835	477.37975661006556
-0.02388784559528418	-0.009467575724565257	74.69912588912945	74.69913030861984
0.08713545569690982	0.0834674370741752	47.94601130734174	47.94616313829954
-0.00999841461630337	-0.03814385622543692	11.026159611608326	11.02623012197393
0.2692392127766358	-0.28884468495078897	111.2895213775819	111.29030941300272
-0.22716504682235958	-0.03195715028616253	268.6705545589097	268.67068640216496
-0.1335644237270555	0.13850230895260646	73.34075631815864	73.34114151994973
0.29849587456306137	0.013036395357933897	71.62946908005273	71.63021939115755
-0.33052749371522977	-0.47243013754889884	62.143461156870536	62.14629259255407
-0.18543801236014842	0.23149288954665087	74.01804964976316	74.01877552320116
0.16122325059108705	-0.23265347150388677	64.04175020776832	64.04430892718436
0.1940292037208294	-0.0762889065525679	75.80357831238518	75.80549827026516
0.04643460471982669	0.15318663633279933	5.973800889569033	5.977574689720086
-0.9220815422813682	0.24905660518121775	79.2835540828743	79.28942193745425
0.13914161140637024	0.09812115618282206	4.578965025320099	4.584116976345619
0.3328064885217501	0.15277138517870067	7.138259759587982	7.148920985063737
0.02240158338469464	0.03545779259668401	6.271455410489676	6.273048035218141
0.45079058665753835	-0.1434573127700804	3.2548296070523994	3.2890284165010097
-0.06296256612116255	0.18466218093521375	1.727220348967271	1.7382044010089643
-0.23677806730299797	-0.05898618475911781	1.3979085821643018	1.425893198011965
0.27519233406483856	0.40846451933607975	3.6359531016778357	3.6716411374595395
-0.003404650610979602	0.0029635280405351143	0.010524482167280858	0.011451588061019662
0.0720724031139425	-0.20155872136875638	8.88525348265751	8.887831557839506
0.0071470308483735645	0.04968137943993029	-0.0013890607185130036	0.050212040415438856
-0.1249025649768491	-0.033634469762336035	-0.02026663765740986	0.13092999998444324
0.07814989071751544	0.060269685471214016	0.8376560595875516	0.8549194695816105
-0.7281685163693841	0.2649628240292632	1.005569286593906	1.2771390141210661
-0.750094087950465	-0.33257046051520883	-0.8931722103329137	1.2128482383614696
-1.3913430340893382	-0.8128068169974993	-1.666556066759485	2.3181672683219774
-0.2148095751258055	-0.3886405804421083	-0.26950840105651014	0.5378654269165705
-1.012587658347429	-0.2640075587549272	-1.5463243060437981	1.8719968527695496
-3.6655626336648397	-1.866459751940277	-4.07857018039918	5.794327909971464
-0.5333425451780226	-0.6745898889672651	-0.7176830878898826	1.128190765711631
-1.2932215853760194	-0.5667250244632837	-1.782322441514097	2.460297622780656
-0.9849463361511848	-0.9275204405061996	-2.3773062827808746	2.738882691847878
-1.216115208704824	-0.8556468849937229	-3.7844775669210184	4.173263714656798
-1.3197730431877484	-0.8396830853213643	-3.918832229581014	4.22179990025614
-0.6981423738724	-0.34596661323349415	-3.1256366997626226	3.2243108155808153
-0.14647073110132114	0.11533946365799769	-3.213781863157742	3.2222089497436257
0.22314632772939308	-0.17288392996076601	-2.7177001087488057	2.735883185154487
-1.0482234296259083	-0.3081570020829152	-5.135360893512985	5.252156165602079
-2.4018626691423783	-0.6597347671742431	-24.154070337280057	24.354030201326236
-0.24604995956720851	-0.06901017418132173	-2.2884579629561217	2.306634439039018
-8.921210557820165	-21.608078106779423	-12.84494430773392	26.67376298077248
-0.3514881199406489	0.13868984764139464	-31.378423979368883	31.380699007532165
-0.29129961440334307	0.0217097778213058	-31.866276024050286	31.86761482164561
-0.3160151697179255	0.15804923501912538	-13.221445533125273	13.226854755911559
-0.23461392456948246	0.13032854907267935	-11.517738919405579	11.521656071949696
-1.36792939405908	0.6309008962389173	-63.75739039648531	63.775326863437115
-0.2554471952299803	-0.02306433307478139	-3.052507856539672	3.06326450820811
-0.16422334548388712	-0.12244153078349523	-3.0572756853846013	3.0641305213888033
-0.08003547773564892	-0.1858365023755304	-6.584882754862039	6.589468989493083
-0.4356155918134809	0.3251822472188691	-4.281184552408258	4.31781488653884
0.07536200751309219	0.005019225505753233	-5.119124787630654	5.119681944821929
-0.4980315870609849	1.0985023374149934	-38.551792329973615	38.5706550981498
0.1737687181097886	0.3263254824056558	-6.599050771949044	6.610872466136527
-0.07076497821590577	-0.23597140284342533	-1.9212891488371298	1.9417161942315593
-0.09099962636901521	-0.24383163421966547	-4.489188557950517	4.524175551277755
0.9323040670009273	1.7280969406909923	-5.109663402614382	5.496170479541991
0.07496201248495787	0.20776746288334266	-1.5176290879226042	1.539546774494875
0.11082219827110651	0.4598789810762727	-1.8055723455889199	1.8665105764556666
1.263953900255262	3.389756921135729	-9.079664140175666	9.773859644211697
-0.11053278699665983	0.10036838223604953	-0.403166285773131	0.42992367129297776
0.036965118148892404	0.039164764882596854	-0.23798366467025206	0.2440010725754162
0.03447698474118989	0.1736442959047425	-0.4509842015050001	0.502938718318843
2.0068440268253314	3.0042074417249673	-12.54039980046733	13.050452576691782
0.1843209762972378	0.30218414425100415	-1.0728224071359218	1.1382957355155086
0.6053240049286265	1.2077419660934656	-2.761579869633266	3.0774763961515337
0.5630739220883538	0.8510201598483325	-1.4368228548340787	1.7674747723172157
0.8995007091847083	0.45603340014367444	-1.794827845011225	2.0634812250170906
0.7083225498468761	0.6238850353898809	-3.475005294056696	3.6034476222261196
0.795010750249052	1.4718936882171936	-2.675747488843646	3.158736698646827
0.4239166326798877	0.16108073561814135	-0.16084548832106932	0.49974312037603874
0.4426929812325917	0.8564134217561136	-0.649839232597683	1.263104110997886
0.4590553157220867	0.4142429074162819	-0.9641301980600322	1.1532977102416686
-0.07256550702548945	0.2516442717051722	-0.7574585726376623	0.9413044268217254
0.3440655358277536	0.16795826141957682	-0.2231101498313686	0.46459551696212237
-0.2880074435814863	-0.11484053584736581	0.8974727700177635	0.9597258952718795
0.06182021847403245	0.44871899764490697	0.5764171107521021	0.7454171746260132
0.2826969858369318	0.007863057285183495	10.048001069401842	10.095675088723475
-0.05003076111635741	0.12818074660982406	1.1689545082664174	1.1847394750136908
-0.43566937338890793	0.5823555268669829	17.986337270913065	18.001576430149612
-0.01956141853085394	0.1232932008719989	3.2214955059181287	3.2269330550891357
-0.1053492304852941	-0.07936649126847303	6.897624564475909	6.900205919620195
-0.02797375551413915	0.1911191809598816	6.131262294907776	6.135891637422074
0.5321549511810142	-0.10426316126396118	31.112013489917572	31.11705196320141
-0.08595665679834368	0.36752021843549243	221.4800422066084	221.48040779103633
0.16180920634904036	0.24270419712311037	98.14767979803877	98.14821250063503
-0.01518485773769625	0.06159554850209539	90.5597411907986	90.55976341143966
-1.7316934852416632	1.8303100500599245	-27.340165547745315	27.456027560160592
-2.254341697964993	-1.277707137226416	22.724677080895	22.871937837679127
1.9781876708551778	3.8355989386763127	4.724600566191841	6.398976182918528
1.1534750498822919	-0.8310235335014725	-2.9311757361996573	3.257744004740064
0.1674990219800316	0.4499848446494322	-0.9912782373821967	1.1014421576669364
1.0762421125690071	-1.5614742011598957	-9.340026276523613	9.711348641229316
0.06438320829547414	-0.10959346645072165	-0.8269971407976965	0.8475256908711787
0.23719869528276916	-0.4874784224148499	-5.89186591728731	5.918400307984901
0.2674910921700242	0.28245269217727664	-2.180112475467713	2.218657480053752
-0.350964888258376	-0.46443941198111094	-18.16178428301637	18.177816387163013
0.16354299833866215	0.036658906122771284	-4.952726804008729	4.957526880184337
0.002844272184177328	-0.33808971865027904	-7.097953436266079	7.1234030802168355
0.02760661560278751	-0.027631625851265162	-7.823010205844708	7.82435263121638
0.3408238951529851	0.3212179935613704	-29.84098113720022	29.848804211722356
-0.13853565714859212	-0.11704708315883919	-16.312721893164497	16.314327062327944
0.14997297256714673	-0.4701653908280159	-105.31177586894759	105.31302466382584
0.12083624983912952	0.0898963979856841	-197.73369159565016	197.73379502352583
0.06145321376713878	-0.013630559664118674	-40.388571060254655	40.38886126599479
0.15311914651235242	0.056335555919525035	-75.83596197774328	75.83626591573783
0.37930720086731184	-0.28249100731683574	-115.38784400249864	115.39011378055432
0.04576457654767638	-0.24949724602158896	-583.788747983168	583.7888197754492
-0.025042913467939052	-0.08506188852811167	-26.500938687215136	26.50143078356961
0.1340053791707353	0.08710994440676778	-718.2133483120639	718.2133660961832
0.1357064268486387	-0.02302348354476197	-1061.6884738470508	1061.6884827697786
2.786993230119357	1.3281663272320217	81.13938039103073	81.19809361861832
0.7054543411366592	1.554971073870031	1.7727424812658659	2.4613445051202647
0.47278442032546664	-0.6794725766848717	2.461230601706657	2.596702556194405
3.3392312266404076	1.5821385887272612	-42.223064846711026	42.38444092763885
-0.11720662766489183	0.06751448602230042	-0.04837775395791624	0.14365238066055291
-0.9992725023271476	0.777961076709638	0.5320037776686906	1.4126913995052672
0.009617303969587859	0.4820901719866596	0.5197830853858126	0.7820344508491742
-3.8854354696432316	-0.07881384103035582	5.990845042144622	7.140941445586041
0.6192921711212431	-3.0690075915821735	255.1984097422923	255.2176143321329
-1.3441164179170815	-0.12251481995389214	20.603090060160433	20.64725112098713
1.3626488506464132	-0.1545242839588516	0.5045434740126867	1.4612507524958833
12.67275367700266	6.110443858937911	47.03239745511259	49.09157382165394
6.226832556653018	1.9812522136077884	38.08294242699767	38.639478618642606
-0.040351986768565024	0.006932163964913082	13.879310321574897	13.87937071125018
-0.18681306005379456	-0.03888931425107561	254.7912442373348	254.7913156909148
0.25434423049785804	-0.03656377486979901	61.15366253089898	61.15420238086911
0.044151644065203374	0.04960017022773291	10.475806549153765	10.476017010288457
0.15239383949929283	-0.11824559036632569	56.09346705335489	56.0939723299453
0.008829411091794193	-0.11440788113756105	7.948283154413412	7.950336597239052
-0.908120291977944	0.25496944706869834	76.3105416162944	76.31637081030412
-0.013961250303424329	-0.0059128418874805425	2.9730124665799065	2.9730511271501436
0.08226056132410921	0.08282862001930649	4.082726238319282	4.084394804289169
0.05688105008226103	0.015292536163515575	0.4962387870008175	0.4997221720564496
0.17431352208846798	0.15185852841987135	4.038104897116576	4.044717218391616
0.15849296643328215	0.0009128567588293363	3.1001548624714066	3.104203766672121
-0.0133037669407731	-0.03725396714894261	3.9166114028228742	3.916811168413063
0.03570535032546774	0.07271175974562663	2.3548440076668014	2.3562368668050775
0.11442253938438678	0.28764278530530807	2.1961210560451896	2.2178319553704706
0.1607697946804518	0.1208217340307717	1.439832045632646	1.453809182089069
-0.8882527529099165	-0.20022558090225098	-1.3964795135511432	1.6671047561769254
-0.12433490543751252	-0.06378197785267622	-0.14984479249265487	0.20489209659262425
-0.5069707433456964	-0.672821307537559	-0.7065554634656768	1.0995128327756056
-0.026371801832326264	-0.0017685814297062064	-0.011127624424205819	0.02867793293602545
-2.036708549251632	-0.28563434003044424	-20.17133363118159	20.30642646046098
-0.3651541198907464	-0.37410042714379876	-3.982736706098468	4.047603740865258
-0.04696825356455622	-0.06649135882604428	-0.44118758232359395	0.4486352643718238
-0.17428227938933277	-0.0022240474893449255	-1.6476391050187051	1.6568325626943168
-0.024799426613319492	-0.00029476786593252147	-0.19963127561382232	0.201166611972877
-10.73397693162547	-23.795038654484838	-17.68029148365346	31.528000765732674
-0.138889261835352	0.1239702674565414	-5.077181255878645	5.080593307804894
-0.1771259078825735	0.034078967562583995	-8.144264277246627	8.146261448106666
-0.2034941165256034	0.05429780077486006	-6.991187040382679	6.994358751182574
-0.031119808043879052	0.07603074829781928	-4.526551879022899	4.527297320767122
-0.3282162115949639	0.0932093368981404	-15.235173341027728	15.238993424540896
-1.0397131824641161	0.537691559340777	-48.52221705545759	48.53633343889622
-0.10747793142434667	-0.19416933159071342	-1.6429279604313975	1.6578496669604608
0.0367129532084409	-0.0418020712527119	-0.2783611884057321	0.2838665272710986
0.10526977619462885	0.15318511517287603	-0.914673711787924	0.9333677754917906
-0.03030776370967097	0.05458234771046662	-0.6029553761346801	0.6061789990030844
0.06331882891967941	0.10890659180800918	-0.3886418434080866	0.4085491430447892
-0.02884184417848952	0.06473770409673334	-0.06234235809691353	0.09438957527405378
0.5586065898145472	0.8200253520376122	-1.4188669223551968	1.7313769790321096
0.004467332273806586	0.030994807810720358	-0.017955932478881956	0.036097793285106136
0.6560742641391424	0.5894351547333836	-3.0906034353622704	3.2139845731388244
0.052248285707733905	0.034449880656497386	-0.38440185869442556	0.3894630490872953
0.004344795896581946	-0.014630173830906444	-0.01658104742272314	0.02253553574557514
0.4195718367833058	0.17571090944904777	-0.14426444089834617	0.4772075846304636
0.31926644048961833	0.3153629000391576	-0.5850302484227269	0.7373230027020561
0.13978887523246836	0.09888000737712428	-0.3790999496373052	0.4159747075396124
0.09786300724180255	0.35293454849241757	0.4881432033158504	0.6102653116878063
-0.03604278876777011	0.09578444915248942	0.08827390743625167	0.13515186293820686
-0.09367007619775952	0.1087818505285918	0.9355249412707778	0.9464747698269677
0.043639315081402105	0.019398896081232294	0.23342956699563974	0.23826470518672335
-0.004351684998669253	-0.07909395777576839	4.0863741772037265	4.087141875129416
-0.10099754548662485	-0.00027253349270464633	2.8112503872721817	2.8130640444907793
-1.0127159913396113	2.0948615058939595	-27.406830257573585	27.50542461361834
-2.2524094985938654	-1.276996174559394	22.64067712265352	22.788249786928407
2.0766925866401995	3.7314843601563887	4.572437387202833	6.256501521568456
1.0378051528940408	-0.7476889121546675	-2.6372389098285316	2.9310590768945683
0.1715555116523244	0.45271335062503426	-0.9905789621299937	1.1025549200048825
0.3827037574740973	-0.001646599286321243	-1.1310737665995334	1.1940657452103123
-0.17911713765897436	-0.6816117969125952	-3.1596717817778877	3.237314220037501
0.8726554927538841	-0.878215804960979	-5.049280728146192	5.279968675981502
0.06530787324282936	-0.12215211203958526	-0.8226106199202767	0.8341909186684152
-0.0009246649473552138	0.0125586455888636	-0.004386520877419711	0.013334772202763329
0.012593479076390815	0.09336445268449588	-0.5270854950666571	0.5354387321159967
0.25489761309363346	0.1890882394927808	-1.6530269804010564	1.6832187479377556
0.002844272184177328	-0.33808971865027904	-7.097953436266079	7.1234030802168355
0.3408238951529851	0.3212179935613704	-29.84098113720022	29.848804211722356
-0.02594045682528216	-0.0028365388709052433	-38.320340533427974	38.320349418437395
0.14677670666441167	0.09273293685658934	-159.41335106222218	159.4134456050884
0.17598792689458367	-0.10286323683215233	-49.96150466601099	49.962102844937746
0.0054721269472296635	0.007553796069487209	-11.158429539413913	11.159249813068667
0.19784714702549844	-0.18718156655417056	-54.26790979707371	54.26876112254789
-0.06956736431601934	-0.017592111752178993	-8.245891083461679	8.246203299754779
0.009480739056568375	-0.010815644762533987	-3.4364045059716686	3.436434642528224
0.03504371179151191	-0.0566541320133987	-14.818643097781788	14.81879284128661
2.5621744833742834	1.2210269607167228	74.5940994000166	74.64807640000919
0.17523251030022555	-0.14831268165216918	0.021206159986798673	0.2305488786057351
0.5302218308364237	1.703283755522183	3.080400555411173	3.5596598606466245
0.4304535472469707	0.2857100376172017	1.8239949983425081	1.8957526832135088
0.06475046235311749	-0.9528265470130866	0.3291071460253292	1.0101398737960805
3.0769232595850013	1.3865872975346036	-34.36757619137829	34.53288830013041
-2.1412698063992863	-1.2139858907443342	21.52352773749069	21.663818786014033
-2.0221005515743813	-1.6153096751497937	27.074387852066916	27.197804939947975
-0.1191692548248531	0.40132378440548855	5.184833732480583	5.2017076931228665
-0.736940533996988	-0.7599491277584134	18.463103553725126	18.493425774123242
-1.2648414825366017	-0.7590423751214366	8.7560912992334	8.87947656924023
0.20829671980667933	0.506120084638522	2.3763872329622306	2.43859823352323
-1.3878511581171138	-0.8608669629793839	6.9875314054227164	7.175849629612171
-0.6619354787321508	-0.5800427534617285	1.5956941159494882	1.8223193697932436
-0.6738197305746191	-0.0338680897970568	5.763116916212257	5.802473323226057
-0.2385858020309245	-0.36190802230436603	2.6130282503978184	2.6487388015650164
-0.3230236792914122	0.025637721657186363	0.12725143367849726	0.34813002962681283
-0.31976285186836456	0.025080207197833465	0.12878578365084498	0.3456343100715528
-0.4369694795332564	0.09259469322013389	0.08040802969292873	0.48928669073210573
-1.436241981860404	0.8705557699297719	0.6124118073616193	1.9019780902373729
0.009617303969587859	0.4820901719866596	0.5197830853858126	0.7820344508491742
-3.8666505876183743	0.058800413196852364	6.001136927340198	7.139193839363643
0.6195293250144216	-3.069484799616145	255.203947476952	255.22315796443507
-1.880291873582206	-0.7596358102274662	12.240661971475571	12.407511821230212
0.7949372062425855	0.6077774259319952	8.458238944516172	8.517225170433816
1.3001827534198847	-0.14744063292061504	0.4814143592097935	1.3942645795472117
11.992987513649702	6.195900880619572	48.15717060000736	50.01333839510452
5.684269602744444	2.0494606897212955	38.944960795540666	39.410927182719234
-0.0506913592020698	-0.0018276035832242923	-2.8453859960122694	2.8492585360467633
-1.9860171900495622	-0.28380673644722	-17.32594763516932	17.457167924414218
-0.3651541198907464	-0.37410042714379876	-3.982736706098468	4.047603740865258
-11.07569641190581	-23.957888101753905	-18.222651774252643	32.07361050755798
-0.9235207073304423	2.171546162425661	-27.395323060168757	27.496767606455617
2.0987890890105794	3.7396148815155463	4.6045419907769185	6.292173078279898
1.048605941200121	-0.7404162420851006	-2.6443082788129058	2.939414381277688
0.1715555116523244	0.45271335062503426	-0.9905789621299937	1.1025549200048825
0.43130548112438644	-0.44199671645765887	-1.7698329937594026	1.9394097177509082
0.44135001162949766	-0.43621908850332014	-3.2794477343867903	3.340558958230594
0.15968982618694452	-0.02109196888116572	-33.27168993578465	33.27207984023136
0.016298100707639145	-0.0817712679509866	-16.689814730226338	16.690023004706383
-0.058577332479865935	0.03152866817259408	-5.925232858043515	5.925606279768816
0.0640494594270956	-0.02397487210310687	-5.233196681370398	5.233643533299851
0.1171566024261612	-0.03429581140208429	-29.205546903153216	29.20580202261962
0.08069054459933722	-0.15288575515208624	-25.06236289392049	25.06295909992827
1.8866542488288593	0.967754655962607	69.11338306972382	69.14590177784328
0.8125810761091901	-0.03329740427598965	8.068328655777165	8.109212293436226
0.21045404980260837	-0.15460716367557711	-0.012540997074884763	0.26144131032749535
0.4613477536457954	1.8853921594108085	3.8235852328330067	4.288047268547819
0.06887407719060606	-0.18210840388868113	1.2734832611504838	1.2882805306711003
0.9765564860433442	0.18673171993287713	1.7242096849253197	1.9903342290310686
-0.4785019797943637	-0.2621702882888083	0.3431417183828831	0.6445491785917685
0.6113934130977217	-0.6531018498595657	-0.9505446931845407	1.3053272178310538
3.0502837629310124	1.3745824522534862	-34.07002735648252	34.23390822012455
-0.055547070473605846	0.3824578088431496	5.186541149283587	5.20091997110081
-0.5106292345851133	-0.8271090772504683	18.46354798347223	18.489117225515784
0.10797072239686586	0.26234763182397347	1.2318016648354007	1.2640487721246412
-0.6029549951490157	-0.05484812341090821	5.765911023518721	5.797610971249413
-0.20631735029829623	-0.37142573476864416	2.612877807941172	2.647197454802721
-1.436241981860404	0.8705557699297719	0.6124118073616193	1.9019780902373729
-13.041094143591408	-21.564526426199212	-16.60013980897603	30.177202953981823
-4.109520040401277	-6.485577715693362	-3.633254109260818	8.500606371972438
-8.931574103190108	-15.078948710505806	-13.283882189022663	21.99359307131681
-4.184665036744192	-6.448748371908026	-3.6444198106036603	8.514016254967794
-4.184665036744192	-6.448748371908026	-3.6444198106036603	8.514016254967794
2.0078276628647522	-2.373141315759798	-0.38722431236667765	3.1325890723838854
-0.43321429398327477	-3.0369766657332677	0.10102774805795889	3.069382429512075
2.6904524408229165	0.7826941268424218	6.7729827047139715	7.329695706567785
-0.17752594469798505	-1.2445160722948103	0.041399941469594026	1.2577955598564892
-0.07764848986567402	-0.5443418075687553	0.01810801762587532	0.5501501538198262
-0.0843424763706751	-0.5412238154822352	0.01911140242126952	0.5480895159259972
-0.0843424763706751	-0.5412238154822352	0.01911140242126952	0.5480895159259972
-0.47157384797444446	1.9008948552344398	2.1264388662681553	2.890938497568909
-0.15584682036213948	1.2298523774665542	0.08599081226619243	1.2426662953389076
0.49691161575225146	-0.14280502279603743	3.356336646676561	3.3959255165903377
0.15623242828039674	0.5898743938677967	-0.7670166834186233	0.9801402781386933
-0.41195670347484714	-0.06019628112729847	0.8762994195285344	0.9701714232368763
-0.22367300405310875	-0.03268373331225668	0.4757891350295994	0.5267571928104856
-0.23343411875455117	-0.02834926272169138	0.4742218527107109	0.5293217680050164
-0.23343411875455117	-0.02834926272169138	0.4742218527107109	0.5293217680050164
0.5967168115601903	0.03068911127653262	-0.5127234699050097	0.7873360980806969
0.20410832112062333	0.5768066088723902	-0.0016275870808359627	0.6118567804880909
0.20432479101782813	-0.5736300454108993	-0.11058559832523852	0.6188935480189955
0.19775904681191658	-0.5705116135472675	-0.10744469706969191	0.6132996858931711
0.19775904681191658	-0.5705116135472675	-0.10744469706969191	0.6132996858931711
0.1968088484166049	0.5802172606104199	-0.0018539715204579873	0.612690157857729
0.1968088484166049	0.5802172606104199	-0.0018539715204579873	0.612690157857729
-0.3670321287767984	0.5380761948859161	0.24183222560739648	0.6947815486896305
-0.3771174835585289	0.5426740452208306	0.2375543604477814	0.7022426859210508
-0.3771174835585289	0.5426740452208306	0.2375543604477814	0.7022426859210508
0.42345936124925637	-0.12169593509068952	2.860211207555552	2.893948147958704
0.36811454037047187	-0.09720091491708116	2.863440953518413	2.8886416231473424
0.36811454037047187	-0.09720091491708116	2.863440953518413	2.8886416231473424
2.906337939512076	-2.9106613218304744	4.706171645034195	6.250344078654476
2.09369929614752	-2.096813821266551	3.3902830523596004	4.502690764294144
1.8823734435263546	-1.0777740934994635	1.7014606471215075	2.7567907267718113
0.43614459936624117	-0.9119003612517893	8.234103396252246	8.295917256131494
1.8371808738256166	-1.0574762244355225	1.7181366227871406	2.7286412338304045
1.8371808738256166	-1.0574762244355225	1.7181366227871406	2.7286412338304045
0.2990837578025358	-0.6253306522216775	5.646491070769528	5.688879584862843
0.1900982546499294	-0.5771006542530037	5.650088915407354	5.682665506922712
0.1900982546499294	-0.5771006542530037	5.650088915407354	5.682665506922712
0.6570840582554768	0.03550981039609713	8.073757653270055	8.100529800573824
0.6570840582554768	0.03550981039609713	8.073757653270055	8.100529800573824
0.5582043703244688	1.555518222272115	69.11933648406158	69.13909100542033
0.5582043703244688	1.555518222272115	69.11933648406158	69.13909100542033
0.5934448564793215	-2.940248173562776	244.458920451378	244.47732210651566
0.5482573001303912	-3.088444556302398	244.4695883905881	244.48971087493356
0.5482573001303912	-3.088444556302398	244.4695883905881	244.48971087493356
0.004568244949888743	0.5651046009943068	9.16227411554818	9.181300144008263
0.004568244949888743	0.5651046009943068	9.16227411554818	9.181300144008263
-1.0200076413976868	-1.2666690005059988	28.891752177717784	28.939003445199752
-1.0200076413976868	-1.2666690005059988	28.891752177717784	28.939003445199752
-1.514912149771776	-1.1102347374456951	10.224772278318879	10.406011572940422
-1.514912149771776	-1.1102347374456951	10.224772278318879	10.406011572940422
-1.878231475949466	-0.7637818029005925	12.232574937283943	12.399476025863262
-1.7829091201045426	-0.8530658724389556	11.302484392812158	11.47399842090953
0.17763875716219246	0.2972854115604737	3.8290726308679486	3.844701725288296
0.17720294269262687	0.29495605026910376	3.83233153618653	3.847748037195161
0.7956656161298207	0.6063116981484248	8.450362553513022	8.509366893830498
0.5227045031226978	0.39831035612631255	5.551380467116964	5.590142773496038
0.5223582278022157	0.3949238558928269	5.5608675026468175	5.599291950961269
0.6995611704948426	0.6898799061619307	9.393199038833348	9.44703998815643
0.6995611704948426	0.6898799061619307	9.393199038833348	9.44703998815643
2.0230238521878445	3.604616653914976	4.43832032695271	6.065028775928745
1.280241442966188	0.5473613662386845	1.0538514948526614	1.746203192856437
0.6316427170270766	2.9942450038612303	4.501618217262871	5.4432565839866704
0.2656057357066447	0.24551993632935976	0.8443530449828868	0.9185632860871993
1.1303056042477948	0.21850680856251967	-0.084438376501351	1.1543248346147346
0.27652593852148755	0.24241873622116636	0.8439251747545846	0.9205667487644846
0.12330784300636116	0.2578537613006266	1.2321300357252145	1.2648469517297267
0.3998337815278487	0.5002724975217929	2.076055210479799	2.1854137004942116
0.3998337815278487	0.5002724975217929	2.076055210479799	2.1854137004942116
1.651589029080692	1.669722401404402	3.715369217585347	4.395416663038006
1.651589029080692	1.669722401404402	3.715369217585347	4.395416663038006
1.0414210028424242	-0.11809706857903621	0.3856035033784835	1.1167787088703127
1.0504501488963702	-0.13626578164170017	0.4013320302713704	1.1327317763197848
0.07899763345932254	0.6071704124973767	0.22683793889413018	0.6529563434305139
1.831641634948888	-0.24599227658960165	3.6023164927094307	4.048716758760278
1.7052600360794752	0.3554169043430235	1.845823819873885	2.5379713435254487
-0.31552929996443996	0.07572004518241365	0.9588521541163606	1.0122695875269894
1.7172211836320461	0.35399003208632424	1.8766553248423046	2.5682664862880067
1.7172211836320461	0.35399003208632424	1.8766553248423046	2.5682664862880067
-0.3147567430025492	0.07511947545340196	0.9532061826132189	1.006636364051111
-0.3147567430025492	0.07511947545340196	0.9532061826132189	1.006636364051111
1.5372737112315293	-0.07922677434953346	3.1809706502303268	3.577070843705444
1.5372737112315293	-0.07922677434953346	3.1809706502303268	3.577070843705444
12.133419391027264	7.224676469918876	48.10219204287753	50.13219220763672
12.043795638517276	7.0281949136885284	48.13201568491655	50.11127089807465
12.068237091486974	6.979013103671512	48.0914865213384	50.07134955470699
11.208047971975123	6.48156918612203	44.66366412000616	46.50240822883593
10.272105696207024	5.940317522159138	40.933968142156566	42.61916558968756
4.418829451051518	2.1958045142951543	18.685373054585217	19.32590948368274
6.001615701437729	3.7245907917152037	22.540336473926637	23.62115018264989
1.2222073517615575	0.8494402986193065	6.29617911748999	6.469714917300103
5.03722714555156	2.8405250339804238	16.75121336717095	17.72132582672746
5.051343666557209	2.829913336629395	16.842469157590795	17.809919978902215
5.051343666557209	2.829913336629395	16.842469157590795	17.809919978902215
4.426726532869517	2.184165105988093	18.765345278263315	19.403728209276416
1.2241167925949825	0.8455387492783911	6.318345541621473	6.49113919753479
5.6508433254645	3.0297038552664843	25.083690819884787	25.894867406811205
5.6508433254645	3.0297038552664843	25.083690819884787	25.894867406811205
5.796356873809941	2.8705894141727333	38.93663453192067	39.47023619470352
5.724822674957885	2.7137654660505333	38.95105084354367	39.46292537915513
5.731143717997388	2.7010460774665708	38.94239302455032	39.45442475448725
5.331334994139116	2.5126191528504696	36.22574356935434	36.702055596105524
3.8073954545933684	2.624506647751886	26.277771294103786	26.681558415448254
2.4598818153139326	0.429364169061521	13.677668253100563	13.903739819806075
2.4613475965055374	0.4209538506632508	13.722026101744037	13.947380918013177
2.4613475965055374	0.4209538506632508	13.722026101744037	13.947380918013177
2.7471700518462217	2.4258498006793596	18.663381779266423	19.019818873687278
1.3938219503768303	1.230794831296218	9.469173986780454	9.650018214387856
1.3952696782709981	1.2249651781692033	9.494503822428387	9.674343388413376
1.3952696782709981	1.2249651781692033	9.494503822428387	9.674343388413376
1.1191280972673237	0.04156155994768987	8.06854223004513	8.145891527597216
0.5507411127092185	0.7731066335228565	7.0241604613524995	7.088006759791711
1.9217350860275317	0.4635098958079975	10.238589561178845	10.427685427105175
1.9231852809126295	0.4572051050455017	10.273268088487212	10.461726212759027
1.9231852809126295	0.4572051050455017	10.273268088487212	10.461726212759027
0.5505663338928078	0.7688165823131022	7.034228332021213	7.097504522877469
0.5505663338928078	0.7688165823131022	7.034228332021213	7.097504522877469
-3.8786391164977445	0.03251804111174386	5.998342344630249	7.143179243334754
-3.8645017394522574	0.004070395513421227	5.94790025688099	7.093088729753379
-3.735931750218092	0.9158993179884742	6.5732394791152675	7.616005176782574
0.271238734624103	-0.7234019978589546	2.09131023296166	2.229452711352489
0.21233604010395157	-0.5663067107341054	1.6371575177540727	1.7453007255164348
-0.37471059558920516	-0.900417885841837	1.9091711352927025	2.1438504666663483
-0.4972934154906089	0.5999474857653913	1.6358442636474855	1.8119669372466247
-0.3708898716641383	-0.901670242139064	1.9023121714205045	2.137606165783768
-0.33435691892710595	-0.28823569791863146	0.3985384802682378	0.5947329543951537
-0.7052467905912443	-1.1899059400576955	2.300850651688742	2.7323391201789216
-0.7052467905912443	-1.1899059400576955	2.300850651688742	2.7323391201789216
-0.4944643028857754	0.5988867624675338	1.627050388954585	1.8029013476295517
-0.4944643028857754	0.5988867624675338	1.627050388954585	1.8029013476295517
-2.6515916990343253	0.6500630073308146	4.665381597929148	5.40548849838603
-2.215404354918307	0.543127517685494	3.8979254284029086	4.516284601489172
-2.2051248401933394	0.5405265430994534	3.858319409542776	4.476759226347497
-2.2051248401933394	0.5405265430994534	3.858319409542776	4.476759226347497
0.6113241819862845	2.8979268315912865	4.356811216371266	5.268159180571178
0.526037137760117	2.493631334810715	3.7489838772197324	4.533187886676022
0.4739411889497729	2.2466752150901157	3.3777042504807024	4.084244823268893
0.5207891812341523	2.2340875173118304	3.3827131349428803	4.0871893227026055
0.5207891812341523	2.2340875173118304	3.3827131349428803	4.0871893227026055
-0.6029549951490157	-0.05484812341090821	5.765911023518721	5.797610971249413
-0.009737482285729099	2.0581017818285523	2.318785216449613	3.1033630537454697
0.09131763920268693	-0.18756366198712365	0.3177232717769627	0.4033444140635021
-1.0727293583433832	1.475058648890526	3.0993067590743886	3.630408295613972
-0.13807441182864205	-0.4584345322865342	1.7909643058684441	1.918462887545505
-1.322840970557622	0.3920487357276278	3.822989761763835	4.193047457385562
0.0556268636244282	-0.08460013284130749	0.6970871779195968	0.7180959886765597
0.5072970253784251	0.2401031593281886	2.991060362900883	3.0921807056014594
0.4734635932870067	-0.1959405237025691	2.6572980433501803	2.8123623248841048
-0.2590521763781914	0.13090315433383864	2.7344559830952897	2.8528139631183835
1.9411765516300064	0.5478524144427102	10.473905386758252	10.707537219934022
4.001845702211974	2.611956857506539	18.81031407810219	19.44599648952439
1.812217988221052	0.7311048363477882	11.287421333575343	11.465960431756898
2.0410951915199056	0.9012111307853681	9.554044350985354	9.854941400065169
2.207057864147232	0.8838615149975648	8.773254757072884	9.134675155410111
1.8129564836901846	0.6495884973615298	7.321336692900549	7.6226164806253145
1.3740707580226788	1.3779147639690674	5.334224639367994	5.679691157841028
0.5640610988641813	0.11810386167603965	2.353278232853567	2.426571962052036
1.2777119441011617	0.3936401265607593	3.0584775634660315	3.340847969073519
1.5767401713901257	0.06911652008639445	1.4253346529072726	2.1308883440017476
0.646831423278356	1.1595625132838998	5.39597941397852	5.5585780149993
0.7973950327539439	1.0975500806222107	2.940510827317121	3.3306555344085775
0.7655522686507946	-0.2659068195932994	2.1284855148151203	2.3304392808911345
-0.13207352754210583	-0.04740193155086364	1.3065985785795244	1.4037842240665772
0.2421894913990032	0.33348890780064955	1.6209550218220914	1.6779706149216187
0.041247883129071905	0.17435636165438667	5.5425221742759305	5.600561336033316
-0.4912921980007795	-0.6246033161807004	11.057734239951484	11.114475746068768
-1.1390409174204397	-0.2366167907150242	11.840614400222313	11.907865931154847
-0.04677128283825699	-0.26438126727407335	7.119194924984688	7.141340303452254
-0.5070769160377632	-0.028396377552753135	3.794465560182682	3.8308461239455918
-0.5383249122232948	-0.6320560337757989	34.59690366169635	34.61120008234547
0.29988277069510366	-0.46525362013382665	44.329841244997155	44.34017765998718
0.3006676332758868	-0.6995719088365797	77.25033262733582	77.25718386226009
0.010197603565674476	-0.3815889195968192	21.184336569604035	21.193526132556144
0.3964587341925806	-0.2758266400353986	56.50209746988269	56.51076012210964
-0.26324391319723356	0.13809289455013452	21.326554337923366	21.334338679137876
0.5281187536186721	-0.13288566373126584	31.469396396666795	31.489009363976333
0.07107952321366431	-0.01212541777654566	14.933654683125141	14.934480951948144
0.21242550515263395	0.26694778994118595	16.250467085714526	16.25464690501104
-0.0763502404918599	0.22542193851539327	8.289172644713474	8.307505236564907
0.3980963684670414	0.10590331156835603	2.43881124705838	2.5229174066675757
0.40807258325489837	-0.5888761328335963	10.871550637896782	10.896026403706962
-0.05266424278159265	0.5280628967571905	4.151547302930834	4.2210316957317
1.0627982858351719	-1.124929928860467	3.482839740382429	3.891065140307123
0.55983253372449	-0.3891462567820545	1.1975481793363516	1.5853660545188417
0.3239603592964241	0.0924736447381854	0.7552438316401505	1.2377674453057166
0.07073676646554349	0.5945601153049236	0.3797956307994901	1.0258243337947237
-0.2425912364942347	-0.22288711851043108	-0.031010761673402998	0.3573659795801069
-0.02213665274157338	-0.7017485800680733	0.6933741708077408	1.2357590025167617
-0.24284874219861433	0.05006401861948492	-0.2807431793360475	0.39814350514794694
-0.1621360203345943	-0.12207260248221571	0.007431675504647517	0.24642407363633823
-1.4836505359673022	-2.2631811582051844	-1.6776064205559478	3.3618042293539263
-0.4826071917925906	-0.7056068263049848	-0.31650014527975134	0.9221945682773385
-0.3557384882158102	-0.23825490805040314	0.19256460191409303	0.6812608468997094
-1.441710775499177	-2.9519762417935884	-1.315340091018959	3.573573695818515
-0.33101200087065535	0.18517543034019285	-3.851736809934463	3.872882017648637
-1.6550051891789068	-0.4689821667874129	-13.474210825234858	13.584285906765581
0.047302224645295196	-0.05823445603745002	-0.4870113604588251	0.5109094028713185
-0.41245634453604163	-0.3158659711063488	-3.4957253456396433	3.5366943379939397
-0.9235207073304423	2.171546162425661	-27.395323060168757	27.496767606455617
0.6468689669440487	-0.6586516556454195	-1.064685581145057	1.4091901399661788
1.6954749081441696	-1.3990678977305202	-3.708993859957963	4.348604521243867
1.3493325196351047	0.06369514582853106	-0.10138100291941507	1.424451462484944
1.3493325196351047	0.06369514582853106	-0.10138100291941507	1.424451462484944
2.4945701492291787	1.374827890173081	-34.28466250608625	34.402777723801016
2.4721505599545583	1.3624718228840949	-33.976534048747446	34.09358772298585
2.404009589004322	1.3249174140193825	-33.040023927920515	33.15385120035916
1.968803369530642	1.4282078449086222	-33.3057823877059	33.39447716035321
1.968803369530642	1.4282078449086222	-33.3057823877059	33.39447716035321
-1.7557544036407422	-2.0447522771366815	-0.9287198743377729	2.850650102301138
-1.7830806801342973	-2.031544648401779	-0.9356001473940241	2.860401721108737
-1.7830806801342973	-2.031544648401779	-0.9356001473940241	2.860401721108737
-7.175819699549352	-13.034196433369093	-12.921572436261926	19.709353090592728
-7.3172771864299	-12.961983356707954	-12.936068949107543	19.723243592743223
-7.3172771864299	-12.961983356707954	-12.936068949107543	19.723243592743223
1.6954749081441696	-1.3990678977305202	-3.708993859957963	4.348604521243867
-1.8538944950760483	-3.6292477676649413	-3.134553323774297	5.190016529524505
-2.0134282319216834	-3.133868628249721	-3.4773604686771793	5.09769962220665
-2.3231272994895633	-3.9104161426147304	-3.6448093427145105	5.830299288003533
-1.3655769789742256	-2.176563341240598	-2.121110401485563	3.540511870016403
-1.5071274270346438	-1.6249114990801596	-2.55985006822376	3.5914466911605674
0.6193469110678275	-0.4855802949324908	-2.551549772034606	2.833115989514561
-0.456659400891986	0.20543321273800558	-3.8070672917144486	3.8422287252792326
0.42955439332453127	0.49621526036128555	-4.865507130977975	4.911556371247037
0.7784678867167047	0.7218094005821998	-7.716605815059177	7.805167652172711
-0.43486067399568235	0.38636568353639716	-11.7574192671129	11.806135392825983
0.7910835749991059	0.7982832002551662	-18.73882381337267	18.78972954736554
-0.45016833590825384	0.8543856473856499	-4.883833784941459	5.003206423499695
-0.2837938699171635	0.3326796199920494	-3.71645036305859	3.7750276427251417
1.0259687550282008	-0.8911178676946742	-3.3818358141096505	3.647154509259719
-0.13383090947455709	0.04916260117617566	-0.2515893965747625	0.31913084864056596
0.616166790940307	0.3541989615562347	-0.4900010614194887	0.8744708364018873
0.12471640230678732	-0.11753079880433448	-0.41224465382824305	0.46775325673040635
-0.07012492447512525	0.11890393264972142	-0.6492665814150692	0.8295893297738479
0.562718524574229	-0.520456519215006	-0.9567846734384859	1.5004360217396162
0.8618185610544968	0.1918243774813345	-0.4924458578705737	1.019926638199057
-1.1922034996461788	0.5745533326597858	0.8477923197817862	1.5778758883448483
0.43130548112438644	-0.44199671645765887	-1.7698329937594026	1.9394097177509082
1.1388784698324963	0.21830230950410817	-0.0888400058445303	1.1630101521574487
0.4455119086196164	-0.2503976557540522	1.2290153120424427	1.33103662006866
0.5607172251881851	-0.2659584942824106	1.456760965305007	1.5867366146743755
0.10068702338464565	0.30661075594956366	6.585231881948058	6.5931348364315445
0.06077087718884577	0.18505864974677877	3.9745967703202614	3.9793666945885553
0.06011531542349459	0.1826467921511572	3.975732966264593	3.9803801729074526
-1.8575116749540117	-1.2889132544416302	15.462279536420567	15.626699442379874
-1.3097790988885534	-0.7341319884094817	7.6355299862216715	7.781760034515436
-0.5078164298696559	-0.4332291598293622	10.43738466182666	10.458707549707396
-0.5093784068125735	-0.43955992325553056	10.428204194245557	10.44988621968397
-1.3085947994734797	-0.738809002677051	7.611894470377707	7.758814118137701
0.5209085322931677	-0.06995881361766453	1.0244784576133008	1.1514321711383355
-0.00560742783369915	0.4291330317353748	0.40397944649225576	0.5893946007230588
-0.004130054452029949	1.6289687500931775	1.9148057699573575	2.513968453022411
0.05640663034853613	-0.19140700567082322	0.3078430545016399	0.3668592318206625
0.0349110088541508	0.0038433436836995544	0.009880217275322851	0.0364851822428396
-1.0727293583433832	1.475058648890526	3.0993067590743886	3.630408295613972
-1.1465468541716062	-0.1179322264203092	2.429959796140875	2.693076696754154
-0.17629411638601578	0.509980962147937	1.3930299656229592	1.4999707606314083
0.12079720753415008	0.3274926334132908	0.9294633116012716	0.9928471372274906
0.3864998178442751	-0.08738947408510223	2.061597051299612	2.099333568373969
-0.1218894680645661	-0.12420915964253589	1.3380298305845584	1.356498643640424
0.5953530613515727	-0.07173136406003319	1.3192682127656217	1.4558636812436807
-0.2987027627125992	0.15245699754927608	2.6733681029134853	2.6979331487509337
0.039650586334407815	-0.02155384321543745	0.06108788018180433	0.15488081436744974
3.054706225222218	1.7953509186524295	14.463415696639291	14.920631999020998
0.9471394769897562	0.8166059388541095	4.346898381462901	4.525364490503391
1.9932929840955316	0.9275319880785207	8.655636533484278	8.944120764588384
0.04780220742437438	-0.02632085729315238	0.8984078175010755	0.9108206354767852
2.172715374311854	0.7804071247868322	7.97981367532022	8.321710978724076
0.03434248983537749	0.10345439021073258	0.7934410817526623	0.8129641766860352
0.9636727716587433	0.19403458915014044	3.0820363167429257	3.27305334549338
0.849283712031441	0.45555390821138925	4.2393003761576225	4.349563135131933
0.9445532404865605	0.8702907581260241	3.61199678257288	3.8335502585866883
0.4295175175361181	0.5076240058430433	1.7222278567951141	1.8461408992543393
0.4726498440295201	0.04524529080540028	1.9120321615595466	1.9701045653059297
0.09141125483466124	0.07285857087063936	0.4412460712940205	0.45646739674610615
0.8653722252398581	0.09872616600848785	0.8226808312233875	1.1980900192112958
0.7113679461502674	-0.029609645922093416	0.6026538216838849	0.9327983247904518
0.49659813684125276	0.8021986951289911	4.001210426889938	4.110938741483948
0.1502332864371031	0.35736381815490864	1.3947689870885815	1.4476392735153518
0.48732748098011797	0.7236711821602221	1.987967228502272	2.175472716470286
-0.027231389538265316	0.08629755661177198	0.40543209539406116	0.4382280065547681
0.33729894131209115	0.2875813418502165	0.5471115034207876	0.7169548113835231
0.07963979938440297	0.2163221777623931	0.7714612753556834	0.8051647543275041
0.16254969201460023	0.11716673003825648	0.8494937464664081	0.8728058605941146
0.11806953748814036	-0.12995281414082607	1.023311069302743	1.0476036841493577
0.07783960362104009	0.16990348633950403	3.3587924558447133	3.366881753923289
-0.15466125798010855	0.1344056894557087	1.160418649128475	1.1860758979606698
-0.08822711070156686	-0.25056016691925515	1.2503106973248264	1.2858153230749139
-0.18656426228882442	-0.2691848768884102	4.492832397493652	4.506915736817959
-0.21650082501038825	-0.10485827237303519	5.314591145133007	5.321744686175898
-0.18565307490746355	-0.10267310530416293	8.679474839787922	8.683189051851107
-0.3487113400522113	-0.33091429341474154	17.678714809948595	17.68580054689815
-0.003960497263619939	-0.1984686350568944	8.23871401195984	8.24221048359621
0.28830918597694416	-0.2613745458117799	19.58483860510843	19.589201663492126
-0.01613728461315459	-0.17684764552215648	4.649605097043689	4.655087845039671
0.027710869331314086	-0.027031428799890345	20.095397542845042	20.095888151455384
0.08337886131874844	0.09608315838247675	11.710596003251231	11.712118618939245
0.21728877195713844	-0.7956550672190565	65.53973662408461	65.54506524332086
0.5098611233897262	-0.06987054572106344	41.33739860037483	41.343596590242065
-0.11340238919714564	-0.20595609431433515	15.164698869507854	15.167163531867574
0.03659125410802072	0.12492554692400266	18.306881020121374	18.31410532101232
0.4915274995106513	-0.25781121065526846	13.162515376545416	13.174904042964005
-0.0763502404918599	0.22542193851539327	8.289172644713474	8.307505236564907
0.3980963684670414	0.10590331156835603	2.43881124705838	2.5229174066675757
0.023216450235755807	0.04123108136422781	0.3799953562570351	0.4060234929273475
0.0039260570680919905	0.1478699681297121	1.3896262333379115	1.4039806302722606
-0.07980675008544046	0.33896184726325074	2.3819257133358884	2.4110275725320918
0.01802152735451021	-0.12519633528014446	0.5645371478509643	0.5951309721561037
0.6244077559927607	-0.8517616766732871	2.083295924224406	2.3398685203197265
0.42036900248790143	-0.14797191690703593	0.8350066683070597	0.9560656478312942
0.43962914182175267	-0.32037750972327095	1.2621673838310923	1.3814708903130888
0.12020339190273747	-0.06876874705878355	-0.0646192044947404	0.20389516420575315
0.14952026465259916	-0.010287178612350525	0.9195122665322983	0.9420428487011351
0.17444009464382493	0.10276082335053591	-0.16426843489214782	0.2957245966045814
-0.04868615139778728	-0.044624247965622754	-0.1192633087425731	0.19510301524233797
0.11942291786333077	0.6391843632705465	0.49905893954206326	0.830721318552386
-0.11426167752577535	-0.02258596096834005	0.005963838253974356	0.11662514287488458
-0.12832955896845935	-0.20030115754209102	-0.03697459992737735	0.24074083670522234
0.1004505035092611	-0.3954712493259057	-0.02693609503002975	0.43208002825185465
-0.1225871562508345	-0.3062773307421676	0.7203102658377705	0.8036789742649071
-0.1169058418108716	0.0072086202713392555	-0.2254805314071905	0.25408740641636274
-0.12594290038774272	0.042855398348145654	-0.055262647928856955	0.14405609873158418
-0.3799334424354608	-0.5574111527267398	0.05109893368639651	0.6907586407631103
-1.1037170935318419	-1.7057700054784448	-1.7287053542423445	2.6710455885908164
-1.441710775499177	-2.9519762417935884	-1.315340091018959	3.573573695818515
0.011021151701200646	-0.09445574220589667	-0.3871342054296629	0.39864300575094014
0.03628107294409455	0.03622128616844665	-0.09987715502916214	0.11226639712037834
-0.3715101168931486	-0.22133554801617752	-2.914985309217089	2.9468879423420615
-0.040946227642893074	-0.09453042309017132	-0.5807400364225545	0.5898063956518785
-1.676836839510179	-3.359345992056111	-2.6788887634930427	4.6144243490116095
-0.1770576555658695	-0.26990177560883083	-0.4556645602812543	0.5755921805128962
-1.217559200141438	-2.115885924182347	-1.8928962877868605	3.228818946800721
-0.14801777883278758	-0.06067741705825028	-0.22821411369870223	0.31169292321568187
-1.295656246487241	-1.5658805240533336	-2.4165807724551427	3.29444401065959
-0.21147118054740283	-0.059030975026826096	-0.14326929576861672	0.297002680500977
0.002212223498222518	-0.14928712693634513	-0.02350681507072183	0.20572772165287714
0.6171346875696049	-0.33629316799614567	-2.5280429569638843	2.627388267861684
0.008234257148131089	0.00882349547471226	-0.151114289174462	0.1515954664753429
-0.4648936580401171	0.19660971726329332	-3.655953002539987	3.6906332588038904
0.7784678867167047	0.7218094005821998	-7.716605815059177	7.805167652172711
-0.3996961611890585	0.07333516422585283	-5.118851428008892	5.158633050722835
-0.03516451280662375	0.3130305193105443	-6.638567839104007	6.647502342103147
0.2829108413523052	0.769719247372674	-9.748145757000886	9.783574589513025
0.5081727336468007	0.028563952882492305	-8.990678056371786	9.006154957852518
-0.45016833590825384	0.8543856473856499	-4.883833784941459	5.003206423499695
-0.2837938699171635	0.3326796199920494	-3.71645036305859	3.7750276427251417
0.6672794090154394	-0.6573043242962302	-2.378295343916686	2.5560906727521044
0.35868934601276137	-0.2338135433984439	-1.0035404701929642	1.0910638365076144
0.011495414269497555	0.013441763616120737	0.00806390099758618	0.019438417055869125
-0.14532632374405463	0.03572083756005492	-0.2596532975723487	0.2996924315846968
-0.07012492447512525	0.11890393264972142	-0.6492665814150692	0.8295893297738479
0.2708564720738933	-0.10210901779179227	-0.717710510445025	0.9200617201481531
0.29186205250033576	-0.41834750142321375	-0.23907416299346113	0.5803743015914631
0.7849347887757339	0.16957657916132618	-0.4881555713841248	0.9397737497418327
0.07688377227876295	0.022247798320008283	-0.004290286486448906	0.08015288845722433
0.37256907601122036	-0.050036597468734456	0.7327370712590895	0.8235380944943849
0.11475028013574418	-0.015411138353311427	0.22568106052446213	0.2536475331163759
0.11520531656856868	-0.015560838528358394	0.22774565326256446	0.25569999460571546
-0.1467766336873432	0.4985330393896939	1.3497949858226086	1.4463834468465033
-0.029517482698672562	0.011447922758243016	0.0432349798003505	0.053587313784904896
0.041622422645097426	0.05004901060623025	0.05068298589806232	0.08249905811009506
-0.001971836310689607	-0.0716028538216677	0.010404894283742017	0.0723817562573547
0.9636727716587433	0.19403458915014044	3.0820363167429257	3.27305334549338
0.498788662439457	0.24715720897262708	2.7281268124134908	2.784340625773843
0.3504950495919841	0.2083966992387622	1.5111735637441321	1.5652225093580905
-0.012629359030971524	0.014808071934716335	0.018931571205414437	0.027151134272118266
0.34992830034306266	0.27277326991550016	0.5281799322153732	0.6898036771114049
-0.09899018376008384	0.12022828215627245	1.0511660840622896	1.0626401237455474
-0.05567107422002472	0.014177407299436237	0.10925256506618536	0.12343577421512249
-0.22601322779687144	-0.12101620931666551	4.8431163439033895	4.849897197120849
0.009512402786483166	0.016157936943630304	0.4714748012296183	0.47184748905504903
0.04636803108711203	-0.03090168205531204	3.1425114576717235	3.143005435862114
-0.05032852835073197	-0.16756695300158236	5.096202554288116	5.099205047734096
-0.04852029920987223	-0.0038267061432908245	11.99351128676027	11.993610042383459
0.0762311685411863	-0.023204722656599522	8.101886256084773	8.102278109071927
0.15494224842891516	-0.523242689123883	48.010162574081626	48.01326379659914
0.062346523528223306	-0.2724123780951735	17.529574050002992	17.53180144672172
0.5098611233897262	-0.06987054572106344	41.33739860037483	41.343596590242065
0.03659125410802072	0.12492554692400266	18.306881020121374	18.31410532101232
0.38286089651004623	-0.2517909901552159	11.20429663688082	11.213663286188803
0.10866660300060507	-0.0060202205000525755	1.9582187396645976	1.961240756775201
-0.017012153725733378	-0.10281247049134135	3.7063863003720403	3.7104769248640337
-0.059338086766126515	0.3282344090067346	4.582786344341433	4.597028311700874
0.28389426577429067	0.14613307997174235	0.7856563088384608	0.8594687031644764
0.11420210269275069	-0.04022976840338632	1.6531549382199193	1.6634487035030994
-0.004144951711627007	-0.02277705529220844	0.0038231079146952424	0.02346467614529213
0.027361401947382815	0.06400813665643625	0.37617224834233987	0.38255881678205533
0.027315123072264493	0.08688359943607576	0.32983085042986365	0.3421743206243105
-0.023389066004172503	0.06098636869363634	1.0597953829080478	1.0618063096479502
-0.08550993396534029	0.2340562202698099	1.9791431678754077	1.9947686437283014
0.005703183879899839	0.10490562699344086	0.40278254546048076	0.4162589288037903
0.3661846614866988	-0.1639475233902	0.7804194049092325	0.8775103670571583
0.05418434100120267	0.01597560648316405	0.05458726339782736	0.07855528077413584
0.013600611231882432	0.0392957592914787	-0.014529203328456908	0.04404805414015783
0.10660278067085505	-0.10806450635026227	-0.05009000116628349	0.15984711006559532
0.0575941676860726	0.16035702562954107	0.2002620013073516	0.26293788807973345
0.06182875017725817	0.4788273376410054	0.2987969382347116	0.5677834304726525
-0.03103543331692326	-0.08410184229773257	0.08145393271293189	0.12112415594523125
-0.09155172293391126	-0.22217548844443508	0.6388563331248386	0.6825548183196759
-0.5180550049319361	-0.7100111107051353	-0.6878348334449326	1.1160705728402602
-0.5856620885999057	-0.9957588947733094	-1.0408705207974116	1.5549750157505557
0.11654315527201367	-0.011199984007672852	-0.35163604161287737	0.3706152350399295
0.5005915322975913	-0.3250931839884729	-2.1764069153510075	2.2567730328217546
-0.36803022920893	0.2901845324758102	-2.952463989458142	2.992687204912479
0.08423635929176655	0.042495087516239295	-0.7639863736004485	0.7823404378126625
0.2708564720738933	-0.10210901779179227	-0.717710510445025	0.9200617201481531
-0.07731650755225822	-0.12070918416150335	9.058088707952985	9.060297973881788
0.11390776166027894	0.24563473108550604	9.248792312168389	9.253807347130534
