0.0	0.0	6499.999932280723	6500.0
-0.5030053638654113	4.725833500616934	21.815141353470704	22.326820394843185
1.8570829602995218	-0.10283176979521613	1975.3336973315077	1975.3345729634075
-0.601092347576663	-2.2125287407966368	44.667361644728906	44.72616450960404
-0.6873573651268998	-1.1423728724462308	717.8917384554378	717.892976437636
-0.1613840316732124	-0.5089038499152203	-19.029195258055825	19.036683012104497
0.06084368634408652	0.03704710638500669	-0.22241918154214627	0.23354814188368583
0.010890791177303072	-0.09524263155719837	64.83924782371105	64.83931868944092
0.02402167041394776	-0.7010007425118389	3669.654744489563	3669.654892586469
0.0	0.0	-6499.999932280723	6500.0
-1.685772316642943	3.2923115849356748	-2016.452172408758	2016.4555647858726
2.716777377906042	-0.25426329373601636	2.198445928897356	3.5040966947173344
1.4104694631467178	-0.20820419042565405	-3.8035655818046026	4.062004951556458
-1.3779719265215933	-1.6766992040624151	0.32185232478053455	2.19401817908415
0.23303807160118595	-0.03438354510581121	-2072.2901065228507	2072.2901199096814
0.07544758445953903	-0.31695596487276134	-143.51810727650582	143.51847710191623
-0.07241377522167766	0.1250766097479959	1.2564014320748975	1.2646867088997895
-0.78773873915993	-0.1771009658291903	-356.8492915997396	356.85035759027795
0.03900224308050526	-0.5032245189730861	-538.1819677914124	538.1824367367707
-0.18619474215966553	-0.23385936961408255	-1208.1506542814548	1208.150736331934
-0.36464324048856556	-0.01269714204658784	-139.48115088727758	139.48252427723605
-1.1102230246256614e-16	0.0	22.06839483385032	22.06839483385123
0.0	2.7755575615628914e-17	1974.1538796699324	1974.153879669932
-2.3314683517128287e-15	-5.828670879282072e-16	44.61997137442761	44.61997137442761
2.842170943040401e-14	-3.1554436208840472e-30	717.5186874256326	717.5186874256327
0.0	-1.232595164407831e-32	0.0037325791349829274	0.0037325791350786086
0.0	0.0	0.005664481693741119	0.0056644816937464265
0.0	0.0	65.9598075533485	65.9598075533485
0.02402167041394776	-0.7010007425118389	3669.654744489563	3669.654892586469
-5.551115123125783e-17	6.938893903907228e-18	-2016.3184546018733	2016.3184546018733
1.1102230246251565e-16	0.0	-0.6519318534785725	0.6519318534786862
5.426372043488634e-15	1.1102230246251573e-15	-3.943977269461879	3.943977269461935
-8.440186073892372e-15	2.053912595556539e-15	-0.9345767327341008	0.9345767327341026
0.0	0.0	-2081.290663530179	2081.290663530179
0.0	0.0	-141.6233271766493	141.62332717664927
0.0	0.0	-0.004169220844217891	0.004169220844227903
-0.78773873915993	-0.1771009658291903	-356.8492915997396	356.85035759027795
0.03900224308050526	-0.5032245189730861	-538.1819677914124	538.1824367367707
-0.017127755177849025	-0.3961255812969943	-1146.369112168743	1146.3691892331954
-0.533710227470234	0.14956906963530023	-201.26269299773622	201.26407137372203
-5.551115123125783e-17	0.0	21.31103257456084	21.311032574561295
0.0	1.3877787807814457e-17	1223.1828070952788	1223.1828070952788
1.0363172316532112	-0.16114760519222043	749.8602529887974	749.8609864063993
0.0	0.0	44.619971374427664	44.61997137442765
1.4210854715202004e-14	0.0	709.5485206153658	709.5485206153658
0.0	0.0	0.0035447259287515465	0.0035447259289699174
0.10290180615854821	0.5338270999337287	-127.08624126919273	127.08740409688836
-0.10290180615854821	-0.5338270999337287	-14.53142142576283	14.541587561454682
-0.49976476296691374	0.0436745437697758	42.58409723564933	42.58705213629272
0.49976476296691374	-0.0436745437697758	23.37154109685494	23.376924637900004
7.105427357601002e-15	0.0	708.3107759776572	708.3107759776572
1.1102230246251565e-16	5.551115123125783e-17	43.21024263644378	43.21024263644378
1.1041958657591202	-0.2584489079695793	664.7119397213582	664.7129890053891
5.551115123125783e-17	-5.551115123125783e-17	30.487906171619045	30.487906171619045
1.0130566689403522	-0.39235189260867204	11.444042698246278	11.495492033897555
0.7199578818450487	-0.3237489718760247	11.559315151572898	11.586238368072847
0.005745653044974569	0.35751418954845426	4.141433211761154	4.1568399603227135
0.7801413325465861	-0.6966331508958004	47.273290571608996	47.28485930732427
0.2395417680347566	-0.19411835745446537	2.300811784467152	2.3213782679427695
0.19475009912756172	0.16895893776022045	27.808723434147506	27.80991862197126
0.16751293101728493	0.12407841915216267	27.529231291607747	27.530020551081645
0.16751293101728493	0.12407841915216267	27.529231291607747	27.530020551081645
-4.440892098500626e-15	1.0269562977782698e-15	-0.8874313916848706	0.8874313916848706
-3.3306690738754696e-16	8.326672684688674e-17	-0.8874313916848777	0.8874313916848919
1.1102230246251565e-16	-8.326672684688674e-17	-0.8874313916848919	0.8874313916848848
0.0	0.0	-0.8874313916848848	0.8874313916848859
0.0	0.0	25.22567922496591	25.225679224965905
1.9141661710349118	1.7017850468737792	23.069807503553232	23.21155149332113
-1.9141661710349118	-1.7017850468737792	1.2684403297277944	2.9015591233296627
1.4557608698080158	2.043303308332574	27.234219855682948	27.34953490038874
0.548902319729589	2.394525188964187	28.36003959086304	28.466241238219457
-0.17716794196593227	2.564469735999225	28.610693714444977	28.725941034686567
-1.1031848159140012	1.4790933534028352	20.622941251347456	20.705323946817934
0.9260168739480688	1.0853763825963907	7.940607122048293	8.067762428917863
0.7411902909473327	1.9852133695615297	14.65106769347359	14.803520518066843
-0.42152504294777604	-0.08687197255599269	4.624679088954433	4.644662181177474
-0.4410697126305725	-0.11279009974888066	5.028766916334517	5.049332708073562
-0.4410697126305725	-0.11279009974888066	5.028766916334517	5.049332708073562
-4.097013605661162	-0.902647256467815	38.52089320905144	38.748671024665185
-3.9617015419567565	-0.8677976835237429	35.64860707753551	35.87856377414775
-3.81855471146354	-0.8364418414467496	34.36052793764991	34.58217568621997
-2.458759243417318	-0.538583119698177	22.12467073517868	22.267389248270344
-2.7253680144963126	-1.6270252572712747	21.694265454535415	21.925236500756075
-2.7253680144963126	-1.6270252572712747	21.694265454535415	21.925236500756075
2.220446049250313e-15	5.551115123125783e-16	-3.66508655667117	3.6650865566711985
0.0	0.0	-0.8490491423943922	0.8490491423943893
-1.0087601493084473	-0.25980581068659064	-2.701609297217445	2.914221833167673
-0.4493460811942298	-0.2401727431332089	-2.6873170639502746	2.7550259253638743
-0.702560898607432	-0.05098890963037471	1.2737869066184062	1.455583995731564
-0.9902929138440861	-0.647911070607386	10.408288881298946	10.475349457044222
-1.0720634528096666	0.299063439228419	3.1013552277914833	3.2950209766377583
-1.1154362698033098	-1.1615842470294928	10.237244480831913	10.363139031937342
-1.1154362698033098	-1.1615842470294928	10.237244480831913	10.363139031937342
-1.0784569493051976	0.14300172223643112	2.908479199029414	3.1052810074539154
-1.0784569493051976	0.14300172223643112	2.908479199029414	3.1052810074539154
-1.9554689740818991	-1.671013889881858	1.760971866578907	3.1570822358084705
-2.037177889718601	-1.6393684265272805	1.8679180043591044	3.2521900718226457
-2.1025975891348656	-1.6240562428847451	1.8756952055558986	3.290396299237239
0.179513379560023	-0.31282491203361573	0.3376646490620345	0.7029238182449973
-2.2821109686950156	-1.311231330851228	2.775775194198218	3.825217118696685
-2.0613550106654523	-1.082029463578866	1.9996117352616842	3.0689443350840655
0.01047323617437651	-0.2550948902311799	0.7071111091353378	0.7517906705730191
-2.2809083184262677	-1.2226772763843976	2.612847167383279	3.677560713211392
0.2195533077608556	0.1406478128055521	7.35693137814002	7.361550432134315
-3.071518592956097	-2.187165882933227	6.10507143645205	7.175640620218117
-3.071518592956097	-2.187165882933227	6.10507143645205	7.175640620218117
0.4997081042738824	-0.3722894184507159	0.6052830576723855	0.8687204271067896
0.47521890104865533	-0.36280486982823207	0.6508109512906631	0.8837506841891735
0.4556117834966201	-0.35821561326887075	0.6657007930406681	0.8826426619564341
-0.26267121697114276	-0.47097254152265755	0.8161656250762164	0.9782318900186513
0.5473461593609447	0.34194023633195375	3.0450291423046876	3.112669822013692
-0.38360346302630144	-0.6187573660177569	1.5408441107097595	1.704175128428975
-0.023378442285888368	-0.2966871897292518	0.9582845949276038	1.0034337073213664
-0.4069819053121898	-0.9154445557470087	2.4991287056373634	2.7076088357503414
-0.4069819053121898	-0.9154445557470087	2.4991287056373634	2.7076088357503414
4.097013605661162	0.902647256467815	5.2500290229818205	6.720349492156861
4.970461691265212	1.1276034942103348	8.007887037438449	9.492272323783439
4.337492063605368	1.3671056101855368	7.860901962307869	9.081662557717944
0.6329696276598532	-0.23950211597520005	-0.1319056376601277	0.6895004788562343
4.428784710483783	0.8872442982263409	8.696452738052582	9.799470734776051
2.7755575615628914e-17	0.0	-0.6519318534784588	0.6519318534785725
-6.661338147750939e-15	-3.552713678800501e-15	-0.6519318534785725	0.6519318534783451
0.0	0.0	-0.2506252169343526	0.2506252169342883
1.685554776519835	1.0045532848572463	2.0065356755259245	2.806493831085959
1.6864335957478824	1.0050067740068074	2.097237056882425	2.8727165125410496
1.6843282487406182	1.0053341560264792	2.100491853605842	2.8739736327676546
3.3014376561727	0.8541951236791615	7.104234410431025	7.880310048802782
7.730222366656483	1.7414394219055023	15.800687148483608	17.679780783578835
7.730222366656483	1.7414394219055023	15.800687148483608	17.679780783578835
-0.3125037159325149	0.9696562071025909	-76.27323340337956	76.28003687426269
-0.4576625412123576	0.5055814492397985	-34.32936625997536	34.336139203602215
-0.4576625412123576	0.5055814492397985	-34.32936625997536	34.336139203602215
0.17804119559025366	0.24802162119442528	-131.16230937081264	131.16266470637675
0.17804119559025366	0.24802162119442528	-131.16230937081264	131.16266470637675
0.3125037159325149	-0.9696562071025909	-2005.0138854008705	2005.0141713818452
-0.3493971812869918	-0.8187108101889253	-1197.3878001837527	1197.3881765303463
0.6619008972237534	-0.1509453969268424	-807.6258973911582	807.626182731952
0.7456870917048946	-0.18367693034088006	-800.6642135677394	800.6645818778779
0.7456870917048946	-0.18367693034088006	-800.6642135677394	800.6645818778779
-0.04174992478640149	-0.5279304796820199	-12.578217087235998	12.589360537423715
-0.04174992478640149	-0.5279304796820199	-12.578217087235998	12.589360537423715
0.7749862538617764	-0.27959691578247814	0.001010164862796592	0.8238805431753041
0.7749862538617764	-0.27959691578247814	0.001010164862796592	0.8238805431753041
0.2698079439188043	-0.22323511683828295	-378.52440994822865	378.52593866933717
-0.217793761562579	-0.6790110652642818	-62.57066903551803	62.580894078438696
-0.07530659912949712	0.46638562826969365	-53.74852800772951	53.75533733296236
0.7801304001768754	-0.3044404080381356	-32.38765638033377	32.42748128186266
-0.32324634312080003	-0.2258033405734065	-3.9969616096771903	4.247927152657517
0.20509999782443217	0.2660378989220769	-3.9279275259957487	4.035635537459053
-0.5473229639895204	-0.5818828911524432	-7.776362965701878	7.818532527596233
0.3446078066194831	-0.38172660947625003	-1.139206322458662	1.2576726818990356
0.24099131518959185	-0.2889531633424921	-5.110906825332224	5.12663818761671
-0.3217495460483468	-0.2707584417583139	-2.2065306318689046	2.379627998142778
0.4276698801823643	-0.12819552525780614	-16.300426425425616	16.307136997484413
0.5934273933308696	0.5296735096955256	-24.302467099140262	24.32802110506529
-0.5256375296021296	0.12978596195956474	-9.000238456086217	9.017588993725607
0.48951163408145937	-0.01649577888111825	-20.942061307406824	20.948222959339724
-0.8377935577910568	-0.07314381934673823	-41.70996319536744	41.71867396751233
0.37648421301846735	-0.010129390672525364	-42.812468403655075	42.81435242492955
0.9281050807363683	0.31195188441150623	-254.56353818840648	254.5654569803604
-0.2632928046759331	-0.047557727039232445	-443.72940864002555	443.72951125280144
-0.04562434555445716	0.47021513041321367	-57.9039862119576	57.91072680615166
-0.04098857687650244	-0.19370075899756534	-34.02980142827412	34.030645084917765
-0.22587684864213456	0.5046214296229968	-12.13875033598202	12.152083873052018
-0.19534753679990377	-0.024843651735081587	-6.258659356025421	6.2633117906447735
0.28513819683030656	-0.23940245993658826	-0.10005714660261666	0.9391116769564075
-0.10633809043491937	0.7298740594280712	-0.5360294687543105	1.319864968784197
1.7888932703815068	-0.3854957150418031	2.5779390450714352	3.164489782593026
0.10076834615043871	0.2288333298142667	0.09937525692472297	0.30102158478859004
-0.1124978912505524	0.2978282777611231	0.2837672465800914	0.44873276423905606
1.6087903778997232	0.677504121032068	3.7189051578049788	4.144588460786745
0.23272162160083176	-0.36092405985730897	0.3256507129401997	0.5567348577939624
0.6433411126820178	0.15094292226248676	0.8493876188805132	1.0851777112784724
3.341394286261773	0.0011167845192746606	6.445333059239672	7.280616381220638
-0.871495677863841	-0.3299131885303501	2.233596876595216	2.5826196993845265
-1.5631962148978733	-0.7903916403416666	4.903362843112221	5.314264685346773
-0.32213496946571624	-0.7588957771063395	2.299217481666452	2.4919499813325174
-1.6976165808876909	-1.1203335758835595	8.003401002465981	8.375201383619608
-1.581772504126289	-0.6980458190761402	7.230829403180494	7.451032547280894
-0.36631077072120677	-0.03869079082731766	5.395728574713085	5.430772261144495
-0.14570827241627532	0.013286314948737832	1.298869140763555	1.3140350345570346
-0.14726467256776535	-0.3245161840446831	1.6203195700680313	1.66490628310991
-1.1526466467881016	-0.3794225862609806	11.754070230562586	11.844794821744276
0.15422190891291673	0.1393615905668143	2.8322125928612647	2.8430360218744997
-0.7462260842814281	-0.4638848831750444	10.039559905446676	10.09002108972785
-0.20176541136194573	-0.5394752793242271	33.07281977288285	33.08151856445249
-0.14282709563016727	0.3476217472330583	16.069527555445326	16.074527554441907
0.660389311535077	-0.44847607355786345	215.12951638769903	215.13104272935945
-0.313690918047984	0.06342029731003518	484.41620224210743	484.41725485668536
0.4590386362731706	-0.7006730348747721	1121.5891792488721	1121.590195633951
-0.5178306772426863	0.2626408717301628	1818.0707992014616	1818.0710672089062
-2.2648549702353193e-14	2.2648549702353193e-14	-2016.318454601875	2016.3184546018756
1.038266762013523	-0.24307891849854982	624.8565310899002	624.8575281061542
0.439462253755039	-1.237958603923289	624.6351386155056	624.6366071259212
0.439462253755039	-1.237958603923289	624.6351386155056	624.6366071259212
-5.551115123125783e-15	2.042810365310288e-14	-669.7334748935375	669.7334748935376
-5.329070518200751e-15	-1.2434497875801753e-14	-277.14366508359916	277.1436650835991
-1.099882945906272	4.190754759319848	-392.1951283714656	392.21905982022065
5.329070518200751e-15	-3.1086244689504383e-15	-152.09649034996335	152.09649034996337
2.273495608940336	5.477025131173548	-124.03876397145663	124.1804394988925
0.0	0.0	-125.62488885692974	125.62488885692974
-4.8002350518771815	3.1519644742028228	-23.6298304392757	24.317607266933713
-5.158587466302352	2.2886660486834645	-23.791411269501236	24.45159027802565
-5.0628579560401406	1.92391914335877	-23.851206782682002	24.458414922956017
-4.993318740733833	1.857030767353406	-23.86575676719223	24.45314174882734
-4.514777098599566	1.6790596425274107	-21.578548794470947	22.109640919937277
-2.9470201183961633	1.8307986366802431	-18.74227444853577	19.060682116087527
-1.5505403705949463	-0.007094063071870216	-5.437446413469733	5.654206333866008
-2.9514554660461414	1.8314686045988136	-18.784080864706695	19.10254068310089
-1.7380213848596258	0.3762228718988423	-10.464879567550858	10.620021956046635
-1.5191189704895276	1.3123131421022594	-9.294614496710619	9.514654322249381
-1.748651339617113	0.4101581797631306	-10.525518970983411	10.682764663162061
-1.748651339617113	0.4101581797631306	-10.525518970983411	10.682764663162061
-1.553559787843693	-0.006637974203740841	-5.458122205923112	5.674917628644266
-1.0934932425813197	0.6018807637985475	-4.396597150718139	4.570345110722451
-0.47421943744625195	-0.4051604860321474	-3.821640647264816	3.8722056158112657
-1.0992820826448535	0.6279380436181172	-4.473844685056211	4.649517560979078
-1.0992820826448535	0.6279380436181172	-4.473844685056211	4.649517560979078
-0.47798294869246555	-0.39352381070451786	-3.7843407497925514	3.834652995953186
-0.47798294869246555	-0.39352381070451786	-3.7843407497925514	3.834652995953186
0.029240926235707065	3.104673160846391	-392.2762654857967	392.2885523615882
-0.730752068056105	0.9180375273453293	-352.04038602989	352.04234146983026
0.28145135215756006	2.3646067583270423	-42.52308742862681	42.58971172064677
0.26423474254909296	2.21996182724609	-39.92191536109241	39.98446419063066
-0.10535394231009637	1.5249597329037194	-20.69811126635176	20.75447931494341
0.2939706717947989	0.7900003526731787	-55.65284162158974	55.65922475089687
-0.10613913662962138	1.5250783380380717	-20.699393602926357	20.7557708838372
-0.09198624444574188	1.3217200860679301	-17.939278010866495	17.98813778594774
-0.1076722034484903	1.3565167450338622	-18.08219680214322	18.133327664121502
-0.1076722034484903	1.3565167450338622	-18.08219680214322	18.133327664121502
0.29388175623007773	0.7900137835427576	-55.64129523228941	55.64767940706625
0.17073158933420363	0.45896115019448336	-32.32499658891544	32.32870549660747
0.1436256136182914	0.512218536727187	-32.37405420521741	32.37842463475667
0.1436256136182914	0.512218536727187	-32.37405420521741	32.37842463475667
-0.6551340549918245	0.8230392690152601	-315.6113485031333	315.61310159471293
-0.6551584751657415	0.8230429577301887	-315.57051987796825	315.57227325668043
0.3601681388744332	0.3916755870354445	-80.07276822491795	80.0745361650954
-0.892176447142931	0.7624200040369022	-258.81405029501684	258.81671100063625
-1.108664749435753	1.1854630924332987	-258.9220312770229	258.92711858917045
-1.108664749435753	1.1854630924332987	-258.9220312770229	258.92711858917045
0.2931722524398567	0.5226711498920782	-80.1157527407851	80.11799406078015
0.2931722524398567	0.5226711498920782	-80.1157527407851	80.11799406078015
-0.8408457858586393	-0.05152224943350214	-280.5052282372016	280.50693460286226
-0.20211830860282926	0.07126179719786785	-1.7389854839433099	1.757691768393391
-1.014615038448861	0.6150377712287618	-6.667390021540768	6.826838301431007
-1.467017113225651	0.6076804855041873	-13.68606435436675	13.805986047551265
0.08907874813423472	-0.061915833308628265	-1.3385030771998174	1.3501255002246437
-0.36859170129551366	0.0819913557376799	-10.424265223468922	10.468656025536815
-0.34587822205425167	0.24396210626766923	-8.234522332399465	8.246497856482563
0.2176539675165245	0.3808250968239808	-17.33230304194788	17.36122693334858
-0.719507747584289	0.2474738943805772	-24.784969952809433	24.81011935707049
0.17611719915402368	-0.33188103225716825	-63.215654491751295	63.21691509958617
-0.14596951858861323	0.9618483106877278	-75.14738645236723	75.1538047572773
-0.6705891815148829	0.2954107370614786	-38.752834597306816	38.768406875473275
-0.2061905160534225	0.36945417411258896	-13.202270764416646	13.209738220458801
0.16696377807948873	-0.12409144573803882	248.8504333167392	248.8505594072552
0.7703806321937742	-1.3238130622753985	318.01248796137935	318.01620506874985
-0.8060374884620937	0.5328444913079469	29.193321591922405	29.219273059395796
0.47017249732355126	-0.4184932679334726	21.847346465407455	21.856857645988292
-0.036197637395690326	-0.10827866504435249	0.7486765800379863	0.7700850243019874
-0.11153076244449942	-0.017362010735774994	4.749329372339066	4.841088426098369
0.01807435688000816	0.20074064979482	-0.2757084952183439	0.603534901469862
0.14682209165851567	0.38287624471790777	0.16412225889572876	0.46321360745697615
-0.44136707680612886	-0.392217040405957	-0.4736048843569372	1.2055253139855433
0.2938519931070987	-0.1228906622397995	-0.999365662235999	1.408181316619116
0.39784708734995905	0.0965079461055204	-1.7125124105769423	1.9226296056192866
0.17576180375276912	0.6709325754540549	-205.5660404788479	205.57067016248536
-0.533710227470234	0.14956906963530023	-201.26269299773622	201.26407137372203
4.574118861455645e-14	-4.352074256530614e-14	21.038147380164173	21.038147380164403
0.58611338263296	-0.0885335703077979	-0.056577334856662276	0.5954561992223937
5.995204332975845e-15	3.774758283725532e-15	1181.7809244374366	1181.7809244374364
-0.43156677028845597	-0.22269750295721413	2.850549279973432	2.8916215610964144
0.9275863877587172	-0.144239930044383	671.1845969071163	671.1852533742322
-0.517562583863878	0.019300936035961058	47.24037446594048	47.24321351512572
0.4560395998194622	0.010533042154861505	18.855274789846135	18.860791883215825
0.351595118429279	-0.31395954165311735	21.305188564757884	21.31040237773535
0.22216613982828282	-0.21624539994587133	2.3132842728438145	2.333967436291774
-0.49683318996549164	0.666128338993731	9.28780159096819	9.32490367649195
0.6169398807105004	1.8287030079471265	12.437295444602423	12.586146649551265
0.524867384829221	-0.38277253160187535	-2.6736559743869868	2.7711616430626327
-0.051715814643917724	-0.286931889074798	0.40671699886323087	0.7074059312845983
0.20937534735022467	0.1252432867287432	7.076198300389135	7.080402976058477
0.4952143062464611	0.27748583489870216	2.3827381909753775	2.4494237862021877
0.0	0.0	1181.7809244373268	1181.7809244373268
-4.6310745662429476	-0.35432677327194245	1159.5967301727537	1159.6060318170316
4.6310745662429476	0.35432677327194245	21.933569047638787	22.42551783722945
-0.21637051056313794	-0.8651919139665551	-1256.3257219828665	1256.326081869658
0.12105539599003945	-0.19623921611459716	-216.1986256198515	216.19932122896145
0.14875254792876488	-0.026995900723685823	-162.32578432837718	162.32661744037577
-0.14983155381459412	-0.24410214720848683	-21.62331585907882	21.630937099589097
-0.06796220774798488	-0.43490891805579496	-40.947353176439215	40.949956978849606
0.004662544681967411	0.6193047319104039	-41.3649772148759	41.36984868068039
-0.07996914381146453	-0.15291910364071032	-12.383550792853605	12.385488652281971
0.822919073877691	-0.4113032011382679	-31.089761990351388	31.117519459864027
-0.042788673700815696	0.10686279310013234	-1.2978943899823827	1.3099618219986333
-0.3658794579977779	-0.40430646586511704	-3.7749832380293724	3.927872265798343
0.04263311487697788	0.17850312529171056	-0.22197837164781786	0.3200548868591736
-0.11607276930893404	0.2955598005312855	-0.6295396885158453	0.71876873038674
0.32117276713336623	-0.029521901609208562	-3.2983878374799036	3.3168668070723144
0.036270615205751616	0.06649058923665299	-0.18933628850926346	0.24711246636077255
-0.3193831044496187	-0.26328684114887185	-0.860851254252237	0.9653342400317498
-0.03863705680447979	-0.07396218984609501	-1.1563430891074042	1.1671812917502555
0.18817116721862326	-0.03217247314649918	-4.410630228459883	4.416965276443188
0.3545798797811692	0.3458070184776044	-8.082932207695807	8.099295169598411
0.05067634633107715	0.21603896436442038	-11.808904662984574	11.811760659023694
0.4863557361484677	-0.015507915865985891	-20.931514836213708	20.9371701940872
0.0031558979329916292	-0.0009878630151323611	-0.010546471193113707	0.01105276525251935
0.3111190502691057	0.11196407736817912	-103.07703010921895	103.07756044433184
0.6169860304672626	0.19998780704332708	-151.48650807918753	151.48789653602856
-0.32199363837763056	0.046806202831927934	-26.796548932940876	26.7988877609533
0.2763692928231734	0.4234089275812858	-31.107437279016732	31.11183904519836
0.019865352602873025	-0.06617815086080314	-20.278961391631004	20.2790791039225
-0.060853929479375464	-0.1275226081367622	-13.750840036643119	13.751565980995268
0.0073603908361535506	0.11329042866864848	-2.4540328811776577	2.456657541962718
-0.23323723947828812	0.3913310009543483	-9.684717454804362	9.695426331089301
-0.15508788070204246	0.04771312556355582	0.2217804259053205	0.3082128084723928
0.440226077532349	-0.28711558550014404	-0.3218375725079371	0.6308988684840146
-0.4647124545165789	0.645484844247272	-0.4238462811477953	0.9119944103329605
0.35837436408165946	0.08438921518079931	-0.11218318760651527	0.4078705584512367
0.05431606965548526	0.043851968363678114	0.08466088244880601	0.10973010329530863
0.046452276494953454	0.18498136145058858	0.014714374475916954	0.1912914814932814
1.055936816170681	0.3077204046081979	1.7555333211975392	2.0716157097762533
0.5528535617290423	0.36978371642387015	1.9633718366074395	2.072972751010492
0.7231523289939092	0.06894219718955022	1.6012434958115458	1.7638488697338606
1.0840141914647388	-0.11315865994674681	1.9717112368907688	2.257214353179427
1.5342277658031254	0.04533324727647125	2.872378326537358	3.2595531583073516
-0.4586510523364231	-0.21556328031317779	2.0138776030800978	2.081348385234035
-0.4128446255274178	-0.11434990821717231	0.2197192735151181	0.5012713141504915
-0.5863384670677673	-0.549191523589439	1.5888980779178021	1.8476258203318
-0.9768577478301059	-0.24120011675222766	3.314464765194419	3.466638865014973
-1.7380408989066767	-1.297761618912586	6.484704577959099	6.83928685128052
0.04042431801898577	0.17742804302902648	1.5186964245068828	1.5359145323390875
-0.13548202760811368	-0.03275794981238788	1.1345641474905737	1.143094164035373
-0.010226244808161642	0.04604426476112571	0.16430499327298148	0.17094087052166188
-0.9755215854695007	-0.05246195727154562	9.895707220952735	9.944792396445175
-0.1771250613186008	-0.32696062898943495	1.8583630096098505	1.9000024252991001
0.06123485729065039	0.057161762610457356	1.986474062824127	1.9882395170414287
0.09298705162226634	0.08219982795635693	0.8457385300371374	0.854796504833071
0.0006731917612063446	0.005845606326896295	95.55437297196603	95.5544750834559
0.08487116664112916	-0.050685739798370405	89.4958718225915	89.49603524866208
-0.39923527645031953	0.10826043078150929	299.36595744754993	299.36674452456737
0.15195879233318396	-0.6688009370109879	913.3088318380992	913.3095726485224
0.30707984393998666	-0.03187209786378416	208.28034741077283	208.28062298542872
-0.31042250340445005	0.2783997404788898	392.2739963660065	392.27424281144016
-0.20740817383823623	-0.015758868748727006	1425.7968028354553	1425.796824397466
-1.9280937694872697	1.8545947126234663	-1346.4550228944995	1346.4577210759198
2.7660417197473817	3.6003345562975824	-124.2395229750876	124.32245358256881
2.2870594307278225e-14	-2.1760371282653068e-14	20.93942284530067	20.939422845300783
5.440092820663267e-15	-2.042810365310288e-14	20.939422845300726	20.939422845300783
4.884981308350689e-15	1.2878587085651816e-14	20.93942284530074	20.939422845300754
-4.440892098500626e-15	2.4424906541753444e-15	20.939422845300733	20.939422845300747
0.0	0.0	20.93942284530074	20.93942284530074
36.44620728410893	7.095642371141715	-1.7891210328920195	37.1735809429992
-36.44620728410893	-7.095642371141715	-102.89634497873699	109.3907307592313
-0.7917259908197849	0.9560322043567986	-7.517526771472468	7.626462900985757
-1.5907842937534933	-0.047424844057450066	-4.5320923512728	4.803405548728119
-0.8408457858586393	-0.05152224943350214	-280.5052282372016	280.50693460286226
-0.7124505606314265	0.5696946832249035	-5.880065709614816	5.97084839241684
-0.30216447781743455	0.04534308800385838	-0.7873243119259524	0.8559899090141676
-0.5742856835569613	0.27950941387846845	-7.803352119556713	7.845243754828491
-0.8927314296686899	0.3281710716257189	-5.882712234810037	5.960742292722776
0.2317596872308387	0.15899028011900482	-2.3934773523754007	2.413960248850757
-0.6003513885263524	-0.0769989243813249	-8.030787871093523	8.054695776686058
-0.2774942677945361	0.17397562200439537	-5.13698843638231	5.147418846493475
-0.06838395425971555	0.06998648426327389	-3.0975338960171546	3.099079009989087
-0.2857883404395152	-0.01501212627083559	-3.91635554978159	3.9292774038837477
0.5034423079560397	0.3958372230948164	-13.41594749216629	13.431949529464832
-0.04184188932639575	0.3084664469315377	-4.340838654288213	4.354223501388929
-0.6776658582578933	-0.06099255255096048	-20.444131298521224	20.455895855681565
0.0032209531620542436	-0.13430120772612825	-24.75297478535408	24.753339328529204
0.17289624599196943	-0.19757982453104	-38.46267970639722	38.46357577105696
0.013337694661535886	0.3129258998741794	-25.400389444021947	25.402320453472214
-0.15930721325014913	0.6489224108135484	-49.74699700834528	49.751484303805086
-0.6493193502588137	0.17161674841593874	-15.888087789024882	15.90288908669173
-0.021269831256069238	0.12379398864553984	-22.864746808281932	22.865517788781546
0.014874746803390682	0.044189640362488236	-0.9306459751499707	0.9318132395875636
-0.22106526285681322	0.3252645337501007	-12.271624789266676	12.277924980871237
0.013464039018594899	-0.001211422838608289	2.359480024995301	2.3595187509837
0.7569165931751793	-1.3226016394367903	315.65300793638403	315.6566863177662
-0.17865814068181882	0.5438099964184333	13.702214962307858	13.714875963771235
-0.6273793477802748	-0.010965505110486384	15.49110662961455	15.504397095624562
-0.3625157124605083	0.03875401647707695	2.5731323452286614	2.645307075565294
0.2509849500160089	-0.056116027212851936	2.1761970271104043	2.1957813505330748
0.01807435688000816	0.20074064979482	-0.2757084952183439	0.603534901469862
-0.12888733890143203	0.22689904810728745	-0.41450861656945404	0.5093057061052899
0.5267344262513911	-0.13039110200176704	-1.2980037940074884	1.4133238995139972
0.12516087160817363	0.5650527895057535	-192.48240194800445	192.48650537488132
0.05060093214459548	0.10587978594830136	-13.083638530843432	13.084164787604024
0.41708914969306576	-0.6479277225127422	-0.5394236201720446	0.9406123188602962
-0.1135793767608444	0.4272539403062061	-0.4189166110208653	0.6090462472766482
-0.4339992401348189	-0.22231925324904478	2.8530058662014626	2.894377940660816
1.5621792576214375	-0.17943260047613308	673.5468412955579	673.5486768001817
2.9767984278704347	-0.6315851365707061	9.367665060793172	9.862219697214016
2.9803096451723987	-0.6297732748164641	9.688489270298811	10.168366845244725
2.600990303128917	-2.0064311591738275	18.327913506900643	18.626683281515852
0.33000202827709213	1.3748816501338335	5.4261329249870585	5.607327296508544
0.5545352984993197	0.20181014434179162	1.0058936032231713	1.16621553438722
-0.33196308220956405	1.1692022659842718	35.05978660997438	35.080847631772976
0.37468932875255234	1.3778756834099037	93.88604986726352	93.89690779344289
-1.1231794021722474	-0.22367523850185705	59.969424903386596	59.980359167186634
-1.1739919329911765	-0.21577387644290136	60.02340574316809	60.03527340184229
-0.9504476171144844	-0.17468754338351763	48.59411835106721	48.60372624324424
-0.8865406649915855	-0.17899007478980877	46.69905853983214	46.707815837438176
-1.4041032488554634	-0.15968913875384771	93.93943300577261	93.95102935256389
0.6654149471696869	0.1357763288836047	25.93147309023527	25.9411948592743
0.3273144709621576	-0.35260039852035874	21.342029271781108	21.34745125867468
0.18480689660572558	-0.5221581562565496	3.8878872235586073	3.9271452471597286
0.17667349075321148	-0.4991778222860362	3.716780163808039	3.7543104302486086
0.25882372650377405	-0.5067155491379042	4.266284798991582	4.304060449766485
0.48098986633205687	-0.7229609490837755	6.5795690718353965	6.638027886058259
-0.32589634885867336	0.4369450309155637	6.092307616627939	6.116644626416023
0.6169398807105004	1.8287030079471265	12.437295444602423	12.586146649551265
0.524867384829221	-0.38277253160187535	-2.6736559743869868	2.7711616430626327
-0.2742083954143887	-0.558017182051733	0.9042029879217555	1.2058841001303964
0.5536151604319433	0.20195322605603402	1.0071734883540482	1.1669075743253217
0.39969795296576727	-0.41090949928193643	2.2143589383095765	2.28735449326874
0.16616858695613115	0.6705720448555227	2.693580863203888	2.780765494113247
0.35060781646502104	0.6534163732483074	3.1010839038260425	3.188510651756312
0.8458221227114822	0.9309022081470095	5.48382209480142	5.637934437958499
-4.662353204389547	-0.372968148286418	1169.7547918478976	1169.7641427628732
-0.21637051056313794	-0.8651919139665551	-1256.3257219828665	1256.326081869658
-0.013986082495793709	0.12256290753077347	-111.94439639403352	111.94455136846194
0.16273863042455858	-0.14955880825445927	-50.38138793434365	50.38206607191382
-0.14983155381459412	-0.24410214720848683	-21.62331585907882	21.630937099589097
-0.08968807342208604	-0.15868948091667176	-12.274552047180922	12.275905435478936
0.009718929610621527	0.005770377275961471	-0.10899874567268031	0.10958321680303404
-0.02298389469178522	0.13577627503114792	-1.1360933373186313	1.144408811297922
-0.019804779009030472	-0.02891348193101557	-0.16180105266375144	0.1655530107007112
0.19897599260766297	0.017896086926485234	-1.4301090045934084	1.4439956650144885
0.12219677452570331	-0.047417988535693796	-1.8682788328864952	1.8728711420578255
-0.03589565226047554	-0.010656430856536635	-0.962833489382309	0.9635613035224676
-0.0027414045440042516	-0.06330575898955837	-0.19350959972509518	0.2036199882277878
0.02049108053582908	0.14584786643202008	-4.404399765283238	4.406861556363138
0.030185265795248068	0.0701910979324003	-7.404504897701336	7.404899102660556
-0.006248007565651803	0.07247928477564473	-4.312821756317634	4.313435265085917
0.2826173003888252	0.35092964280564104	-26.7946155226991	26.79840378011244
0.113519369682161	-0.11570785714536935	-0.16086524918415132	0.22836940227028535
0.32670670785018807	-0.17140772835477472	-0.16097232332378578	0.4025294662137292
0.25244880900230315	0.10929000582053851	-0.04172207264457477	0.2782362986468406
0.10592555507935636	-0.024900790639739188	-0.0704611149619405	0.12963425980439613
1.2681974821790707	0.01587885716801796	2.4643729731479174	2.7715900026324607
0.26603028362405473	0.029454390108453285	0.40800535338944044	0.487963155674891
-0.015283549457977583	-0.03772255995478375	0.06824639697785952	0.07946162038390783
-0.16184151186062326	-0.2892380690346512	1.7901166126319907	1.8205408049151923
-0.09824985265183124	-0.06990390737914826	119.67813515809738	119.67827202174183
-0.14200631717090742	-0.009385739388014465	89.14219415275913	89.14240995090283
-0.15897910662758089	0.18755007754867203	90.54562813669344	90.54606255192272
-0.08177592395354066	-0.048934307774809116	327.2149601479017	327.21497402542735
-0.12563224988469554	0.03317543902608211	1098.5818426875535	1098.5818503720386
-0.495121458887557	0.8280967360746518	-1238.4964996960707	1238.496919474927
-1.1960190755846614	1.191763879647377	-111.9451572314548	111.95788936180035
3.1238338985006058	3.2561814381065433	-124.26390389446154	124.3458035756545
37.190606461064704	6.606849690151469	-1.9159662610021673	37.82145685300001
-32.39037140918752	-9.758814164354291	-105.6112708043847	110.8968490753304
-0.7993848553661108	0.9802472389105159	-7.628925187957625	7.740109839003262
-1.5977900818170565	-0.01072104066574181	-4.546378680807803	4.818984041846347
-0.20391088980178657	0.15823795384824768	-83.10930946062602	83.10982744361836
-0.6369348960568527	-0.20976020328174982	-197.3959187765756	197.39710715924392
-0.5742856835569613	0.27950941387846845	-7.803352119556713	7.845243754828491
-0.15078280924265097	0.03870410182833767	-1.9196617941227878	1.9259633607304585
-0.44956857928370136	-0.11570302620966257	-6.111126076970735	6.1287324159556
-0.533319207397871	0.004130199751069104	-15.08369687617382	15.09312286731362
-0.14434665086002224	-0.06512275230202957	-5.360434422347403	5.362772988367943
-0.18016399580346562	-0.03598856033133835	3.353934738560892	3.358963005509902
-0.4472153519768092	0.025023055220851964	12.137171891053656	12.145434090114659
0.16445888107525267	-0.04137239902647159	-0.08924590087793388	0.23707175008685383
-0.1463845241952445	0.2421130488212916	-0.18646259434041	0.3664631513830081
0.5016043102737602	-0.11779634686279833	-1.2803325960562117	1.3801211613273208
0.025130115977630957	-0.012594755138968725	-0.017671197951276904	0.033202738186676295
0.056456402075971544	0.37965690814177455	-152.10879886842818	152.11217693032353
0.06870446953220206	0.185395881363979	-40.373603079576256	40.37432844455778
0.08558044030297282	-0.13294505459551798	-0.11068163954425397	0.1929995456887402
-0.11066917991480807	0.4163065913685102	-0.4081828859828107	0.5934409101242792
-0.5100752928463289	0.28293122785984487	77.64077472397568	77.64296572531997
1.5621792576214375	-0.17943260047613308	673.5468412955579	673.5486768001817
2.5853357806738555	-2.003996876767815	18.34605288530624	18.642092721886826
0.29514164638415075	1.3902453691786236	93.97134378196338	93.98209054371526
-1.4041032488554634	-0.15968913875384771	93.93943300577261	93.95102935256389
0.6654149471696869	0.1357763288836047	25.93147309023527	25.9411948592743
0.3273144709621576	-0.35260039852035874	21.342029271781108	21.34745125867468
0.48098986633205687	-0.7229609490837755	6.5795690718353965	6.638027886058259
-0.34953601520450484	0.4056394976343052	5.960505346500113	5.984508569099204
3.2249995552918023	-2.0629943443562726	24.77860583817667	25.077597075481634
0.5547689455630644	-0.4253094738021215	3.287712257652942	3.361206423382492
3.7797685008548667	-2.488303818158394	28.06631809582961	28.438803498864125
3.7797685008548667	-2.488303818158394	28.06631809582961	28.438803498864125
0.2828902668941752	1.3325360496610328	90.07057746880167	90.0808781306563
0.3893985903868611	1.3258178613190879	90.47618594011648	90.48673740683452
0.3893985903868611	1.3258178613190879	90.47618594011648	90.48673740683452
-4.235176470631034	-0.1525359962330035	1207.8945996347954	1207.902034029993
-4.185859156864725	-0.15075976200952335	1193.829042473284	1193.836390297291
-4.07842934487812	-0.1468905222015221	1163.189495185301	1163.1966544278666
-3.6619023536679425	-0.13188870112530693	1044.3938070246127	1044.4002350989974
-4.546746894758197	0.005704860391217426	1045.3402212095054	1045.3501093023112
-3.559153326259188	0.5375792753476007	863.5951305621109	863.6026320562406
-1.2111378844070715	-0.5729607480169189	193.17437804555675	193.1790244107302
-1.0220028782885038	-0.5838020898498897	190.88968250464958	190.8933110443793
-1.0220028782885038	-0.5838020898498897	190.88968250464958	190.8933110443793
-3.5432469947863616	0.8599199119741605	782.1556413073688	782.164139609112
-2.7968579152463917	0.8179183746235594	775.0956991110364	775.1011767408434
-2.7968579152463917	0.8179183746235594	775.0956991110364	775.1011767408434
-0.0077729256243282835	-0.3453209705970547	81.61059631552536	81.61132726507239
0.0705690173962239	-0.3497171999102271	81.71211275165037	81.71289159272234
0.0705690173962239	-0.3497171999102271	81.71211275165037	81.71289159272234
-0.43352276859374683	0.27851853591016607	76.57464191571458	76.57637559381575
-0.43352276859374683	0.27851853591016607	76.57464191571458	76.57637559381575
-0.34953601520450484	0.4056394976343052	5.960505346500113	5.984508569099204
0.8458221227114822	0.9309022081470095	5.48382209480142	5.637934437958499
-0.2752659381370325	-0.7333036505305235	-456.82856136790787	456.8299280213789
0.07019976488834939	0.48378197399121176	-491.589220140899	491.58995868921335
0.022765248928440823	-0.36867533619106924	-47.555527909178004	47.557153973730195
-0.40297074509246844	-0.31908101571213604	-81.68555920596421	81.6872955892896
0.5608679030992121	0.31163939901496573	-113.36543989330991	113.36734156673302
-0.07830004493789554	-0.29574600334608164	-8.814896701999858	8.821308307012087
-0.43786862720005887	0.04084519648815824	-7.383050529881801	7.397453087140883
0.4031224994610507	-0.027152535930970275	-12.152591671018094	12.16005546585531
-0.2057881560290321	0.04383147721668727	-25.16703082526457	25.173872370890294
-0.29923036512674295	0.22136563381835658	-5.490629816752587	5.557983576032004
-0.06157767479899109	-0.3986198520092056	-3.498433739487105	3.6031699586857378
0.6920431674577128	0.22305489776674964	-0.6934444439459592	1.0144073219285041
-0.5214031370380419	0.34715218330927433	-0.2067317402963155	1.03584141474775
0.37520615988768447	-0.20737505999074085	0.27868589617927475	0.5300280101589647
-0.14863516643349403	-0.2196088903918114	-0.8759263269619114	0.9250875678036219
0.14743167837420026	-0.424363206585562	3.0774221469891354	3.2023534796432984
-0.12667076415938186	0.3510106683700913	3.163732407313388	3.1887201981025726
0.038246837598133805	0.23853467713744086	1.4475653156646	1.5665077651893322
0.0693184143597096	-0.302325903252183	2.0611195950292394	2.1429035655997546
0.12329271563965524	-0.11414385803758018	26.931699137012707	26.936819857450303
0.38916070244987633	0.5300792449275599	92.46508900900893	92.47069854017073
-0.06801661357862218	-0.2332018914053437	61.5702682694304	61.57090566116767
0.23476113947844487	-0.0951921271688053	180.65912386684892	180.66312899862544
-0.18887794576705305	0.062454396066766116	2.84017943321665	2.850556862746662
0.2355693688061384	-0.14317308950260282	37.74102972808219	37.742277832656846
-0.22993171121232514	0.07516962741867275	187.6917788857634	187.69198331299984
0.6195658913407861	-0.030539473954808216	87.97741630319284	87.98687478811593
0.0694998319494936	-0.31680342369594316	15.714570588544596	15.725792162252345
0.35183252037385127	-0.19782132419126672	94.74142199516673	94.75150066563094
-0.153302788004491	0.1023081980002417	3.2102114754406785	3.2185254720351413
0.27975990954435315	-0.5159368957999665	35.571270568858175	35.59360178786002
-0.4487451982783035	0.23793818079704707	285.68962813350515	285.6911056282456
-1.2041984733126718	-0.360950131889442	222.01367981345894	222.01888725156823
-1.3954332154495295	0.24291193783891027	265.79466439871214	265.7984726865313
-0.7008415708285258	-0.237649211401339	148.18277075294088	148.18468437682284
-0.7242980693687823	0.5311901362090004	99.96913149392562	99.97440491453793
0.6621363474881137	-0.032639459359495776	69.43943909565874	69.44798222650891
-0.776259699354219	0.5034270543093492	43.975998754512666	43.98850081918173
0.08078159418140371	-0.31038798294026243	36.968282483777685	36.98059232059345
0.6780402451274075	2.004178162258892	30.444825493393285	30.52858755299619
0.7774862860761055	0.017091855038783993	5.651460646876574	5.730961884556524
-0.02194385950637158	0.23916904524759713	2.034037403260149	2.052917754790965
0.198374852691467	-0.0022789042430611806	6.832682198068158	6.879249599202057
0.5488254709498985	0.8288838494925667	7.260606793765943	7.3487963959884715
1.2338357161222893	-0.10339347373177488	9.511390194613938	9.633384960616482
2.1234388147337815	-1.6240773877106696	16.105748991872343	16.35778331749192
36.893614542472726	5.89137340091336	-2.535410156825475	37.44696755707834
36.97295233893839	5.589081916742267	-2.5572419812938394	37.480348556014775
37.030584390906945	5.5336468022525045	-2.518885362758993	37.52639352155877
36.812904893873494	5.501117975811109	-2.5040784212031753	37.30579947472917
35.67550271862097	5.331150852324213	-2.4267103283702283	36.15316841791862
28.828979957523764	5.352354797031564	-1.5721640349803776	29.363744431143303
6.846522761097319	-0.021203944707335443	-0.7558217585263483	6.888148521638937
1.0907940318774028	-0.09025045836526324	-0.07658703259041941	1.1457496841699317
14.160099323062266	1.6293921564888654	-1.137559966848153	14.302666685509783
1.07590083508164	-0.08800081192364421	-0.061123574086492966	1.1304613399571335
1.3441736412991314	0.1550402372778443	0.5545830690122404	1.4991006082226663
-0.2682728062170955	-0.24304104920152095	0.14165561619073608	0.38872299102439056
-0.2744029858383868	-0.18608610633256634	0.1614838185745471	0.3687845729805589
-0.2744029858383868	-0.18608610633256634	0.1614838185745471	0.3687845729805589
1.3203739421748928	0.3756973397230368	0.5410467621891902	1.5120077503521
1.3203739421748928	0.3756973397230368	0.5410467621891902	1.5120077503521
1.5186747478939868	0.2803448338156354	0.46888629502859264	1.867515022243093
-0.056333572214708694	-0.08347981400533158	-1.0191059025532716	1.0335371189385276
0.10849716548644887	-0.3900263180217086	-1.4209057860985703	1.75090182521367
-0.2742083954143887	-0.558017182051733	0.9042029879217555	1.2058841001303964
-0.045676460526564856	0.08965189822996888	-4.1480478377111885	4.151614679945977
-0.10415509328802926	-0.3337540454384557	-17.47526802136763	17.479322419643122
-0.09412065577145515	-0.0962546282741975	69.85439377404059	69.8545234984108
-0.0041291968803761	0.026350720895049237	49.823741384056795	49.82374852333104
-0.1654567464304063	0.0054876830834632035	80.79628483470654	80.7964544342178
0.02345042925949886	-0.01487342247147767	8.345909318052595	8.345955516685045
-0.035442374391814926	-0.018644556497823043	13.617628086758272	13.617686972854724
-0.12353673223576597	0.20619463404649513	76.92800004993518	76.92837557906799
-0.4670266956482437	0.7813684277521513	-1168.5086126263109	1168.5090138002447
1.2476517213648979	0.7503495010555826	-18.990077492794114	19.04580537477701
-1.1592638018754708	1.3372395905707448	-114.56466290509906	114.5783316724585
4.519996348979195	4.475739335769172	-111.10145044059662	111.28339902968854
-1.1784829534451382	-1.1870290712212328	-13.177260395420735	13.282998592795563
-34.008522685110705	-13.657064580770369	-105.83865684051497	112.00409059490337
-0.7993848553661108	0.9802472389105159	-7.628925187957625	7.740109839003262
-1.5977900818170565	-0.01072104066574181	-4.546378680807803	4.818984041846347
0.08452717738525653	-0.12390855323480995	-0.0960988914234194	0.17813806503460256
0.3812873268539704	0.3773265928527335	-0.3438300874957984	0.6371612922648922
-0.1604477973786868	-0.4760026694014471	-0.4930947791147978	0.703892391030935
0.09488469237602443	0.011425770153795353	-61.56987110416214	61.57010346930653
-0.07170337706801358	-0.5169965428167559	-202.0080145153002	202.0087370263925
-0.29844725344504336	-0.22773287786756305	-193.25067574844553	193.25108752567985
0.09077942082836526	0.23035491380359452	-427.2516335761607	427.2517281153728
-0.02057965594001588	0.2534270601876171	-64.3375865647382	64.33823057384045
0.005220226853087046	-0.0016634115191478864	-0.07331145022036482	0.07351589242941103
0.017545022075353776	-0.3670119246719213	-47.48221645895764	47.48363808130078
0.2668303942766563	-0.03868845154228166	-6.152468948195632	6.1583739261353765
0.1362921051843945	0.011535915611311388	-6.0001227228224625	6.001681539719934
-0.25364410220538497	0.051194907835352285	-15.736051801571138	15.738757960884401
0.03702934025290939	0.008540028612136454	-4.120521087017164	4.122906466690868
0.01082660592344345	-0.01590345923080147	-5.310457936676266	5.312207943315027
-0.021268759092641636	0.13665971504901714	-0.585506440664554	0.6175968060071994
-0.029966178389774792	-0.10915718246713565	-2.9517139781116164	2.9571791382685886
-0.24799542764432653	0.1938631012364751	-1.953409397976416	1.9832076317562162
0.022243760424507906	0.009373461176558878	-0.3089710940279778	0.3398905242825945
-0.1511588283627976	-0.017406310474063713	-1.808204180424694	1.8199544263639333
0.06733739313929858	-0.39058700271170077	-1.3812584650344335	1.4433250080392104
-0.10051343849951708	-0.20836649073511326	-0.17979036184871638	0.3245364461720048
-0.42088969853852476	0.5555186740443876	-0.02694137844759907	0.711304968575745
-0.017322988034401784	-0.1448657683290754	-0.45881403148465444	0.48145248180398326
-0.13131217839909223	-0.07474312206273596	-0.41711229547725703	0.44363508599963863
-0.09987990184552663	0.005281954665362951	0.14347852151487195	0.22376274237203284
0.2473115802197269	-0.429645161250925	2.9339436254742637	2.9785907372712663
-0.08302613908767523	0.003772061782540803	0.4950102087151096	0.5197713683477321
0.051150080304131075	0.15787835387680865	0.2768478389801742	0.3498660196217439
0.07012289638167796	0.07688426147809144	0.6757072679693162	0.6968703772198562
0.0693184143597096	-0.302325903252183	2.0611195950292394	2.1429035655997546
0.12329271563965524	-0.11414385803758018	26.931699137012707	26.936819857450303
-0.20080046827443687	0.1785008412876192	21.002598775289158	21.004780848156393
0.5899611707243131	0.35157840363994053	71.46249023371975	71.46591769201432
-0.20072241822795248	-0.268514817586625	20.200183399181867	20.203447201948613
0.43548355770639735	0.17332269041781972	160.45894046766702	160.4596817966768
0.09100302311352612	-0.1112872823953166	12.767276230661452	12.768085555769574
0.14456634569261226	-0.031885807107286196	24.97375349742073	24.97419227688727
-0.012165092315395448	0.03719801498662203	60.25362963607698	60.25364234636213
-0.2177666188969297	0.03797161243205072	127.43814924968645	127.4383409666377
0.1854477603520301	0.3599410793748047	65.62599275174072	65.6273902641943
0.4341181309887562	-0.3904805533296129	22.35142355145215	22.359484523921648
0.0694998319494936	-0.31680342369594316	15.714570588544596	15.725792162252345
0.35676707708354194	-0.08757321126594551	87.5442121138369	87.55209174148548
-0.004934556709690677	-0.11024811292532119	7.197209881329819	7.199408924145446
0.16450618938330552	-0.5073895426301219	30.268011340877763	30.287247606190974
0.1152537201610476	-0.008547353169844521	5.3032592279804085	5.306354181669042
-0.08540762888133563	0.3889578855075827	202.28665373825655	202.28709386193168
-0.36333756939696793	-0.1510197047105356	83.40297439524862	83.40401176631399
-0.7649785469545335	-0.2796263726612551	76.6530455733549	76.65749968881917
-0.43921992635813834	-0.08132375922818685	145.36063424010402	145.36138756274906
-1.3639610577458057	0.2566741860038908	258.09829462193284	258.1020262573598
-0.03147215770372348	-0.013762248164980574	7.69636977677925	7.696446429171468
-0.7242980693687823	0.5311901362090004	99.96913149392562	99.97440491453793
0.5626042683177881	-0.24655001433625215	44.34174679099698	44.34879293353189
0.09953207917032567	0.21391055497675637	25.09769230466177	25.099189292977027
-0.12628678596442353	-0.42584944396100777	23.320128353130908	23.329665625975682
0.20706838014582724	0.11546146102074534	13.64815413064678	13.650926694617775
0.5391073006993552	1.6857490316725574	20.483890720766272	20.560682024793014
0.13893294442805232	0.31842913058633476	9.960934772627015	9.967905528203172
0.24599703040356094	0.09186758830470522	1.838728051399549	1.8626204188325317
0.4100683363182865	0.04487313415047727	2.461584741469073	2.4998097653526954
0.121420919354258	-0.11964886741639848	1.3511478540079516	1.3685317003712971
0.1018426293548507	0.06958588293239407	1.917842791378924	1.926866594656074
-0.15518758117842862	0.08633569368133064	3.114157969144099	3.122338335132685
0.251719804515045	-0.1582004808567859	1.800681437545137	1.8300446694132992
0.5635298882335564	0.6192284475848667	6.661171421457087	6.713584326666904
-0.014704417283657858	0.20965540190769993	0.5994353723088551	0.6352120693215666
0.4646345341823383	-0.2527414454265384	3.995155785547519	4.060142014977426
0.7692011819399508	0.14934797169476358	5.516234409066417	5.573242945639054
0.951648120967353	-0.8263658277791975	8.156406319856156	8.267962180879357
1.1717906937664282	-0.7977115599314719	7.949342672016187	8.08982113661256
20.424609363681704	3.7920091542006698	-1.1138387940681722	20.803476583102817
13.976712328661941	1.657093119891784	-0.9427369479694878	14.109999931935803
-33.576253156739355	-15.304090375718465	-105.95095193770784	112.19262085707824
-33.26224670542215	-15.606126881182309	-105.99919735186636	112.18626516362798
-33.34843117732935	-15.593108548502784	-106.41186755746315	112.59994872672694
-33.04274628802628	-15.45017595790505	-105.43645435790816	111.56781313153161
-32.76014267832517	-15.318035746006128	-104.53469146157067	110.61361076461574
-31.89675136424158	-14.914329964203286	-101.7796868355366	107.69839663715186
-12.09233770178643	-5.658644629608743	-39.359616975641146	41.56530209931625
-19.80732385930182	-9.244737985657133	-62.43080358493552	66.14869987499011
-19.902868513968308	-8.742794001330662	-61.6915010601893	65.41140516067043
-19.902868513968308	-8.742794001330662	-61.6915010601893	65.41140516067043
0.37750667933454174	0.40959148602385	-0.38145337222573683	0.6751171406117623
0.37750667933454174	0.40959148602385	-0.38145337222573683	0.6751171406117623
-0.0787854734306245	-0.5764425197664973	-0.5416268231993322	0.8338461942917694
-0.0787854734306245	-0.5764425197664973	-0.5416268231993322	0.8338461942917694
-0.02518650559791727	-1.0340065099501423	-0.04646639069375702	1.7042978577189056
-0.19963507155562865	0.3223438912826258	-0.8636935261799078	1.285434867298132
-0.6122694203817458	-0.5533110077412331	-1.1819909667559678	1.8340482633129052
-0.9894770845088308	-0.1567364993141568	-2.3119656114153884	2.664026614769208
-5.1498015003905815	-2.3486993356213945	-16.707372206141187	17.647117209595812
-12.901986121044072	-5.697252755780742	-40.59888956650641	42.991327783009396
-0.5252392557734034	0.8464363989062931	-1172.7466357236306	1172.747105232815
0.0601023063837883	0.2806528999902265	-9.912296604612422	9.91645109478769
1.2112464851218236	-0.7232871351129949	-26.74958374491132	26.786759655724666
0.00831047300365817	1.520364944490863	-62.22838081747108	62.24695139356302
0.6944395959112558	1.7964888973783626	-57.228995877843545	57.26139701314496
-1.1933248791876903	0.001339687708767856	-68.44624535154637	68.45664707525584
4.8003762729026995	3.3480805607152826	-80.76422091870177	80.97600037299537
-0.7677467799154784	0.6367576341244063	-35.78674404455475	35.80064168018727
-0.6911160974531138	-0.6961279302916991	-7.727745872762743	7.7897555693033524
-12.150950704221827	-5.357091184886	-38.90641981277722	41.11330115215377
-12.150950704221827	-5.357091184886	-38.90641981277722	41.11330115215377
-10.086987409601486	-4.608253827876332	-33.52084145222092	35.31110094504175
-1.87902334180871	-0.05503185916259601	-4.4450716645955515	4.8281092498383975
-0.6827288021635542	-0.39029844400929486	-2.4995423568502497	2.62381079477699
-0.5126566384960656	-0.046499784008976586	-1.9144152913710597	1.987320998641716
-1.3867294493350832	0.7125189284160145	-8.701852916504006	8.922053044703667
-0.16331265081588103	-0.4525339665316873	-0.44552793177591277	0.6557081292571668
-0.03441796402414213	-0.03544538094396833	-56.54111988673196	56.54114147253373
-0.2640292894209012	-0.19228749692359473	-136.70955586171354	136.7099460531461
-0.041586381532737235	0.01765963182467622	-6.33930659515806	6.339467595716511
0.021006725592721355	0.2357674283629409	-57.99827996958014	57.998762978123935
-0.15783594595817063	-0.01352159685338395	-11.629567131710944	11.630646013458989
-0.09580815624721437	0.06471650468873623	-4.106484669860195	4.108111947425411
-0.003315699907667308	0.022034156506838327	-0.11387507649351601	0.11603461106605097
0.0403450401605767	-0.013494127894701873	-4.0066460105236485	4.006871855624817
0.043394973506761456	-0.05197515843225234	-4.3450551865248	4.345582712912708
-0.032568367583318006	0.03607169920145087	-0.965402750151466	0.9666252304023192
-0.09579913636403385	0.0012386299362860675	-0.476895871931414	0.486424384048988
-0.1521962912802927	0.19262447130018903	-1.476513526045002	1.4967832477072283
0.08254050358554375	-0.3868342666824582	-1.2488147787360802	1.3099587917952058
-0.015203110446245175	-0.0037527360292425593	-0.13244368629835349	0.1333662162440046
0.10406464592105685	-0.15321774666317264	1.4897167566627418	1.501186578512137
0.14324693429867003	-0.27642741458775244	1.444226868811522	1.4774041587591293
-0.07326200170679986	-0.059476357710703635	0.30607269472026877	0.3202893261942171
-0.009764137380875358	0.06324841949324443	0.18893751399484082	0.19948204215351495
-0.012298682847782606	0.12161588825436631	0.2369076397231328	0.26658377976702674
0.06344876315191368	0.03626246562244234	0.03994019925704139	0.08328223985471715
0.06509818538359091	0.032266121111370685	0.624721761085666	0.6289325520958398
0.005024710998087033	0.04461814036672074	0.05098550688365022	0.06793782512401646
0.5370902713069978	0.27185375104178144	59.504651470970295	59.507696284624735
0.05287089941731523	0.07972465259815906	11.957838762749446	11.958221407389583
0.3443319551997803	0.12832787870284665	140.69913228074302	140.69961214265606
0.09115160250661701	0.04499481171497307	19.759808186924005	19.760069654020707
0.2815174546324734	-0.08905686784889892	81.30950795830424	81.31547244780303
0.07524962245106857	0.0014836565829534033	6.234704155532685	6.236619293682469
-0.16516310444953883	-0.1382319617057154	39.2763024350418	39.27689295113831
-0.19817446494742905	-0.012787743004820218	44.126671960206814	44.12711881517567
-0.3024971245548146	0.40513408955537356	38.61938892092146	38.62293435727889
-0.4218009448139678	0.12605604665362694	61.34974257300418	61.35147055725905
0.5626042683177881	-0.24655001433625215	44.34174679099698	44.34879293353189
-0.12628678596442353	-0.42584944396100777	23.320128353130908	23.329665625975682
0.1538960454291372	0.32232738749933826	9.585451508899714	9.592104021902527
-0.014963101001084875	-0.003898256913003469	0.37548326372729995	0.3758015063006441
0.08296342874646243	-0.04682804221553814	1.102346925518157	1.106455846496571
0.03845749060779557	-0.07282082520086033	0.24880092848979438	0.26207585387472604
0.033481483785772176	0.024724774305747245	0.2472563510653212	0.25073497435161385
0.21823832072927282	-0.1829252551625331	1.5534250864798156	1.5793096950616854
0.18026410527824208	-0.007384275836942223	1.0104253066025177	1.026405853161503
0.5889370766617086	0.15673224753170578	4.5058091024639	4.546837092477551
17.180466007763947	2.920503164942554	-0.377795345253217	17.43102063286218
3.2718546654291236	0.8552889810480098	-0.844613455158854	3.485674121519085
13.820354878980027	3.0791691541262063	-1.041464763256744	14.20130418355196
-0.06462025789388808	-0.6492098546062931	-0.03726834444798088	1.2929733195028
0.039433752295970806	-0.3847966553438491	-0.009198046245776133	0.4113245382161055
0.16608490371134954	0.44690786844814034	-0.2730866999161923	0.5668923784042126
-0.3657199752669782	-0.12456397716551448	-0.5906068262637156	0.7185424888939196
-0.6018283724686783	-0.5905999158199862	-1.0772725539305008	1.6588768486017327
-0.010441047913067533	0.03728890807875315	-0.10471841282546696	0.17517141471117248
-0.22547863797145465	0.3147447049673567	-0.8216354637523482	0.918950197607023
-0.7639984465373761	-0.4714812042815135	-1.4903301476630406	1.7450764171621855
-5.1498015003905815	-2.3486993356213945	-16.707372206141187	17.647117209595812
-6.37513751179643	-2.7680839237194723	-19.572372022337404	20.77561391213853
-6.526848609247643	-2.9291688320612703	-21.026517544169007	22.215713870870868
-0.4964568179029244	0.5896750466554428	-1130.210643523918	1130.2109545659082
-0.01395290170923677	0.3260091495069084	-44.981734617777875	44.9829181564872
0.045272770227251985	0.21140510272276578	-7.4665541745822	7.469683593242166
1.2107286329924145	-0.7232089125382055	-26.7268095812028	26.763991580924376
0.006420726744407662	1.174644073349615	-48.07806111720737	48.09240886787342
0.5270588521376689	1.3634812613012313	-43.43509364094193	43.459685132096055
-0.33656325749806915	-0.012602907202254043	-62.74827635003115	62.74918022221045
-0.6893808779161179	0.44695023098845454	-19.491871238437888	19.50917873411536
4.563423037887893	3.1828146576171665	-76.77758688579831	76.97891261231064
-0.212735605698546	0.006210199366754154	-0.05758945300891671	0.22048027033267292
-1.1012908718387981	0.13148225605865826	-37.30066690024219	37.31715262946621
-1.56157145577078	-1.4266060792999427	-4.4922569415190905	4.965287780743436
2.007857533570195	0.9004452724951396	-3.3128570240765978	3.977098845370464
-1.510789424235569	-0.09763487751267463	-3.5828518038072463	3.889581507274757
-0.3682339175731409	0.04260301835007863	-0.8622198607883057	0.9385277425636408
-0.5976278045584865	-0.3577244847406614	-2.322536304347263	2.4247269299398253
-0.0851009976050678	-0.03257395926863347	-0.1770060525029873	0.19908386483716511
-0.3734768294302806	0.6940538492690367	-2.21621972113145	2.356333025070612
-1.0132526199048029	0.018465079146977814	-6.4856331953725554	6.565720019633054
-0.02144703722204333	0.0325148711474881	0.7819481476319946	0.7829176826694165
0.09669665967311192	-0.03103121456453469	5.452756007900691	5.453701611013053
-0.2712546255707598	0.37473754862355246	37.199861991902864	37.20273833360739
-0.03124249898405481	0.030396540931821106	1.4195269290185957	1.4201960236715065
-0.3033906597763451	0.03621817228275749	36.23676917689101	36.23805731586229
-0.11841028503762271	0.08983787437086943	25.11297339611317	25.113413241396753
0.06857147113856354	-0.12213793672532519	14.146868410855278	14.14825025722957
-0.1948582571029871	-0.30371150723568263	9.173259942275632	9.181415368746114
16.942918390630453	2.9563851961093928	-0.14349580728704958	17.199514181105375
3.2350652805815114	0.8608460894275436	-0.8005352398375192	3.4420284759903197
13.820354878980027	3.0791691541262063	-1.041464763256744	14.20130418355196
-0.030828536554135852	-0.645776244246169	0.01659568545429893	1.139562795976797
-0.03379172133975222	-0.0034336103601241286	-0.05386402990227982	0.15341052352600296
-0.3574059803608353	-0.11426159911880931	-0.4904983548549835	0.6175624534784498
-0.00831399490614293	-0.010302378046705184	-0.10010847140873216	0.10098003541546983
-0.053442101306187324	-0.0289842432008705	-0.05380114701533846	0.0811831753882173
0.043001053393119784	0.06627315127962366	-0.050917265810128495	0.09398823932295518
-0.6260230088854539	-0.3339499923722605	-1.1027704091684591	1.3113084993231
-0.1379754376519222	-0.13753121190925305	-0.3875597384945816	0.43376791783908564
-0.49646115064833474	0.5896757011250928	-1130.0337156403907	1130.0340267333252
-0.013969388138955874	0.3260116398142924	-44.97524853091029	44.97643226346715
0.04522917812469364	0.2114116873949317	-7.46514546541625	7.468275396632401
1.1880154182181708	-0.6757140497998981	-26.63866514643808	26.673703359208996
0.006220865784122176	1.1746742627377154	-48.07256871104116	48.086918811673485
0.5267162981616964	1.3635330047478313	-43.42350698976473	43.448102508670424
-0.10026149558643072	0.7130312697972425	-44.43763297241626	44.44346622564876
0.02369974111011519	-0.5442929802816592	-22.685054389474132	22.69159556266399
-0.6896219674629567	0.4469866480350158	-19.499219772583402	19.516530102993116
3.2790160428138666	2.2869894456382958	-55.168003719363355	55.31266492687891
-0.15861375432607344	0.004630268795107556	-0.042938178220495615	0.1643881066239956
0.23045979297671917	0.37813057955335505	-18.526205067285378	18.53149666504254
-1.3858725161879701	-0.2450683929230522	-18.789113107744676	18.84174812813179
-1.015291758148913	-0.9275409006009483	-2.920744632822707	3.2282965611317955
1.1077733796698237	-0.6482829685718162	-4.340139999844281	4.525952704822897
0.3379910313201361	1.0352163791266737	-0.5897206665311518	1.2384188925395707
-0.9595976518333249	0.04731544255520455	-6.037940023549691	6.113901056812375
-0.05365496807147793	-0.028850363408226738	-0.4476931718228643	0.45181896282067985
16.741205969448874	4.7968615926393925	-0.37011295454303206	17.418807136241103
2.772354683352757	0.7377194834353853	-0.6860348799371345	2.9497159834530677
2.745002083657242	0.9831243927484722	-0.7471026908322841	3.0099389431595442
2.745002083657242	0.9831243927484722	-0.7471026908322841	3.0099389431595442
1.0800620701584531	-0.6320659603617091	-4.231569993500382	4.41273453354445
1.0775384886030142	-0.6316847684427287	-4.214493053837453	4.395687266167548
0.7446005974816419	-0.5355026447467217	-3.852545614495323	3.9602147472161024
0.795648488350125	0.026944482296151345	-0.47644779924251335	0.9277850114886967
0.789923152146027	0.07640126174486632	-0.4732147045057396	0.923984791894851
0.789923152146027	0.07640126174486632	-0.4732147045057396	0.923984791894851
0.7401589888906334	-0.5177082472657532	-3.788351284285237	3.894542670361734
0.7401589888906334	-0.5177082472657532	-3.788351284285237	3.894542670361734
0.3289548100055095	1.0365813179913717	-0.5870527107969861	1.235857184746105
0.3207159766080908	1.1077115286295827	-0.6973661575448971	1.3476658064963576
0.3207159766080908	1.1077115286295827	-0.6973661575448971	1.3476658064963576
-0.4531986355686769	-0.414029038660666	-1.303740990523874	1.4410238091397927
-0.45511095455148387	-0.41374017914622396	-1.3089595258149989	1.446264829488201
-0.45779760725250057	-0.39684996139660544	-1.270872236753389	1.4079008428213866
-0.45779760725250057	-0.39684996139660544	-1.270872236753389	1.4079008428213866
0.23038608220254927	0.37814171370964755	-18.520756656424787	18.526049120873644
0.21480989241363196	0.4090142891765596	-18.559665870092974	18.56541497484306
0.21480989241363196	0.4090142891765596	-18.559665870092974	18.56541497484306
-1.3866057102588778	-0.2449576425277372	-18.80481897699353	18.857462618280625
-0.331507445997991	-0.19201532390349918	-4.526947845632797	4.570560563918317
-1.1117780986606607	-0.051214822772045546	-14.29383220948446	14.345811679080011
-0.33579479018793507	-0.1799434218420164	-4.5107357662733225	4.554324859879799
-0.33579479018793507	-0.1799434218420164	-4.5107357662733225	4.554324859879799
16.741205969448874	4.7968615926393925	-0.37011295454303206	17.418807136241103
0.07861996975709157	-0.18941441949461885	-12.826816765455167	12.876879634403625
-0.37741145836537066	-0.10837362409678677	-4.704854990144841	4.813796476222915
-0.4273436020612386	0.7834012991368666	-4.293783831418195	4.387755636491203
0.6037226333321777	0.06150582469764819	-2.0616543713395017	2.2460138198126858
-0.658865353431514	0.6931621645465249	-1.6453265356994593	1.9081814731015612
1.107983471945324	-0.173494820691146	-1.7547411149328276	2.29216283339326
1.7319696488783893	0.054390294943057034	-1.0870032694466305	2.0503007246517737
0.41396453286638357	0.35106710020213283	-0.45189617274954874	1.2541722884265236
4.819982701445325	0.9416145363054125	-0.6748250052511692	5.134239090929685
2.416603933254439	0.7796339710131656	-0.38380578361645606	2.5718845937203367
9.31158120605936	1.9720970998830638	-0.6332306430655087	9.62984306858453
15.557770861023723	4.192191162115385	-0.9409479449683188	16.158654569511704
-1.4412994711914848	2.434981413727698	-1130.176762698926	1130.180353007115
-0.051612708397189955	0.39963377310889925	-45.01303125944108	45.0148348235081
0.03893378292625615	0.22397452198056111	-7.4876254646792235	7.491075725505762
1.1880154182181708	-0.6757140497998981	-26.63866514643808	26.673703359208996
-0.034237642167454396	1.254922155859795	-48.200584728881154	48.21693032576293
0.49001298166415375	1.4373149601838673	-43.56562824252792	43.59208587786472
-0.10034275150032068	0.7130435436616148	-44.43325195737375	44.43908616601375
0.023608624029427983	-0.5442792168687968	-22.679863924287474	22.686406168832477
-0.7061726640585119	0.48078881157562403	-19.555675463266443	19.57432707751161
2.618637524214966	1.826400451122142	-44.057425395083314	44.17295251094744
-0.16030552468661904	0.004885814009733393	-0.04514213970941285	0.16661195995826358
-1.124349127253732	-0.022248180582127297	-14.301840269603183	14.354695783566454
0.04630843599258443	-0.2536715955121618	-11.398683604532035	11.440141269177632
0.03231153376450713	0.06425717601754291	-1.4281331609231311	1.4367383652259926
0.21191710912105113	0.08770199518552568	-0.19096578353274102	0.32946656352051756
0.3918055242111267	-0.02619617048787748	-1.8706885878067612	1.9165472562921688
1.0935022822195488	-0.10280190711816903	-1.334788554232879	1.8660556331211287
0.014481189725775473	-0.07069291357297701	-0.4199525606999485	0.4261072002721314
0.007542773002678055	0.05063146291330106	-0.6699973014893763	0.6862919257607198
0.40642175986370555	0.30043563728883177	0.21810112873982762	0.5678803626658038
4.503069373976477	0.8963366965124654	-0.42639399893763785	4.705657838771303
0.31691332746884787	0.04527783979294711	-0.24843100631353138	0.42858125215838216
9.030315805821646	1.8973275613526608	-0.7025295559900985	9.30163178146073
0.28126540023771524	0.0747695385304033	0.0692989129245896	0.3282112871237997
3.0461302070754446	0.9544483016154451	0.05679251335679836	3.1957136876427903
12.511640653948279	3.23774286049994	-0.9977404583251172	12.962940881868914
-1.4412994711914848	2.434981413727698	-1130.176762698926	1130.180353007115
-0.051612708397189955	0.39963377310889925	-45.01303125944108	45.0148348235081
0.004696140758801752	1.478896677840356	-55.68821019356038	55.70800605126869
-0.10362569028684893	0.003158318157540335	-0.02918106158573064	0.10770233524060924
-0.08537708381622422	0.002602134599135053	-0.024042242169446837	0.08873582677796321
-0.08616253841098515	0.009623724468223255	-0.02563069930032758	0.09040758731814641
-0.08616253841098515	0.009623724468223255	-0.02563069930032758	0.09040758731814641
2.358636021193175	1.6450592544042748	-39.68301438322229	39.78707094484335
2.357186536544769	1.645278201889236	-39.647120135239724	39.751193739909375
2.2375603979686347	1.306171346600749	-30.09172695311512	30.20305930103892
0.1013775321055395	0.3396630388469141	-9.56053200154142	9.567100947333632
0.0932795442876161	0.3560393201693022	-9.596181745889071	9.603237431773964
0.0932795442876161	0.3560393201693022	-9.596181745889071	9.603237431773964
2.210999598460047	1.3674893248941347	-30.208593017698117	30.320251291620554
2.210999598460047	1.3674893248941347	-30.208593017698117	30.320251291620554
0.004614789925189461	-0.5066366946176482	-22.623315006062565	22.62898769057422
0.004614789925189461	-0.5066366946176482	-22.623315006062565	22.62898769057422
-0.13762073828528176	0.7863522675524219	-44.513097085473625	44.52025495768314
-0.13762073828528176	0.7863522675524219	-44.513097085473625	44.52025495768314
0.004696140758801752	1.478896677840356	-55.68821019356038	55.70800605126869
0.49001298166415375	1.4373149601838673	-43.56562824252792	43.59208587786472
-0.7061726640585119	0.48078881157562403	-19.555675463266443	19.57432707751161
-1.124349127253732	-0.022248180582127297	-14.301840269603183	14.354695783566454
-0.4003080932795342	0.5384189545848609	-187.8310675752285	187.8323176872797
0.15957608511227916	0.6292582328744037	-196.11085952095735	196.11357861843592
-1.4002510542370672	1.7421732835839372	-571.141683879266	571.1468302695844
0.24021967306909786	0.4486345887575408	-119.95636871942182	119.96112773152953
0.1997039785531553	-0.11962971125865762	-50.47973621067706	50.480465931202616
0.33522942085763796	-0.6988408540074067	-78.71544761871678	78.72311412647211
0.46770490369426965	2.355359311083829	-68.76600018420793	68.80805713345373
-0.031660060904467824	-0.4855147873607763	-8.836795627177692	8.85128034295656
0.12540254407371787	1.7384492567539125	-55.20571590664624	55.23338863388795
0.16831892358788547	-0.3709632095513411	-12.536846065249073	12.544239076625168
0.5741039838157149	0.10084506172319796	-12.496193500426962	12.510509050842819
0.13756304273860448	0.6523288874467006	-13.560448339324338	13.59962171649519
-0.19867716606337596	0.023896127968789815	-2.6644691530596933	2.6756156849879353
-0.020365589226979675	0.0625617885509192	-2.5919349890133034	2.5965237350701535
-0.10046233574351665	-0.01591220973436712	-33.83357419033113	33.856093078537235
0.7247336794048862	0.8654132890313596	-18.419879809339186	18.5054937564573
-0.536430709735404	0.08004333807418261	-8.759609539149428	8.822888365200482
0.3814906924741708	-0.14870396433486655	-0.11760931916524386	0.4482853492005286
0.7120115897453783	0.045902057216697476	-1.2171792350676354	1.4177702839206003
0.07143448952909508	0.03738755176103575	-0.038521131034388145	0.08935654904446011
0.20983091070862014	0.03738198676936754	0.10782004395897775	0.2388547380793396
9.874216501900326	2.592062723128289	-0.7461126791072757	10.235996522906628
2.637424152047952	0.6456801373716509	-0.25162777921784135	2.726944358962286
0.11038903262521398	0.7913525267377567	-159.25619513615428	159.25826067614153
0.0491870524870652	-0.16209429386335292	-36.85466438480309	36.85531794229442
-0.07387095870696124	-0.1794926452142299	-16.150601703512297	16.15237102405157
0.050710362921895624	-0.3405802260223626	-17.658095270412893	17.662003702727034
0.35839001664270365	-0.1787679827708143	-44.9067506447916	44.90873939969351
0.096399294797468	1.6536884501965248	-51.71311545595295	51.73963943124334
0.029003249276249858	0.08476080655738757	-3.4926004506932893	3.493749202644603
0.15607908216529487	0.052012516030787964	-2.4601366539843026	2.4656314278477423
0.41802490165042	0.04883254569240998	-10.036056846442658	10.044877622995076
-0.17877745028624012	0.6068818091124946	-6.969181446474322	6.999231152472708
0.31634049302484457	0.045447078334206026	-6.591266892850015	6.600390564022481
-0.0968454080327118	0.206678368388452	-28.154478693041995	28.171033279787107
-0.003616927710804829	-0.22259057812281913	-5.67909549728913	5.685059798750125
0.4440557577850443	0.9686193670313044	-16.04936307502758	16.112115189917454
0.28067792161984184	-0.10320607799994468	-2.3705167343116065	2.393378566539846
-0.5066088666560633	0.09816616044418829	-4.18048650971805	4.24150590107635
-0.029821843079340715	-0.018122822370005676	-4.579123029431379	4.581382464124133
0.33772927374098755	-0.11777621013366636	-37.17915788561517	37.180878329882376
0.020660742901716066	-0.06099177263714793	-7.72759275917642	7.727861069811136
0.26141634750402865	0.07204692255167842	-5.964222487831093	5.970383501094516
0.05492414552081594	-0.026599844217472402	-0.6270444050189227	0.6300070629279648
0.0008615625053336341	-0.17069145598100552	-5.25579344989832	5.25856454780475
-0.004478490216138462	-0.05189912214181358	-0.4233020473908088	0.42649525094537427
-0.5066088666560633	0.09816616044418829	-4.18048650971805	4.24150590107635
-0.2613431161130909	-0.1359865784854159	-2.520925193178431	2.5419158499780394
-0.2452657505429724	0.2341527389296042	-1.659561316539619	1.69959005109831
