0.0	0.0	6499.999932280723	6500.0
-0.3969459365941489	-0.4830785235832626	21.471313351101166	21.4804149856957
-0.3726140201737677	-1.009057494409319	24.142913587259393	24.16686398184347
-0.06516774140665738	-0.7235590133989435	233.45780658979336	233.4589369508003
1.631333236559451	1.4403999001635905	1079.5990505546688	1079.6012439593349
1.0629457688604336	1.225567766130355	1.3013252843523202	2.0797397800228423
-1.0917000266341286	-2.8424266179745112	750.7464526546911	750.7526272843977
-0.733592401637047	-0.5915501215743112	3.2349926769414235	3.3694609328405662
-0.18733881498516697	0.6424116559432665	515.3031993900937	515.3042111609442
-0.22324155850745167	1.1391410383525762	1860.1790578977593	1860.1794493597909
0.49848647033451554	0.7121856831162372	1964.6509648360645	1964.6511848744265
0.10809124638874576	0.4716543342473505	3.2181593924010214	3.292520524379323
-0.23025622221248132	0.018311392989746933	41.77786107969415	41.7798028912201
0.0	0.0	-6499.999932280723	6500.0
0.9135855350731699	-0.7552349475718874	-191.2020306954115	191.20570483226953
0.9893692996816557	1.1562793824115847	-217.31960004513124	217.3249281545888
3.3376220529154947	-0.5409985982293033	-708.0837892930726	708.0918620208031
0.3408851237835079	0.05961402086475954	-88.85016967981389	88.85084360112091
-1.2717446589529828	1.065051571900426	-373.62141453059866	373.62509694234046
-2.640215766648466	-0.07144614165635782	-277.38881433790505	277.4013881789966
0.5493601962978006	-0.18503315500719303	0.1619878178069291	0.6018919727377368
-1.314977443119052	-0.051026909498098814	-472.72072749955015	472.72291419009326
-0.5532992710945243	-0.8811540776003663	-1895.490286379344	1895.4906006707179
-0.35058506792494554	0.20394885438672225	-2274.568252651308	2274.568312751729
1.3877787807814457e-17	-5.551115123125783e-17	21.476524258015885	21.476524258015857
0.0	-2.2204460492503052e-16	24.157321592190083	24.15732159218997
2.3303581286882036e-13	1.3500311979441904e-13	233.46023536155914	233.4602353615591
-1.0658141036401503e-14	9.511835763476029e-14	1079.5918466250946	1079.5918466250946
2.220446049250313e-16	-4.440892098500626e-16	1.6906046457559114	1.6906046457555703
-9.713403414934874e-10	-1.4515535440295935e-09	750.7457249826191	750.7457249844817
0.0	0.0	3.3955960368985356	3.3955960368985356
-0.18733881498516697	0.6424116559432665	515.3031993900937	515.3042111609442
-0.22324155850745167	1.1391410383525762	1860.1790578977593	1860.1794493597909
0.49848647033451554	0.7121856831162372	1964.6509648360645	1964.6511848744265
0.10809124638874576	0.4716543342473505	3.2181593924010214	3.292520524379323
-0.23025622221248132	0.018311392989746933	41.77786107969415	41.7798028912201
2.7755575615628914e-17	-2.7755575615628914e-17	-191.19794035282138	191.19794035282138
-1.3010426069826053e-18	5.551115123125783e-17	-217.33215887490178	217.33215887490178
-1.1612932837579137e-13	-6.750155989720952e-14	-708.0818008469229	708.0818008469229
1.0658141036401503e-14	-9.514611321037592e-14	-88.85089246506413	88.85089246506436
-8.326672684688674e-17	5.551115123125783e-17	-373.62149581513387	373.6214958151338
-4.869253986481773e-10	-4.425070310176693e-10	-277.3944560011195	277.3944560011196
0.0	0.0	-0.2646916983739608	0.26469169837396084
-1.314977443119052	-0.051026909498098814	-472.72072749955015	472.72291419009326
-0.5532992710945243	-0.8811540776003663	-1895.490286379344	1895.4906006707179
-0.3505853085738555	0.20394829414894133	-2274.568534635795	2274.568594736196
3.8191672047105385e-14	4.707345624410664e-14	20.875392125537882	20.875392125537903
0.15946320248205823	-0.48966828362151127	0.47581164997871284	0.7011421162547107
0.0	-1.1102230246251565e-16	24.14882493513994	24.148824935139885
1.1651790643441018e-13	6.750155989720952e-14	224.30088471832417	224.30088471832414
-8.526512829121202e-14	6.039613253960852e-14	1079.591846625093	1079.5918466250914
-2.220446049250313e-16	-1.6653345369377348e-16	0.37620394337312746	0.37620394337301377
0.21787821260746176	-0.6876719401979867	1.21494540776348	1.4129599982694572
-4.856701707467437e-10	-7.257767720147967e-10	750.7325191153213	750.7325191162527
0.6761398555291309	0.04169445693373256	2.7177960110108	2.800949604944753
-0.6761398555291309	-0.04169445693373256	0.4131083275137748	0.8593381303277433
-0.41759465307069066	0.6607239431919326	557.0815105771371	557.083563965157
-0.1767181724864566	-0.21077619676874026	-0.089859131152607	0.438897005073798
-0.1767181724864566	-0.21077619676874026	-0.089859131152607	0.438897005073798
0.08377991273886855	0.5819523958274198	823.9763525748594	823.9765733986825
-0.15683279581431808	0.5542564290416736	560.4947617811304	560.4958208442091
-0.3098948821044108	0.031147417537761155	58.37583247873388	58.37681939079222
0.3914915176627003	-0.3804097899168103	218.49430911684772	218.49567783662854
-0.04128052484772446	-0.08603332126557059	111.3830865188381	111.38587966494886
-0.18494121166465188	0.7578238129773206	70.14680034272553	70.15126740199271
-0.4358521622428324	-0.36321966786679327	13.125240895642426	13.13823899873957
0.45717200942776987	-0.0619715450835684	3.0253193149527835	3.1754073422911957
-0.05859028431818156	0.3337030229872219	0.17089774336548835	0.4043220901147064
-0.14501130983112753	-0.4388839126548219	0.896597999510899	1.0183393964651932
4.6391653214398526e-14	1.509903313490223e-14	-217.3321588749017	217.33215887490178
-8.992806499463768e-15	7.549516567451064e-15	-208.00466071731984	208.0046607173199
0.0	0.0	-208.00466071732762	208.00466071732762
7.105427357601002e-15	3.552713678800501e-15	8.388008028167405	8.388008028167405
0.0	0.0	0.25593376033855364	0.25593376033855875
0.959897709499046	-0.8250532211879413	8.080822560832075	8.179352644931441
-4.616509803862398	4.861431352874021	-62.86533569022161	63.22180089978547
4.616509803862398	-4.861431352874021	-144.88339126676746	145.0387935778807
-5.284983821756342	5.435999493089383	-79.82593156459694	80.18516380628711
-5.238637460732486	4.682426792131352	-71.84102664872498	72.18380395248971
-0.04634636102468413	0.7535727009588846	-17.312403073445534	17.328858011371008
-0.03541225322007491	0.5757886210741021	-13.228033181742003	13.240606044328327
-0.03541680503835411	0.5761155772142521	-13.24225151666058	13.254825111591904
0.024752290427105167	0.646277519148172	-13.228278433120822	13.24407934179674
0.024752290427105167	0.646277519148172	-13.228278433120822	13.24407934179674
-3.228344299244954	2.159629003079184	-42.221379249661055	42.39965884401804
-3.22840884272587	2.164265147603809	-42.27629637370699	42.45458635250654
-3.0369852558789248	2.385875388713135	-42.25519051375226	42.43131869466696
-2.0212272692917406	2.7005818689365393	-33.70401729076071	33.872397075507585
-2.0212882286935305	2.704960569818866	-33.77305735162819	33.9414469441728
-0.6909233110147934	0.4464479820839247	-11.9888428091061	12.017031360692435
-1.3303649176787338	2.258512587734937	-21.77571788547195	21.93291224053044
-0.6365114453747918	0.5097069577192668	-11.98454724253605	12.012257098956013
-3.6734967012537165	2.895582346432402	-54.239737756288314	54.443575793622976
-3.6734967012537165	2.895582346432402	-54.239737756288314	54.443575793622976
-1.2322265352933424	2.3713233872327137	-21.73461255627557	21.898286230034753
-1.2322265352933424	2.3713233872327137	-21.73461255627557	21.898286230034753
-1.1102230246251565e-16	-1.5987211554602254e-14	224.3008847183237	224.30088471832323
6.800116025829084e-15	-6.639133687258436e-14	11.568364649024055	11.568364649024055
0.05497311717731124	1.2464806393717804	212.72890566305546	212.732564598439
0.054951869236525175	1.24599885576197	212.64668272525176	212.65034024640164
-0.8335535046352506	0.5403334067317018	200.6718779401846	200.67433659458268
0.8942492093293404	0.7142467486445705	11.94905914822313	12.003742941019286
-0.8335577383817079	0.5403309543876218	200.67156494027242	200.6740236094883
-0.8895693856254319	-0.08160868102971985	200.66802731709706	200.67001565008133
-0.8895693856254319	-0.08160868102971985	200.66802731709706	200.67001565008133
0.6187500761563456	-0.7764859646166791	1066.0327683976282	1066.0332307576623
-0.3595407598894474	-0.30508450693152056	472.7121499664646	472.7123851477045
1.003698581544088	-0.4692528790236507	593.7232248121645	593.7242586339748
-0.35954084775623263	-0.3050837227324448	472.7100971917854	472.7103323736077
0.3547540325730477	0.325609136068454	472.71293461224604	472.7131798685701
0.3547540325730477	0.325609136068454	472.71293461224604	472.7131798685701
4.440892098500626e-16	1.1102230246251565e-16	13.554986361536606	13.554986361536578
0.0	0.0	4.201333389453707	4.2013333894537075
1.016065858876022	-0.4855649879704026	9.31261988631978	9.380461200505763
0.5894204518805511	0.04984370637362101	9.339846157817076	9.358559029885402
0.5640127063838863	0.0476951277111326	8.937239778267042	8.9551460073194
0.4259430856054889	-0.020333585795540843	5.154330500794572	5.171940049759712
0.2847038562316333	-0.0005262674554357902	90.52224790122416	90.5226956163668
0.28470368895941184	-0.0005247745736716714	90.52191576393633	90.522363480187
0.42149019126801895	0.12025132170053145	90.52285102677374	90.5239121579331
0.8570643460901456	-0.4006978980613515	506.9838861881411	506.9847689748961
0.8570640162694874	-0.4006949544569576	506.98097524808577	506.98185803702575
1.623149579968202	0.27572554195785265	506.98548771079527	506.98816099440296
2.044639771236221	0.3959768636583841	597.508338737569	597.512073152336
2.044639771236221	0.3959768636583841	597.508338737569	597.512073152336
0.9196705676076817	0.8357631254857552	750.7091105715372	750.7102116588503
0.9196351757671648	0.8357309627281949	750.6802209440116	750.6813219946589
0.9195228835808715	0.8356289165322818	750.588558742629	750.5896596765483
1.4612512814543674	0.7831543973853221	740.2564727311469	740.2584027935632
-0.5412347671631176	0.0551385009160054	10.324751989946936	10.339075344603241
-0.5563304901456437	0.016012532910833436	10.327041625309539	10.342028270428962
3.890666465194008e-14	3.7969627442180354e-14	-230.32272002227882	230.32272002227876
8.257283745649602e-16	1.8984813721090177e-14	-229.89655377969973	229.89655377969973
-3.1086244689504383e-15	2.842170943040401e-14	-229.89655377969987	229.89655377970016
0.0	0.0	-8.080677140775062	8.080677140775062
0.2804335668005624	-2.7814251825740968	-221.631884261332	221.6495140763007
0.0	0.0	11.56836464902406	11.568364649024058
-2.770808112013394	0.40182938308520294	11.147426161489951	11.493648440446595
2.770808112013394	-0.40182938308520294	-7.659738653240954	8.155393349352526
-2.776815798430142	0.46141543934513707	11.023285415499481	11.377013296012308
-2.8300391486285035	-0.7453903412108877	11.010732550692044	11.393022410511195
-2.457731377499604	0.19160027095503174	10.524273773359056	10.809139310989977
-0.3723077711288995	-0.9369906121659188	0.06029253475395091	1.0100493421002188
-2.458221909430967	0.19131613653883672	10.528250217749981	10.813117472202851
-1.6140185611679065	-0.004652580064951589	4.889441169000918	5.14895256410631
-0.8442033482629135	0.19596871660378024	14.798159691977785	14.823515551325253
-0.8482782108271896	0.15005849767443116	14.796126960796396	14.821183033607488
-1.4046087009728332	0.1660710305852646	25.123168586105933	25.16321130403645
-1.4046087009728332	0.1660710305852646	25.123168586105933	25.16321130403645
-0.0075140328527898426	-0.565807079812764	3.4868396259009593	3.5324559005045044
-0.0075140328527898426	-0.565807079812764	3.4868396259009593	3.5324559005045044
0.4259365064481687	-0.02027486771370874	5.154090862369467	5.171700454913006
0.43377297189311503	-0.013379698164640044	5.154627380219386	5.17286394914618
0.8467905170318104	0.6763409654302294	11.314910730260532	11.366692399947269
0.8467013501825997	0.6762893166607518	11.312709582520892	11.364491564284366
0.8436546814447702	0.6411266210379865	11.315494880115136	11.364999821717513
1.2774276533378852	0.6277469228733464	16.47012226033452	16.537863770863694
1.2774276533378852	0.6277469228733464	16.47012226033452	16.537863770863694
-0.36542457893298635	-0.2699777113393715	0.32074096767604915	0.5561455347785899
-0.08947166374057357	0.047640386809237434	0.43280556975932705	0.4445170933524769
-1.301128419434515	0.5019838409194044	3.304933162830821	3.5871306292332443
-1.3014267088382434	0.4911997862331361	3.3022349695140556	3.583258922036547
-1.3908983725788169	0.5388401730423735	3.7350405392733825	4.027776015389024
-1.3908983725788169	0.5388401730423735	3.7350405392733825	4.027776015389024
-1.2911218903414057	1.9729893325912577	3.8471828901360183	4.5122609446255355
-1.2577727443285778	1.9220278317240245	3.7478117425309883	4.3957111051285835
-2.2425024443393204	2.392617666785255	3.4195255823030677	4.737783418467524
-2.4286824754672214	2.626259950856949	3.2957281510854597	4.863904187170406
-2.3953704086184495	2.5902378903657484	3.250523593637813	4.79719036061395
-2.559640306584183	1.8997367638871117	2.6158412157342577	4.123515919344648
0.18785127981699434	0.6760501150596216	0.4671991959130675	0.8429750589802922
-2.5602035935304968	1.9047640230632192	2.6231303637880585	4.130808798444845
-2.5522141800070526	1.9097708580179273	2.619550400798348	4.125901871480513
-2.5522141800070526	1.9097708580179273	2.619550400798348	4.125901871480513
-0.40239987067775307	-0.731147959459684	1.5993162184534144	1.803972106533707
-0.4023889021021522	-0.7364998367429846	1.597439978748034	1.804484226520126
-0.4023889021021522	-0.7364998367429846	1.597439978748034	1.804484226520126
0.14913303106738823	-0.5033696609856222	0.47298105186595923	0.7066348080729922
0.14913303106738823	-0.5033696609856222	0.47298105186595923	0.7066348080729922
-6.314249316181094e-14	-2.842170943040401e-14	-191.1979403528212	191.19794035282135
-1.7763568394002505e-14	-1.4210854715202004e-14	-190.93317055518935	190.9331705551894
0.0	0.0	-23.671986696541303	23.671986696541303
4.806007039176901	6.25192044349313	-166.30085910838167	166.4880441745839
1.9095836023552692e-14	2.353672812205332e-14	20.586166905901035	20.586166905901045
0.0	0.0	20.58616690590104	20.58616690590104
18.948109184947008	6.500042484457929	7.752144749718764	21.482226192948985
-18.948109184947008	-6.500042484457929	-10.837964540359026	22.77592740949336
-22.360340768972154	-10.938862532826668	-8.530800796031606	26.313838850274408
-21.36738761043106	-9.937630827234702	-8.837426737579591	25.167873789712445
-0.9929531585411772	-1.0012317055920104	0.04185614391621684	1.4107348581938126
-21.541285326069556	-9.686862814519523	-8.219174340116929	25.008340839002038
0.1738977156384922	-0.25076801271517984	-0.3290271778258111	0.44875817034726445
0.11068746360840542	-0.48875966065713516	-0.25757954004430816	0.5634580196742025
-2.6168117821142483	-0.9671827597906875	-1.094022103536759	2.9966699446010523
0.10951918945961817	-0.48517220732412936	-0.25110998002611906	0.5571738917863741
0.10863205720459679	-0.4902308085133627	-0.2543803687079426	0.5628823513418708
0.10863205720459679	-0.4902308085133627	-0.2543803687079426	0.5628823513418708
-2.6240787669954693	-0.9448678184217449	-1.091002853517845	2.9948041331729205
-2.6317658524533827	-0.9744270582794953	-1.1305586002445625	3.025535050637134
-2.6317658524533827	-0.9744270582794953	-1.1305586002445625	3.025535050637134
-18.861263291925226	-8.48168840678688	-7.196599874361674	21.89697104507405
-18.917409980103816	-8.309277141971505	-7.157027396946009	21.866310345782093
-18.98291062655321	-8.532660014934727	-7.456191200383179	22.107735524083953
-18.98291062655321	-8.532660014934727	-7.456191200383179	22.107735524083953
-0.3739432305983483	-0.937937931375641	0.06186400971063954	1.011626541032322
-0.28443350165398634	-0.7134263929003124	0.04705579742732113	0.7694763693716788
-0.2828413899882287	-0.7149678075409557	0.04550746480518249	0.7702266855045916
-0.998501193560115	-0.9841951934505901	0.05054618533572759	1.4029254182615003
-1.0086276248211723	-1.003270413666444	0.02961663737125822	1.4229400386875095
-1.291469014809401	-1.7182382212073999	0.07512410217644071	2.193166724192101
-1.291469014809401	-1.7182382212073999	0.07512410217644071	2.193166724192101
0.2614583671937283	-2.5932233969223573	-206.63542969666167	206.65186661142968
0.2614193129077954	-2.594108928138329	-206.74263923436547	206.75907868526423
-0.45062117469307683	-3.006549373532879	-206.74092930107443	206.76328070247513
-0.43157533823540467	-2.9764931148511486	-206.49828794545903	206.52018955284018
-0.11041598495360952	-0.13826487960930986	-0.6903955386434433	0.7127095245928885
-0.0809426782549864	-0.10135787557284692	-0.5061084586313029	0.5224661788114986
-0.07852029139152729	-0.10177606701172448	-0.5064303990424126	0.5224897635847494
2.496382231629583	2.3200097432289284	-7.719590284843291	8.438391056411179
3.3050649413734976	3.0658743357123024	-18.825361482030942	19.357615417148125
-0.7897075101370475	-0.9340663781351184	-3.890683367485302	4.078423104136718
-0.7901535817666553	-0.9441807700166227	-3.942517821633149	4.130286525550372
-0.8040547659566378	-0.9522328551138424	-3.940224359606585	4.132628640593428
-0.7126846174606711	-0.8440242341861702	-3.492470176573633	3.663010265630575
-0.6958399921447986	-0.8470211741381612	-3.495245740469344	3.663110829660449
-0.7743602835363259	-0.9487972411498857	-4.001676139511757	4.185600593245198
-0.7743602835363259	-0.9487972411498857	-4.001676139511757	4.185600593245198
1.2911218903414057	-1.9729893325912577	-64.29240914943338	64.33563209357925
-0.4621428118159381	-0.8276752709010438	-56.044482559365335	56.05249903152917
1.7199155561445159	-1.0943525608229807	-8.148555442463003	8.399682901547004
1.6895487637778297	-1.0798406558697515	-7.8658544626525195	8.117407054896468
1.6838074010993072	-1.0726356667967163	-7.794240932139141	8.045865170751657
1.5317766147679475	-1.5324078467051654	-9.591676354223676	9.833354905136247
0.08897956709143304	0.3472258024191862	-5.814078862710887	5.825117693493151
0.5430599071730576	-0.9156831194919286	-2.702203699374433	2.94708236583475
0.9554046407461181	-0.5807026667220366	-6.844268097401597	6.95298636585795
0.5409492601688283	-0.8968458828242527	-2.7054353741476227	2.9438646713640413
0.5519671498728522	-0.8947909066269213	-2.704485176758333	2.9444114135810806
0.5519671498728522	-0.8947909066269213	-2.704485176758333	2.9444114135810806
0.16772125362388382	-0.7859723087729134	-3.3213077964239095	3.452634980715632
-0.17030543425677916	-0.09602657046480956	-1.1174697274859213	1.142446163029174
0.10998791770717847	-1.2786517773851456	-1.235562801233298	1.786936744975386
-0.8406491560918425	-0.5381743697574137	-0.5178640058452377	1.2508578684054368
-2.3413602148715267	-1.4338939388313041	-1.290998812605792	3.1819465657806485
-1.6762203502476358	-0.7563029625720328	-0.6283886714879847	2.005068851345005
-3.2868880129737716	-0.8243404371286517	-1.0043239881202515	3.677964248751087
-4.008023907549564	-2.3821584377454155	-1.8548821970549134	5.042532909467406
-3.7892143628382717	-2.1565372050600464	-1.800418790836189	4.79694964025448
-3.526977827574864	-1.6821652427611329	-0.9378745947171913	4.049256347488296
-2.9657625016303997	-1.0443941284810576	-1.2139054896905948	3.469463260399565
-0.13607761944434804	-0.02497608924287402	-0.0328186486989129	0.19605506280106993
-0.07128172721122047	-0.03193034489129187	0.15746015778586486	0.5240365209115116
-0.5388192396976919	-0.6409493359464595	0.4345520164694988	1.2703441526924963
-0.045646273359312955	-0.2501229501002745	0.15568827361513146	0.329186415089866
-0.6651983205129557	-0.04342689570440467	0.3389116358820974	1.2926128023083228
-0.7175714440635822	0.5976672822563234	2.380424736344279	2.673633117035574
-0.7674951665528886	-0.30985329748187035	1.3282950504184625	1.6801691116689814
-0.6344773683571123	0.23319276635377298	1.163951475759037	1.3527538710196814
0.28967997302444937	1.202954939713453	3.621418440847213	3.9089308090356707
-0.6471683311556914	0.0057385040982396995	2.2573917270759907	2.4967295110496908
-0.16445832020559806	0.281055860287013	6.536141361444505	6.625905800644833
0.13810346310364102	0.007848190574752667	7.959638178572904	7.96198428124622
-0.01990518064151546	-0.27844459299793217	1.2881542376234476	1.3254239821254963
-0.37671418440117455	0.5132215421796364	13.760899907537176	13.784462127183016
-0.2754835059016671	-0.27020007504742677	19.61141242596223	19.62141983971
-0.06760332529874152	-0.18775313287281364	13.581189213812472	13.591623959346112
0.3815089991530271	-0.1911662288342826	108.86959624199862	108.87520869319377
0.2793389180091373	0.76502656179845	126.93421365882773	126.93980305252597
0.06179600470742067	-0.3606016574218481	89.74014326383683	89.74353252625338
-0.2820701727365297	0.4780564152865837	334.5953767450852	334.5967366255506
0.9250564910350793	-0.27899299288016255	367.27213338902527	367.27343085297167
-0.13762491536924415	-0.2357864299879603	154.59128148757193	154.59559309921596
0.2772591965743476	1.052829313113285	38.968650588365435	38.98410612913485
-0.3243873267545101	-0.6025199628564931	7.829370110434732	7.860456319735407
-0.03533831311923116	0.20651356984697644	12.612871130077577	12.637299185997868
0.07628167311998052	-0.10713389525824826	6.279810043559565	6.3420909449933225
-0.3779316977408968	0.013515658467171085	0.13245828657790865	0.42431123454873676
0.6252240800128853	0.1977635734363395	-0.30220620979703944	0.7354073424614156
-0.4152056009033989	-0.009979445724434106	0.3010739190312634	0.5304341481082862
-0.0857779853035075	0.1013130349662456	-0.8537396683915034	1.405807157414432
-0.45259105214148293	0.13739638563496323	-0.07854362404819137	0.6881899959623865
0.4884957377605034	0.84637202428084	-8.881684169798593	8.948910957415226
-1.128542815588124	0.20616946101337288	-7.045619393044464	7.139772205736983
-1.0510025766705815	1.1493197497456233	-26.04453328688581	26.09920616082502
-0.9135105504319821	1.5173198977211204	-14.293350812122938	14.456231677442513
-0.8153345160791783	1.1349993019334197	-14.907426269907893	14.983007715947728
-0.1647767718133968	-0.11144982267271712	-1.1945687404999488	1.2190351546131302
-0.3993662539034656	0.38603684908981867	-3.606082713362858	3.681856913518845
-0.4771680804190047	0.04185031647329579	-8.428180436815758	8.484386069670212
0.8162310740020841	0.3542698675268174	-0.8229762495227855	1.4876396284081181
-0.5795321132893345	-0.2898737729446839	0.09484534710226936	0.6695966691537064
0.09215692074580438	0.28393595327164106	1.8658905133065053	1.9674347648013233
-0.39251701669178646	-0.0013819073935886824	0.4210064343347263	0.9776214544295151
-0.0690139008823363	-0.4621511060537029	1.573474272623726	1.8090068479801757
0.3286958188011943	0.5724849377894017	0.9777156002458335	1.715510883882537
0.12363214577024194	-0.45393259707597766	4.488285401597924	4.514893703815511
0.0246222423476058	0.1426185996376181	5.864756602242646	5.919051462020734
-0.03740058985026983	0.17805083965985516	54.04014768644564	54.058324803004204
-0.2690828514995222	0.1575676442209122	25.886744793142558	25.90637041498222
-0.018464414797624708	-0.2734108624274373	69.03139359071675	69.04501234979007
0.46329097928316926	0.40210645510948473	185.51888040594332	185.5199471620029
0.0750245729038012	0.2598182843788079	236.20860089425148	236.2116698617909
0.2745631587831913	-0.2618484523441401	712.9067424772236	712.9068570990263
-0.08235946162506441	0.37244385814742875	664.2043471924216	664.2049742518652
-0.1337514124090691	-0.1923042860403284	0.20410402155780358	0.5833084713656861
0.0912339568051147	0.18331303715822095	0.9211058005300898	1.2114829278969528
0.23264968854668147	-0.14367142175188172	0.8408664424545227	1.04017467357902
-0.08657236938105473	0.7064292576355011	0.12631567938352992	0.7361878204248031
-0.29097917801399725	0.030192677805611953	0.13608279065153112	0.351537751375702
0.4128133329263993	-0.23473798124148998	-1.5280016605652191	1.6061711077183527
-0.3566319845658461	0.3528338329087635	-1.2531825160967593	1.4568061392000884
0.5512411755658952	-0.2914004330291274	-13.63293788189542	13.664929275580336
-0.6676194051791458	0.23874464855990077	-16.254593284120922	16.287202554431015
0.21759703154527904	0.10065371875524884	-14.068401211355496	14.071091353669242
-0.48805952568530836	-0.1657387564384439	-193.0530127538447	193.05841402761473
-0.34188044606420687	-0.2789687377084404	-22.325439614490545	22.330235994301166
-0.34692706082104785	0.11528186813571645	-209.6154739193575	209.61789261731548
0.7932208973413466	0.45946317083462535	-477.7572530068824	477.75813243363996
8.754108549169359e-14	-1.0930145677434666e-13	-64.64655964875105	64.64655964875115
0.04830559680689305	-0.4311208636979256	-24.20222896977097	24.206116700846934
-5.551115123125783e-16	2.498001805406602e-16	-373.62149581512074	373.62149581512074
-2.434741852574973e-10	-2.2125351550883465e-10	-246.71990197942537	246.7199019794254
0.38480919534483027	-2.0195455087491863	740.2526803785248	740.2556087931853
0.38480919534483027	-2.0195455087491863	740.2526803785248	740.2556087931853
0.14747414354423607	-0.6953261681633665	-545.8060890926129	545.8065697639239
-0.9061953351180967	0.029367072811183836	-919.0192408229286	919.020000447077
0.3157925607624063	0.31085398722993696	-378.2544958070756	378.25640720548597
-0.07034176860938063	-0.21931628356453178	-8.378396672393382	8.382723792510415
0.11490415262778979	-0.5452972335708554	-31.39653869864493	31.401794121954886
-0.11162500736700127	0.47994434888440984	-3.7237889823961883	3.7588416953379404
0.006322503962569725	0.11406621327209292	-2.280320233735069	2.2874420710365877
-0.40973583277843534	-0.1652456706378444	-2.6856716551219075	2.725113102946818
0.42121415281425156	-0.24126122860631732	-2.724954469832117	2.8115343049690313
-0.31304438440942134	0.22742518890274424	-0.05829757290087935	0.6330350087189933
0.1503989698781572	0.05819869778387773	0.1904516229055833	0.9897178777296126
0.24909604504196045	-0.2883483969715389	0.235137773618994	0.6694020633177789
-0.2359519166186819	-0.14121585097589354	3.7154997623117683	3.7282748681074573
0.07438843683865856	0.02147845949489258	1.2106453691169488	1.4473239156781676
-0.16100656481885622	-0.15730609877466314	3.779750220982167	3.788852023508071
0.26777226634189255	0.3766163995898226	7.3574801523548725	7.408927128912515
-0.3711780321277897	-0.2503085253268263	26.809867241618033	26.81920111832321
0.5184329550039977	0.3037819284139821	36.387306274296776	36.3956691077447
-0.082775447853314	-0.36532437975570364	98.29000386125392	98.29394052165048
-0.10420883866948688	-0.41449862782774993	88.82770279829916	88.83216944075835
0.6340951618771735	-0.8101662281844806	303.58978342201647	303.5915566411866
-0.30231829607232336	-0.528817190372724	168.69655950804773	168.69771324302428
0.0	0.0	0.021293125171982563	0.021293125171993128
0.0	0.0	-246.7199019797958	246.71990197979582
-2.0720589558868134	0.962789078203964	-113.56447051190283	113.58745244865133
2.0720589558868134	-0.962789078203964	-133.13413834272097	133.15374265631644
-2.568364938695595	0.5117642719960713	-138.98530126579863	139.00997219294368
-2.7856553981375685	-0.23581051549797494	-133.27897354286233	133.30829033197955
0.21732585128249005	0.7476069502516063	-5.677438095410871	5.730571525155478
0.007243357437306114	-0.38665129793047154	-2.462848054934483	2.4930247159049372
0.21019478603147917	1.1343602943779938	-3.122927839092256	3.3292091273625317
0.4328473808760689	-0.24882959401846552	-10.728420038419998	10.740031170474424
-1.1212379305057023	-0.19670830931524244	-25.016855253369144	25.04274177129536
0.2905769710935585	-0.16704305707469247	-7.202150081337953	7.209944809300765
0.22198563844547217	-0.16891061825178574	-7.203469805760472	7.208868542506309
1.8041124150158794e-16	-1.3322676295501878e-15	-373.62149581515246	373.62149581515246
0.0	0.0	-297.9660239965007	297.9660239965007
0.1718192172831681	-1.0401164695505116	-64.86360433392682	64.87217069978365
-1.942890293094024e-16	1.2212453270876722e-15	0.1483454652864964	0.14834546528646797
0.0	0.0	0.14834546528646886	0.14834546528647147
-0.7212224667427661	-2.206062034071645	-288.5882537070343	288.5975867002708
0.7212224667427661	2.206062034071645	-9.229424824179992	9.516782761516433
-0.8876367746487127	-1.1986644614441984	-299.03930009478256	299.04301980939874
-0.8751510911984042	-1.2036382793098142	-295.14677160958104	295.1505233370085
-0.8617474085112459	-1.185203536258046	-290.6263479940013	290.6300422605151
-0.8628171742581259	-1.1818271184055789	-289.44966229584423	289.4533609616449
-1.2806301259464443	-1.3430077338036408	-249.06516391931052	249.07207704085488
0.3853742276651367	0.1779610674026614	-40.50440663446348	40.50663081826022
0.5249990094116622	0.2926108508984451	-34.021970984433985	34.03095289197196
-0.3039637518898776	-0.03720134596308816	-6.99419321905003	7.018726144252234
0.41111844637159756	0.3935654722068893	-34.29467490397222	34.30304124894757
0.6331040848170697	0.22465485395510357	-41.49814470973269	41.51190979145388
0.6331040804251173	0.22465484373050837	-41.49814985607827	41.511914935970644
-0.2344065723882976	-2.1148897180498842	-117.88502859819721	117.90423093578313
-0.42558098904707986	-1.0565519546417304	-36.815194215525764	36.832810730895595
0.16170110996009585	-1.09524476744503	-81.25412146270534	81.2616635506907
-0.2520042891243053	-1.0847141911286875	-36.81759378858477	36.83443122160853
-0.25200429302138133	-1.084714200201196	-36.81759835505047	36.83443578628068
-1.3594972706177995	-0.20321676764990637	-25.012172535513184	25.049916263926928
-1.3594972732680761	-0.20321677381982856	-25.01217564102017	25.04991936494861
-2.0900214910702264	-0.17692391009464836	-99.996546305988	100.01854210609503
-1.323956534348085	0.2000332605717449	-51.54052565931914	51.55791558479753
-0.7660649567537245	-0.37695717069401274	-79.13057466809353	79.13518054272215
-1.8146178524378314	0.18670841122858928	-51.53378628585939	51.56606274419091
-1.8146178578935115	0.18670839852760493	-51.53379267864595	51.56606913312207
-1.5192559110682233	-0.39735629786002813	-79.12654163681809	79.14212293054736
-1.5192559194414452	-0.3973563173531368	-79.12655144828464	79.14213274034087
-2.1233972840900464	-0.6328663918883706	-248.17620219335566	248.18609282353668
-2.1233973103480897	-0.6328664530178716	-248.1762329616679	248.18612359100325
0.20057328673348707	-1.0515709890334932	-66.31623702899168	66.32487711917554
0.1980713360772164	-1.0436742781073036	-65.22335047382293	65.23200085298699
-0.020298932606443998	-0.855526149376864	-64.91049575503422	64.91613663953851
-0.4631121783145291	-0.8272120229451003	-55.95786429318476	55.96589433641787
-0.46329545366897973	-0.8269820258172202	-55.92881479804989	55.93684712837314
-0.4002442344290491	-0.7144356483279639	-48.31730051325469	48.324239700495625
-0.4363507751461909	-0.3921896965525117	-48.31910880675373	48.322670566060005
-0.2509619161844069	-0.359767776238039	-48.31909303410128	48.3210840769775
-0.2712608487908509	-1.215293925614903	-113.2295887891355	113.237220716516
-0.27126086077132805	-1.2152939535058083	-113.22960282746507	113.23723475422746
1.6486943703639554	-1.3475273984236082	-107.71119216863008	107.73223724409763
0.7968246940405158	0.5174802199860501	-18.978512053478717	19.002279735209314
0.8518696763305593	-1.8650076184154973	-88.71947424785361	88.74316337711741
0.007308623986476581	-1.8878975407088956	-88.72439467403093	88.74447825534497
0.007308614597327072	-1.8878975625671133	-88.72440567592788	88.74448925521634
0.5447230734089987	-1.157341967394791	-81.25522487634956	81.26529230466312
0.14116993055792001	-0.4148787040853464	-24.201832920517912	24.20580033795747
0.6858930039669188	-1.5722206714801372	-105.45705779686747	105.47109264262059
0.6858929928080966	-1.5722206974582054	-105.45707087240879	105.47110571673666
-0.13460389097220277	-0.8253634844441137	-126.29610766102599	126.29887629513726
-0.1425594445702401	0.13381057554217748	-156.29906875220433	156.29919104484085
0.2638216272938201	-0.8109668733995837	-124.10527397156761	124.10820398619359
0.8488156465113474	-0.9057948321145106	-124.10591082723514	124.1121188866635
0.8488156333803081	-0.9057948626839587	-124.10592621375572	124.11213427254775
0.7306560224667609	0.423223258475258	-440.0744046937209	440.0752147561625
0.4747899487607651	0.2750160718954412	-285.96616962127035	285.96669601056067
1.8227227754711366	0.05652626028561547	-285.9654663148439	285.97128079267065
0.5941732896192662	0.014393059122488255	-156.29970731158951	156.3008373449957
2.416896065090403	0.07091931940810373	-442.26517362643347	442.2721181376663
2.4168960182980936	0.07091921047422443	-442.2652284561238	442.2721729662226
-0.15510147797696067	0.3100155218989811	-1825.329545456353	1825.3300070228306
1.2168185881322846	-0.07981722972806342	-441.1033070844144	441.10659969476507
0.16329992638640625	-0.5887294332631239	-97.61241114336781	97.61441644569628
-0.07613080512480891	-0.003795050743623976	-186.05844157288843	186.06009674695673
0.8590887466520765	-0.07561503280518117	-150.54563514338997	150.54817000421963
0.7622283855510784	-0.44585527755888826	-51.10941086761572	51.1172293660359
0.1701360689256819	-1.5040956355009576	-110.229972442491	110.24172628482151
-0.34579023254836216	-0.2460908594051715	-122.24076427455242	122.24158073997407
0.478456520927334	-0.46514457656952457	-38.455076858068495	38.461102894741394
0.16305697972709507	-0.2794062466393011	-38.504573875314804	38.50616943230362
0.10248103130226627	-0.44020408464858285	-27.904612951899708	27.908599491799063
-0.43155715889279345	-1.4529355918212707	-97.50282492993105	97.51804349590695
-2.14565130510149	-0.3327036242467676	-131.76204582825272	131.78120714906268
-0.7116850190333389	-0.8265299777898185	-66.9749754621224	66.98399215575911
0.05794447381723403	0.37114120007384865	-15.863467381652576	15.868527988004857
-1.1686446216744315	-0.2551138003970333	-82.26277860120295	82.27505962706985
-0.23199976235361777	0.09491017514764205	-7.149599469189997	7.155353533251909
-0.8070562858692256	-0.14800890413651902	-25.489741422017733	25.50332613661385
-0.7813681212321122	-0.23556401371800095	-37.61169850073518	37.63415170575634
0.003956954887663622	-0.36873701457032737	-27.3666399992124	27.38048616602196
-0.4759364402002896	0.04489169006268395	-25.422287162154348	25.436896955873195
0.2548520698895558	-0.285742307366822	-24.01545919508255	24.023584215033804
0.006073507605225828	-0.4362587612179235	15.753343083410016	15.767313559952271
-0.9958799058496924	0.39672039479332405	-1.0413532048812044	1.4945167633172787
0.7687590930290673	-0.43204117932476654	0.6998732852261191	1.1258209178730028
-0.17925934924669942	0.6716299778474746	502.1728392934214	502.17419696291705
-0.23833530382399123	-0.010906034655541921	54.90867128371571	54.90936700224002
0.06879852623388738	0.36692249286107115	430.861183414087	430.86134514289
0.01498138650498117	0.2150299029663486	393.11516916077244	393.11522825579254
-0.4997062134920571	0.1447867109794186	280.317448642055	280.31796617853
0.34287341767773905	0.40946971806225496	280.17731313907535	280.1778546656791
-0.2793938573183856	0.07085065487009604	51.304166104746855	51.30497578643088
-0.03050102478602517	-0.039703237332334884	7.071666373987017	7.071843604361338
0.2729041275841132	-0.051935695445054914	105.57920369667322	105.57966142675316
0.07985934050046596	-0.21479809213783135	59.401265604849364	59.40187161173806
0.03872804957812107	-0.11367600233392403	53.51383981532514	53.514144798137345
0.16398046773262184	-0.2533117412108748	61.72953082074658	61.73042614113752
-0.08193113590292254	0.059930555359741566	34.297400330105795	34.29783453180299
-0.12332985667742377	0.10734786458556263	15.35615536798572	15.357618992008357
-0.11608173807424335	0.593648950632925	58.152086008950384	58.155231933497305
-0.0688594735904085	0.1641748623443955	11.994714333775143	11.996035468495407
-0.07312612533991321	-0.24606534455950316	0.4527467724012855	0.5388459973129588
0.530298134767683	0.18409379947593477	2.5725725425514976	2.636561344978237
0.926861819636523	0.6758642937138291	5.161170204555127	5.287111050148745
0.0401207840188158	-1.50847069172338	2.7101837090779277	3.101965383760774
4.325086112257338	-4.61094627190144	-127.87154368538245	128.02815229426886
2.220446049250313e-16	-5.551115123125783e-17	-64.64655964875107	64.64655964875107
0.0	0.0	-64.6465596487511	64.6465596487511
0.1877108850502062	0.677303119206498	0.46938328825249237	0.8451600812531943
4.763737853243309	6.196929684222695	-164.83807373587106	165.02361827568225
17.554333729795253	4.686942089333551	4.484656255124948	18.717454436232103
3.3038003003100886	3.0371993999940132	-18.650150219127756	19.18248627826137
0.08463101135192501	0.38603606934849866	-5.812903201793054	5.826322157960071
0.9318232588948575	-0.5662516553030218	-6.676784915411108	6.78368574814696
-0.025656230328994292	-0.07164634011335605	-0.2136265514797722	0.2267768588358893
-0.14464920392778485	-0.024380230351453494	-0.903843176006149	0.9156693041932847
-0.33951436821625414	-0.07090665500628243	-0.06619644730859185	0.37802027721504744
-0.24244634309330018	-0.14846900318114456	-0.18856646765973512	0.36687898183268397
-0.25868844478228836	-0.3187987115699868	-0.2631010908769108	0.5059586093577054
-0.5707217816727961	-0.09291898554938283	-0.6166493764781583	0.8567925818786006
-1.7706384331987308	-1.3409749532819215	-0.674349436127634	2.325153983902048
-1.725407479127929	-0.43608565920028464	-0.6327211371227761	1.9532417721963353
-1.5614805338458426	-0.38825477792836705	-0.3716028509974754	1.7247224765547517
-4.008023907549564	-2.3821584377454155	-1.8548821970549134	5.042532909467406
-3.4358014399223196	-2.0217696484505816	-1.7788363629886097	4.393206436608551
-0.35341292291595244	-0.1347675566094649	-0.0215824278475793	0.4037432036459288
-3.526977827574864	-1.6821652427611329	-0.9378745947171913	4.049256347488296
-1.8429082507153134	-0.5951520548912946	-1.1371784878932627	2.250149214435148
-1.1228542509150872	-0.44924207358976315	-0.07672700179733227	1.219314045964418
-0.0560996830738736	-0.019202045569424196	-0.08259532171653478	0.10167536655698461
-0.07997793637047444	-0.005774043673449827	0.04977667301762188	0.09437969624408533
-0.2650811547804976	-0.09667751190694746	0.20026060243711977	0.6028588650892996
-0.27373808491719426	-0.5442718240395121	0.23429141403237905	0.6674852876031968
0.0886588908530894	-0.19500694167677368	-0.21607406161047707	0.3347475036953627
-0.7538572113660451	0.15158004597236902	0.5549856974925744	0.9578652986129599
-0.576494676907842	0.29436440540697983	0.7106836996805722	0.9707149102931031
-0.1410767671557403	0.30330287684934365	1.669741036663707	1.7029182067424709
-0.18078005038372758	-0.3483416136624051	0.43518855606455376	0.6024053209054703
-0.586715116169161	0.038488316180534776	0.8931064943539088	1.0777637907635111
-0.19937130229045358	0.11027211656760182	0.29020237723905296	0.3689529450004266
-0.4351060660666588	0.12292064978617119	0.873749098519984	0.9838009260192547
0.29875702811201976	0.46668879720583695	2.4689733542557946	2.53423822956897
-0.00907705508757048	0.7362661425076156	1.152445086591418	1.3746925794667
0.13184053298363943	-0.1263114958273316	0.2748248508699556	0.35825270923084684
-0.7790088641393308	0.1320499999255713	1.9825668762060351	2.138476801818844
-0.2055170996639708	0.39687621978385923	6.333840421301158	6.351122914846841
0.04105877945837276	-0.11582035949684621	0.20230094014334665	0.2747828857979909
0.11100734011985389	-0.05471404347605763	5.5637027174725935	5.5650789917597665
0.027096122983787135	0.0625622340508103	2.395935461100311	2.3969052894864533
0.12050237721650241	-0.16546817182405021	61.24189946887476	61.24423132864812
0.2610066219365247	-0.025698057010232395	47.62769677312386	47.63097736454565
0.08769332466130783	0.1596184735161828	65.73940288615313	65.74153843435927
0.19164559334782943	0.6054080882822672	61.194810772674586	61.19826461816671
6.465186803724515e-05	-0.28001817245005545	84.66823260387194	84.66881068155696
0.06173135283938343	-0.08058348497179264	5.071910659964877	5.074721844696405
-0.4885546915338619	0.5362674797888072	266.83566695941494	266.8366872260498
0.20648451879733218	-0.058211064502223436	67.75970978567032	67.76004939950089
-0.12710978727875574	0.31525652338683996	111.13087665805395	111.13148415343896
-0.010515128090488404	-0.5510429533748002	43.460404829518	43.464108945777014
-0.22557002053877873	0.2437292601905853	3.0034709171778884	3.024996383745326
0.19023170741954756	-0.03721569034360883	9.60940021289969	9.612302802252545
0.01877961140557614	0.3234683187111257	4.109583712260585	4.124699079931992
0.05750206171440438	-0.430602213969374	2.1702263312989807	2.21739186506133
0.007470770438889114	-0.00776833503630701	0.020335168567419497	0.023014745726430693
-0.4226763713422881	-0.0022111106881270966	0.28073875046384394	0.5074194023818555
0.15051421491453526	0.5106364808983651	-0.19495216817612263	0.583858096879864
-0.23629220021804276	-0.40932344593211956	-0.6587875002153808	0.821949060534568
-0.5039056330406655	0.8607423780939972	-12.829224477038428	12.868693748613298
-0.547096943629916	0.2885773716516261	-13.21530880984738	13.23051241221172
-0.9986084283674617	0.6440209103280489	-6.203931082503709	6.318245198431531
0.0850978779354794	0.8732989873930715	-8.089419729619229	8.137986479010983
-0.4730005419082238	0.30448366242984204	-6.872333603585565	6.896730294654381
-0.3423339741709544	0.8305156395035777	-8.035092666322328	8.086277421293348
-0.5453868495018571	0.17923965054022528	-7.025214528827593	7.066174959345804
0.06821876908285227	-0.1373893340669295	-1.4029659079881653	1.4182111103244086
0.10361754949308899	0.45294297412512097	-0.193809953124216	0.522432787258106
0.7126135245089951	-0.09867310659830356	-0.6291662963985696	0.9652068411500123
0.2943952800137281	0.06444584342058854	0.666484714801767	0.7314531582356761
-0.20223835926792372	0.21949010985105252	1.1994057985047382	1.235981606565647
-0.438119262845137	0.04083244002489742	0.48061668174828465	0.8175133722509283
0.045602246153350526	-0.042214347418486106	-0.059610247413558415	0.16010808217858669
-0.09158512820980821	-0.5300488032242423	1.2111665932454942	1.414207915584747
0.022571227327471903	0.06789769717053949	0.362307679378232	0.39479893239542885
-0.22206313138381928	0.14306396626269244	-0.18577704668073236	0.351812775117981
0.5507589501850135	0.42942097152670927	1.1634926469265658	1.363698108764556
0.01740011536777486	-0.009271794880237895	0.06196210838392595	0.06502332712569
0.10623203040246706	-0.4446608021957397	4.426323293213998	4.44987037668982
-0.2150320570374168	0.04231955010681673	4.986855444925102	4.993619603389321
0.2396542993850226	0.10029904953080139	0.877901157317544	0.9254318586314126
-0.047019368765104125	0.052679197342611214	36.36551600765653	36.38269481888876
0.009618778914834297	0.12537164231724393	17.674631678789112	17.67562998411544
-0.04647831497800628	0.1635154959260556	23.390991090924633	23.396817768860934
-0.22260453652151593	-0.005947851705143396	2.495753702217927	2.509552646121288
0.003924250901405619	-0.5038388606946196	47.74314182170881	47.755044254926545
-0.02238866569903033	0.23042799826718224	21.288251769007942	21.289968094863532
0.5860953104347966	0.29139375487229235	120.74837920981489	120.75023386981678
-0.5110707375309954	-0.03157547049348447	115.46022168443659	115.4614359919741
-0.3423230921011864	0.18335835416561025	532.7828232448	532.7829830520774
0.2599636304761219	0.18908550398181856	131.4215239476214	131.4219911997878
-0.16474680054311774	0.1892574295371949	0.8717994365235635	0.9178637836558508
0.25598075734823245	-0.0059443923789739145	0.04930636400652638	0.293619144241102
0.12728790846536614	-0.1775971217418574	0.21231270064942956	0.3351110518164632
0.06802228105983293	-0.03523065221641235	0.3729916452511537	0.40554997460651115
0.0373394990214824	0.06915635220638804	0.2555620965539395	0.2995136471560458
-0.07273210534075297	0.43915639293069086	-0.7881142429786867	0.9051366507799041
-0.2838998792250932	-0.08632256002192731	-0.4650682731180727	0.5516694884201844
0.1929339797630646	0.17427317909720705	-6.445700851829993	6.452451775695946
0.3583071958028306	-0.4656736121263344	-7.187237030065426	7.21247749988439
-0.2839426923582962	-0.22077846277210705	-8.306049212839126	8.315004503496866
-0.3836767128208495	0.4595231113320078	-7.9485440712817965	7.97219805093415
0.12001665686586163	0.011125073796753628	-3.9899217931384325	3.9917419356157327
0.09758037467941738	0.08952864495849522	-10.078479418217063	10.079349418053509
-0.1223248742737536	-0.23211743528179338	-177.88121038105123	177.88145864111675
-0.3657346514115548	0.06637867884334946	-15.171802372793513	15.176955386497998
-0.3124740714684243	-0.12711133209687753	-232.9275716051273	232.92785769628912
0.00014310804024221524	-0.05094671806666164	-85.66700592758815	85.66713477157322
-0.5938643716899146	0.20742512297472301	-600.4246632902132	600.4250079792147
0.2339596193861379	-0.3332502879661012	-232.99742322463752	232.99782080947384
0.0818329413762684	0.6441042751960381	-145.2570725824381	145.2585863960121
-0.030938482296104824	-0.008192249781784532	-0.5185163786933984	0.519503164202673
-0.37879735048233054	-0.1570534208560599	-2.1671552764285096	2.2056099387441455
-0.31304438440942134	0.22742518890274424	-0.05829757290087935	0.6330350087189933
0.10146191521142045	-0.007469812134176156	-0.21890533516140742	0.5495359919912594
0.04893705466673678	0.0656685099180539	0.40935695806699074	0.44018188573835326
0.24909604504196045	-0.2883483969715389	0.235137773618994	0.6694020633177789
-0.3091712778788177	0.11179917238390343	0.7199867973677744	0.8037080983135924
0.3835597147174763	-0.09032071288901083	0.49065857174917427	0.6436158173645752
-0.077077795048043	-0.14682149342988932	1.9082036191729266	1.9153951523503197
-0.08392876977081322	-0.010484605344773829	1.8715466018092406	1.873456871157751
0.4164075653544064	0.011063845947806628	3.110511658588298	3.1413818985098354
-0.1486352990125137	0.3655525536420161	4.246968493766577	4.267545230402681
-0.142796266545912	0.17429026835667133	8.71255300144164	8.715466004426439
-0.22838176558187775	-0.4245987936834976	18.0973142401764	18.10373511389677
0.5184329550039977	0.3037819284139821	36.387306274296776	36.3956691077447
0.12041398839853866	-0.3109583270404111	79.64280704327236	79.64503517661392
-0.20318943625185265	-0.05436605271529253	18.647196817981563	18.64890534503657
0.003391156826044142	-0.6123721289554511	61.91717454774666	61.92036009977084
-0.10759999549553104	0.19787350112770108	26.910528250552495	26.911809340987514
0.6100438875851524	-0.7170389472194327	275.10427237525784	275.1058832113858
0.0240512742920211	-0.09312728096504772	28.485511046758603	28.48567342980082
-0.00848744224451101	-0.0036763897172863106	0.5559824640003611	0.5560593968211606
-0.2938308538278123	-0.5251408006554377	168.14057704404735	168.14165384620313
0.20970115532110345	1.131696312608952	-3.1155938175555207	3.3213906657462076
0.7158175573655133	2.2387809309948175	-9.570245921166105	9.85465077128709
-0.31973369730188383	-0.00860660175361927	-6.887417358201557	6.912945940540835
0.6160676130340731	0.5125532687398808	-18.980425530305155	18.99733674672808
-0.3572620317007371	0.19822512887409582	-1376.4827746947667	1376.4831551135514
0.20216055372377648	0.11179039302488519	-448.84677076158613	448.846851909279
0.7248426869420073	-0.08970075455289057	-294.48559541165173	294.48799584820796
0.4919759011902772	0.009883524824827166	-146.61771167276257	146.61860384655714
0.18526605612709424	-0.4964984011310707	-84.62049709369496	84.62215645182951
-0.021966129740687974	-0.09223103213205314	-12.991914049672848	12.992259993866758
0.024568701882525655	0.3338903222743323	-122.34985991533456	122.35039757783912
-0.10069950700733456	-0.33768537301795626	-63.708581657553836	63.7096991691176
-0.19961522173715074	-0.6214688569778881	-44.11866199398668	44.12349040949262
0.36975129066283263	-0.8826267785230696	-66.11131044850433	66.11823587532889
0.46422851469746745	-0.39685078302251137	-34.14558029055378	34.1510417415999
0.014228006229866572	-0.06829379354701326	-4.309496567514714	4.310061153141499
-0.004273189827965127	-0.007701211735964199	-6.476868719894986	6.476874708033778
0.1673301695550602	-0.27170503490333686	-32.02770515541982	32.029294724269846
0.07252226281375831	-0.3498245171274203	-18.108910236136225	18.112434033332633
0.029958768488507953	-0.0903795675211626	-9.795702715763484	9.796165458466426
-0.08963051721317795	-0.8704357204299271	-37.8110760625535	37.821457464858796
-0.20288871253726504	-0.35427842590825825	-26.780192008917567	26.78366742722385
-0.1390379291423504	-0.22822144548308515	-32.911556858459974	32.912918603824295
-0.7561601357235254	-0.34769038207787106	-44.64008159659477	44.648057421215825
-1.3894911693779648	0.014986757831103426	-87.12196423165797	87.13314972784687
-0.4830067266305376	-0.6480709575708665	-48.21727434045363	48.224048319138284
-0.22867829240280135	-0.1784590202189519	-18.75770112166878	18.75994383662083
-1.1409625391711322	-0.048798021597608765	-61.422313116341265	61.43308721779714
-0.027682082503299454	-0.2063157787994246	-20.84046548486171	20.841972409272724
-0.3619886588711748	-0.23740130114095248	-32.58736088959331	32.59053489435898
-0.4193794623609374	0.001837287422951507	-5.024337611141869	5.043616811397354
-0.1849845249848076	0.06023311780638241	-7.063032469252108	7.06708955296125
0.2232817184023107	-0.2501022478416768	-8.702282510218557	8.709856860632321
-0.03434023852983947	-0.17886788453503297	-11.601325019741733	11.603539752428386
-0.020788950689383502	0.061824211913189875	-1.187158352085133	1.197112839908978
-0.45514748951090606	-0.016932521850505915	-24.235128810069217	24.23978411596422
-0.23695412278357675	-1.0944863904493913	15.733732316125957	15.78145685007212
0.513956112276939	-0.2048235541769327	-0.7341094754445976	0.9192498548436419
-1.5232397008138308	0.5831092059184712	-4.8276673450227605	5.095747984973485
1.3416260529919517	0.23045537771116487	0.4022950985696895	1.4194757812361303
0.13416076978170477	0.08061221557155256	98.16269398210162	98.16281876181618
0.2087126478960343	0.3288575024907025	182.01461915697377	182.01503590386292
0.0321638831033407	-0.12984813022226804	29.973557557596468	29.973856070096275
0.006564166474780378	0.01617212788834399	23.54028225772867	23.540288728041073
0.01807337994934271	0.030788379417399536	5.808038216818529	5.808147940556826
-0.1414032366267665	0.0765594851681631	9.54811715116719	9.54947105145153
0.0412324574969643	-0.02186829017529306	0.21132358851448735	0.21641625800542377
0.4890656772707187	0.20596208965122784	2.3612489540370105	2.420145086972813
-0.5400305024613584	0.481031519404289	0.927624179469182	1.1762273949304782
1.5030415063804186	-0.23334160620562705	4.243543483381514	4.507908979830743
0.16289937547132527	-1.5073383209829214	0.22271817954646167	1.6118959048068362
-0.10481057612790523	-0.020287050247940863	1.9562372147869027	2.021944821649015
4.318001218101044	-4.603393095079829	-127.66207503818343	127.81842850529077
0.18942611468425474	0.6783068166240023	0.4693828579330835	0.8463466534017781
5.983794788869618	5.777617378062061	-164.40620068251127	164.61681076214774
-0.6514038389732362	0.5137132563894253	-0.5496274682178481	0.995147539332164
7.037671695481626	2.9890660367311224	5.20837223939494	9.257395964817682
10.558931220247219	1.7528668118728663	-2.1865013567806173	10.92448437031608
1.7237371418001521	0.6770324833032213	-11.48550306984476	11.633848180412286
1.5800844064507227	2.360648700300602	-7.082424211479285	7.630862449886486
0.10696927968237725	0.3899500091857974	-5.812885427832701	5.826932334734081
0.926794251378931	-0.5213684490675871	-6.678962204545646	6.781541769673138
-0.2093755052983527	0.023970902532649857	-0.029010415941223396	0.21273060574410324
-0.1301388629179015	-0.09487755753893229	-0.037186031367368456	0.16528967147094423
-0.06051217264575616	0.01754808638999511	-0.012786416935959541	0.0642895857221115
-0.181934170447544	-0.16601708957113964	-0.1757800507237756	0.30258939611057245
-0.08370712978881867	-0.14451984424204053	-0.036859890240056904	0.1710307588293253
-0.17498131499346967	-0.17427886732794623	-0.22624120063685393	0.3349278505283801
-1.5489824559402867	-1.196529646514664	-0.5518942838840712	2.0336216817252963
-0.22165597725844371	-0.1444453067672574	-0.12245515224356254	0.29153230217675175
-0.2996724930219985	0.05977712607490379	-0.10834204611954369	0.35297973275127864
-1.261808040823844	-0.4480319040032708	-0.2632608048779317	1.371742743803473
-1.1880452280709506	-0.7814003082856438	-0.3506925022728921	1.471224973204804
-2.338932599503914	-0.9007649344754891	-0.5871820924442991	2.578031374283492
-0.7556452542334533	-0.32416423647068926	-0.1117878522082075	0.8298064390889534
-0.36720899668163387	-0.1250778371190739	0.03506085041087522	0.3895076068754645
-0.2039111537981389	0.09911171126695947	0.18924891323143997	0.29532700708339304
-0.5499460575679063	0.05246833470540954	0.3657367842611344	0.6625382915295669
-0.0968524375631609	0.0875085080987526	0.20936051838762001	0.24671838259669343
-0.47964223934468103	0.20685589730822723	0.5013231812929521	0.7239965276964097
-0.4161046748297378	-0.03485832809380235	0.6182244486814542	0.7460292704714374
-0.17061044133942332	0.07334664427433712	0.2748820456724546	0.33173452029207384
-0.24884960425806574	0.10053689212522973	0.7400098898840501	0.787177508154165
-0.5301592598812651	0.03151310780034156	1.2425569863219852	1.351299293664679
0.08769332466130783	0.1596184735161828	65.73940288615313	65.74153843435927
0.08336885869537372	-0.0916171846259046	2.8639278785259847	2.866605478351926
-0.0216375058559903	0.011033699654111974	2.207982781438892	2.2081163663444783
-0.21329805993500128	0.1390244493012353	92.13053484188262	92.13088664563703
-0.27525663159886066	0.3972430304875719	174.70513211753232	174.70580058041273
0.030148164368541824	-0.03390867466072314	5.004971716324615	5.005177378599222
-0.04066329245903023	-0.5171342787140771	38.455433113193386	38.45893156717779
0.13747527436183582	-0.04039046115146217	8.806186005293114	8.807351633733786
0.05275643305771173	0.0031747708078533475	0.8032142076065757	0.8049511685187587
0.04307928068806685	-0.23359937178193	0.8537628910672811	0.8861916074332205
0.014422781026337546	-0.197002842187444	1.3164634402316997	1.3312002576281095
0.007596257842702965	-0.011349678697014524	-0.06629165725176192	0.06768383973241597
-0.24388845806074574	-0.3979737672351051	-0.5924958429636189	0.754265220802152
0.027945713576540486	0.6973995249711491	-6.715786904188865	6.75195829391838
0.057152164358938905	0.17589946242192234	-1.3736328254303642	1.3860281850926033
-0.01888569651555801	0.03621344158723954	-0.7051921929070737	0.7063739178519817
-0.32344827765539635	0.794302197916338	-7.329900473415253	7.3799035034413665
-0.5453868495018571	0.17923965054022528	-7.025214528827593	7.066174959345804
0.47006850226065083	-0.045034807844569716	-0.48985127969472364	0.6804019451425217
0.2425450222483443	-0.05363829875373384	-0.13931501670384597	0.28480489600749054
0.03104555402678957	-0.08146331665487394	0.00010850126074800695	0.08717861066664322
0.01455669212656096	0.03924896923638783	-0.05971874867430642	0.07292947151194348
0.4354227192759039	0.29190721009915316	0.9476961033380397	1.0830192371567542
0.11533623090910966	0.13751376142755614	0.21579654358852646	0.2806788716078021
0.1528353840829196	0.12992749865984243	0.6253352577280445	0.6567221589786479
0.086818915302103	-0.029628449129041036	0.2525658995894995	0.2687096996527647
-0.1304123894390894	0.07628953824002205	31.918444998305244	31.932590079536315
0.08339302067398527	-0.023610340897410848	4.447071009351284	4.450104739352442
-0.4959536146668403	-0.03450972062908398	114.58737233436703	114.5884508116048
-0.01511712286415515	0.002934250135599506	0.8728493500695668	0.8729851803693012
0.06678998324235699	0.024110327537540582	0.07150645955457956	0.10077392278517801
0.18919077410587545	-0.030054719916514497	-0.022200095548053175	0.19284522145592398
0.03206121946537203	0.0024864144956427	0.22267761969481978	0.22498761380041027
0.0052782795561103655	0.06666993771074534	0.032884476859119736	0.07452603335563554
0.319118034011704	-0.4243752938636193	-6.842538139544789	6.863108545025236
0.03918916179112657	-0.041298318262715024	-0.34469889052063674	0.3493689548591537
-0.1423127905733493	0.19525858172354976	-2.4028861728186994	2.4150032719689554
-0.24136392224750017	0.26426452960845803	-5.545657898463098	5.557194778965195
-0.178469672502153	-0.03206011749413061	-6.148393158828287	6.1510663880877745
-0.18726497890940177	0.09843879633748007	-9.023409213965225	9.025888998410222
-0.1573038233895591	0.12058954671792699	-181.7231945882102	181.72330268206153
-0.4365605483003555	0.08683557625679603	-418.701468702003	418.7017052971531
-0.012440956539798952	0.29711638221809844	-56.00060795384861	56.001397519371196
0.09427389791606736	0.3469878929779397	-89.2564646285895	89.25718887664091
0.03596651687324662	-0.04205758194774668	0.04958383574844351	0.15811632490926925
-0.349010901282668	0.26948277085049094	-0.10788140864932287	0.47491868380972413
0.37274023685624075	-0.1123035691669026	0.440999711913523	0.5882415504935722
0.0108194778612355	0.021982856277891767	0.049658859835651235	0.05537426687100298
-0.031029382860166963	-0.01636107683101684	3.5950502283413726	3.595221363384054
-0.07657061263536406	0.21423457795871792	23.315478022211124	23.31658797760346
-0.03505349074767504	0.7031951299455559	-1.2501095958267738	1.4347425342447062
0.38702505585128716	0.34671464571962096	-5.391754178810755	5.416734492675122
1.6704577103852145	1.8584888735218765	-10.74093002854142	11.027782539260933
-0.31973369730188383	-0.00860660175361927	-6.887417358201557	6.912945940540835
5.857885815196536	5.656082291609346	-160.94739562799282	161.1535887051448
5.857098280087864	5.658500598522492	-160.8937109179939	161.1000289951838
6.624035294458874	5.020572480455679	-160.77659224289567	160.9916317851709
7.240102907492948	5.53312574919556	-179.75701777320083	179.988968531899
0.024253187396611878	-0.09015811939596403	-21.82580382715355	21.826003514271278
-0.12495269440394643	-0.24752725362199224	-41.88277783040028	41.88369565484632
-0.12565521111091274	-0.24412581933686894	-28.786585343766927	28.787894719859665
-0.013382718031437695	0.015904373853783817	-4.124971514693047	4.125023883964629
-1.1155054770371713	-0.037664952699464155	-68.36193196864737	68.3710429465862
-0.2739856923407935	0.05265171053056758	-18.760032263010597	18.762106781260677
-0.2751734801211938	0.03173652965954471	-3.8739762743898445	3.883866607649169
-0.14420598223974357	-0.029899242236593203	-1.1503613367520238	1.1597502037481844
-0.04050060702829873	-0.10761650256290245	-9.952765276659957	9.953429472452278
0.006160368498459255	-0.07125138197213053	-1.648559743081778	1.650110279976109
-0.03809914014148688	-0.03491340763116176	-1.6859387786749935	1.68673058191048
-0.4170483493694193	0.017980885780655844	-22.54919003139423	22.55305353405374
-0.23695412278357675	-1.0944863904493913	15.733732316125957	15.78145685007212
0.4603441610261634	-0.03561235084820569	-0.48237353882189	0.6677343911162545
-1.6008690448119733	0.8281246251503029	-5.917539118098514	6.185938999670439
1.3416260529919517	0.23045537771116487	0.4022950985696895	1.4194757812361303
-0.22548480347471506	0.2008503170166407	0.3873210028927363	0.4911230046796333
-0.1547814225766288	0.458303702562597	2.19364072770806	2.2463435211064615
1.3432772299704046	-0.4114641063805758	2.5902059322499014	2.9466698489751284
0.12675019118878855	-1.0791639404677542	0.2127207212508948	1.2148705801943613
-0.10430826086978673	-0.02020241224722108	1.9467528035887725	2.0127431105401925
4.3000332027764365	-4.584238415572342	-127.13084672343876	127.2865531625956
0.18942611468425474	0.6783068166240023	0.4693828579330835	0.8463466534017781
-0.37846998753691663	-0.21604267660229404	-0.08890602377948653	0.444767636686791
-0.1470248777632091	0.8512910194444683	-3.9195264989576764	4.013601959649151
6.400645567982192	1.826716147398768	4.946403132767379	8.299455375020003
2.7446796839409586	1.5122371925972822	-0.17447538426428566	3.1385617014529
9.990278123594123	1.658465861644062	-2.0687469419222566	10.33614434451816
1.6839261484623966	0.6539724690066364	-11.489170916304285	11.630319669198526
1.5743405709931575	2.3520674006862996	-7.056678574635242	7.603123160686181
0.33557485661247544	0.34527996432851826	-5.392592987746208	5.414045425524867
0.4425441362948527	0.7352299735143157	-11.20547841557891	11.240977760258946
0.9526952060373404	-0.5167826774105425	-6.6776565535248515	6.783493903447657
-0.4815125504534158	0.025843393264735406	-5.817578894222824	5.839197392846593
-0.06387429904844134	0.15339625727548986	-1.2076356346047699	1.2269775664992104
-0.04796019571969869	0.7024997972975263	-1.2487002295114757	1.4335474909323884
1.587392509423784	2.1206610623996855	-12.07291115077033	12.360105257438677
0.9526952060373404	-0.5167826774105425	-6.6776565535248515	6.783493903447657
-0.11319632476871586	-0.306803092213802	-7.136326709637096	7.202054425459937
0.7461578335041722	-0.21858618695035986	-6.4287472020893155	6.494385418528555
7.240102907492948	5.53312574919556	-179.75701777320083	179.988968531899
-0.2258028310888303	0.22369417298673033	0.3817481246738087	0.49674705056790897
-0.23232655582348202	0.20564006516369698	0.3845009807925202	0.4940692959208659
-0.23232655582348202	0.20564006516369698	0.3845009807925202	0.4940692959208659
1.3412726862781752	-0.26747815875014314	2.5996908934371605	2.9375074001241743
1.2993121455725578	-0.3822680475667346	2.6051492496059097	2.9361783877252825
1.2993121455725578	-0.3822680475667346	2.6051492496059097	2.9361783877252825
-0.15638885297081195	0.5737650863446816	2.180296603227916	2.25994626610652
-0.1904930761797399	0.48118670041852435	2.190922301113969	2.2512149569178397
-0.1904930761797399	0.48118670041852435	2.190922301113969	2.2512149569178397
0.12623335294797103	-1.0420395594107386	0.24041652016131848	1.1872579357241149
0.11745852429932145	-1.0692290580860544	0.21674354570812465	1.2058296099334644
0.11745852429932145	-1.0692290580860544	0.21674354570812465	1.2058296099334644
-0.07828460676408817	-0.1385981604806414	0.34332258871124927	0.6220355874579999
0.04897363913914138	-0.7165485958088291	1.0684698181278072	1.7035873685068827
1.4745761789598546	-0.039220068338246004	4.038712963667302	4.463294974199063
-0.24959089414763913	-0.6494266568624693	4.799866130634397	4.938178438646352
-0.4386774021021902	-0.31536324902977353	10.880676892205724	10.941652731759268
0.2788698734195305	-0.021573450070647676	-0.29221495372574946	0.4045038927252953
-1.568430320788731	0.8113441731457118	-5.797630860161519	6.060592102192999
0.23030167944109547	0.03513618477372335	-0.9515897248277763	0.9796920023311639
0.23556396594441437	0.04828689748755283	-1.04037104766816	1.0677986342689223
1.7383904722908554	0.6449181020905698	-11.48423682840571	11.6329538950116
1.9739544382352698	0.6932049995781226	-12.524607876073869	12.700752529280521
1.9739544382352698	0.6932049995781226	-12.524607876073869	12.700752529280521
1.632064234539076	2.2629836689919145	-13.37328150131805	13.661236652122547
1.632064234539076	2.2629836689919145	-13.37328150131805	13.661236652122547
-0.14738419015711823	0.852394370440001	-3.927641356743384	4.021773848622903
-0.12928207297811906	0.8356713594220393	-3.9215487893811387	4.011683609514645
-0.12928207297811906	0.8356713594220393	-3.9215487893811387	4.011683609514645
1.3656387148611544	2.6154462989781924	-6.984820454906767	7.5824300346030435
1.34055424315995	2.6009164360545394	-6.98979761130117	7.577540671823829
1.2309293695537142	2.3882244565858346	-6.4182014348824925	6.957881346113362
1.2623670727658134	2.3822778866869196	-6.412361604005978	6.956090848769224
1.2623670727658134	2.3822778866869196	-6.412361604005978	6.956090848769224
-1.6172577126231964	0.7621690875944322	-5.036199720429898	5.344130598252809
-1.4529187424798473	0.6847206500617389	-4.524442151409472	4.801082380288946
-1.3810188039309428	0.7978831320829862	-4.343582560709011	4.627152460311719
-1.3810188039309428	0.7978831320829862	-4.343582560709011	4.627152460311719
0.256160548429533	-0.22547311507755144	0.5622902982341218	0.6577436671551551
0.2559961799144722	-0.22556832346069963	0.5620703163129693	0.657524260510466
0.5877410796852269	-0.4425245904545372	0.18049641389400994	0.7575265971139955
-0.22212002616451854	0.4296482464625427	-0.19002227399972005	0.5196569891069385
-0.22049528786217185	0.42886740694593306	-0.19007780284813472	0.5183386883549449
-0.22049528786217185	0.42886740694593306	-0.19007780284813472	0.5183386883549449
0.0934135719309116	-0.007226499604497089	-0.09788379886443677	0.13549743834316175
0.10474879180064375	0.006803545759023116	-0.12916459454535983	0.16643944875736882
-0.3798291675727543	-0.21186900302166875	-0.08757590893302407	0.4436532551507427
-0.3818272942941689	-0.2169375408111434	-0.09400695987197298	0.44910053193640326
-0.27707850249352517	-0.21013399505212027	-0.22317155441733283	0.615539980693772
-0.27707850249352517	-0.21013399505212027	-0.22317155441733283	0.615539980693772
7.882624567152605	1.3085785583791352	-1.6323024510304083	8.155523232862947
6.111671378059854	1.0145862019758118	-1.2655805290880546	6.323259149381949
6.092354049190844	1.073904484339447	-1.250696507191531	6.311441234399439
6.063350084757821	1.0021848035429999	-1.1705746304120426	6.256103707272559
6.063350084757821	1.0021848035429999	-1.1705746304120426	6.256103707272559
3.404804944522852	2.016680583497436	0.3340922436036178	3.971311485307961
1.7085538756342267	1.4168937732037588	0.08270488530691422	2.2211673526643487
3.4672042579813755	0.8937791666969996	-0.11533456364565055	3.582408216124608
3.453962095521847	0.9344422592604642	-0.11066864666660761	3.579844136627805
3.430537554114855	0.8882261707761308	-0.06229226681599149	3.5442085106761176
3.430537554114855	0.8882261707761308	-0.06229226681599149	3.5442085106761176
1.6997544518206025	1.4439144192751332	0.07378980811325901	2.231479101953677
1.683485570453697	1.4138140688695298	0.1066444606888913	2.200992259926155
1.683485570453697	1.4138140688695298	0.1066444606888913	2.200992259926155
0.4329101298927735	-0.19478767855523293	0.3433448907545065	0.5858661402470184
0.42936109555861385	-0.18388955582928757	0.34756498541247755	0.5822093594293731
0.4213160341471666	-0.19481206176479512	0.3507385557195761	0.5817873103693484
0.588971757848019	-0.4442006745926029	0.18144122809495086	0.7596860470639913
1.0102877919951856	-0.639012736357398	0.5321797838145269	1.3414733574333397
1.0102877919951856	-0.639012736357398	0.5321797838145269	1.3414733574333397
5.307610177507524	1.5170604350538466	4.094490614144969	6.8808394509179225
5.265690934267741	1.64578307180289	4.100304844372289	6.881678774212378
5.170563443374592	1.51692520473405	4.175447008756015	6.8248843302761255
5.170563443374592	1.51692520473405	4.175447008756015	6.8248843302761255
-0.04796019571969869	0.7024997972975263	-1.2487002295114757	1.4335474909323884
0.4425441362948527	0.7352299735143157	-11.20547841557891	11.240977760258946
4.4821700911490785	0.9064454391929758	3.0030840286495653	5.472497176221766
0.1458315129713162	0.1567216407102526	0.6697983075050944	0.8591729848983298
1.2117467276811158	0.6557361510971419	1.1649287859583843	1.870587889048804
0.13076603964318573	0.17669841487231658	0.03704196677935265	0.26300946588523233
1.660402824487418	0.11953186491112078	0.06673132010013055	1.6718726806420494
2.326459757857497	0.5493183048463348	-0.051559068190260904	2.687479442277023
1.8157523784788108	0.7816905865663916	0.13913630523895198	1.986664433016687
1.4554413929327306	0.572493213082489	0.106202150579495	1.8276019284776401
2.816191914775589	0.5293820939000519	-0.20780983049983687	3.1131992423496078
1.1656907238432077	0.7079136045438011	-0.1497626249249709	1.6567449468946704
0.5613935256438287	-0.16179668974265893	-0.5241923052714528	1.2242998886107481
0.5570078065783086	0.5611770202135149	-0.6603383236835694	1.0389627744679424
-0.4267846503550996	0.8352779231681713	-3.033081435055573	3.3061465385304043
0.49663932504299985	-0.14267752213466733	-0.3636990048107073	0.6471199622187171
-0.1368733356080067	0.9264154884093672	-2.373282936902828	2.5551774205834197
-0.20092237332391236	0.5193664286023727	-2.5560748258059824	2.6197537264560538
0.3219836722381432	-0.2872619188261573	-0.5392330627438874	0.7036936773567035
0.17236194597152316	2.0730427298933694	-5.8795024400634235	6.2877740902587
0.9305470745944991	0.9876011153296349	-5.986274000601505	6.139725565219855
0.16443238404231342	0.23813714336540492	-5.870978408096677	5.879763138189281
0.6749659407711917	1.2091268771826045	-7.903826441004493	8.062287729168194
0.8196234493423006	0.8205338251647876	-8.345539429484692	8.455466914341804
0.13054466068007708	0.4753069335529816	-2.5410653823302614	2.5921905122295414
0.5909253337788062	0.46616990465949065	-7.785258899546084	7.837122125211097
2.628236736911555	1.8366537913104248	-69.1561831368759	69.23226276287383
1.3304788845995983	0.7461458168690904	-24.876390689505428	24.92350699970229
1.595075900234592	1.4323914459025073	-42.96519924783734	43.030912197731354
1.0981989984607723	0.596340134182054	-22.688905932939644	22.72369544396422
0.8661858952924215	0.9646279237385039	-19.475511233147028	19.519081495533943
-0.10574173759433013	0.0827639163939008	1.9460186156402637	2.013707931489749
3.3003043740116818	-4.265491488045527	-115.77480068247311	115.90081880496828
0.9992265135066363	-0.3188315655275348	-11.346561629767496	11.394936068736122
-0.056573202065898706	-0.4055857559070327	-6.686806765922275	6.717789872381433
-0.056623122702817164	0.0987826636932307	-0.4495199437148229	0.48426455307850613
-0.028570236594861978	-0.6380877174386982	1.0087369140713254	1.5193137069991027
0.07754387573400336	-0.07846087837013094	0.059732904056481795	0.18427366150778005
1.2961612289068571	-0.20286182728910393	3.5668196416333138	3.9148666635191556
0.17841495005299746	0.16364175895085792	0.4718933220339878	0.5484283106799075
0.0559495779740833	-0.29848213019776815	1.6020747544913376	1.7036975666770653
-0.3055404721217224	-0.3509445266647011	3.1977913761430594	3.234480871969286
-0.21920791167887682	-0.2777456823858373	6.2354251634947815	6.2649374844902095
-0.21946949042331335	-0.037617566643936215	4.645251728710941	4.676715247269057
0.5572385312144598	0.12807908368273574	0.3260477946376517	0.6581992074859511
3.9249315599346186	0.7783663555102401	2.6770362340119136	4.814297968735815
1.8348849324377794	0.38442162553083536	0.1770829610680942	2.1038753930457976
0.49157482541971764	0.1648966793154994	-0.2286420292583551	0.5836040492312258
2.410565626534117	0.32898448454357127	-0.032261625273164535	2.608235040839588
0.40562628824147234	0.20039760935648068	-0.17554820522667236	0.5049642015100205
0.8089050294504474	0.6266287877561665	-0.48641318631126196	1.1415202832330513
0.3567856943927603	0.08128481678763455	0.33665056138629107	0.5152246636616189
0.30335665082855273	0.3853212261812794	-0.4488924645081704	0.6648324222238113
0.2536511557497559	0.17585579403223556	-0.211445859175399	0.3741303522441311
-0.06198405289817277	0.13333191335610547	-0.039347388014580986	0.20651252692380057
-0.3648005974569268	0.7019460098120659	-2.9937340470409923	3.099634011606604
0.13975200449437783	-0.18472702079182893	-0.20434495446805592	0.30888760963718426
0.1822316677437654	-0.10253489803432839	-0.3348881082758315	0.3948060677195192
0.2967228583797324	0.7353704609970049	-2.204401889100017	2.346845040295527
-0.051326441177552196	0.4824626794407367	-1.879968024745371	1.9465775606386977
-0.0730344712306571	0.8552095894556277	-1.7951325262180355	1.9943514893244758
0.7098882145186892	0.742983143694382	-6.336303063807622	6.420606009579187
-0.03492227374749757	0.46614373348822247	-1.5675233771968702	1.6416817195890063
0.006692363562932735	0.30365594354337055	-1.2648927727745534	1.3083138886737278
0.8129310857793679	0.516877881621417	-7.080646656710138	7.147153025668077
2.628236736911555	1.8366537913104248	-69.1561831368759	69.23226276287383
0.834438859923432	1.1468554063239826	-33.35083137603226	33.3812671837275
0.7606370403111603	0.28553603957852497	-9.614367871805086	9.649645014003854
0.9464540451394362	0.4746035729255708	-19.74694368969246	19.77530806068213
0.15174495332133595	0.12173656125648319	-2.9419622432471813	2.948387383282094
0.5351155482806059	0.6800771797485924	-12.488961403529489	12.518906124708966
0.3310703470118156	0.2845507439899115	-6.986549829617538	7.000175370824976
-0.13612905635582243	0.00024115768911831675	1.9457322237835974	2.0135553294635775
2.2351707358452066	-3.362600739124887	-76.0246098981543	76.13247192962857
1.3902260107953721	-1.0066206927376822	-43.44172677895672	43.475621204505686
0.674134140878007	-0.21510162171077662	-7.65502563513752	7.687661739578061
-0.056573202065898706	-0.4055857559070327	-6.686806765922275	6.717789872381433
0.0065359930939410185	-0.09894993511763936	0.02325087726125428	0.10185485829810474
0.07100788264006234	0.020489056747508422	0.03648202679522752	0.08241880320967532
0.20244448915148	0.048237447534218596	0.10031422820709215	0.23102719950950518
0.15434120524128037	0.03304736925341596	0.23633633317919897	0.2841974641521137
-0.11239153861161594	0.6674037316360633	-1.4154507386926767	1.5689360702778412
0.03935706738095885	0.18780585781956446	-0.3796817875253586	0.42541541904663444
0.7572643917241528	0.5115782017043605	-6.522113813731609	6.585827982471233
0.055666694055215155	0.0052996799170565365	-0.5585328429785287	0.5613250431968437
1.6211623375563111	0.8869675946378472	-40.39653921935275	40.439009376340486
1.0070743993552445	0.9496861966725779	-28.75964391752315	28.793253386533344
-0.13612905635582243	0.00024115768911831675	1.9457322237835974	2.0135553294635775
2.235131685997717	-3.3597957968742707	-75.93196386829237	76.03983218252196
1.3902137398217	-1.0057392713052913	-43.41252718186925	43.44642358170314
0.674122325460815	-0.21425292280357489	-7.648751488142725	7.681389493573411
0.7586152124651667	0.4545702557566562	-20.58484596139761	20.60383494431242
0.8625471250911443	0.4323973388811909	-19.81169325795514	19.835174432028065
0.9972040616703639	0.9178519488557909	-28.27600590170643	28.308468307097925
0.009870337684880392	0.0318342478167871	-0.4836380158167189	0.4847850794354202
0.7087584060675047	-0.17416681166867748	-7.646629288331444	7.68138086737185
0.7087584060675047	-0.17416681166867748	-7.646629288331444	7.68138086737185
1.587691167592242	-0.775352020604448	-43.41982178596547	43.45575747728381
1.587691167592242	-0.775352020604448	-43.41982178596547	43.45575747728381
2.580408793238634	-2.9575269597069185	-75.98438725500809	76.0864079962818
2.580408793238634	-2.9575269597069185	-75.98438725500809	76.0864079962818
0.0034328924194807486	-0.05665869992492717	-4.016975000825777	4.019642987963842
1.9618949798908059	-1.3270224188820443	-48.91997052984229	48.97747458615925
1.7102108869458428	-1.304288729740405	-38.79089715256842	38.85072936322299
0.9899864005176566	-1.1540387472260067	-24.33247636594217	24.380335608587163
-0.25841723123308125	-0.24951516287003228	-6.232981624186899	6.263123256128032
0.5984216338323489	0.38483537095262754	-3.327505903945045	3.520939492079855
-0.11314454106141858	-0.24369763758115998	-0.784481400592688	1.116323867015414
-0.01789886268885397	0.03955580073278494	0.15390697247828067	0.21225496869236413
-0.2805082940790272	0.22343455192162412	0.8034327361766505	1.2368590537819277
0.14675144599880408	-0.2194089616733877	0.3428421637269556	0.6594184867702108
-0.010739977011081328	0.02932276417098327	-2.481989208341994	2.482185650174252
0.014172869430562077	-0.08598146409591044	-1.5349857924837829	1.5374573377895895
-0.25841723123308125	-0.24951516287003228	-6.232981624186899	6.263123256128032
0.6152036107133176	0.5309554258269281	-2.7880179080762177	2.945700756187473
-0.016781976880968705	-0.14612005487430052	-0.5394879958688272	0.5752387358923821
-0.24735118383959528	-0.41492438341414706	-0.3521445877269872	0.6138651705903092
0.1342066427781767	0.17122674583298708	-0.4323368128657007	0.5024586964251049
-0.02704242293602266	-0.1871970353400778	0.6818605781411284	0.7212403591045908
-0.2534658711430046	0.41063158726170196	0.1215721580355221	0.5156186946773371
0.14675144599880408	-0.2194089616733877	0.3428421637269556	0.6594184867702108
-0.0171602420829343	0.006297839756928096	-0.22521257551594703	0.2259531829040587
0.0003782652019655927	-0.15241789463122862	-0.3142754203528802	0.3492855529883234
0.07505629299245214	0.06058987159182041	-0.0704647724159388	0.11945653522897852
0.05915034978572456	0.11063687424116668	-0.36187204044976196	0.38300216119612635
-0.22570886145079438	0.2972351986741402	0.13760388247835054	0.3977789360202288
-0.027757009692210247	0.11339638858756175	-0.016031724442828445	0.11783975865710836
