0.0	0.0	6499.999932280723	6500.0
-0.7080194117908021	0.5438801509106401	596.2713177265523	596.2719861275267
0.489787760133961	0.1955578322366131	1184.8780112338134	1184.8783796619302
0.2182316516568406	-0.7394379831472531	4718.848615243923	4718.8486897635385
0.0	0.0	-6499.999932280723	6500.0
-1.1767182017106763	0.47908118481740963	-285.9490793347006	285.9519018241895
1.1767182017106765	-0.4790811848174099	-6214.048864869587	6214.0490426228125
2.671474153004283e-14	1.7069679003611782e-13	596.2710529076406	596.2710529076408
0.489787760133961	0.1955578322366131	1184.8780112338134	1184.8783796619302
0.2182316516568406	-0.7394379831472531	4718.848615243923	4718.8486897635385
-2.6728619317850644e-14	-1.7080781233858033e-13	-285.9498607305305	285.94986073053065
1.1767182017106765	-0.4790811848174099	-6214.048864869587	6214.0490426228125
0.0	0.0	596.271052907641	596.2710529076408
4.640732242933152e-14	4.68514116391816e-14	70.0246974067254	70.02469740672527
2.3203661214665772e-14	2.3425705819590803e-14	60.085026329526684	60.08502632952663
-6.6058269965196814e-15	-4.107825191113079e-14	60.08502632952663	60.08502632952664
9.159339953157541e-16	2.5757174171303632e-14	60.085026329526634	60.08502632952664
-1.4210854715202004e-14	3.552713678800501e-15	60.08502632952664	60.0850263295267
0.0	0.0	15.892278467825086	15.892278467825086
17.601218178489226	-12.420852906273598	40.210161444688396	45.61729443636449
15.666815187941806	-11.055780627560026	35.79099819358687	40.60387832598255
15.675869001490979	-10.7961802340486	33.85110294522355	38.83539039595317
0.6444971584691706	-5.633770121582019	14.867711542072911	15.912372194880097
16.46709336662706	-6.448344055972856	17.876312439858587	25.145752155321507
0.6462398031988894	-5.622832495341434	14.78344146664407	15.829845632589016
0.5483493700799142	-4.771102989359568	12.544090871098364	13.431988927523584
0.5450849938332315	-4.774403638751263	12.555106947402145	13.443316488758596
0.9863216814113251	-3.10966920059718	20.454441433526696	20.71296809619371
-0.44123668757811574	-1.6647344381538511	2.0403365910741886	2.6700194697635737
-0.43124129160477115	-1.6161983858264635	2.0582557630990155	2.652259991076159
0.8029548023497308	0.00967659732630427	1.1026751246807454	1.364083018639998
-0.7789085159641338	-2.7646357321068153	9.641202571152284	10.059955080688809
0.8029108857935013	0.009396065739469673	1.1025202613619205	1.3639300214052932
0.8009106219913078	0.010738707887298892	1.101349408729934	1.3618163108053043
0.8009106219913078	0.010738707887298892	1.101349408729934	1.3618163108053043
-0.7789788664338639	-2.7650851190943744	9.644228726264624	10.062984225104174
-0.7915389266746592	-2.755747432156157	9.644318738411183	10.061489040412734
-0.7915389266746592	-2.755747432156157	9.644318738411183	10.061489040412734
1.0736791028316524	-2.685475462945394	20.4828139731728	20.685991238940936
0.6183915248412841	-1.546714713991347	11.797192040438793	11.914213130688289
0.5092050168399795	-1.273618509223163	9.714216851787913	9.81057607379766
0.5091888284796074	-1.2737219177509103	9.715428111803197	9.811788021682048
0.4974001073279838	-1.2647372059478388	9.714201108416239	9.808805750020435
0.4974001073279838	-1.2647372059478388	9.714201108416239	9.808805750020435
16.479219841166067	-6.3722328189193655	17.79483435700715	25.076406589966524
8.741145428060886	-0.8599597269096787	7.587300017772206	11.606647909112365
8.142248935803776	-5.863108643559957	9.892991840250385	14.090548188415024
4.840147877337391	-2.8373153260361486	4.190132815260591	7.00247118832894
3.998887983842463	1.1256260931446052	5.636517798057314	7.002033425848843
3.99386763635146	1.1205499604809392	5.615201090418056	6.981195756921696
4.020597245047783	1.2503446869565191	5.5947201221283835	7.002103775868672
3.204467649652152	1.1041138475904733	3.690995772619191	5.011100687433947
0.925316103396941	-0.12686536540213733	3.986699538160085	4.094640145325368
0.9252979693625314	-0.1269812025689232	3.986651065402604	4.094592443111766
0.9202804234415773	-0.12320668397626294	3.985250047231808	4.091981657303385
0.9202804234415773	-0.12320668397626294	3.985250047231808	4.091981657303385
2.346470909464259	0.8084871833201152	2.702731047494465	3.6693776542685606
2.3463085127232213	0.8074498202076262	2.7014435920629984	3.668097099332161
2.3405425680489724	0.8111615903987276	2.6983198261363825	3.662929500100725
2.3405425680489724	0.8111615903987276	2.6983198261363825	3.662929500100725
4.829808254994201	-2.847769840350207	4.180470377944794	6.993795351916741
4.853520095296455	-2.7326289169932934	4.199183361791239	6.97546120477913
-0.08472343807415408	-0.11788725206353753	-0.06453737514094764	0.15887270989153662
5.7962402735585075	-2.319115000659399	5.251985462056918	8.158311528052987
5.795752010445388	-2.3222339434380745	5.253443931651488	8.159790744721555
5.781825816453388	-2.313692507158949	5.244080513195225	8.141441102063212
5.781825816453388	-2.313692507158949	5.244080513195225	8.141441102063212
-0.08476097099411675	-0.11812700605382388	-0.06439763345101242	0.15901404641476335
-0.0573020206629522	-0.07985887917941414	-0.04353553857837689	0.10750025709345623
-0.057650793909334856	-0.07970315818956018	-0.04348191304003541	0.10754945013986839
-0.057650793909334856	-0.07970315818956018	-0.04348191304003541	0.10754945013986839
8.126816529867172	-5.878712531536663	9.879970610230433	14.078999509822612
7.9093144079124444	-5.721377559684902	9.615547934428903	13.702196089057303
7.958794761777324	-5.481108834887213	9.65689084428848	13.66164371144538
7.858871187710244	-5.412292889630917	9.535647480636051	13.490120219743496
7.663937463627622	-5.278044804428614	9.299122510250186	13.155507358691743
4.695544553438198	-3.8253609759117975	6.633899492041687	8.982769490522559
3.0373694548287484	-1.5178252694719292	2.6093041877938004	4.282274523919793
4.6951499430084915	-3.8278816810747593	6.637153089201822	8.98603985530565
2.9010390891567646	-2.5992516491523485	3.491571643984918	5.230985516852083
1.7666519035205723	-1.2668981587968284	3.1247193503442823	3.8065681277748924
1.7611398451281128	-1.2631694815758518	3.121652213156985	3.8002530485732637
1.7611398451281128	-1.2631694815758518	3.121652213156985	3.8002530485732637
2.892292116809813	-2.5938228452446874	3.486337304143759	5.219944294696813
2.892292116809813	-2.5938228452446874	3.486337304143759	5.219944294696813
3.0370883956199997	-1.519620628502648	2.6103931832019596	4.283375461979454
3.029562741853324	-1.5150809074257559	2.60537121272902	4.27336866172215
3.029562741853324	-1.5150809074257559	2.60537121272902	4.27336866172215
18.030495294796363	-30.475385333508598	-99.53178431321352	105.64290776182546
14.646360749442493	-28.087264410477836	-72.68049246674504	79.2834427259279
0.5395016044429204	-13.077944983855458	-57.5054664858106	58.97628661362662
16.041262135546994	-16.374391705335945	-10.75586272983288	25.320572222683204
16.10912780155026	-14.428476483570343	-12.421682208466468	24.939589432301293
13.236675868823752	-11.85570496719177	-10.206746334409377	20.492559602460005
11.800954345218512	-10.5697710236855	-9.099667371117311	18.269825648211594
11.846610609419802	-10.283211666600884	-9.21943936669778	18.195732668610813
11.442436086721216	-9.932376115050618	-8.904896867713225	17.574943161049962
11.34508238695754	-10.030811591117713	-8.915844230472509	17.57328523314311
2.2606383647997794	-2.0853037088497373	-3.2763969534822444	4.493746140063413
9.301946144112495	-8.102842854119743	-5.375024601188736	13.456342513845014
9.319094735743404	-8.019572021932765	-5.311263906327591	13.392855796706884
5.617285602045583	-5.74851625094999	-2.8781280868105688	8.537151627239181
3.801732707764904	-2.339871716239072	-2.3118924558645944	5.027227661169591
1.9375452638897208	-0.5362559477196385	-0.45963767286306934	2.0884967994711294
2.0591211679578056	-1.9378638537217374	-1.615729812615661	3.2733437227502127
1.9901446233184799	-1.8727224127666249	-1.559810982200962	3.1638070669996026
1.989351054943314	-1.877791594293143	-1.5581554128434794	3.1654963563358423
1.9786849741574137	-1.873105978511339	-1.5617773455295463	3.1578107464983654
1.9786849741574137	-1.873105978511339	-1.5617773455295463	3.1578107464983654
0.3841029136943745	-0.19926393516612895	-0.27410962105014264	0.5309020940047724
0.43829345940039127	-0.31852141621219304	0.30637250934832466	0.8812261675433113
2.0120638336334906	-1.8189456134342512	-0.2891255751234411	2.8308665688651846
0.9928676818590271	-0.3989433676144173	1.1195549111746552	1.9085670185821164
2.1234610914739753	-1.6998233565793237	1.7160386438296913	3.3389183335534605
2.640638618090688	-1.6019380113385746	2.958929194230955	4.387305035232318
3.3674592820181246	-2.190447902493211	3.2259584459561155	5.154040328666679
1.0298610132162733	-0.10836849239158122	1.962189595554858	2.3220791673700814
0.24007654114895863	-0.24612770334346423	0.7088378509613512	0.7993036289913136
2.7215896812164475	-0.10307805627866341	2.440449086804422	3.6596375515581556
0.6373506610337976	-0.796143112956903	1.1952998475807295	1.5774286772958834
1.2256637310587992	0.648596177343494	2.3951384545942545	2.8213040286494686
-0.08902934455270785	-0.11545414122671646	1.9316675015332923	1.941858599331516
0.3709260534972695	-1.1924615616325336	4.044242494611458	4.234964917594391
0.06711419798314519	-0.6925988593189177	3.3635700709188243	3.4376272198104396
0.6677913464271659	-0.7756169909974228	3.171762515286542	3.40711313872096
0.22512421542871555	0.2790912257728263	3.49856823806964	3.5196636666030288
-0.3777499600740456	-1.2716457358480562	4.071822726276939	4.2847401331891595
-0.23106840126404904	-0.35013648698531363	3.6612493949286193	3.6876760836394404
1.0513362734410916	0.1394073470198044	6.315113206006915	6.451611046326137
0.13099142415195547	0.2887075128421496	11.615303613245556	11.620413435392399
0.06886422300484946	-0.21803382195213378	21.510502933170674	21.51869320124178
-0.6754469391145836	0.0421013576798736	22.71120389117633	22.72168574025397
0.4069789270702564	-0.25072958698274583	34.69647378299868	34.70947702988005
-0.5043706463568725	-0.07407687972695084	348.4843512068685	348.48599068684234
0.7183473772753273	0.2596433421575899	738.3322674284406	738.3326757251281
-0.2971854226957835	-1.4430851229271369	526.2429502040318	526.2450127585913
0.024123602704989366	-0.5218533224494131	524.3302624362782	524.3305226851996
-0.3885704935407107	-0.8236306484120464	1.8403525627388906	2.053351413819301
0.061317125464095346	0.2316660032188416	0.37406716916066785	0.5534032652292638
-0.44895353369344737	-1.0755032322606288	21.76877513320598	21.802447965265404
-0.44895919073310253	-1.0755393684800296	21.76984911419351	21.803522186629518
-0.4748978862737068	-1.0556388866498267	21.77010558549366	21.80335521576751
-0.4748978862737068	-1.0556388866498267	21.77010558549366	21.80335521576751
0.023189517393610082	-0.5016467418197479	504.02777269668013	504.028022868554
0.023189475364729095	-0.5016470102931821	504.02470911826555	504.0249592919252
-0.5752954461538954	-0.04190814321305561	504.0247075778287	504.0250376420386
-0.5752954461538954	-0.04190814321305561	504.0247075778287	504.0250376420386
0.2723601772888538	-0.3174325418090748	4372.128686511579	4372.128796860924
-0.7804376625423307	-0.7041655945599836	240.1543438461932	240.15814799022007
0.462991265681047	-0.10228062490496975	355.0894398704165	355.09064176545314
-0.10894447555722295	0.0215855306724355	138.67336538148575	138.67449203326265
-0.496236751333576	0.08160370763069649	41.066297673418816	41.077395934029525
-0.07280244643817227	-0.33763037834591675	53.00767861377798	53.0156993605681
0.08284055343278429	-0.27923765810970447	37.668455526967996	37.66984016158107
-0.19173234130173758	-0.19942745358278505	6.855160983399642	6.8620685152997645
3.3306690738754696e-16	1.9984014443252818e-15	-259.0209400933278	259.0209400933277
0.08703109541150093	0.5559400234421369	-26.923120701366503	26.93102248377479
-2.298161660974074e-14	-2.3314683517128287e-14	-259.0209400933278	259.0209400933278
6.6058269965196814e-15	4.085620730620576e-14	-193.83992237216458	193.83992237216455
1.4253132635495789	1.4411510808816559	-65.09724218566056	65.12879067290994
0.8635008146074524	0.873095875930247	-39.43801204517363	39.45712513780818
0.8635413726728493	0.8732928194420049	-39.447503914874794	39.46661765549294
0.8502837911791813	0.7886056150407853	-39.44882134352061	39.4658635625096
0.6879029532937998	0.8547196414078607	-39.44965725002387	39.46491116527337
0.6879029532937998	0.8547196414078607	-39.44965725002387	39.46491116527337
-0.5305461235260074	-3.329947351606923	-34.4693997222684	34.63393633081835
-0.7846060205447594	-3.586830315205697	-34.46628133662241	34.6612969678395
-0.4529203380468311	-3.663061077280363	-57.54662972729358	57.66487445801587
0.23012676644419078	0.6442859670260989	-2.5788817498146157	2.6680880449242537
0.2303160625889874	0.6452051589834483	-2.5859231194201002	2.6751324388554565
0.22943220465052758	0.6395592228878084	-2.5866702064181726	2.6744229083828737
0.218554782207114	0.6440066099265991	-2.5867547769388475	2.674660909810945
0.218554782207114	0.6440066099265991	-2.5867547769388475	2.674660909810945
-0.45266942221582684	-3.6618426699320334	-57.50597695666873	57.624225696195325
-1.005596755117426	-1.1159645245799918	-30.309330698643485	30.34653405339325
0.5150473992052049	-2.490911679837968	-27.23738359019534	27.35589478813705
-1.015786947367136	-1.181057761559231	-30.308145011584113	30.348152737881637
-1.140615575241931	-1.1302270137531092	-30.307025894599285	30.34953435506078
-1.140615575241931	-1.1302270137531092	-30.307025894599285	30.34953435506078
0.5140525653432526	-2.4861003881198513	-27.184773536153074	27.303055825157635
1.264539231323889	-2.2970216304564612	-21.913247854210955	22.069567267131067
-0.8534388465558744	-0.038989164138452104	-5.37577171641986	5.4432342928437825
0.9711912757266903	-0.5548782387438826	-5.888305591978474	5.993600345235251
-0.11729272630100049	-1.7609034200532887	-18.61154887413942	18.695033830749782
-0.12356023648318382	-1.8009392226722498	-18.609750905133467	18.697098116202834
-0.1852183496685722	-1.0890757744523683	-14.790073906719979	14.831273648806835
0.4076648858330409	-0.9145095493150703	-5.921685543281559	6.005737094515505
0.3830758275104646	-0.9044809144574256	-5.922614996034518	6.003515737090519
0.9691951141636139	-0.5676293836182965	-5.887909060354391	5.994081696929803
0.6231883415159558	-0.36498328252309226	-3.785900515486163	3.854169069810136
0.6074299229999301	-0.35855327415681737	-3.7869416070978708	3.8520719486184682
0.9905057505103947	-1.263034188614243	-9.70955660313239	9.855587685708988
0.9905057505103947	-1.263034188614243	-9.70955660313239	9.855587685708988
-0.24618949716139524	-1.0642436922971992	-14.790177919869697	14.830461449547279
-0.24618949716139524	-1.0642436922971992	-14.790177919869697	14.830461449547279
-0.44279816465767663	-0.020229135797734	-2.789165104512824	2.8241673839897246
-0.4437412051609029	-0.026253120179311706	-2.789085855072186	2.8242867047168843
-0.45531300557562654	-0.02153408368302727	-2.788438624852959	2.8254492765537744
-0.45531300557562654	-0.02153408368302727	-2.788438624852959	2.8254492765537744
-18.030495294796363	30.475385333508598	-11.582453221311198	37.25588670834942
-32.24757892793174	40.508117316751445	-34.451158650766494	62.19080516958412
-32.06577961081063	45.72085712063902	-34.461900353359304	65.62189858469378
-31.898825390527577	46.76873729357538	-34.14126300387977	66.10957335235892
-32.26739974041341	46.39606741369198	-34.21964365328036	66.06636185852051
-32.19982086637469	46.7242196725236	-34.62875117383429	66.47654906575843
-32.13255939823475	46.626618520457924	-34.55641596881969	66.33768772533065
-32.09467946453835	46.571652054943854	-34.5156786366496	66.25948457999569
-15.16713314010644	21.890343200922253	-17.429012374096473	31.827653471160673
-16.926551490569953	24.676497562303467	-17.139276316595364	34.484670071814406
-16.82359930999471	24.52640796877852	-17.035030282117596	34.27492433699717
-16.832219388267934	24.471344356231413	-17.058738826936786	34.25158207297414
-14.618816658259789	20.80308604233665	-14.623578703831624	29.333191839277113
-8.397476747889234	12.567169593277118	-9.54620731272361	17.879886503415705
-14.718057469939003	20.84665532733679	-14.594176446854524	29.399032980476246
-14.718057469939003	20.84665532733679	-14.594176446854524	29.399032980476246
-3.2462980548692717	4.486688996633326	-3.1402643628128453	6.426175153372675
-5.65905295815414	7.255266200383241	-5.827799478296755	10.892497168498718
-2.5809423291864775	4.627512995513778	-2.350313036473903	5.798045429285167
-2.444153114852661	2.9171661206031194	-2.742314722427073	4.757557226360674
0.020839893414524895	0.8155074386791147	-1.8308602134179337	2.2136683558462993
-0.46767332463734185	-0.23633735965997285	-1.7772850203645945	2.003926647129365
-0.32176873060856415	-0.0384442102309238	-4.772300478082817	5.007459933284947
-0.19377040436809423	0.38340801661792706	-0.7560606156917759	0.9999481355630873
0.035426244840232546	-0.6606342766018423	-4.11657835202744	4.171585980778253
-0.09534128669047584	-0.4885483012184444	-16.594815331870596	16.629883379996393
0.33825342613272547	-0.8200704209280589	-3.5416281505792577	3.653702316479424
-0.7402549282616109	-0.1500666054597833	-24.304135626257327	24.31626997854113
0.34002307785589114	-0.3197601914646142	-19.25907397851209	19.265234817365233
-0.13967586678474292	0.875068911570761	-12.228793297675118	12.261652427382028
0.42925366608035054	0.0576890120705196	-55.296576232259774	55.30448039522507
0.16076014596663107	-0.24402815744051565	-179.99427141745537	179.99695410550606
-0.16873146024071267	-0.07651760768396182	-235.4838421611002	235.4884995706914
0.1099250757669235	0.2729932534226373	-329.84530892721574	329.8467784015997
0.10017047499383752	-0.5155348924300691	-543.1470098742464	543.1475400711178
0.7509697329208106	0.7426926845193159	-558.2298876584683	558.230903159929
0.27114186275167146	-0.2655544631942275	-4183.213717141592	4183.213839873649
0.014404997734523431	-0.2312357281950702	-139.82181630903233	139.82207791764372
-1.1102230246251565e-15	-3.197442310920451e-14	-159.02284909095937	159.02284909095937
-1.4210854715202004e-14	1.1546319456101628e-14	-127.00651600234983	127.00651600234983
-0.4778399975828498	-13.70112723597447	-25.784026991434388	29.202144895446786
0.0	0.0	-127.00651600234978	127.00651600234978
0.7586228053522159	-6.7950731670455955	-60.12131615339606	60.50885211209107
2.2632215850490662	-2.0727600023745842	-3.259622412878091	4.477012870766966
5.615367833741629	-5.760766632848731	-2.872956979779551	8.542404223286765
1.9371171770055038	-0.5389904948527255	-0.45940110154219044	2.0887515608826086
0.13836828752417205	0.11477682640856815	-0.04719105424453916	0.23243554670812633
0.29992517187621925	-0.4332982426207612	0.35356356359286384	0.648790620835185
0.31463595733487626	-0.35513749418439183	0.19824624558188458	0.5328224696940961
1.6974278762986148	-1.4638081192498595	-0.48737182070532575	2.2980440991710887
0.15221227355099046	0.29092827802976734	0.021756490356045266	0.3574366642491221
0.8406554083080368	-0.6898716456441847	1.09779842081861	1.5511303543329946
0.5392474329602247	-0.2750456549576534	0.03650230383266806	0.6222942305295531
1.5842136585137512	-1.4247777016216707	1.6795363399970236	2.716624103023908
0.4430730415908587	-0.6284929908873244	0.4148562686948618	0.8848178729854477
2.1975655764998296	-0.9734450204512504	2.5440729255360934	3.5024871622468705
1.0271728129380993	0.0444132565988164	1.6576036015949482	1.9555526098577414
0.00268820027817393	-0.1527817489903976	0.3045859939599095	0.36652655751233953
0.24113634327742584	-0.25454909704324946	0.6383630935192767	0.7283195850876478
-0.0010598021284672077	0.008421393699785236	0.07047475744207454	0.07098404390366575
0.4889481712324505	0.34449948398014535	1.2085339372630943	1.355184152257833
0.520417348271412	0.17596173960574968	0.8897688915416476	1.054374236664659
0.21629821155493645	0.12813495375759876	0.29683562578951195	0.4117456397269765
-0.016964938139818773	-0.10473656259356535	0.6955669399146435	0.7036127660668368
-0.07206440641288908	-0.0107175786331511	1.236100561618649	1.2382458332646793
0.684561188184047	-0.36237586721781917	1.7189058312804653	1.8905177415776369
-0.016769841756881065	-0.4132411237796036	1.4528566840060768	1.516595397143323
-0.18807491300269386	-0.3299537805600653	2.8725811842909272	2.897579046471229
-0.04299348826135515	-0.020182706425248303	0.7886682106376922	0.7900970371682117
0.17977385456426637	0.023130929516569376	0.3347809937447182	0.4054772217497502
0.8715624188768254	0.11627641750323504	5.980332212262197	6.046133824576389
0.15924817299648528	0.24238437357465067	9.952865581917136	9.957090109909954
-0.028256748844529788	0.046323139267498974	1.6624380313284208	1.663323325482443
0.2782099914423001	0.012688625925087474	8.977501208826766	8.98181995783996
-0.20934576843745062	-0.23072244787722124	12.53300172434391	12.536873243401821
-0.5945603607117146	0.08076077525133626	19.48309296485571	19.49233017888213
-0.08088657840286892	-0.03865941757146267	3.2281109263206123	3.2293555613718383
0.26240379646609036	-0.2874357959283593	32.75487821520131	32.757487720622755
0.14457513060416605	0.036706208945613425	1.9415955677973749	1.9519893092572957
0.061286996979344185	0.23147354751735189	0.3738044111435455	0.5531417874192384
0.31625222136925957	-0.2988106985190485	2062.6378654888117	2062.63797140149
-0.043892044080405784	-0.018621843290026335	2309.490821022767	2309.490825459434
-0.17406481819989586	-0.3415853342764755	124.25808667586494	124.25965879315258
-0.6063728443424349	-0.36258026028350804	115.89625717032825	115.89848919706748
-0.0914800481418008	0.08888016319562732	102.50548695413941	102.50566132547394
0.30847037836464924	-0.10097833886782792	80.52685309053987	80.5276281722586
0.24600093545819857	-0.09018244923276918	172.05709982573723	172.05735226772063
-0.0296121783150874	0.0301644866759336	35.609886247882365	35.61016715721624
0.05563609255752734	0.04827961507343467	19.42637164397624	19.42698023745097
-0.13496838979966289	-0.05685857107693276	83.63710748962716	83.63734463859545
-0.5206230257052264	-0.22670415976962344	20.52859767706746	20.53692395376557
0.024386274371650446	0.30830786740031996	20.537699996351364	20.54047198026396
-0.4248268309939357	-0.15757681342851182	34.78960219996718	34.79283272895905
0.3520243845557634	-0.18005356491740487	18.218076413810795	18.222866631609048
0.013427088383157974	0.004764943924180219	0.6545289543442079	0.6546840027585612
-0.20515942968489553	-0.20419239750696527	6.200632029055434	6.207384512541203
0.25195104948264	0.7406905388637667	-10.717907551710613	10.751490319612117
-0.2430771346964033	-0.18498026267553405	-16.29794778912436	16.300809989936557
-15.175408265629665	21.83748308861852	-17.450154054850522	31.806863413613392
-8.45889289955507	12.593967525202347	-9.529079277855763	17.91851386124571
-1.585191782420573	1.505070011331783	-1.1918415415586794	2.4935987590526545
-1.6611062724486987	2.9816189853015427	-1.948422821254166	3.9325763943200203
-0.4616712892819722	0.8814897708519236	-0.4917711694196135	1.109956521011607
-2.1192710399045045	3.746023224661854	-1.8585418670542888	4.68808890827356
-1.8326668205404102	2.573351321220451	-2.365084120339308	3.948912176627621
-0.6114862943122513	0.3438147993826686	-0.3772306020877656	0.8086450497330531
-0.39152840476263473	0.1515698119239131	-0.5404146870192474	0.6984237384773908
-0.07614491987470709	-0.38790717158388593	-1.2368703333453468	1.3055029086519743
-0.42079728757285284	-0.12197932654663528	-3.0886260904378693	3.3130503018014923
0.09902855696428867	0.08353511631571148	-1.6836743876449476	1.6944096314834547
0.02500426936192278	-0.3287932017499368	-1.6370563816772568	1.6699352621564487
0.010421975478309769	-0.33184107485190545	-2.479521970350183	2.501650718621804
-0.08958603578572605	-0.019505813980551526	-3.558256727186223	3.5621730525134314
-0.1484624126575385	-0.11805062290251864	-3.294422514952131	3.302828564952062
0.14270716175278875	-0.3509918643353743	-9.742136089732245	9.764881762530903
-0.0874376427143759	-0.25615824618395117	-22.20528222071094	22.207370413328388
0.5166913087947265	0.31384725825447074	-33.091294011548825	33.09710998189668
-0.7755017021353982	-0.2066173424875718	-155.20020947354334	155.2023472568403
0.6067702418946855	0.13009973480360998	-80.28363268755685	80.28615231385105
-0.07514733608220882	-0.18399428787547958	-122.24042548097	122.24066672991262
0.019333518608969084	-0.30360672066967453	-287.355130406441	287.3553253404457
0.1559842924670773	-0.02793388388491508	-133.55145398683538	133.55154800075954
0.08401686669814384	0.14481780802161076	-99.7890218557249	99.78916230710502
0.4381666747410705	0.39648062504887716	-302.034194291945	302.03477235041413
0.22878619148159607	0.20139425144882794	-156.40667151079833	156.40696850240982
0.833110505739316	-2.075909171702089	-1.450980936860331	2.6662366142302716
-2.062482823911442	-20.022780502169432	-64.07241792033508	67.15981173734083
-1.020465575181679	-11.402601256847259	-53.9599693284716	55.16102750441095
4.651540313260403	2.034756573423091	-8.376282698981534	9.794854437521392
1.6070148690034318	-1.8133352915503032	-2.106367624533207	3.2105242933922193
1.0537953398998783	0.08066018488504795	-1.9928734022382038	2.255778154244974
5.588535582664403	-5.748631230143669	-2.883358692141995	8.520108469171042
1.9309123072799401	-0.5361161576857196	-0.46243860890039945	2.082928788974452
0.14729201149540566	-0.10950662500397293	0.1496903319067056	0.23684136681851667
0.15263316038081362	-0.3237916176167883	0.20387323168615828	0.4119492540166684
0.008912057184100958	0.004649176120554592	0.002401131144696367	0.010334652032199847
0.8317433511239358	-0.6945208217647392	1.0953972896739137	1.5407957023007948
1.509297316894953	-0.7221644927130811	1.8242230243943423	2.4753362575723497
0.6882682596048767	-0.25128052773816933	0.7198499011417513	1.0271509046745213
0.05888651204234345	-0.05463219717084475	0.18625750093690138	0.2028402201820115
-0.05619831176416952	-0.09814955181955286	0.11832849302300813	0.16368633733032803
0.005336881418840721	0.006245397389819569	0.09117092661276217	0.09154029250152741
0.4836112898136097	0.33825408659032574	1.117363010650332	1.2636438597563056
0.370772281046843	0.07585254211006023	0.6774767163890806	0.77601571748681
0.1496450672245689	0.10010919749568942	0.21229217515256704	0.278358519177849
0.09467796918871003	0.04124533561760588	0.03283073932529566	0.1083649067020905
0.12162024236622641	0.0868896181399929	0.26400488646421627	0.303380733024886
-0.0026183822162347808	-0.18935151679901033	0.4370617565742713	0.47632324308110746
-0.014151459540646286	-0.22388960698059335	1.0157949274318057	1.0402721540622157
0.17635319169534966	-0.003758000570566581	0.9081052259895479	0.9250781979156973
0.6952092271814757	0.12003441807380164	5.072226986272649	5.1210556266606915
-0.022935818796086513	-0.004899210092376528	0.12259101340182284	0.12481430450978774
0.16751094940025257	0.04160541903798995	1.819004554395552	1.827175004747508
0.05193935079437928	0.22456454343533228	0.3437356971820851	0.5293214144983338
0.31625222136925957	-0.2988106985190485	2062.6378654888117	2062.63797140149
0.010859743129351056	0.03782776902031989	264.82236908029404	264.82237200465823
-0.05475178720975685	-0.05644961231034623	2044.668451942473	2044.6684534547758
-0.02253445557607206	-0.024528389881365804	2.4548552312654364	2.45508119011766
-0.5838383887663627	-0.3380518704021422	113.44140193906281	113.44340800694982
0.19118005884066566	-0.12625118854973286	133.22035976642823	133.2205567676178
0.054820876617532925	0.03606873931696368	38.83674005930902	38.83679550010283
-0.020604482206283217	-0.01938514208779346	1.6427593026718932	1.64300287733643
-0.00900769610880418	0.04954962876372706	33.967126945210474	33.9671642798798
0.08358018805118182	0.05610383863041611	8.911206542924656	8.91177509473881
-0.02794409549365448	-0.007824223556981438	10.515165101051583	10.515205142712162
-0.030657556976004655	-0.06625542942470233	54.50394122363582	54.503990116112355
-0.10431083282365823	0.009396858347769568	29.133166265991342	29.133354522483092
0.031863173407841464	0.22118957890991586	10.429979655035025	10.432373445006764
-0.007476899036191019	0.08711828849040407	10.107720341316337	10.108098535257193
0.004208771731376695	-0.031265432965295645	2.679877399162435	2.6800630805262053
0.34781561282438667	-0.14878813195210921	15.538199014648358	15.54280355108284
0.20775614046790636	0.7586909831057345	-10.71796435785831	10.75185726272764
-0.31015308919314766	-0.15767070587247448	-16.297618013633613	16.301331476555564
-8.991334247747716	12.93857180923492	-10.339106865231143	18.845367143892933
-8.45889289955507	12.593967525202347	-9.529079277855763	17.91851386124571
0.0084245996199072	-0.008145685936906927	-0.16134054067875447	0.16176555920421162
-0.08456951949461429	-0.37976148564697904	-1.075529792666592	1.1437373494477625
-0.3093777160568972	-0.1926231021623478	-2.590634531268229	2.7793085647654503
-0.11141957151595563	0.0706437756157125	-0.49799155916964005	0.5337417370360421
0.055434476552332315	0.031687994593346924	-2.4832599777735878	2.487998595719873
0.0665169799619059	-0.0700124667431449	-2.2358080421058157	2.242240763202683
0.02075570523855056	-0.3126673921855765	-5.023068069852844	5.034642403608349
0.8399786187932927	-2.0328017888366197	-1.4755092999372459	2.6485797867779044
-1.8435685259833154	-18.64877538877816	-64.38986303582696	67.06139001082254
-0.2689332545924084	-3.005038818950318	-14.220597462710895	14.537124048286977
4.681852392382809	2.2250088872549685	-8.362593571783002	9.838870749189182
1.6061216305501334	-1.8190411487995788	-2.104711404525844	3.212218468518023
1.0530815659500783	0.07610071674888412	-1.993150595719333	2.255531290150925
5.588535582664403	-5.748631230143669	-2.883358692141995	8.520108469171042
1.9309123072799401	-0.5361161576857196	-0.46243860890039945	2.082928788974452
0.05103898020149362	0.22511827500920734	0.34374581421153383	0.5294755896460969
0.10580595951909505	-0.18562119348762007	392.40587209205273	392.4059550799884
0.21044626185016455	-0.11318950503142844	1670.2319933967592	1670.2320163215018
0.20775614046790636	0.7586909831057345	-10.71796435785831	10.75185726272764
-0.31015308919314766	-0.15767070587247448	-16.297618013633613	16.301331476555564
-2.4942620700778164	2.718664494251401	-2.576908955647532	4.500326618394331
-6.487724531484924	10.226816319065522	-7.732129195622136	14.368860898419484
-2.5099756334718877	2.725476171537651	-2.572210095248581	4.510483656587266
-2.5099756334718877	2.725476171537651	-2.572210095248581	4.510483656587266
-6.537168634415527	10.248374797846036	-7.718697564611898	14.39937678671746
-6.537168634415527	10.248374797846036	-7.718697564611898	14.39937678671746
0.05103898020149362	0.22511827500920734	0.34374581421153383	0.5294755896460969
-0.01750008450345092	0.3559740990741172	-0.16712752781249224	0.8104203810431357
-3.3088157818969077	4.865578603587778	-3.2173813884189344	6.771558950320509
-3.594165364056828	4.875940954964681	-3.994092391807933	7.313541616540547
-10.534516956783726	15.69544311196866	-12.097639815465262	22.462328946292246
-0.042064344339048924	-0.13666441249993255	-1.5614519595695253	1.567985584357247
0.06282004957759948	-0.17600297968564393	-3.4616161102833187	3.4666568192511025
-1.1433760123196577	0.007425717409162758	-1.3763173767514658	1.78930527534434
1.580203622787014	-6.118336074528907	-14.179947719890576	15.5242390199707
-1.440417517657377	-14.570666820495001	-50.30910723912206	52.39642550228529
-0.22096122492397513	-2.703944670747053	-14.275103865896261	14.530613580558375
4.614934318450398	2.1573472320634344	-8.391271567950813	9.816578037707567
-0.0828514755173449	-0.40613605709721945	-0.4610846545874871	0.6200080020176671
2.1752334864915515	-1.3777655881032485	-2.5639639757092403	3.6337019697892687
0.5668211855260015	0.040961213149775855	-1.072813369948445	1.214039786862005
-0.08516989452831267	-0.4051581291902217	-0.4611168545789318	0.6197061998718847
-0.08516989452831267	-0.4051581291902217	-0.4611168545789318	0.6197061998718847
2.1618534869582104	-1.3720902717564911	-2.567665292098691	3.626175294324646
2.1618534869582104	-1.3720902717564911	-2.567665292098691	3.626175294324646
0.5620333294417446	0.042940494099599436	-1.0736243246702912	1.2125982599198424
0.5620333294417446	0.042940494099599436	-1.0736243246702912	1.2125982599198424
1.4838928950086077	-1.0179537958957945	-4.802787523637166	5.128833790603913
1.484584766600027	-1.0145941775420533	-4.795291653572022	5.121348974356324
0.7205691963197208	-1.0112170989307612	-3.018832643152119	3.26421974064486
2.105192544370629	1.1438238320678469	-4.608726043251738	5.19427803928774
2.103545638558073	1.1333036742815914	-4.610338503187865	5.192735558991369
2.0830330522494487	1.1417790127941283	-4.612971755308759	5.188660176394016
3.0655877698035296	2.612403979487118	-6.445785132853777	7.600699237920674
3.0680385025392822	2.6243043476786467	-6.47901393631856	7.6339671959813025
1.7268615284489615	1.477103436999508	-3.64674690348673	4.296818390405033
1.3292729045947147	1.137018541290181	-2.807128289593405	3.307528813534799
1.3282456414986126	1.1304565571277614	-2.8085917999563077	3.3061089532099563
1.315370609314779	1.1358046023106396	-2.810096271887936	3.304072183194194
3.3984036615642275	2.277583615104768	-7.4230680271966945	8.49273235958821
3.3984036615642275	2.277583615104768	-7.4230680271966945	8.49273235958821
0.7195136427971122	-1.0179597975872454	-3.017888106814331	3.2652091291257945
0.7064420927999359	-1.0125855117009668	-3.019321215909325	3.262007120443858
0.7064420927999359	-1.0125855117009668	-3.019321215909325	3.262007120443858
-0.3268660628955515	-2.8110263036880383	-14.268947650808052	14.546875175260123
-0.2614124092572907	-2.2481292552159275	-11.411646562267924	11.633920184443106
-0.2609407436678161	-2.2458389221673105	-11.387545557903222	11.609826715733046
-0.7887268568452742	-2.236985613377457	-7.7450975128772805	8.10016852745328
-0.05175888808888551	-4.780425068383575	-19.65679090747097	20.229794156069893
-0.05845983896385003	-4.823229617365731	-19.65177298582125	20.23509681174913
0.17210330935314075	-0.8097863203725592	-4.536195019491221	4.61112119647812
-0.8607946444575894	-5.80843384600047	-21.281495527096418	22.076705438835653
-0.9504731104441946	-5.771753084954702	-21.282392720585623	22.07162822993804
-0.7913888633611956	-2.2539900640036046	-7.742612865075538	8.102766288133482
-0.1611573672205749	-0.458999514996118	-1.5766953043084138	1.650036464568084
-0.16783987722819566	-0.45626313522644407	-1.5766301378030743	1.6498814697982347
-1.1183129876723903	-6.228016220181146	-22.8590228583887	23.721509699736274
-1.1183129876723903	-6.228016220181146	-22.8590228583887	23.721509699736274
0.1532391881343412	-0.8020903091886898	-4.536743479501972	4.6096499337453105
0.1532391881343412	-0.8020903091886898	-4.536743479501972	4.6096499337453105
-1.818016611447763	-14.952461725567824	-50.266645617818824	52.47491741509895
-1.813330649124427	-14.9297074381803	-50.107064463676465	52.315411127121386
-1.3740851226610122	-11.313264288779447	-37.96956272316364	39.6429785987424
-0.7945401213947033	-6.541692529186013	-21.95521986071966	22.922842630953365
-0.80207964105128	-6.58985371473471	-21.94820333034356	22.930179527476373
-0.5012679769590348	-3.1827464937075174	-9.127914879343766	9.679874734338117
-0.05339877800841358	-3.9516021263615473	-14.674042299249376	15.196892057085812
-0.5402907515052536	-3.1667411233383804	-9.12836991668937	9.677153547108986
-0.5402907515052536	-3.1667411233383804	-9.12836991668937	9.677153547108986
-0.11516522140559014	-3.9263436869623627	-14.67543126226659	15.192028189477606
-0.11516522140559014	-3.9263436869623627	-14.67543126226659	15.192028189477606
1.470995543189273	-6.228757654105977	-14.168059316624797	15.546547996293745
1.4739207021411873	-6.214553547701924	-14.10655023804295	15.485085652068063
-0.2336175825095771	-6.72464319114479	-15.605869226679278	16.997866264425163
1.2682927581873522	-3.106353505957818	-10.638182751875968	11.159651916021321
1.2646307194578523	-3.1297459944413664	-10.635129048710706	11.162861225019718
1.0172178333740178	-2.585251089106944	-8.781375200460893	9.216273961071925
0.9799343715381104	-2.5699796075860024	-8.78382618669299	9.210296902595662
0.9799343715381104	-2.5699796075860024	-8.78382618669299	9.210296902595662
0.3238380515825784	-1.4340054462438685	-5.263628197371372	5.466855063797912
-0.20434030194856692	-0.7738952662696508	-2.334302571846969	2.4716628257079045
0.5301145386358267	-4.483432156875997	-16.524084960378403	17.15547611965598
-0.45786248177610495	-4.626947898096148	-17.042077159884126	17.68985668173314
0.04341899260937593	-1.5602870564278308	-4.711143899465773	5.026357053537315
-0.16857991978790673	-4.021098578290515	-13.871270564072123	14.4650987579674
0.11761415961982333	0.1764128611804343	-2.171735504326789	2.36010113612878
0.9216546805599009	-0.4135795664758912	-4.726220619680587	4.960080505021903
2.9669560620057696	-0.013675861555351165	-3.555669595670245	4.632927927027993
0.12951019649530404	0.5333818063197785	-1.0143425666224917	1.4867785570391796
-0.05272482118832411	-0.08447152763497665	-0.4982723452368738	0.5269444569194951
2.8083355188967256	-1.5875376827916643	-1.906702998894784	3.964695325830067
1.992137304851703	-1.5319663429096981	-2.0362880715394156	3.3529066511524332
0.11919294901526517	0.10603204190573692	-0.10185817658327434	0.23247460408080067
3.203381309161365	-3.0792620571565834	-1.839768393949958	4.903618165863275
1.3497689265366342	-0.6528954072070534	-0.2766210935127405	1.5310609334941918
-0.23909501381933163	-6.759632102594768	-15.598715542510744	17.00525269333654
-0.3070061370335284	-6.7316830396263	-15.600900378945228	16.997258659794007
-0.3070061370335284	-6.7316830396263	-15.600900378945228	16.997258659794007
-1.1550144918913796	-0.004342086794690171	-1.3727272305583786	1.7940059586615966
-1.1541205366047405	-1.1821735655236781e-06	-1.3701941206804356	1.7914871312296512
-1.1546516994184433	-0.003394161035951382	-1.3700111518937388	1.7916926699666575
-1.0764945187931803	-0.0031644137820464047	-1.2772765124253063	1.6704148441928108
-1.082795606063924	-0.0005142015062809487	-1.2756977757692587	1.673275650936557
-1.082795606063924	-0.0005142015062809487	-1.2756977757692587	1.673275650936557
0.17347696165501097	0.08615228028058847	-10.51472608192919	10.54530760477507
-0.7025240348891334	0.37608972427810716	-6.721035138846524	6.813042133616114
0.4404144730677719	0.027114915222690994	-8.644064325057556	8.656371513679844
-0.5716958784573332	-0.33852086630350786	-1.2696282969527204	1.439308225221771
0.14812641860834616	-0.3889595003201832	-1.7584848736558818	1.9565765308351937
-0.5691974679365482	-0.62772660671952	-2.4350198964240506	2.6971384196593755
-0.4107991638708041	-5.2653269103374996	-12.549221913340485	13.615978622226399
0.1592847326052586	-0.022267979230676055	0.15727496336815833	0.2647313505095348
-0.17678481710870955	0.3782420783047934	-0.3244024911806506	0.5456890305336011
-1.7204332254819343	3.060783090544747	-2.265252876433741	4.180805423575482
-1.8737321385748937	1.815157864419934	-1.7288395153741924	3.132736192965066
-0.12251243114539008	-0.5291405663854167	-1.6293659083521226	1.7231691974324437
0.03586925711024884	-0.3053714202694731	-1.6797738929181865	1.7133763229811934
0.1300621666445172	-0.7257750697729409	-1.402004098195464	1.5898115331236782
-0.04721943083523404	-0.13230899900121815	-0.9327949191574578	0.9535835002615529
-0.12136048895267268	-3.888789579289297	-12.938475644914664	13.511515257705845
0.10369464751504559	0.3986110913317555	-1.2996964818141412	1.4500256098759152
0.013919512104777747	-0.22219823015132117	-0.8720390225126479	0.9100755262528649
0.8123981068321069	-0.32398699180065293	-3.7250500069828707	3.940018730191968
0.10925657372779395	-0.08959257467523826	-1.0011706126977162	1.020061774829935
2.5247398654857576	0.03455368961716924	-3.001785328527603	3.9225273108549277
0.4422161965200117	-0.048229551172520396	-0.5538842671426418	0.7104006161730648
0.5250750727262474	-0.16316732130859346	0.13586523849497772	0.5833237134497387
2.283260446170478	-1.4243703614830712	-2.042568237389762	3.381371612380328
1.6029094799686858	-1.5303495463399726	-1.8845770156869068	2.912455810465081
0.38922782488301766	-0.001616796569725909	-0.1517110558525092	0.440450840687353
0.05675907262676713	-0.011576841698099735	-0.07806849646550776	0.09721268296646525
0.06243387638849804	0.11760888360383664	-0.023789680117766568	0.1352619211143354
0.4135167292885948	-0.5631268726537217	-0.26257368127388137	0.7592974931500929
0.9600417805650228	-0.8103663865165923	-0.6445708118004593	1.418916916930488
1.829822799307748	-1.7057687979862701	-0.9326239008756176	2.7254037557826947
-0.12569230909217066	-0.03452690178313047	-1.4600975284829953	1.4725336128909978
0.2628587936358814	0.20546837381796645	-7.671029873901376	7.67955018925057
0.03631047711130034	-0.0847891917542475	-1.3835986795448214	1.3932238026335046
-0.2854694392368484	0.2741533572441148	-2.506976838698977	2.5418626081477216
-0.3839116134689848	-0.09560448373370976	-1.9710509235812248	2.015204672611879
-0.033142982183300196	0.19754085076770206	-2.2430073765663217	2.255974852856513
0.051017564683323136	0.030400977517604923	-2.018470309714967	2.0193438049379013
0.38939690838444874	-0.0032860622949139294	-6.625594015342588	6.637027708741942
-0.5667503105245301	-0.34955903487451	-1.2468620936918624	1.413528391659575
-0.00494556793280309	0.011038168571002125	-0.022766203260858167	0.02577983356219615
0.17525146176446182	-0.004108126502355522	-0.09460443397901519	0.24322774385836393
-0.02712504315611565	-0.3848513738178277	-1.6638804396768667	1.7133487869768298
-0.2925078181108564	-0.4025507703137905	-0.9178390096300659	1.0533357388956763
0.08926646545289922	0.0189477167296523	-0.31207027082475614	0.3538292761436757
-0.365956115278591	-0.2441235531353818	-1.2051106159692284	1.2899734046200235
-0.16958544630940017	0.36850256285376826	-0.26379069315035836	0.4838790057674546
-0.007199370799309393	0.009739515451025173	-0.06061179803029222	0.06181002476614648
0.04324559424460265	-0.05949870286309113	-0.09434128251058155	0.11962673049824847
0.08681657239991453	-0.6662763669098497	-1.3076628156848824	1.4701848026254296
-0.017444416957749516	-0.18916331134410075	-0.4934048920709714	0.5287111248699312
0.03136392906252726	-0.03303491880722043	-0.37863413044167643	0.3813644013829337
0.03949319113624497	-0.08485747138592238	-0.8285023396589645	0.8337725285810967
0.06976338259154896	-0.004735103289315883	-0.1726682730387517	0.18628924624883822
0.28083666945062663	-0.055053266615950586	-0.02764420633526765	0.28751399829767293
1.5205116209121954	-1.6201316369292584	-0.8869484268330884	2.392375364212479
0.02847450894492609	-0.030583894441061243	-0.0180312677072616	0.04551439327254281
-0.037759158898819624	-0.00013537674521423883	-0.15693692351431957	0.16141552084526709
0.07406963601011997	-0.08465381500903327	-1.2266617560305018	1.2318082817882376
0.01865314780208441	0.1873739684878278	-1.806707683871743	1.816493765183631
-0.051796129985384604	0.010166882279874258	-0.4362996926945786	0.4394810876728822
0.04517826582155217	-0.2510072996449105	-0.9679796953164356	1.0010147005526804
-0.07230330897766782	-0.13384407417291722	-0.6959007443604311	0.7123340864241494
-0.17659749232629546	-0.06237288318174421	-0.37184913458331476	0.4163518100629559
-0.18935862295229555	-0.1817506699536376	-0.8332614813859135	0.8736215945570676
