0.0	0.0	6499.999932280723	6500.0
-1.4281837857941777	2.0181506993145293	17.774912136102234	17.946034175196118
-0.5791053326087052	-1.4151191895104773	456.4152207005099	456.4177818757741
1.679140171722089	1.048877894455529	213.15671961250462	213.16591372102084
-1.3217661883135214	-0.16242935541893644	444.3577931042018	444.3597886190708
1.4910336538410482	-1.0610292268513621	11.220179118020551	11.368438055317018
0.15888148115330009	-0.42845082198933204	5356.51992441253	5356.5199994391705
0.0	0.0	-6499.999932280723	6500.0
1.345227605434701	0.031223698098585828	-474.6137757678271	474.61568322256613
0.504791125881879	-1.8728911245549564	-3.075868014689276	3.6364129700839145
-0.5797026054289605	-1.644132377644346	-1890.0317478501236	1890.0325518645902
-0.37017732646030593	1.0087136237494638	-2.6629016441270053	2.8715117262615757
-0.731598825479292	1.6707819171555034	-330.18849830395243	330.19353591685507
0.11732969544353171	0.412013263921747	-3151.7716082510615	3151.771731748452
-0.28586966939154396	0.39429099927397965	-647.1003492520921	647.1006166656308
5.551115123125783e-17	2.7755575615628914e-17	17.860319092562918	17.86031909256303
5.551115123125783e-17	0.0	456.29388612804337	456.2938861280433
-1.2065348720113889e-13	4.670708264598034e-13	213.16161529695697	213.16161529695697
1.1102230246251565e-16	0.0	444.30146040636953	444.30146040636953
-6.938893903907228e-18	0.0	11.296468380564477	11.296468380564363
0.15888148115330009	-0.42845082198933204	5356.51992441253	5356.5199994391705
-8.326672684688674e-17	0.0	-474.67084894467325	474.67084894467325
-3.3306690738754696e-16	5.551115123125783e-17	-3.354459238539505	3.3544592385395617
1.0658141036401503e-13	-4.476419235288631e-13	-1890.0358303004741	1890.0358303004732
2.7755575615628914e-17	0.0	-2.7671977446545952	2.7671977446546805
6.938893903907228e-18	1.3877787807814457e-17	-330.25465077078843	330.2546507707885
0.11732969544353171	0.412013263921747	-3151.7716082510615	3151.771731748452
-0.28586966939154396	0.39429099927397965	-647.1003492520921	647.1006166656308
-3.9968028886505635e-15	-1.0658141036401503e-14	8.387075830568232	8.387075830567987
-0.3958919569268867	0.12335226685485656	9.461820389725347	9.48409148578395
8.659739592076221e-15	1.4155343563970746e-15	302.74711303108336	302.74711303108336
0.6356671573343493	-0.09272760982851974	153.4384443442051	153.44014394516927
-7.049916206369744e-15	1.3211653993039363e-14	213.16161529695623	213.16161529695623
5.551115123125783e-17	0.0	415.89272430078313	415.89272430078313
-1.2212453270876722e-15	8.326672684688674e-16	9.718198619768685	9.718198619768799
-0.060625619122563965	-0.2159587876105999	1.5700259784123034	1.5859682331401608
-0.2611766193094365	1.0135462297846658	-1860.4720139625797	1860.4723376409438
-0.23870452475112808	0.9253720271760422	-1698.765520661511	1698.765821525031
-0.7597415228616269	-0.5523760125682653	-1698.7635537459753	1698.7638454953344
-0.7597415228616269	-0.5523760125682653	-1698.7635537459753	1698.7638454953344
-0.08076947133035257	-0.4211391210467327	-443.7439969826359	443.7442247056214
0.03605117268788165	0.31471112177273	-206.27081904489668	206.27110643963246
-0.6742130072400674	-0.26947654973362273	-368.6656890485377	368.6664304519848
0.37991094185612184	0.22776697030229748	-140.51597456397215	140.51674205433414
-0.18020484271919257	-0.69764197528993	-239.23573368510637	239.24071676099334
-0.3670945038769351	0.5498690760568454	-220.55086586227145	220.553689126679
0.1762587854432868	-0.20998426270915266	-20.14793344610073	20.16495996082573
0.01161202880210438	-0.23293468747269971	-16.55734095395888	16.577582919126424
-0.20167667959821103	0.3267078780414585	-9.751226623660155	9.759715763640191
-0.08427247854452925	0.1550539390521763	-13.320193369562842	13.332622945231057
0.3399342438108222	-0.5132028190207819	-8.07687578751228	8.101502002429443
-0.28358395226312133	0.2829659613100628	-6.819327118098543	6.895220266951267
0.23205355917779216	-0.053671768514331385	-2.1072423374803027	2.2328137263582066
-0.03312703145455648	0.017046894075648987	-2.127603247355125	2.4503743753800857
0.17019239755791588	0.3516624660572034	-0.11374087588732543	0.8602354770612527
-0.06967878726146472	-0.6129140733437826	5.1656598442118264	5.204111837883546
-0.12306096999031493	0.18806735240214004	3.542133423251533	3.6065001962486063
0.03791188094230444	0.04035360026406343	29.35244209774625	29.367528234603213
0.09946114266066836	-0.19391979854751926	20.52132260636512	20.543917092769345
0.17904678333052793	0.38580962443720596	80.6043140809466	80.61089694247123
-0.19470865535207127	-0.2584908794631822	89.01052381766553	89.01607085844297
-0.1572541453807888	-0.1625289788706872	308.6699398315324	308.6711371949363
-0.06485815171181188	-0.113326218748594	846.8019197644236	846.8022925473955
0.3819673855841195	0.30975958092077976	313.9988828070983	313.99929893866386
-0.22860969452341098	-0.6273543552258904	1988.9456750627633	1988.9460084520506
0.09785200768495649	0.2359841887366972	1669.1481202775858	1669.1481456627919
-1.2147306424907142e-13	4.88498130835066e-15	-474.67084894467337	474.6708489446735
-8.770761894538737e-15	-1.4155343563970746e-15	-3.354459238539505	3.3544592385395617
1.2434497875801753e-14	-2.1316282072803006e-14	-29.562347242459737	29.56234724246019
0.0	0.0	-2.7671977446546627	2.7671977446546703
1.27675647831893e-15	-8.604228440844963e-16	-330.25465077078786	330.25465077078786
8.326672684688674e-16	2.4424906541753444e-15	-472.2990398328044	472.2990398328044
1.0269562977782698e-15	-2.0872192862952943e-14	-359.7910067645678	359.7910067645678
-0.7283282479345327	-2.1229361565632496	-111.86030790712806	111.88282176026433
-0.2722645744860631	-0.7914705278104424	-79.33370638562212	79.33812149575394
-0.49784431423354253	-2.1847347515367916	-40.963584055281345	41.02482338231192
-0.27216037210221455	-0.7915029952552451	-79.33038433001781	79.33479959140236
-0.047581558861109485	-0.7860444905222694	-79.28743570168778	79.29134624973337
-0.047581558861109485	-0.7860444905222694	-79.28743570168778	79.29134624973337
-0.6054319005945761	1.1742066786696892	-28.024197560959465	28.055319603352018
-0.3577070060630305	0.21286246056881392	-28.039453764413437	28.042543253707155
-1.101320634235426	-0.36924554243038266	-26.398317136427863	26.42386037363614
0.7297571161251682	0.5688656345790076	-1.4992870190887215	1.7618215358963698
-1.5739883232368395	-0.4169469534762714	-53.56137892431923	53.58612316895301
0.45019559444054913	0.13587561365572093	-134.54343151671654	134.5442533241351
-1.1824500247008674	0.21383674645484058	-38.37316538474329	38.39197488876953
-0.37133754703164656	-0.6166083466695422	-15.21013496345402	15.227156761309857
-0.3759369651102583	-0.629802746803207	-15.206797542407704	15.22447606971728
-0.2834249795611069	-1.2437791988333287	-23.32075036649743	23.35561418740641
-0.2826021477085976	-1.2440355773034426	-23.322418038056732	23.357283053329645
-0.2179847454928726	-1.240541832307764	-23.26115719341925	23.295233318512473
-0.5939217106031309	-1.870344579110971	-38.46795473582696	38.51970938822976
-0.5939217106031309	-1.870344579110971	-38.46795473582696	38.51970938822976
0.23468121269155315	-5.023443124168823	-66.84095597097328	67.0298698432791
0.3701791853780195	-4.6284927070006345	-66.97343816518743	67.13420437477639
-0.26566362882162586	-5.425540806952246	-53.64684107544011	53.92115194972294
-0.026550096412324864	0.603378695266825	-15.160246951610985	15.172272683792349
-0.22388298803650963	-4.572271684167934	-45.20985854165751	45.44102883191421
-0.1752589878252609	-3.5792434005687976	-35.39096077474839	35.571924372925174
-0.7419200242001996	-3.798761575524158	-45.66280046134976	45.82654668206009
0.35224170170244873	-0.7214373777485708	-7.370994002188727	7.414586885776792
0.35327055087112236	-0.7217579472246287	-7.384371462715905	7.427965839707918
0.37238028695695596	-0.718802039066625	-7.328209866613655	7.37278802751132
0.37238028695695596	-0.718802039066625	-7.328209866613655	7.37278802751132
-0.4196363179587719	0.539238740388704	-16.761042751155394	16.774964296967813
0.15305068906955477	-0.9284277453361303	-19.14992355906558	19.173027275571
-0.6213110072395769	0.4746382021256883	-7.430016958999076	7.471041480385992
0.008585137579031593	-0.10184446337018263	-0.08998678516641334	0.13617496396547013
-0.5421820062754383	0.04439594065449687	-18.31495004098594	18.323027242551554
0.2958864262449541	-0.010575940758498659	-1.9345440457171605	1.9570695676389853
-0.5834440130414608	-1.6075715816126692	-16.382078616838356	16.471101757764572
-0.5813429502762592	-1.6082262320807004	-16.37959321029113	16.468619400969946
-0.5385052218542379	-1.6021358624680069	-16.31109918084475	16.398438452582152
-0.445777299824642	-2.2824585165230684	-27.43616458395944	27.53455032062078
-0.4434552675330897	-2.28318201681617	-27.441514796771116	27.53990390392864
-0.3697347434899545	-2.2758339266545677	-27.327896413125945	27.424989447742696
-0.9082399653441924	-3.8779697891225746	-43.63899559397069	43.823427900324845
-0.9082399653441924	-3.8779697891225746	-43.63899559397069	43.823427900324845
0.2964180580755576	-0.010741586941225368	-1.9415447230419114	1.9640710166425197
0.3010166838299121	-0.009333418869298296	-1.928485699497896	1.9518594339295101
0.3010166838299121	-0.009333418869298296	-1.928485699497896	1.9518594339295101
-0.45815864548792806	0.29643646995069123	-9.386026778832557	9.401876547695892
-0.4581092072078576	0.2966125775299638	-9.387628650415566	9.403478863962052
-0.4777682330698628	0.34319395631824123	-9.340379760943343	9.358885545556392
-0.4777682330698628	0.34319395631824123	-9.340379760943343	9.358885545556392
1.2628786905111156e-15	4.413136522884997e-15	-320.59138685709763	320.59138685709763
0.0	0.0	-317.54297811222705	317.5429781122271
-0.13626763396726216	-0.4924517487285463	-1.9028622071605314	1.9702695684430314
-1.2628786905111156e-15	-4.551914400963142e-15	9.718198619768827	9.718198619768714
0.0	0.0	9.718198619768735	9.718198619768765
1.5543737501452513	-0.40134276068652885	-317.4746377550017	317.47869656314936
-1.5543737501452513	0.40134276068652885	9.649858262543432	9.782480168846442
1.5505635503381907	-0.40035895861885357	-316.6964196440688	316.70046850295546
1.592452206820121	-0.4198646779995624	-123.37189337263897	123.38288481279984
-0.03358934755467033	0.02432413909333042	-193.32768117954652	193.32768562771446
-0.03299144898984868	0.02389116349503201	-189.88640138310916	189.88640575209865
0.048494751997928555	0.3183706448318645	-190.55113448158878	190.55140661729368
0.95522439037335	0.25724728389149276	-221.57497097166515	221.57717930981815
-0.2759103170905589	-0.026490912827051245	-16.44058735592187	16.442923732695405
-0.2524133275941384	-0.041693866409580296	-16.4545730556649	16.456561770632913
-0.25240712443443203	-0.041671769697514655	-16.45286094351837	16.45484971428206
-0.28869431299694925	0.04141073985116195	-16.43469816067725	16.437285751860045
-0.5419913737356294	0.04433654324692066	-18.30120258945469	18.309280067728878
-0.4903695239068345	0.045984277413527286	-18.323962424621353	18.330580344404847
-0.7790638369037838	0.08739501726468923	-34.7586605852986	34.767866096264896
-0.8608008214480498	-0.17476357817823884	-23.50009849510576	23.516508023984684
-0.867945253367061	-0.19517021206943236	-23.49601951854835	23.512855071014396
-1.6470090902708447	-0.10777519480474312	-58.25468010384695	58.280721167279296
-1.6470090902708447	-0.10777519480474312	-58.25468010384695	58.280721167279296
0.06533655052638304	-0.39634102049475795	-8.175003691912394	8.184866549440057
0.06556932688648742	-0.39641354910057247	-8.179182770967575	8.189045966376773
0.08830851420422037	-0.39531785989739016	-8.153126487325942	8.163182352634953
0.08830851420422037	-0.39531785989739016	-8.153126487325942	8.163182352634953
8.881784197001252e-16	-1.3322676295501878e-15	-1.5204305779896572	1.5204305779898277
6.938893903907228e-17	2.220446049250313e-16	-0.32168236710678855	0.32168236710681697
-0.9093855628580976	1.0429761236727797	-0.7956103830479719	1.5961757979934532
-0.433183730835501	0.11940508123755295	-1.155442207318833	1.2397388485241074
-0.4226032906954021	0.07834564321506038	-1.159082014135654	1.2362049573635763
-0.4099198255240255	0.07599427904225853	-1.1242948350466002	1.1991031106277994
-0.4099811053758044	0.07516873953140864	-1.1228358104277845	1.1977040967396453
-0.5498234505025441	-0.08281637286846043	-0.7461712604193933	0.9305567839812237
-0.5454717105620375	-0.08417229075724805	-0.7338285969207446	0.9182204371573675
-0.5504525359538591	-0.07371345552162889	-0.7520002000928003	0.9348454250851237
-0.9604336413296635	0.0014552840097797476	-1.8748360105205848	2.132549521824769
-0.9604336413296635	0.0014552840097797476	-1.8748360105205848	2.132549521824769
3.3306690738754696e-16	-1.7763568394002505e-15	-288.7871905777761	288.78719057777596
0.0	0.0	-146.2120178312444	146.2120178312444
-0.8000579244063757	13.617752799524354	-129.86783715764972	130.5823051259135
-1.9984014443252818e-15	-5.329070518200751e-15	8.356926390515696	8.356926390515575
-9.992007221626409e-16	-2.6645352591003757e-15	8.353340074277781	8.353340074277725
-1.0130785099704553e-15	2.1316282072803006e-14	8.353340074277696	8.353340074277725
-3.3306690738754696e-16	5.329070518200751e-15	8.353340074277796	8.353340074277696
0.0	0.0	8.353340074277721	8.353340074277721
12.614145205940451	19.699211358304737	-11.520000405726453	26.079417109353702
-12.614145205940451	-19.699211358304737	-126.33867735124026	128.48594079616845
-11.916957457263145	-31.566015156778313	-136.11469003236235	140.2342184722481
-13.094880433535034	-4.675097285027218	-35.46182108917466	38.09032926024242
2.7551954345505774	-24.664621216797137	-102.44321096084842	105.40657528645707
-13.124766294825378	-4.035378737952147	-36.03027695585655	38.55806827848395
-13.04927135779321	-3.815325579341906	-36.123264967482044	38.5970266232598
-12.386878447181235	-3.621656174657119	-34.28961510561838	36.637806364520884
-8.30951709727542	-1.2923349466499916	-20.75096916968596	22.392628820339574
-4.019721367174767	-2.7107404530430967	-15.493390877825682	16.23762096387823
-7.366607425226446	-1.1453786189034119	-18.404002109722235	19.859380423182966
-7.332258590172102	-1.156081050699871	-18.2383333287312	19.69376150050688
-7.336022985054522	-1.0727833389260324	-18.47781443195441	19.91247406806267
-7.336022985054522	-1.0727833389260324	-18.47781443195441	19.91247406806267
-3.854923879717167	-0.9967521071171486	-9.375185234888264	10.217465823453082
-3.3358330593240395	-0.3551371947442932	-9.311938375377139	9.94623164743198
-0.9697864626741218	0.3925125164309853	-3.436142018879846	3.5945936651522428
-0.3650233308015234	-0.32043149062760246	-15.565633437706031	15.601527312226432
-0.7997931572281151	0.038602763151645826	-16.452869385593917	16.49911700885794
-0.0580482610598087	-0.07092758807682142	-0.336947418083577	0.3743707872092301
-0.4851825002540957	-0.97689340362209	-30.779858861509805	30.799474896748755
-0.008586373738496411	-0.022679224599286618	-15.765121491843015	15.774656362282922
-0.730711479400709	-0.20138618969986483	-13.465384156823024	13.487421767678592
0.2277722802302214	-0.6450954358358396	-4.962411887678505	5.011165500794248
-0.18473651874759678	-1.6517994188788645	-32.72722265874349	32.78283121466846
-0.30654557669265875	-2.00296217766778	-21.12864108779117	21.246309149717156
-0.37919917234129186	-0.5091781494564235	-20.954007117072678	20.964087112188327
-0.027458529945481785	-0.220134372768421	-14.096582033120159	14.099018331583475
0.4045594593299535	-0.34094080704656843	-42.76309805331066	42.76659846062117
0.07763681966351682	-0.21479158433496845	-37.6275228968597	37.6322293320594
0.1949953962244016	-0.09095361356736159	-25.857239058741598	25.858510925615608
-0.33015883050812245	-0.11693827063461629	-62.05248603833633	62.05546969174053
-0.3460008834240303	0.12576085472067725	-334.64436721076805	334.645715786915
0.2822342950394606	-0.3103981137255422	-1943.3345108474116	1943.33521122604
-0.09715223872902853	0.4088148020299851	-763.8863573727125	763.8866694005554
-4.440892098500626e-16	2.220446049250313e-16	-0.32168236710680276	0.32168236710681697
0.0	0.0	-0.20063445909728195	0.200634459097272
-1.9313112687053247	-1.072389304419436	17.042987465957907	17.18555800088143
-8.881784197001252e-16	9.992007221626409e-16	213.1616152969566	213.16161529695657
-5.551115123125783e-17	-6.661338147750939e-16	213.16161529695802	213.16161529695805
2.220446049250313e-16	-1.1102230246251565e-16	110.63238814495722	110.63238814495722
0.24026954362939745	1.5832590735169463	98.19667988557421	98.2097366827618
0.0	0.0	110.63238814495769	110.6323881449577
-2.903586748234882	2.617132397940546	24.281771025239976	24.594401845034955
2.903586748234882	-2.617132397940546	86.14998266062044	86.23862075902002
-1.5050387899975919	1.7731233217504139	22.42472782668238	22.545011114974315
2.9799744378163675	-3.102548685442591	75.6726088836669	75.79478736203436
3.5680206615957673	-2.7760272742627308	66.93856576525889	67.09104773052002
2.1676403844988346	-1.68648934489943	40.666451289076335	40.75908698184723
3.72464626835997	0.07532128991576015	53.5043271722579	53.63386699909991
-0.8271213653540743	-0.08172163713481975	15.453643069527779	15.47597791092263
3.60830581214067	-0.691305558181245	55.60316852967708	55.72441228714993
3.7796818866581248	-0.8878571213363671	61.557143693413295	61.679463560600695
3.80403562919126	-0.9350900588557209	62.57506521704263	62.69755870369448
3.80457673024908	-0.9371899058425461	62.60514426931792	62.72764317267011
3.131506118274126	-0.7713909147452064	51.52961977553359	51.63044730314858
2.4352017527452414	0.10224826519954	34.294237145284214	34.38074117382145
0.6576895382795105	-0.7652481077817832	17.686721396234706	17.71548119423383
2.705672453479169	0.27116393332535077	34.2831877070635	34.39085856244365
2.705672453479169	0.27116393332535077	34.2831877070635	34.39085856244365
-0.9261141347804198	2.094579846330099	17.394521951581794	17.544638669615154
-0.4876950156810286	-1.209254066530953	6.3794469571282315	6.511335139935163
0.9619611579975171	2.2142959834977582	37.28718947063534	37.365264278352015
0.23207663949039029	0.5342069858173801	8.995670517924374	9.01450635017509
0.212519541205966	0.4053352493386272	9.351614948335587	9.36280745084942
0.2283399610348127	0.3871907781463335	8.9413366183334	8.952628460895099
0.23058815368573304	0.38283051430319226	8.825810253976123	8.837118124054092
0.23063810491683856	0.3826366689195818	8.81987742541103	8.831185795526556
0.3001569967272767	0.4260569937722204	8.817623144172648	8.833011756885032
3.3306690738754696e-16	4.163336342344337e-17	-2.9611407796317053	2.961140779631677
-7.105427357601002e-15	-7.327471962526033e-15	-2.9611407796316485	2.9611407796316485
0.0	0.0	-2.6797028310517526	2.6797028310517588
-1.9370189137905232	-1.8744058514453845	11.477589483771329	11.789847324129905
-2.220446049250313e-16	-1.3877787807814457e-17	302.74711303108495	302.74711303108495
7.771561172376096e-15	7.438494264988549e-15	274.91297653789366	274.91297653789366
-1.6113550181542602	-0.15955083814306875	25.145736228952803	25.197816809409353
0.0	0.0	274.9129765378932	274.9129765378932
3.9119664111763806	0.9419984759708546	-1.145998217598489	4.183796630531015
-3.9119664111763806	-0.9419984759708546	273.3792719244399	273.4088827384139
5.838283260160354	2.8060482009204533	0.9709488302121707	6.549977065810822
6.028026029579193	1.0678847050222355	0.7608399699795854	6.168983142822086
-0.31721749615974987	1.7077218638075842	8.689439916229247	8.861337763664944
-0.2657820673139436	1.7128148232672546	8.77560299939977	8.945142968627405
-0.30853462063421455	1.7059597523835703	8.728320498454066	8.898824136514682
-0.36858027092082724	1.6104896302914231	3.9469354581507607	4.278764748872743
0.2046821697330754	0.12174909003237777	4.762341146848893	4.768292234175711
0.18493877216378918	0.11000531825517362	4.3029714091456475	4.308348461698375
0.17589833381180692	0.11132408741055483	4.304673325901304	4.3097036695116
0.08912739246781606	0.05640772948070366	2.181170797068678	2.1837196637889424
0.08655816734333358	0.04895982841820312	2.1729683296344167	2.1752426859379983
0.38671516407061024	0.4750168221904235	10.990591473807065	11.00825444282303
0.25872511358551264	1.5620923433650944	95.15515835012768	95.16833103407325
0.26134777955676114	1.5570058061404524	94.47061338467948	94.48380476578734
0.2614060509837618	1.5567796726324188	94.44090213370926	94.45409409814413
0.8787286919739538	0.15033092632866007	37.55287727704766	37.56345771207054
-0.6436169957102057	1.2490097163683704	57.76081198963132	57.77789949288818
0.1576528822902822	0.3577501597665831	5.355982485715176	5.370231651930403
0.4787539056588581	0.26283312880973153	53.94384994106781	53.946614657643025
0.19989685452688022	0.3841323372818132	5.354178437779062	5.371661116319008
0.5866120185974905	0.8591491594722367	16.344769911586127	16.379915559142038
0.5866120185974905	0.8591491594722367	16.344769911586127	16.379915559142038
0.9036958584167614	0.5282716518149451	53.93989095352236	53.95004701777855
0.9036958584167614	0.5282716518149451	53.93989095352236	53.95004701777855
-0.5585816695909486	1.0839892938729112	50.12939529742533	50.14422518253086
-0.31625976556615026	0.6137369316251977	28.38244014768583	28.390836585023788
-0.09265118986172244	0.7534114442105194	28.38130542447319	28.39145488777358
-1.6244880734630627	-0.1616566310856975	25.415459117618244	25.4678357252147
-2.1265443784980276	-1.3130986400451252	31.302745922680174	31.402361715834047
-0.7426792896415336	-0.052251388258265696	1.8509450109788963	1.9950689633456373
-2.192374201157354	-1.3034957495383501	31.311828163035173	31.415540560658933
-2.0657205698108734	-1.6113417804357755	34.2291471802332	34.329260704127954
-0.06078784271486179	0.2993350226074982	12.602652598286003	12.606353522357935
-0.0764084545247129	0.25948151144744	12.518457849871265	12.52137994973834
-0.16905964438643534	1.0128929556579593	40.89976327434445	40.91283483751192
-0.16905964438643534	1.0128929556579593	40.89976327434445	40.91283483751192
-1.0283605139613026	-3.198756396884389	332.9099442106302	332.9268996674168
-0.677371666114673	-1.1317743374633062	334.9916259652179	334.99422265517546
-1.726082558132759	-0.4637815393710851	329.74077864376943	329.7456224954519
1.0756849069209522	-0.5840112942804044	5.205448985450483	5.347416792335536
-1.9039990357077772	0.3706118250144001	292.5577284949788	292.56415889099355
0.2016928356761675	-0.8359474649356529	37.20192051277889	37.211858029440215
-2.1855151727965523	0.2904895517246854	249.35462721164816	249.36437390415304
0.24809049056829452	-0.16712700528844998	50.61114714086129	50.61203113135571
-1.6027471617249072	0.28292247545628596	229.03861854249953	229.0444009956326
0.16017704196295268	-0.22533393132805343	14.467115411430726	14.469756749615257
-1.3160305415853122	-0.2153268073152702	205.2625548701078	205.26715186269905
-0.3155150679151151	0.2852273616518507	30.158594571651157	30.163398862580834
-1.9271406391042536	-0.28949369056278584	205.33539057273637	205.34490302731461
-1.9271406391042536	-0.28949369056278584	205.33539057273637	205.34490302731461
-1.302388606473099	0.24155986420993666	85.18869817269578	85.20303084898988
0.3166033120018736	-0.0016231255950816814	21.013759088675926	21.016577526538846
-0.583550672671217	-0.09992478095719037	126.24849655633724	126.25206318485928
0.8610081359016762	0.8128214690032295	29.51229028835988	29.546743760003107
0.8061670552816523	-0.03555777610930693	32.202500026782914	32.22656443403619
0.1577005010922932	0.4118075847283569	3.27475680974148	3.307259724111904
-0.11219762724862095	0.14547123263286096	6.264751622504773	6.268898043449115
0.35895570026132695	0.2928896179153574	19.596150700472545	19.61726405720935
-0.09813759649365782	-0.14776522190677444	4.843468863503465	4.848725189704841
0.36156816791092766	0.43146144620221405	5.4155810598058585	5.497074564778861
1.2232340194906786	-0.08002932580937992	11.063492563020338	11.13207319578592
-0.42690428705953687	0.20381821474506556	2.366346441873926	2.4172017712307494
0.6464673765281119	0.18528110560544592	3.05633841747973	3.1323590598097186
-0.0323550640479337	0.1420165228526991	-0.2176695990481883	0.29677496892850697
-0.07448199360332503	-0.16057333980217697	-1.017301470194781	1.6775005841425292
0.10694480525051724	-0.12330267981221076	-0.9435174977650245	0.967649624454904
-0.28967255928695373	0.09589433136890556	-0.31855332545664305	0.4626682617729783
-0.06265460540094585	-0.174355321609477	-1.1473661971341453	1.1705786402363416
0.18814497177548828	0.5200930987376298	-2.521156931029962	2.5848805422184067
-0.11664906642995038	-0.4354861749375386	-4.509913356490996	4.6866794072047
-0.010495962626437	0.6542691564231329	-10.984505207904933	11.068068212369704
-0.03836312217108499	-0.3987188246492413	-44.441452316535866	44.44895031327701
0.21302263663162002	-0.20047220759810372	-118.31679778054863	118.32001782063409
-0.09462608177905714	0.5324891246004944	-119.85726890000443	119.86035969475577
-0.036711698751419705	-0.12935212924410433	-28.539334301641784	28.53999232459484
-0.1467173604717385	0.09356314798694353	-313.5291405603376	313.529219914724
-1.1532951455817975	1.1937533860411733	9.393168425034412	9.551793020191038
0.5698013687027188	-0.08421660153860278	137.91847272872235	137.9200702793436
0.0	0.0	333.95137089416346	333.95137089416346
-0.3520778640732995	-2.073395303080417	79.84656865344216	79.87426026345446
0.14761698947551122	-0.36409976133140753	1.5527492456497558	1.6016833743437695
0.00983015845983307	-0.05391691326162595	-26.725124259643735	26.725180455124153
-0.09059962979018564	-0.3672222077851068	-417.01887272299217	417.01904425049725
0.06974453516040224	0.1759037459921036	-143.56749973941373	143.56762444177528
-0.03369336247252059	0.13880737578062635	-62.703319305482935	62.703481997857175
-0.6987253798824447	-0.08394393159832436	-126.98274457236117	126.98477138088086
0.5185205371632521	-0.6136980436916057	-112.2529891127452	112.2559453801125
-0.4953519915155594	-0.013639127504319837	-115.42394404357465	115.42509215062583
0.12825748763862427	0.5635082035611653	-105.12692181869681	105.12859697605319
0.03917828680785529	-0.429617782302098	-7.523470835615709	7.537121438340208
0.13708049863543148	0.2196335195929454	-12.624462610485018	12.627838522485519
-0.10288380074613603	0.0724084977654076	-2.42309912367702	2.430373883802442
0.21485842339718347	-0.0004177649863121857	-6.4223315517859	6.4274401329453905
-0.10036259384894305	-0.30492542025179514	-7.711910278495965	7.719768902378595
-0.18149661622837177	0.23162406442475494	-5.97882191009648	5.986058984137455
-0.02018006336983926	0.09508381361670357	-3.7724047135636756	3.7736567795027365
-0.04362825068433206	-0.014287207571538257	-3.5498885529369715	3.552927816847806
0.08266519336546607	0.06067209922683946	-6.596005223621524	6.598278512821447
-0.12330942122566327	0.10866904739687511	-3.174299593004348	3.1814166155618047
0.1101331697286401	-0.1092279924222169	-0.12871822571035935	0.24516981040309271
0.12192038944915205	0.05555622390788551	-1.9785241117699433	1.9876439159551138
-0.0589134296734163	0.22063279083028248	-1.6647663375542323	1.925198266189531
0.025786398218859825	-0.20358589675463348	-0.4628369098008926	0.5251761091905548
0.14630709837357123	-0.14833130207612666	0.13423790791667214	0.28444251270149107
0.02388529918434465	0.4999937681333301	-0.24797878380399757	0.5757929643597616
-0.09591494895415362	-0.38622753769748114	2.9473706782255014	2.9741158859688355
0.0262361616926889	-0.22668653564630142	2.218289165986325	2.2299959519147103
0.13934875525282184	0.26045352219624557	1.1711591710186358	1.2158732259475098
-0.2624097252431368	-0.07238616979410548	2.3709742522328985	2.3906269703010974
0.25331384880802765	-0.2871173690327936	158.36753522249265	158.3680595843807
-0.41056799418881645	0.12458839016210642	150.30240460903968	150.30307761055553
-0.11637544843052706	-0.09922995923943974	59.64069253274148	59.64105193069378
0.051517296718715196	-0.014096259509154246	787.1612272316821	787.1612406167018
1.4934098389513821	0.2394577518613357	1.142563396969674	1.8955379389762044
1.0283605139613026	3.198756396884389	-1.7257710611213923	3.7916689714013776
1.1155218305299104	0.7827885024658534	-1.2105404537626052	1.8227876958596418
-0.4647531949043378	-0.2894104477453934	0.5198613316688939	0.7549898963579142
0.3537160348582981	0.10675667174325067	-105.70998405984156	105.71062974910438
-0.2251696436702607	0.41771926654540387	-43.70651434644042	43.70909043974349
-0.13350007862913674	-0.4942424043080201	-1.9043857091721006	1.9719996842061311
-2.412855532439514	-0.10027124095725543	9.199432742036464	9.511124482280678
0.8622919821013227	0.5006301995761091	-0.32779259042587405	1.0495837467596125
1.6453973073437465	-0.22852865358651636	-123.80380966657178	123.81495404676022
0.5629323996438839	-0.3846649996629362	-118.35142197362043	118.35384591649947
0.3785048896064761	0.6450511658156799	-103.2289313433838	103.23216806429585
-0.905884562898384	15.8830133774356	-131.580546171579	132.53879006389093
12.717015381669519	17.94826235725398	-14.451323313486117	26.324007053891805
2.6707414811106633	-22.8568513197061	-104.13275229610929	106.64519967196344
-4.002156562043438	-2.716213306158456	-15.418127898275674	16.162383480144452
-0.9498845430830962	0.060678881312166755	-1.9966682227708203	2.2163317325139453
-2.905039336634071	-1.0574309884293154	-7.378517012117444	8.001134090939138
-1.0002440444035652	0.2356440587277902	-2.1166958486390532	2.357095112914265
-2.3355890149204743	-0.5907812534720833	-7.195242526738085	7.5891365345177135
0.019963542834487966	-0.010333445533658267	-0.22061714757177853	0.2217594393522216
-0.07801180389429667	-0.060594142543163164	-0.11633027051179845	0.15261134785700853
-0.435439456442195	-0.8353404890086308	-25.205475551602017	25.22307275165361
-0.04974304381190072	-0.1415529146134592	-5.57438330990779	5.576402145095146
-0.2139151780433997	0.09662083834676698	-3.8379052538409733	3.84507633568702
0.2053288043049033	-0.1193000629460536	-11.92721623800204	11.929580026595902
0.18899205100733862	-0.543166805655515	-3.7479854038842086	3.79185215453333
0.03878022922288272	-0.10192863018032448	-1.2144264837942964	1.2193133462609174
0.1399788669830928	-0.281715816969215	-33.070171041787766	33.07196169571334
-0.06234204731957598	0.06692423263424661	-4.5573518550719285	4.560267636346055
-0.33015883050812245	-0.11693827063461629	-62.05248603833633	62.05546969174053
-0.35871534684643236	0.32816451040947325	-265.0964585947739	265.09737143896524
0.012714463422402067	-0.20240365568879598	-69.54790861599423	69.54834434794981
0.5965915218845277	-0.5016983508727995	-1627.5451029182464	1627.54556004016
-0.31435722684506706	0.19130023714725716	-315.7894079291654	315.7896511858804
-0.06252896169999939	0.29040379634472824	-265.16324568489415	265.1634488125548
-0.012482359842539974	0.12596378210993306	-326.8172820004479	326.8173363159133
-0.02214091718648918	-0.00755277642467625	-171.90582968737053	171.9058842720873
-1.9684797558740186	-1.3173115016726278	17.70461761922989	17.862354469242277
-1.4749356478187734	1.3294253636921756	12.334416975512012	12.493224127047172
-0.8607075784070999	-0.30303839563042534	16.056571602229397	16.082479330696014
0.5437651710378573	-0.6326925456392397	14.623044043366203	14.646822096030563
-0.5016930066103631	-1.3014939976312567	6.624798582477622	6.770047175400477
-1.8688298789691147	-1.8676540074784447	11.5978133449363	11.894954013873328
-3.901264346369814	-0.9316423494750552	259.5032974442793	259.53429292758443
6.048335011331086	1.0698956306245018	0.8024981855753228	6.1944359232761865
-0.3772158734462035	1.6117493442350617	3.9478164648526124	4.280803967011721
-0.7467169578221646	-0.051662395551389594	1.8508796995912113	1.9964996570428322
-1.768084685136833	-1.3791743017645506	29.297297901334844	29.3829867360012
2.4854055582781807	-0.16245423832792882	1.9725690267003706	3.1772095829152396
-1.1651985232096251	0.34394031600264263	2.818764503373094	3.06943249884047
-0.1569154130809256	-1.1607022367659323	34.77678659532222	34.79650468115841
0.5290464088697442	0.3136143760945053	2.560404008281935	2.6332323796538195
-0.4948545624645146	0.06577400230788906	56.460040398302276	56.46224728998391
0.11710246604174657	-0.23012964741999475	14.417413265071731	14.419725305914728
-0.40576886949652824	0.2750629976580532	30.235177282522795	30.240951594381087
-0.1589942406204761	-0.0888374990969781	11.089803553443131	11.092177149173924
-0.30312828657027946	0.2635722507094771	15.848106308384471	15.853810596705726
-0.8402660792823438	0.06682511259743777	58.2507883108682	58.25704310311025
-0.0070732062725902475	-0.00666067951818325	2.2876544500061686	2.2876750812848505
0.32367651827446386	0.005037553923101568	18.726104638669756	18.728902445253993
-0.3029087887510007	-0.3484274179345458	45.06010096812155	45.06268228192903
-0.2806418839202164	0.24850263697735536	81.18839558821571	81.18938090293028
0.3934681847659673	0.03650178171742549	6.350760618216656	6.3645730263139555
0.3245831383295509	0.5868516818364089	14.243659613781318	14.260121601456527
0.14295681280615813	0.18946800544939518	8.917870056361902	8.922049132232624
0.6949942714685513	0.24595053852433377	13.292055305754939	13.313216093075425
0.11117278381310086	-0.2815083146336407	18.91044472102797	18.913348340960763
-0.12873223708542234	0.07389876132586741	3.4562837461568177	3.4594696630752995
0.01653460983680141	0.07157247130699353	2.808467876347954	2.8094283803738143
0.09768697207520952	0.14005668046054737	11.475047532352113	11.477166648301976
0.045251776274599795	-0.11061048950799018	3.2816400149524565	3.2867800924738426
0.2160169519115177	0.2634434269628002	4.839463153167979	4.853317316433534
-0.11273919678844528	-0.07624402186594233	0.634919354378412	0.6641729058212912
0.474307364699373	0.5077054680681564	4.7806617054274465	4.832901658957571
0.10141486509482636	0.06393512984491664	0.3829835896499713	0.4013092394048086
0.5450525114332856	0.12134597576052927	2.6733548278297588	2.73104982040491
0.03781905011365328	0.560849838475212	-0.33843112161826056	0.6708190746013148
-0.11230104371697831	-0.7214231782773889	-0.6788703485765203	1.0066815095412145
-0.10011030979889911	-0.43906077069612276	-4.012945378776569	4.189423457939832
-0.016538756631051248	0.0035745957585842023	-0.49696797771442586	0.49725594926486755
0.1284870419760442	0.4250409125563342	-9.15131267179018	9.2101294290075
-0.1389830046024812	0.22922824386679858	-1.833192536114751	1.8579387833622028
0.24884337401418583	-0.36126162646220134	-19.408229799280257	19.413688385108973
-0.28720649618527083	-0.03745719818703991	-25.033222517255606	25.035261928168037
0.4872805364640759	-0.2127638189461095	-86.59893675287807	86.60068150585045
-0.27425789983245585	0.012291611348005792	-31.71786102767055	31.719336314783646
-0.28876588028451594	0.05154969840772919	-45.31548379684895	45.31664809573192
0.19413979850545882	0.4809394261927652	-74.54178510315549	74.54371159902387
-0.7105952581099828	1.753836732352056	8.934630595055296	9.132826111050946
-0.7302145560846055	1.6245551302599215	9.302481762329721	9.47146026796533
-0.4913661932718867	1.3506194645021896	5.973050394059852	6.143528683399719
-0.4574241651979667	1.2847904984155818	5.361923759316046	5.5326440236507395
-0.45667002782990374	1.2818639229504387	5.337661761388634	5.508389575026878
-0.4180552005804925	1.173472850787483	4.886322995404097	5.04261451012097
-0.2426484016494912	1.2474265989238518	7.556778883579962	7.662888388972256
-0.06148243168934778	-0.20650931027891184	0.3932214646926681	0.44838521935201425
-0.2797095412306626	1.2610202997615176	7.487063592995563	7.597666146220545
-0.014026098252812008	-0.1851872757706644	0.3964525053661414	0.4377963539713954
0.36394054940797554	0.7116747584373375	3.8076220039242665	3.8906193607276043
-0.6563335558100146	0.5516969054969816	3.644654409982241	3.7441486322287156
-0.6272468611056403	0.5698328407917546	3.645658097814439	3.742856002756676
-1.7805420066874378	1.7635862268329279	13.03882652284885	13.294649022947715
0.3948009847277394	-0.5125756181336243	138.02185762176273	138.02376854347943
-0.7074597131106608	-1.5967472593282799	92.48482798477129	92.50131625241114
0.35538184903728365	-0.47664804375259456	15.770476774290778	15.781680116663232
-0.010395193855368077	-0.03491573534589974	0.06648424991102508	0.07581110813243153
-0.009836109503529143	-0.034569601127300766	0.06662625251516499	0.07570246955338125
-0.010746339041133259	-0.1831523308059199	0.39703652599206213	0.4373765689360518
-0.0205824485446624	-0.21772193193322065	0.46366277850722715	0.513079038489433
0.12703454093084882	-0.5818216932646282	2.016412024156983	2.1147624128332025
0.13711061617384088	-0.09078713456341429	-19.10698940470555	19.10769702859035
0.3814099209894112	-0.5229109091281915	-93.14599970803965	93.14824835152216
-0.002447483443706368	0.018410960068963735	-1.0403319612280428	1.0404977381899783
0.13070497108233065	0.5450972434922017	-104.0865898574688	104.0880992378632
-0.006248531026972877	0.04018759361781716	-4.34779000201631	4.347980219418412
0.14332902966240435	0.1794459259751282	-8.276672608468708	8.279858303067106
-0.10463432815659007	-0.10568982583353455	-3.437117310570196	3.440333426942048
0.004271734307647011	-0.1992355944182606	-4.27479296792577	4.279435475436547
-0.0649661275127858	0.021761850358362672	-0.45755061504523886	0.46265185742986464
-0.05834329371287748	0.08690719703851242	-2.716748977959109	2.71876475813194
0.029228253068623228	0.057058131006454293	-0.3106831944305284	0.3172285743638973
0.09269213638052883	-0.0015019070985687819	-1.667840917339415	1.6704153415912164
-0.35299754151582236	0.12945308497976035	140.4751765186542	140.47567968624526
-0.05757045267299402	-0.004864694817653959	9.827228090385466	9.827397924310265
0.00527714185683003	0.015274465688695038	673.4183313895028	673.4183315834074
0.046240154861885166	-0.029370725197849282	113.74289584217925	113.74290903329435
1.4902203432356684	0.2399230178592152	1.1447651940750383	1.894414705247445
1.0294495301879725	3.2051696405437116	-1.712668062531933	3.7914391268072696
1.0953210790255852	0.7686131492042829	-1.1886190298844248	1.7897792147331728
-0.33522134899013584	-0.2087485611046085	0.3749702396897545	0.544565877773298
0.3212950467924725	0.014800209153216282	-105.7115122298796	105.71200153001205
-0.2385656658433883	0.37970413984271423	-43.70670796790615	43.709008341560015
-0.13328917847890534	-0.4934911420296293	-1.8984270892417943	1.9660429612621317
0.15901267423613077	0.27567903811235733	1.523592808774724	1.6348146713228175
-2.495300513921419	-0.3562060036577883	7.576405641284442	8.000333106384074
0.8539926731740748	0.49581177986348823	-0.32463768231073686	1.0394818092023286
1.0145779860610546	-0.14091437981897817	-76.33938582097635	76.34625762194322
0.732070700550164	-0.49410036958969783	-118.45017966653649	118.45393208214152
0.526032149427613	0.5495985086333579	-103.31560437949044	103.31893232434365
-0.6385549607275782	16.662227529540115	-131.7678619815544	132.81869985011178
11.139742923390836	15.721965702300041	-12.660981295825252	23.061320979440275
2.88408135561257	-22.235006794931504	-104.38499524932126	106.76582171105751
-3.9870730312828093	-2.6732309457836565	-15.430341067157162	16.163144511359018
-0.39720869247049745	-0.18869023084142927	-1.1077447492440529	1.1918377314328004
-0.799093398693019	-0.27793480191181275	-1.997955704901909	2.1697062644099088
-1.7087372454705538	-0.5908059556760731	-4.272816557971481	4.639590095096427
-0.09677609120862102	0.014667451594864725	-2.369286070799058	2.371307072322846
0.03443404388904506	0.05225678103938188	-2.18806578427287	2.188960564023208
-0.06336878850000584	0.13045008683545165	-28.73171372872668	28.732418735687965
-0.2667900420081166	-0.24738835747006793	-33.32077230960965	33.32305095605257
-0.35871534684643236	0.32816451040947325	-265.0964585947739	265.09737143896524
-0.28111740364904186	0.20326025419012766	-259.07175136571396	259.0719836212011
-0.03323982319602517	-0.011960017042870509	-56.71765656345139	56.71766756467929
-0.04143879214502648	0.056150829758697694	-79.645364306383	79.64539487996552
0.019297874958537298	-0.06370360618337394	-92.26046538098753	92.26048939212177
-1.7455212900089059	-1.573023012791385	17.267908650565367	17.427045507970867
-0.8240874266003857	-0.3450381210930118	15.255530943812989	15.281668618619548
0.659045677892132	-0.5606907334974999	14.622314651238703	14.647894082905179
-0.2963864885418044	-1.5369604544627418	8.286666451702086	8.433204211385645
-1.9437592442994505	-1.8796684035955868	12.083899336766239	12.382728959658905
-3.773789619628904	-0.9012007173844215	251.0239663882827	251.05394908690823
4.688660908045568	0.8518814622797682	-0.6173431102915813	4.805242517525568
0.39440226380077664	0.28251014372569094	1.1292670693321873	1.2290684443419722
-0.6848471959029891	1.3841555584392222	4.942051924353053	5.177719528392407
-0.5587948477715666	-0.627814752954273	3.0836594052921296	3.1961474267889596
-0.48555799472463906	0.3439848787316584	3.6990695731974466	3.74662619838064
-1.7991298466148269	-1.494951868009755	29.557203030755797	29.649620575885375
2.4616292001770175	-0.16090013777774964	1.9536986627059605	3.1468151579271364
-1.1911272889413216	0.3885483179260488	2.9627780168677	3.2168008317361205
-0.12348976655994404	-0.9134529581875752	27.36874073771193	27.384258536563664
0.5163979469198821	0.3259090176568195	2.584753634980694	2.655905661148169
-0.663101515941038	0.04553899902424163	56.511586007605466	56.51549460560182
-0.8188834461081695	-0.35513099635053713	15.20553709331351	15.23171186764616
-0.8187678220169089	-0.35557969793063804	15.207338079365142	15.23351401115451
-0.09855041212869986	-0.6510152148260542	26.061952354889094	26.070268382626494
-0.04714679791324583	0.12963652579807206	0.22091021826064505	0.2604414980498131
0.10678019784419503	-0.522756894146364	26.063641816218265	26.069102429986938
0.22388266388594158	-0.7528865415663587	40.481055081289995	40.488827735901666
-1.0688703854375663	0.32060199668229483	86.74676329012826	86.75644619998292
-0.8111230408600466	0.04761275816915651	56.912174897389775	56.917974657512524
-0.029143038422297034	0.01921235442828125	1.338613413478426	1.3390684455977298
0.04284640448411761	0.09522708104857709	1.9270001642619823	1.9298273612963304
0.10011040832204052	0.09424092440081808	6.990869892099919	6.992221770936293
0.0418253233954967	-0.02761779839377746	1.34769942874641	1.3486311025290252
0.06934746041760416	-0.2538905162398632	17.562745292281562	17.564717238431736
-0.004120115561462998	0.05668789527147468	0.4688958804027792	0.47232810574985545
0.22013706747298073	0.20675553169132552	4.3705672727652	4.380989210683679
-0.07269297481346557	-0.4821597725740402	-3.502930718354099	3.6593821496756327
-0.027417334985433545	0.043099001877917355	-0.5100146604224705	0.5300413082641996
-0.08552570645021365	-0.07495956087869908	-8.159830735144142	8.160623212012297
-0.20168078973505718	0.03750236269165917	-16.87339178211146	16.87463871615574
-0.14120724406460328	0.05301862646310983	-11.383611788376308	11.384611008242153
-0.13305065576785258	-0.040727015115104036	-20.334249239294245	20.334725306541493
0.015273451946303002	0.15595389354225406	-16.623141394847742	16.623879954100545
0.17886634655915581	0.32498553265051117	-57.91864370830775	57.91983164492331
0.39424708415357307	0.7305760235653351	3.8039839750640922	3.893515913941609
-0.486552347289421	0.3195514915598707	3.5696855885589605	3.616835846921517
-2.2670943539768587	2.0831377183927984	16.608512111407812	16.91148486986923
0.3948009847277394	-0.5125756181336243	138.02185762176273	138.02376854347943
-0.9830641069359416	-1.627437587579184	92.25174216511778	92.27133303815998
0.3080091121110451	-0.4803478530837033	15.662485341179437	15.672876275137323
0.12703454093084882	-0.5818216932646282	2.016412024156983	2.1147624128332025
1.1500445989070147	0.18515528397858333	0.8834472260687253	1.4619726604519359
1.0024755152851066	3.121188136731896	-1.6672697265337604	3.692622494195433
1.097229662303081	0.7687920676187846	-1.1953300987777324	1.795485510973365
-0.33162491944264194	-0.20655863253137702	0.3769359690367605	0.5428833029503235
0.3212950467924725	0.014800209153216282	-105.7115122298796	105.71200153001205
-0.2385656658433883	0.37970413984271423	-43.70670796790615	43.709008341560015
-0.13315680066366117	-0.48681370430571996	-1.9137514313333974	1.979182370877803
0.15903653862788147	0.27576528061255967	1.5181350265269766	1.6297463205597642
-2.4017056797586704	-0.34280168883577217	7.292881298032062	7.702066008366815
1.4149162280119063	0.3680107106219923	-1.800857079580453	2.372868735623399
-0.5615214534026624	0.12823404483978854	-1.9650603991654982	2.1078929491925997
1.1236798684775697	-0.21150516143368242	-76.40267565708768	76.4112311014701
0.732082405009404	-0.4940586763111191	-118.44365022711884	118.44740274800233
0.5260425298862261	0.549635485596057	-103.32045314150511	103.32378117972775
0.11018796641183831	8.867913545369955	-74.09095770031402	74.61985020747375
-0.7487429271394164	7.794313984170156	-57.673317965002454	58.202435958875874
11.125228163921548	16.032659804391525	-12.853135295772628	23.372418981228765
3.0003465868107795	-19.85409807149122	-101.75076460144692	103.7130916849577
0.12150354992782972	-2.037011750963692	-2.9072923953408862	3.551975374100471
-3.9870730312828093	-2.6732309457836565	-15.430341067157162	16.163144511359018
-1.7138373277720227	-1.6344725664550248	17.51771671398038	17.67707944847798
0.9670547900031771	-1.041038586581203	30.28479999241814	30.320770358042502
-0.2672109919297232	-1.5935449570992346	8.822241400464891	8.968987154220791
-0.6990236496229791	-0.6759750063779073	4.34566752072571	4.453134005694212
-2.3023680468937533	-0.7555056082702301	253.4643214925888	253.47590409552978
4.544024388599105	0.8256024943395371	-0.5982992168371726	4.657009670991795
0.3846619679169385	0.2755331746698946	1.101378295872351	1.1987149413117493
-0.6730454895479991	1.303999121645003	4.516989380843832	4.74937859165889
-0.5544558725618489	-0.6693940531329341	3.220990351307104	3.336208709928309
-1.7991298466148269	-1.494951868009755	29.557203030755797	29.649620575885375
2.2911910400643665	-0.14975974204197612	1.818428571880716	2.9289361265551435
-1.1911272889413216	0.3885483179260488	2.9627780168677	3.2168008317361205
-0.09469131878551629	-0.7004310370682686	20.986209838614784	20.998108807078623
0.39057421323841246	0.24496005324546966	1.0584582597670602	1.1545074843420837
0.9069721601582945	0.5708690709022892	3.643211894747754	3.8104131454902523
-0.04525710987551386	0.13080344800489968	0.22072232997528354	0.2605304108045185
-0.1576054887642191	-0.7058884063336763	20.867475070830615	20.88000559779651
0.06627717512172249	-1.458774947900035	61.34853015212061	61.36883333369818
-1.0688703854375663	0.32060199668229483	86.74676329012826	86.75644619998292
0.04601163003107628	0.0457539105621893	-0.1652379134593523	0.1775219943394336
-0.07342896501650983	-0.002654908684271942	-0.3447767469631181	0.352519313924766
0.39424708415357307	0.7305760235653351	3.8039839750640922	3.893515913941609
-2.2670943539768587	2.0831377183927984	16.608512111407812	16.91148486986923
0.29737715723861147	1.072219332846288	-103.30785955774276	103.3143786405054
0.29737715723861147	1.072219332846288	-103.30785955774276	103.3143786405054
1.1237065544475138	-0.21141010146070893	-76.40168736644011	76.41024305085531
0.9548184739959922	0.1751165005475328	-76.47227573006673	76.47843682661424
0.9548184739959922	0.1751165005475328	-76.47227573006673	76.47843682661424
0.35235148740206007	-0.3786864567497218	108.01592836610759	108.02068584860307
0.17131832143104625	-0.0017276683467041462	12.803422292020697	12.834473981415258
0.0006838258278127653	-0.014120295465203304	5.636993311591791	5.663570699460931
-0.5629493698986837	0.27185901108476135	9.3452588497268	9.402177486511084
-0.030110148426922098	-0.33080176385396814	0.9530287826126665	1.2208398430958418
0.2394851767601938	-0.1950423116826704	0.2506091988256857	0.9694112688309736
0.5988544585750936	0.05558425157170594	-0.7255784382023077	1.5200560881632483
-0.21154139253199766	0.11351348696723042	-7.061709580496528	7.108848292708953
-0.17234588628682423	0.13156964954855438	-19.85461468393609	19.900498878403134
-0.04362197420444782	-0.7474675387116	-12.998316358216343	13.020562904373055
0.7219646587402775	0.9036685212464914	-92.87323709870492	92.88053745837941
0.010190186140457191	0.40541630826706976	-14.02772248456799	14.034277470246083
0.09953131412034905	0.6014290985265958	-55.602469125280784	55.61080543200687
0.20648187687381425	0.02488877004072179	-9.95592089290273	9.959070982124214
0.5879991282325869	-0.0905226380298506	-71.37546203450388	71.38276890628904
-0.9830641069359416	-1.627437587579184	92.25174216511778	92.27133303815998
-2.3052888086001175	-0.7559739318433625	252.63975455302906	252.6514029917344
-2.8357595875397745	-0.6785917879848983	252.72686105850482	252.74368106787182
-0.7189342745720984	-0.676662233762947	97.21175714650471	97.21677049655972
-2.107085017083695	0.00504741483386828	155.5429926854451	155.55726407432746
-2.303224764559248	-0.480950800161672	155.42354281044584	155.44135169812026
-2.303224764559248	-0.480950800161672	155.42354281044584	155.44135169812026
-0.8420760832236853	-0.9800066445389994	97.37103858368883	97.37961111043465
-0.8420760832236853	-0.9800066445389994	97.37103858368883	97.37961111043465
-0.26656275923782363	-1.5960605490486028	8.848003644578666	8.994755887477744
-0.24026840451780998	-1.4386215191132146	7.9752165116077265	8.10749278066195
0.059284791330537615	-1.2099832210963042	14.753981785874972	14.803633088527567
-0.3845885219675981	-0.0636178755214496	0.8526514179382509	0.937534002491212
0.1756960819926514	-1.1372821476685422	14.756903009361393	14.801704841819161
0.1756960819926514	-1.1372821476685422	14.756903009361393	14.801704841819161
-1.71313336100142	-1.637204445243121	17.537407423839127	17.696777205406743
-1.6992768489541927	-1.6239620768229321	17.395557814942272	17.55363854958139
-1.620288368454597	-1.548474496964384	16.58694991794726	16.7376824932602
-0.548260408133858	-0.06731157476490601	6.816968097712227	6.8393109571396655
-1.201559806234941	-1.561824808840263	9.914872912214175	10.108795554705154
-0.49447570293651516	-0.033721260053496974	6.819249669826946	6.837236971438763
-0.49447570293651516	-0.033721260053496974	6.819249669826946	6.837236971438763
-1.1227195424581102	-1.5126385129414743	9.924081827935755	10.101285787928976
-1.260263541009137	-1.3884664849157915	7.706756189236436	7.933743351420739
-2.382983083467247	-2.901104997857266	17.63083801717219	18.035029139349717
-2.382983083467247	-2.901104997857266	17.63083801717219	18.035029139349717
-2.4016178827734183	-0.3424844030822766	7.265226654380453	7.675844081319729
-2.4013244751338934	-0.3426742428370732	7.25722755636886	7.668189921780821
-2.3547694133020176	-0.17683717831122192	7.267746121787428	7.658090105777805
-1.3698431954969839	-0.8774697354859224	7.3666355392294465	7.560670782726947
-1.3698431954969839	-0.8774697354859224	7.3666355392294465	7.560670782726947
0.9670547900031771	-1.041038586581203	30.28479999241814	30.320770358042502
0.06627717512172249	-1.458774947900035	61.34853015212061	61.36883333369818
-0.9573048042833643	-0.8008670431665752	4.589568954246582	4.781807570084607
-1.4195677429808773	-1.1617106070567544	8.392333087410451	8.621854068773079
-0.3622691061531201	-0.5764120934866134	5.707874833910269	5.750026496571714
0.06456844204342457	-0.5886863218661035	3.1110054337373936	3.169746847684172
0.09791411595062166	-0.15426802235903764	0.3971754042787622	0.4575518538799267
-1.8990565602433431	-2.003737322535249	25.069825303615335	25.232671670400062
-0.04408310109084426	-0.1271850822368546	3.5458561440481047	3.550976592379774
-0.6309131199596363	-0.5249263838603184	17.36429458632172	17.40905274099862
-0.3156496263364392	-0.8041185733740941	13.681118548316622	13.73263559406211
-0.013593818326742446	-2.488187663111624	84.31426864258803	84.36110829423652
0.09397441043219659	-0.11993294403321099	6.932020228423367	6.935099086029795
-0.1252413866616982	-0.14422882784188149	12.336950332735665	12.339167333029412
-0.08489988222589165	-0.26929812691896476	35.755819044609474	35.761130639907364
-1.0737361260505902	-0.7822860358763689	57.198851500185654	57.22451234278188
-0.6636284313672702	-0.8937884440542396	107.93851923473783	107.94434406056627
-0.10445439972714672	-0.03567428048025774	2.0814534745764846	2.0887440109158497
-2.469663443642982	-0.818650500159906	213.15672353068067	213.17694126019057
1.1920326512978316	0.0199597020197122	0.9437206918800325	1.5205094461223811
0.7579533871375024	2.355690764776778	-1.253154271156746	2.7933972047752555
1.097229662303081	0.7687920676187846	-1.1953300987777324	1.795485510973365
-0.37755006105970496	-0.059249227884888594	0.8543888808405738	0.935967349492037
-0.7091749805023468	-0.2658078604162656	1.2313248498773344	1.4788506524423606
0.15911629073818676	0.2757136796348572	1.5167532687193854	1.628458321630317
0.16892677143512028	0.3106602838568077	1.513029834692784	1.6322699981142683
0.3763893169099457	0.16322610374748883	1.5064631927164163	1.6394337528054723
0.3763893169099457	0.16322610374748883	1.5064631927164163	1.6394337528054723
-0.718302599423513	1.4348025696499027	4.737711710819116	5.0099090024634085
-0.718302599423513	1.4348025696499027	4.737711710819116	5.0099090024634085
0.6602624564675664	-0.13631724896638406	0.737787036964907	0.999429144912137
0.6584386714924547	-0.13605120529929818	0.7388546400890654	0.998978274919571
0.676803277722376	-0.2116041779684433	0.8376495868171463	1.0974952551899213
0.676803277722376	-0.2116041779684433	0.8376495868171463	1.0974952551899213
3.4024145631184277	0.0717072438341615	2.6062999284529496	4.286849215939306
3.4024145631184277	0.0717072438341615	2.6062999284529496	4.286849215939306
3.9035053297008266	0.9736635150831257	-0.8767165160988346	4.117524298556994
3.90010302629004	0.974159824290788	-0.8713093695535445	4.113267678672387
1.8019297290927916	-0.11354338764328338	-0.1265973351027032	1.8099363896891627
2.438349041525902	1.142470945814703	-0.4833940664445281	2.7357733337787327
1.946362706188627	-0.6572003026693406	0.12238936552284405	2.057964814729272
1.946362706188627	-0.6572003026693406	0.12238936552284405	2.057964814729272
2.6792543195240692	0.24083387399666348	-0.481364602975794	2.7327854918655206
2.6792543195240692	0.24083387399666348	-0.481364602975794	2.7327854918655206
1.3383485352576807	0.34826643521016776	-1.7014227876031547	2.2488454401971834
1.0928470153796763	-0.35794912670386697	-1.3373425660488087	1.8332832065172964
0.1519066857152562	0.6928112470920186	-0.08055587830196742	0.7138293316971455
0.15207713349789756	0.6934272210117596	-0.08248333269859867	0.7146833323550347
0.1526467507965243	0.6930586688892781	-0.08329493544743488	0.7145413881102396
0.15461572202817608	0.7000724799840238	-0.09149343652049659	0.722757599514253
0.19544983585276002	0.6723658799668716	-0.06926609931241573	0.7036151699561729
0.19544983585276002	0.6723658799668716	-0.06926609931241573	0.7036151699561729
0.18253071712475355	0.8067283008933572	-2.3387074157763372	2.480661280941756
0.1858810143325628	0.8056844131659359	-2.337041381401223	2.47900010961871
0.18711623525936832	0.8138706407882356	-2.374884323024165	2.5174339024452346
0.18711623525936832	0.8138706407882356	-2.374884323024165	2.5174339024452346
-0.9312736442641694	6.987585683276791	-55.30446110917356	55.751924117986526
-0.9207129309839985	6.984295169539595	-55.22932649164977	55.676804829639636
-0.7804108438526445	7.013228591884751	-55.65617536602889	56.101731459388986
-0.7804108438526445	7.013228591884751	-55.65617536602889	56.101731459388986
-0.4451444558115975	7.232761997281134	-64.26463189545885	64.67189430003327
-0.4355325294628407	7.229767107177367	-64.19884942415383	64.60612578071382
-0.2682823964917196	7.257030346966173	-64.61829900165938	65.02508001355251
-0.2682823964917196	7.257030346966173	-64.61829900165938	65.02508001355251
0.5553324222234466	1.6351515480896603	-12.198134916709655	12.319765019294948
0.5582030520058918	1.6342571154426464	-12.198832147077312	12.320466416463708
0.5882391848431182	1.6419550304444717	-12.266808673242842	12.390183077199964
0.5882391848431182	1.6419550304444717	-12.266808673242842	12.390183077199964
0.4697666241009131	0.10532510022349051	-118.49351430363329	118.49495181687384
0.4697666241009131	0.10532510022349051	-118.49351430363329	118.49495181687384
0.9069721601582945	0.5708690709022892	3.643211894747754	3.8104131454902523
-0.7091749805023468	-0.2658078604162656	1.2313248498773344	1.4788506524423606
0.1396344607741865	0.3150524741531724	-88.6988483270229	88.70089159826252
-0.18752597953081773	-0.10475200595777463	-28.264312985186443	28.2694401685412
0.3771384784035018	0.15533509873451115	-23.005415406234366	23.026560060037873
-0.09274957362165354	0.4028481716535493	-15.29291875331311	15.308311231182472
0.2787951869466118	1.6353758640677705	-23.436360737350412	23.50759790862444
-0.26215269626370474	3.8644672454071847	-30.53074204278113	30.77577814767202
-0.40857601108635244	2.4189684376907254	-19.750168417056866	19.902404748217982
0.7860677516739161	1.792873972739401	-17.751432313169275	17.865980646846072
-0.5109292511680206	5.25345602470718	-39.867699852053406	40.22572597480392
-0.1632017486412324	0.7055907994293266	-2.715454248448039	2.854084910179335
-0.07661623856205839	0.4124988005828262	-3.4698495180144295	3.637448493121676
0.160190732589611	-0.03900764386535027	-2.90224326866508	2.949205718443407
1.0787627932905168	0.9373544143947935	-0.7162372902615957	1.6042374882587171
1.2792823130800306	-0.25359955687143576	-0.4926480184426999	1.9597070970388906
0.19293987961017597	-0.3861094430779948	0.06416225698917793	0.4581515898694817
1.2215788568535753	0.4244224816892019	0.7037243022103845	1.8977628256703736
0.5907787355711458	0.331295375510985	-0.11473508775579529	0.7010135986557866
0.5770559683727043	0.18789076852235334	0.8711184592841055	1.0708051580637785
0.8068974758572095	-0.34200494902903145	0.10104330362333763	0.8924574338937428
0.00047574083789930777	0.21440552294251608	0.1420801850942986	0.29263717893328045
1.6953334958072261	-0.07946725662342667	0.7983903860050539	2.029068173541853
0.2526729319704792	-0.0902176524636839	0.8788613306185643	1.193921991020664
0.7614474179537721	0.4393694523090972	1.6049137587206945	1.916503106846774
0.47145349954980487	-0.1666929187750113	1.6965393056645464	1.774198504106074
0.01314504508784553	0.43690441504881017	0.7207151686425716	0.9768359927904963
0.2028333766398223	-0.19504085144619415	2.120245963834945	2.312057557677688
0.5485019926293414	0.5572511015641444	2.114965951365112	2.3874950970387863
-1.4204170852499398	1.1497845572888246	4.283499531783841	4.717927922189885
0.33818799341583783	0.09359764036037155	1.171522015258695	1.2303719233660422
-0.5132337487431404	-0.06126332434369142	2.105681399296821	2.172679455419781
-0.22062026127175374	0.33884357634140194	1.4163951304658253	1.5547601572650203
0.2780249001708971	-4.3343200216941735	-20.531382627955253	20.985740408931882
0.5573202031784664	-1.914414242560067	-11.314585143631525	11.488926175821433
-0.21809619116277687	-2.640430944019384	-9.49159754461123	9.854433797413463
-0.2095327802035983	-2.643099137033518	-9.505639945528074	9.868488628365853
-0.1969164307351417	-2.6219764500228933	-9.364789507129395	9.72691210498013
-0.33007323139880285	-3.1087901543286134	-11.278540938462791	11.706094475857933
-0.5606475375010427	0.131392251975737	-1.972459751185769	2.1147546087508795
11.161894025464733	16.139533708297233	-12.835831487853305	23.453805587612795
2.9427066040797403	-19.47267884645522	-99.79601965955351	101.72064826526062
0.418587138506078	-1.5083388460279963	-1.8795660170491644	2.446031414231186
2.367598115330602	-15.667031729696792	-80.29236340989021	81.84085181619825
2.404144470570266	-15.678418866225378	-80.46111630992564	82.00965776431192
2.5700852165325334	-15.585586483282896	-79.47032598885525	81.02498723741371
2.5700852165325334	-15.585586483282896	-79.47032598885525	81.02498723741371
0.561434879962165	-1.9156962961602064	-11.341475441226166	11.515822445986924
0.5865334656586958	-1.9050879861671839	-11.20911580984771	11.384975141824158
0.5865334656586958	-1.9050879861671839	-11.20911580984771	11.384975141824158
0.3573880266612839	-1.2878136811427057	-1.6047659567616082	2.0884118499281152
0.36880270341951066	-1.2913702733616346	-1.6227466090419889	2.106409070937769
0.34928093244093095	-1.2230143896021843	-1.536850037882771	1.9949108766762205
0.3357682015545931	-1.1970148588173157	-1.454222112611873	1.9132032851252336
0.3357682015545931	-1.1970148588173157	-1.454222112611873	1.9132032851252336
-0.5468604363780625	0.12825336971447643	-1.9670774058411098	2.105919937768121
-0.5439500666324527	0.1263703107737878	-1.9692946352163814	2.107124222898713
-0.5435201513563	0.1279017422569948	-1.968952134203021	2.10678558884984
-0.5388407854333553	0.13154602307090774	-1.9262087292699133	2.0658978234529926
-0.5388407854333553	0.13154602307090774	-1.9262087292699133	2.0658978234529926
-0.33007323139880285	-3.1087901543286134	-11.278540938462791	11.706094475857933
-0.42395758841180115	-0.9091139286528768	-2.0795715023879544	2.3610518308556285
0.1292199714351555	0.16345175324268077	-0.8868908773020499	0.9209827931603325
0.04349495811070178	-0.7685659706466609	-1.5493613362169762	1.735680211813556
-0.2822465479812253	-1.3161723859473633	-9.026359846605374	9.155823881852507
0.13549643329492067	-1.9244845532536936	-8.361883469821546	8.684492614963274
0.48725068932388144	-2.5228684615042916	-7.703227733576623	8.121589476453709
0.9673582080172667	-5.5219148532760665	-31.27700285159422	31.775721117363837
0.41239313662031907	-2.6806599018102926	-12.31709810120061	12.643496369921841
0.26228847548587264	-3.2881218093445144	-16.93274341368365	17.274290030762817
0.04912436790819033	-3.0884913714110445	-14.92680719635971	15.251176379027257
-1.3365505527011348	-1.0867123268849814	-7.3655699650402955	7.63128271634867
-1.8074717154712734	-1.3945105958196393	-8.342238352416054	8.702715052509978
-0.7082609121987483	-0.6746275255931496	4.346613368805408	4.455311840479229
-0.705807668447288	-0.7190724317828574	4.485765837929332	4.59753464149243
2.210381911820596	0.051747541814449294	1.662579236572917	2.7663397698169243
0.4839729575178314	3.0927745792294776	-0.7964891335780964	3.2469646381573796
0.4839729575178314	3.0927745792294776	-0.7964891335780964	3.2469646381573796
-0.1535261414935201	0.9872059631759681	-0.3936106731535206	1.082845804707414
0.7654511439769738	1.8236295963760858	0.3916653931807839	2.1626572458276003
-0.5186327663077924	0.37434158127421113	-0.08543974601757615	0.6602206455863812
-0.8207624602041923	1.0048923994870804	9.593065261865087	9.69590122121353
-0.3597138399465443	0.30147639757836886	0.7630395206958702	0.9066372813808741
-0.6959373324839522	0.6843663597305615	5.543303221259071	5.650187309310811
-0.26919789384315257	-0.1440423417387114	36.68108647329242	36.68262259365216
0.6215493812452126	-0.23464411501101035	71.33484189281516	71.33806325495088
0.18103468011865226	-0.07586283691811768	12.403164471517112	12.405502707179398
-0.009716358687605967	0.07413516857141354	0.40025782050358794	0.428971274235864
0.0004889590793130229	-0.10276756018190715	0.1913079313201369	0.21716384388915508
0.0001948667484997423	0.08864726471670385	5.445685380271654	5.446406855571776
-0.6185785578892763	-0.0468544176066191	4.563509205598557	4.607594906587646
0.05562918799059263	0.3187134286913804	4.781749644128242	4.794582579923438
0.0725835487508088	-0.4523697875503795	0.38120457944655145	0.6121303068209079
-0.10269369717773091	0.12156802369641129	0.5718242031661153	0.6087095362749341
0.17802482723141375	-0.03870719067167083	0.43516138890011824	0.6856910617836199
0.06146034952878004	-0.15633512101099956	-0.18455219007443255	0.2837202070473537
0.6213597823201473	0.0014726174246933316	-0.6907846341702567	1.451900623628476
-0.022505323745053915	0.0541116341470126	-0.03479380403205086	0.0681554645347722
-0.2416287665655239	0.37531964440005783	-3.0032086525589343	3.039406404548331
0.03008737403352621	-0.2618061574328274	-4.058500927937594	4.069441888160623
-0.009091775201856556	-0.1342712098737499	-16.851239390447482	16.877949288857526
-0.16325411108496768	0.2658408594223043	-3.0033752934886118	3.022549589545611
-0.07026175312071758	-0.20110451860433926	-3.9123694642514595	3.9181646935985137
0.02663977891626976	-0.5463630201072607	-9.085946893964882	9.102398210774542
0.46754304043870365	0.5835048202730931	-54.70511592283195	54.710225575301976
0.25442161830157384	0.3201637009733983	-38.16812117587297	38.17031188307744
0.020080212971804262	0.1322621170877475	-40.062902188604184	40.06336865568265
0.0794511011485448	0.4691669814388484	-15.539566936676612	15.54743677632423
0.29222506390358455	-0.2432669622267908	-43.39121710662125	43.39310747205971
0.32930150721662876	0.1510035610135836	-23.6472415960771	23.650428250799877
-0.03352744288762634	0.0017407631833566157	-4.337003331805543	4.339233183429465
-0.7957260789662063	-0.8829210953833491	6.408980722058244	6.519757919895037
-0.6238416640146709	-0.27878951167340527	1.9833523653522072	2.10209614887804
0.05063920603485039	-0.06446687203919861	0.3614144592458913	0.37059508648976763
0.013929236008574174	-0.5242194498269048	2.749590974491502	2.7991517611944046
0.017647775068978667	-0.13287345998449657	0.17556572026608805	0.22088486246387956
0.08026634088164299	-0.021394562374541078	0.22160968401267409	0.2366669914160471
-1.1246243336880566	-1.378918271513092	18.57862792917334	18.66416596065829
-0.7744322265552863	-0.6248190510221567	6.491197374441998	6.568505709741775
0.01838385515265757	-0.027375852845795814	2.123238373382814	2.1234944298619216
-0.062466956243501834	-0.0998092293910588	1.4226177706652905	1.4274821625178526
-0.01198490023425064	-0.5905179852965924	5.565483627091468	5.59847683902645
-0.2557455901724927	-0.2446718483878556	4.697035543285899	4.712418996659494
-0.04791913592969588	0.031071260310353843	3.418599377939256	3.421739758376167
0.22692444488371896	-1.6506034826953517	61.63767273450791	61.66734531720959
-0.2405182632104614	-0.8375841804162729	22.676595908080134	22.69376297702693
-0.03037893960339862	-0.0946403309406397	3.0917089176046577	3.093306273780232
-0.0948624470582996	-0.04958849690124179	9.245241415131007	9.24586105924918
0.042875257171700876	-0.15387662666424606	8.008791956372608	8.01152198429048
0.0342994299003439	-0.05718661713805518	8.450768577541444	8.452109553929894
-0.16207456929793645	-0.05823488311666353	19.29625851069542	19.297499101686988
-0.3490998522819582	-0.7746535560569897	40.77213802540839	40.781229478604835
-0.7246362737686319	-0.0076324798193792565	16.426713474777262	16.44328286417705
-0.6159811930914512	-0.7549962442559324	94.53612187039411	94.54114337394638
-0.04764723827581911	-0.13879219979830723	13.402397364343717	13.403200686619876
-0.11051678721628859	-0.033464650424150214	0.913066373151886	0.9203390923270581
0.006062387489141868	-0.002209630056107522	1.1683871014245983	1.1684049185887915
-1.4783839602922297	-0.7979484956298197	87.52521195750312	87.54144475005238
-0.9912794833507528	-0.020702004530086415	125.63151157317758	125.63549651013821
1.0935273227742714	-0.35549059303458824	-1.3438004790296192	1.8379269013837842
1.0958008334902218	-0.3569615933041863	-1.3443981590557306	1.840002026043607
1.0973467110983701	-0.3514549138033112	-1.343831336548554	1.8394491082617077
1.1263197584507851	-0.3662677451431138	-1.436213390943935	1.927552116995946
10.924125244338697	15.795636735820644	-12.562769740386791	22.954560239612142
11.169385115587168	15.7192185096918	-12.706820746571115	23.098967247503243
10.822351735167347	15.536496258224314	-12.293512685246384	22.580665783005863
0.3665551513984081	0.11436636770804226	-0.4992046324839592	0.6297996587589467
0.3629072561479848	0.1217910342086828	-0.49073079215957266	0.6223756445684884
1.4892270145987698	-0.24447671093443096	-1.9269441831035077	2.5499277615644345
1.4892270145987698	-0.24447671093443096	-1.9269441831035077	2.5499277615644345
10.46131793721062	16.119164037974503	-12.745151815843297	23.064160879499358
10.46131793721062	16.119164037974503	-12.745151815843297	23.064160879499358
7.05422733884449	11.079228890240442	-9.053292106742747	15.97825516360579
2.1387969330121392	2.413625779649461	-2.033085466172639	3.844618830224007
1.2920044511655717	1.6887282877407914	-1.9421175854716757	3.0216025812974205
1.1905842288971165	1.0911523889112573	-0.8261947614985227	2.0513351756300295
1.3721616621931518	0.37074404811690775	-2.0127361778389568	2.5137624012799136
0.5419537370099927	0.355239052988789	-13.009165789847652	13.02604249073639
-0.1648152586064908	-0.19990395425427782	-9.99624961638672	10.000517569301486
0.0951223216145651	-0.10494526468285327	-3.8173154291378806	3.819942257440919
-0.18787189523621867	0.5077934363364025	-11.475603324175228	11.488368973741554
0.2395306164994252	1.3793819736382924	-14.90981987636421	14.976056826680516
0.03926457044718662	0.2559938904294779	-8.526540860986199	8.531541081943924
-0.09115854566220025	0.3703701937016685	-3.4067099212526593	3.42799598138492
-0.3174174654241522	2.0485982439890567	-16.343458495804207	16.47440876683306
0.7860677516739161	1.792873972739401	-17.751432313169275	17.865980646846072
-0.08801033680138898	3.84986377154767	-28.948966474894306	29.208142302888987
-0.42291891436663154	1.40359225315951	-10.9187333771591	11.017583671914934
-0.1632017486412324	0.7055907994293266	-2.715454248448039	2.854084910179335
-0.011469769775115848	0.21829276162586808	-1.500461408097238	1.5958644787970215
-0.06514646878694254	0.1942060389569581	-1.9693881099171917	2.041584014324654
0.160190732589611	-0.03900764386535027	-2.90224326866508	2.949205718443407
0.8048249531662774	0.634901097238281	-0.4708453482727114	1.1280682384073781
0.27393784012423916	0.3024533171565124	-0.24539194198888417	0.47616924985133907
1.318010529337518	-0.22482177235768971	-0.5119128155559696	1.8150738767061405
-0.03872821625748746	-0.028777784513746008	0.0192647971132697	0.14463322033274986
0.9393089915637269	0.5223683038070418	0.6269303341119867	1.5591675519919206
0.2822698652898483	-0.0979458221178399	0.07679396809839777	0.3385952736784529
0.0017645434861033593	-0.010722281268665063	-0.010015339977449104	0.014777955345128234
0.8051329323711061	-0.3312826677603663	0.11105864360078672	0.8776794785486145
0.3432769668885425	-0.1858938981262298	0.37253077303348914	0.5573639557001255
0.49434758235150544	0.05510985010204047	0.03402984669815731	0.5177397445834614
0.8577089465671782	0.05131679140076266	0.39182976627340743	0.953964473258266
0.14987205065143272	-0.24593971425612562	0.0390902667645075	0.3224217865941611
0.10280088131904645	0.15572206179244175	0.8397710638540568	0.8715002044265028
0.5002601873274027	0.03220215495334028	0.6083252981681835	0.8005227586395631
0.2611872306263694	0.40716729735575696	0.9965884605525112	1.1159803482072108
-0.14495160504700427	-0.046180301950393396	1.186387223914097	1.295482128499089
0.34778498168682653	-0.14886054949580074	0.9338587399208479	1.0165754291785987
0.17982560350351218	-0.054255382823583	0.2697086786061617	0.35707625299957674
0.017058495496802883	0.2379273000024439	0.9540719393504663	0.9932942377317143
0.35161789362902646	0.3735791843852836	0.891185333408484	1.0371246063074957
-1.1374159316578751	1.1693792634326212	3.8396088026970387	4.174115284222989
-0.2830011535920648	-0.01959470614379677	0.44389072908680177	0.5438126379668956
0.05938119222118796	0.06003802356657849	0.41280556199403984	0.4213539157010479
0.2788068011946499	0.03355961679379306	0.7587164532646551	0.8090180076649942
-0.22062026127175374	0.33884357634140194	1.4163951304658253	1.5547601572650203
0.052764560950700146	0.008552334997362458	-0.08286133319653946	0.09860650011705713
0.07645541048445537	0.15489941824531833	-0.8040295441055104	0.8223762930432753
-0.06525809353750334	-1.264004513358264	-7.526422748857514	7.633379671415678
-0.21698845444372192	-0.05216787258909916	-1.4999370977478592	1.5224442104368285
0.40717640865182625	-0.3278946756976316	-0.9208851023613803	1.0680902128399943
-0.2716799753569055	-1.5965898775560627	-7.4409983674601685	7.616402402123282
0.1527119022585094	-0.7167631313702046	-2.0139491440479493	2.143142894534683
0.334538787065372	-1.8061053301340868	-5.689278589528674	5.978446581919026
0.4703227322071439	-3.0720012524150975	-17.300372467340203	17.577294520943028
0.49703547581012264	-2.449913600860968	-13.97663038425401	14.198426596420807
0.16548056960167706	-2.1939830699979392	-8.955051683198372	9.234588032040588
0.24691256701864195	-0.48667683181235327	-3.3620464180022376	3.4089083378812526
-0.0808573474766974	-2.26289543006517	-12.127259015357733	12.346714737371483
0.3431458229625701	-1.025226379279345	-4.805484398325919	4.927575293391336
0.04912436790819033	-3.0884913714110445	-14.92680719635971	15.251176379027257
-0.6725869636490701	-0.919491409562798	-3.809641480479325	4.007345954346738
-0.6639635890520644	-0.1672209173221833	-3.5559284845609698	3.623936762001932
-1.7760397703429023	-1.2098273745796762	-6.532400250949555	6.878207060392108
-0.03143194512837111	-0.18468322123996306	-1.809838101466498	1.8245079921178697
0.917204453621749	1.4217649344117431	0.3154122353307147	1.7263788741358945
-0.15175330964477518	0.4018646619643427	0.07625315785006917	0.4362783716917058
0.013289348345673274	0.30304465024766364	2.7311957852464843	2.747988916311589
-0.8340518085498656	0.7018477492394167	6.861869476618601	6.947912304901941
0.005409463068220141	0.007178451871827626	3.0560661718085473	3.0560793901557113
0.6161399181769924	-0.24182256688283799	68.27877572100662	68.28198386479517
-0.016215653134955803	-0.004507827205875116	-0.003821468742666541	0.017258955242494062
0.0064992944473498335	0.07864299577728867	0.4040792892462545	0.41171231899336996
0.08249887775872061	0.10056989319219782	1.6349120595117728	1.6400785989046889
-0.026869689768127994	0.21814353549918256	3.146837584616469	3.1545039810187494
-0.0600943461622233	0.06385396436715633	0.4984237167600487	0.5060779195291655
-0.0425993510155076	0.05771405932925495	0.07340048640606651	0.10263161674576864
0.17802482723141375	-0.03870719067167083	0.43516138890011824	0.6856910617836199
0.07095574182948974	-0.1314726696409378	-0.06795996650121858	0.16412902609817417
-0.009495392300709709	-0.024862451370061725	-0.11659222357321394	0.11959118094917946
0.6445358348480027	-0.0031110883516981295	-0.6024602954066575	1.2888701694567306
-0.023176052527855234	0.004583705776391461	-0.08832433876359942	0.16303045417174525
-0.09389207923877074	0.24575837054454192	-2.5389765440843672	2.5525702322653316
-0.06936203184619691	0.02008248887776236	-0.464398749404244	0.4699793572802793
-0.02104672487869129	0.26658542804852947	-7.908376076263255	7.912895988112629
0.10049782602723609	0.20258155339031894	-7.631190860413358	7.6345407882116
-0.023889954542703123	-0.05105365700945834	-0.8748733106178743	0.8766872392441734
-0.009637488344923218	0.05279442019281495	-3.4621300211876687	3.462545944185291
-0.4076495906834564	-0.22973295541090882	1.4767663066117298	1.5491268972972714
-0.21619207333121454	-0.04905655626249643	0.5065860587404775	0.5529692515807688
-0.043338961555600956	-0.04476048091121165	0.994132594506662	0.9960830194821452
-0.004580174374094921	0.0758317412215655	2.424466783432594	2.425656738894021
0.009376484311404953	-0.14403804679312066	4.042154188633948	4.044730567302719
0.03349877286029593	-0.009838579871125408	3.966637767738661	3.966791416987761
0.05653631725309371	-0.035302157929479654	7.993480701310611	7.993758585280654
-0.022236887352749805	-0.021884459208575534	0.45728787623083356	0.45835096864924024
-0.10576060402383414	-0.08752447478629502	16.247099585210304	16.247679550347826
-0.05631396527410233	0.029289591669631482	3.0491589254851164	3.0498195513391626
-0.32135581292717175	0.028461120576874364	47.635129904208846	47.63622235846097
-0.669923670423581	-0.04916312510696078	77.99638166896875	77.99927415167724
3.658565430470319	5.45019737979175	-4.255350216953403	7.838461449739144
3.3956619083741715	5.629031510448692	-4.797941889789344	8.139793713866647
2.1387969330121392	2.413625779649461	-2.033085466172639	3.844618830224007
1.0769958073334973	0.9113022637602539	-1.2024700073308305	1.9183445586960388
0.2150086438320743	0.7774260239805373	-0.7396475781408449	1.1032580226013815
0.2289523170887639	0.38017904381413536	-0.16601287636477824	0.4939588331780811
0.10796270182293868	0.09641317585507142	-0.20467261886524885	0.28691830069991897
0.8536692099854141	0.6145601692420507	-0.45550926626849564	1.27045804175203
1.3721616621931518	0.37074404811690775	-2.0127361778389568	2.5137624012799136
-0.14432774779847055	-0.14964163722572704	-9.233028916388808	9.23536929901821
-0.020487510808020262	-0.05026231702855079	-0.7632206999979134	0.7651482702832778
-0.008591517613826226	0.0068930428029796605	-0.049701496714589344	0.05090743550467632
0.04785608806101285	0.24910084762649826	-8.476839364271608	8.480633646439248
0.6498448582426126	1.2064265623760126	-13.456184884996231	13.526498247303026
0.1362228934313034	0.5864474103633881	-4.2952474281730435	4.339482399543046
0.09174935999652874	0.10733681729148564	-0.3983199671293026	0.44364122218288893
-0.25495110863776116	0.598253982137841	-2.3171342813187366	2.4104436879964464
0.10390803601392726	0.25590172096841596	-0.9868434811861746	1.033616092900317
-0.16905450480086978	-0.061695682011457864	-0.9825446287310171	1.007967921424337
-0.1004822951556311	-0.08712231096218917	-1.6690246152760022	1.6801220015238012
0.2606730277452421	0.048114667096838905	-1.2332186533890777	1.2690837169196056
1.0299092901240057	-0.1364288209873002	-0.48643532705035947	1.4819905159555875
0.28810123921351216	-0.08839295137038952	-0.02547748850561006	0.33308336075055284
0.0029797168092631707	-0.043931521871537635	-0.04730622107653342	0.0646276711537299
-0.04170793306675062	0.015153737357791628	0.06657101818980311	0.08000554917901996
0.7184736118641433	0.09237404425560851	0.33453326494761054	0.7979033778307701
0.13923533470303495	-0.04105725285484585	0.057296501325796965	0.1560610954274959
0.02981649661720588	-0.0013943731972127088	0.03586912532380856	0.046664353618495934
0.2313707340091635	0.4085616705529697	0.9607193352287026	1.069315994588715
-0.14495160504700427	-0.046180301950393396	1.186387223914097	1.295482128499089
0.3090835660153405	-0.07960032759345298	0.6925367607095329	0.762545754606107
0.03870141567148608	-0.06926022190234776	0.24132197921131507	0.25402967457249165
0.00016771896216336013	-0.007319805289211723	0.039280642823244755	0.039957184331851636
0.3514501746668631	0.3808989896744953	0.8519046905852393	0.997167421975644
-0.18820931298976917	0.03788587283779951	0.2073403831426679	0.2825740953068968
-0.09479184060229559	-0.05748057898159628	0.23655034594413385	0.26123854265999874
-0.06980382545893156	-0.06257652017849337	-0.8895432976586427	0.8944694926803053
-0.14718462898479034	0.010408647589394214	-0.6103938000892164	0.627974717756523
0.013923881056477953	-0.10267203633362872	-0.4275114620197946	0.4398880217360678
-0.2856038564133835	-1.4939178412224343	-7.0134869054403755	7.176514380387215
-0.044038570442136146	-0.8766253180740923	-5.126132662701893	5.202607731176192
0.09316293835032649	-2.2118660533369523	-9.800674533657821	10.048568647851065
-0.6725869636490701	-0.919491409562798	-3.809641480479325	4.007345954346738
-0.05656145246576014	-0.10025490213792587	-0.5678293404907936	0.579379325856499
0.025129507337389025	-0.08442831910203721	-1.2420087609757047	1.245128666261371
0.5847378999353394	0.8514072654570377	0.2519550364485952	1.0631528976048719
0.3324665536864095	0.5703576689547054	0.06345719888211954	0.6632259765310227
0.07406514380141777	0.17706613233973215	0.11988649569683119	0.26587707215655626
0.10395968342999595	-0.21577332301140295	0.31527489320328694	0.4198139896270636
0.053690961167125795	0.02203253411479423	-0.03341796254136548	0.0669694862678929
-0.07686701369498103	-0.017448828338402767	-0.05490637622223393	0.09606096790385237
0.34785569492439566	0.12398362571161502	-0.09727590591245046	0.4065930529497769
0.14512483349635963	0.16334078134694535	-0.029404807026497268	0.26093266511619867
0.36068868156465894	0.3272357621834905	-0.32882855332954797	0.6029323236860546
0.03969966630318189	-0.0038928160579714717	-0.0175910537588915	0.04359659039183477
0.052049693693346846	0.11122963334945711	-0.3807289133704111	0.40004463179105415
-0.0667863588255476	0.32255075861262095	-1.0851852928366308	1.134075186835369
-0.1881647498122136	0.27570322352522014	-1.2319489884821058	1.2763685011610777
0.0831190698640096	0.04489226504739402	-0.26849615398623355	0.2846300756096286
0.02078896614991764	0.21100945592102194	-0.718347327199941	0.7489860172906884
-0.11686701303871307	-0.016096682819352483	-0.8523709447159218	0.8604959205773672
-0.05218749176215669	-0.04559899919210538	-0.13017368401509527	0.14747200084696985
-0.030844166235917028	-0.21591644465555046	0.4576531947284414	0.5258303007707249
-0.11410743881108723	0.16973614270515708	0.7287340291856553	0.7696518277283639
-0.5987624426719842	-0.8273656835111809	-2.8555823835348986	3.0359316479560765
-0.07382452097708592	-0.09212572605161709	-0.9540590969444269	0.9714143063906615
0.2165065865492046	0.19147453242458998	-0.11386226190905394	0.3106480537094182
0.1441820950154544	0.13576122975890056	-0.21496629142049406	0.2922842699766365
