0.0	0.0	6499.999932280723	6500.0
-1.7578605119961663	0.02288795033030766	519.62824894331	519.631222789132
0.3216185938327385	-0.9351508600979841	90.26800183812952	90.2734185765644
-0.997691677210582	-0.6370346305219055	2.2967098702818145	2.5838107576812233
-0.7867796371008353	1.5620555264990799	465.86298771098336	465.8662708960687
0.5133341968195192	0.18012418835177588	-5.652032698599369	5.678153779785326
1.6271772813581853	-0.013787684405980827	423.959470433094	423.96272167009533
0.26621449045890205	0.09327229780061388	2694.3058469228267	2694.305972097894
0.813987263839278	-0.27236678795415814	2300.856012942118	2300.856196712614
0.0	0.0	-6499.999932280723	6500.0
0.012883549036066505	0.6744685609105596	-143.3364636407839	143.33805106415863
0.6750225367730297	-2.8413563290654724	-16.522514058062985	16.778630218607283
0.6273778983143448	0.39336744760999753	-54.16463920328081	54.16970076525907
-0.9884953982118683	0.9961686328969792	2.331692842763264	2.7214456839054786
0.523020737709885	0.469072517154018	-325.23539304890437	325.23615185187373
-0.43463684152875304	0.21658899024991146	-5367.973290761071	5367.973368143156
-0.41517248209432644	0.09169018024365583	-586.6246380927682	586.6248849927442
0.0	-7.573064690121713e-29	519.6274501059322	519.6274501059324
2.7755575615628914e-17	2.220446049250313e-16	90.28418895466044	90.28418895466044
0.0	0.0	2.442338780529319	2.4423387805292904
5.551115123125783e-15	3.1086244689504383e-15	462.18260566984554	462.18260566984554
0.0	0.0	0.012862611571075266	0.012862611571044966
1.6271772813581853	-0.013787684405980827	423.959470433094	423.96272167009533
0.26621449045890205	0.09327229780061388	2694.3058469228267	2694.305972097894
0.813987263839278	-0.27236678795415814	2300.856012942118	2300.856196712614
8.792754271640232e-15	2.2204460492503147e-15	-143.33789481096267	143.33789481096304
5.551115123125783e-17	4.440892098500626e-16	-16.63217267822838	16.632172678228393
-1.1102230246251565e-16	1.1102230246251565e-16	-54.30066409395825	54.30066409395825
-9.798293363943159e-15	-5.329070518200752e-15	-0.19391313853573067	0.19391313853618541
0.0	0.0	-316.68658127379774	316.68658127379774
-0.43463684152875304	0.21658899024991146	-5367.973290761071	5367.973368143156
-0.41517248209432644	0.09169018024365583	-586.6246380927682	586.6248849927442
0.0	0.0	509.68009286215636	509.68009286215647
-1.0047518372857667e-14	-2.5424107263916085e-14	77.45259565977719	77.45259565977717
0.2770587169446314	1.292943599099996	12.609359578594347	12.678502027659961
-2.220446049250313e-16	8.881784197001252e-16	1.1726094129632396	1.17260941296324
-0.6750325067655031	0.3708526690267665	1.1471702389871936	1.3817380882541777
0.0	0.0	462.1826056697231	462.18260566972316
1.6151380183744326	-0.4036469991138305	-247.85529689503096	247.8608880009959
-1.6151380183744326	0.4036469991138305	-68.81842176719569	68.83855588437285
-4.884981308350689e-15	-2.6645352591003757e-15	-0.1849156404528003	0.18491564045302766
0.0	0.0	-0.04434470928483325	0.04434470928485763
-2.1402094366420905	-1.1662453486223707	10.96901520382886	11.241388668118645
-2.8574322919199417	-0.42096019919754113	15.311533937888292	15.585060100085514
-2.8574322919199417	-0.42096019919754113	15.311533937888292	15.585060100085514
0.7178050878103198	0.15293194494912626	72.11814877277625	72.12201809795025
-0.18679739363414619	0.12595846019225448	51.30881293265149	51.30948511686887
0.15687620075754266	-0.22813929261016722	69.4588422085263	69.45953425133983
0.3306052750721073	-0.09430569287800986	35.018023149754306	35.01997084991281
-0.6551773573643832	0.014562600841437193	23.468460709770916	23.478023709629127
0.8320180823360267	-0.04672412240522224	136.75482837293995	136.7614394426715
0.05038336840318928	-0.20837189042096557	5.074684438891198	5.108670972508772
-0.5770429659317698	0.26228877422588304	28.752235206776135	28.76940263043796
-0.9442424734864281	-0.08200577355476299	7.286067687699213	7.367851842149561
0.06737590668506241	-0.11499918056943284	0.6171357489807989	0.6456318280594331
-1.080972514066962	-0.2786885169157567	7.328067832327953	7.413921149144267
0.058913772857603144	0.06274480554208578	2.0856973098879132	2.091831879508607
0.5422036576685811	2.785938948426918	51.1009821409604	51.17974029243899
2.442756640486323	3.8215904309748794	118.80639621614318	118.89294089767645
-0.4291213303876709	1.398522230729557	48.81278488225193	48.834700546916864
2.8453443482908316	2.1944008072338583	98.46063181781454	98.52617620371953
0.3324519272532474	0.8341753378452667	32.48169675258035	32.494107107363206
-0.7615732576409179	0.5643468928842881	16.322090631588456	16.349590937636624
-0.8652593786031844	0.7015200411709017	20.026441648985895	20.057396871991443
-0.8652593786031844	0.7015200411709017	20.026441648985895	20.057396871991443
-4.440892098500626e-16	-2.220446049250313e-16	77.4525956597772	77.4525956597772
0.0	0.0	56.0979255195093	56.09792551950931
-2.4902480912059555	-2.8397776892615973	20.349996834762145	20.69753714950192
-2.4870838820716905	-2.831781431715487	19.851133970655532	20.205744040603484
-2.5587283965780676	-3.1661232545001496	19.87061783675061	20.283315327735075
-2.4781450417180766	-3.4115192701855768	20.07491830539363	20.512971787307357
-2.4781450417180766	-3.4115192701855768	20.07491830539363	20.512971787307357
-1.341086448886104	-5.994956287049115	55.33933709163312	55.67926223908159
1.1230318987301955	-3.184975895146792	56.280867515842715	56.38210106438099
1.1239535878275209	-3.1826466991022433	55.09500570075049	55.198298568385475
1.1737269988445256	-3.4916643621440278	35.407308562798775	35.598410845807805
-0.04516514674572977	0.32780499786716044	19.644464266760775	19.647251012168297
1.046728327286152	-4.084326167902756	35.46400075477732	35.71376079289052
0.5617806116525969	-2.5031024810220206	17.686443054103723	17.87152448427893
0.3516344472882697	-1.6445983839207987	20.59968844587008	20.668224759176287
0.6296014778975902	-2.705411306770001	17.894960290199432	18.109258740975143
0.6296014778975902	-2.705411306770001	17.894960290199432	18.109258740975143
0.42700851864405176	-1.865714346756624	20.73458608378297	20.82273484354288
0.42700851864405176	-1.865714346756624	20.73458608378297	20.82273484354288
-0.11544111444572029	-0.00015025873073709617	19.693289070454114	19.69362742325419
-1.16051138896197	-0.6755868224316477	17.442011227805267	17.493626265284128
1.0674240767474756	0.7665491360141157	2.0425823161602135	2.428813343144056
-0.8285862970758366	-0.39389481782710245	17.540481101780994	17.564458023552824
-0.18351772921669895	-0.13072470518510282	0.24690178200741664	0.33425767820803076
-0.6952730287305529	-0.33052012078701276	14.718350356584212	14.738469572987825
-0.6423569147234547	-0.4849200242928262	14.729417905287397	14.751390499354777
-0.6423569147234547	-0.4849200242928262	14.729417905287397	14.751390499354777
-0.6329705819809994	0.34774448251071344	1.0756889579767273	1.2956406589340523
-0.5796117686241957	0.3184299559491863	0.9850094098703708	1.1864193932613563
-1.0210699324214338	0.03653332949092203	0.8415305592785345	1.3236661864905543
-0.18068710895924506	-0.14126807429950214	0.2542250593351219	0.3423957957602371
-1.2017570413806788	-0.10473474480858011	1.0957556186136563	1.6660619822507914
-1.2017570413806788	-0.10473474480858011	1.0957556186136563	1.6660619822507914
0.8883270249199042	0.9036501258511143	2.067302929805307	2.4247576903136903
0.7399196622504702	0.7526828264316715	1.7219312738221335	2.019668253836934
0.5950832448194072	0.6053480688842405	1.3848698744745895	1.6243259900629363
0.6051782552502367	0.5697034180955385	1.3478582104427925	1.583516485760571
0.6051782552502367	0.5697034180955385	1.3478582104427925	1.583516485760571
0.31422490041784734	0.4136708989386474	-1.2862768005130645	1.3872162442133673
0.8979202487379958	0.4267543068319116	-0.8610900163990318	1.315239912652963
-0.43885893088908545	0.13425134965416663	-0.08812538476648896	0.46731859533440173
-0.42698083261300607	0.08506622733975831	-0.10521007361699547	0.4479040679020558
-0.42698083261300607	0.08506622733975831	-0.10521007361699547	0.4479040679020558
0.9428398500722813	0.23866908231312614	-0.8715662278144601	1.3059623284012598
0.9428398500722813	0.23866908231312614	-0.8715662278144601	1.3059623284012598
-1.1102230246251565e-16	4.440892098500626e-16	1.036367906822374	1.036367906822374
3.3306690738754696e-16	-2.220446049250313e-16	0.7242981416869867	0.7242981416869867
-0.9726555474483609	1.440075790442	-2.6965687654532227	3.2080149942007967
-1.917410105960958	2.061924812108023	-9.402924039336726	9.815445783802405
0.37304289751827613	-0.09873464670244736	-0.45879371575477723	0.5995007985518983
0.4135431074646462	-0.12098485066184472	-0.5860977916091499	0.7274378716772362
0.3749833855368253	0.7359233560612766	-3.5890134342031335	3.6828267888017336
-0.3885956511073003	-0.46270655739714783	-2.254770826386328	2.3343297577336184
0.09997914054384102	0.19621398569382847	-0.9569130057275539	0.9819257900963211
0.10553922409449051	0.19964032653994632	-0.9079683622493969	0.9356288444940616
1.341086448886104	5.994956287049115	-15.439388155437141	16.61663986374105
1.3672161924757609	6.024753584408391	-15.376245274140967	16.570934029207656
1.6580818914420261	6.759798880586007	-15.55545355407599	17.04160355534995
1.6534736271707513	6.741011545760632	-15.512220682885062	16.994240265759295
1.6508229319899106	6.7286416069800445	-15.412114564112542	16.897724981940538
1.6284691297586846	6.637529034666838	-15.203419037623908	16.668912796766538
1.4933412811684093	6.086757145891195	-13.941862850755939	15.285752205383542
1.4568820892467504	5.938151967851153	-13.601479135505365	14.91255809339398
1.5742140941176392	5.03311228014284	-12.421716345113314	13.494791817479012
-0.19781793455656455	0.8941531396369954	-1.1871474896142125	1.4993201574221058
2.100765855835834	2.817907972295167	-12.710825032287993	13.1878313426738
2.2063050799303245	3.017548298835113	-13.61879339453739	14.123460187167861
2.2063050799303245	3.017548298835113	-13.61879339453739	14.123460187167861
-1.798672534787003	1.9966921829497444	-8.50708947334197	8.921467024447011
-1.2560045529351118	0.24400423043333858	-3.088903960175953	3.3434134019970942
-0.5847299066363945	1.7757961390324584	-5.346704232155551	5.664151051770041
-1.0725231568842066	0.9765370133053988	-3.0604119297783283	3.3867464682697768
0.4344344368910089	0.8285736522885863	-2.195612754270865	2.3866258491729595
0.4196177500425432	0.8188301085718636	-1.9934210129673178	2.195515688350738
-0.14300726798355115	0.6639030065679241	-1.2536732314890744	1.4258032305259754
0.2766104820589921	1.4827331151397876	-3.247094244456392	3.6213189188767134
0.2766104820589921	1.4827331151397876	-3.247094244456392	3.6213189188767134
-1.1008662100795945	0.9580011187938772	-3.1563631249109876	3.4773985581758042
-1.1008662100795945	0.9580011187938772	-3.1563631249109876	3.4773985581758042
-1.2682273154256891	0.23574765506069392	-3.3193495932452697	3.5611878920714055
-1.2682273154256891	0.23574765506069392	-3.3193495932452697	3.5611878920714055
1.0075273948473296e-14	2.5479618415147343e-14	-16.632172678228375	16.63217267822839
1.3322676295501878e-15	1.3322676295501878e-15	-16.19797658331333	16.197976583313338
-0.2949515971978553	-0.7453707497682749	1.4297368642188109	1.6391221736667232
-0.3004404651969045	-0.7709855249463963	1.4268635999682597	1.649431079408589
0.4171824838773527	-0.5302459575087868	1.1489776341658908	1.332423207589068
-0.6811637571525979	-0.09213438939756757	-0.062497749448208184	0.6902019838090858
-0.6006778274669218	-0.08124784132624452	-0.05511305022605839	0.6086481023019585
-0.5862433946258966	-0.14074005176455556	-0.05757015353711518	0.6056429661867391
-0.5862433946258966	-0.14074005176455556	-0.05757015353711518	0.6056429661867391
0.4255012472909694	-0.559334749078567	1.1995924255428236	1.3902980473239095
0.4255012472909694	-0.559334749078567	1.1995924255428236	1.3902980473239095
0.7741070541676291	-1.692165165899934	-4.5864681432511425	4.949581266031988
1.0179182507568347	-2.053142494994386	-6.5136562823123825	6.905017728730547
0.34839336261205645	-1.323623609847381	-5.647847344884541	5.811328335826233
0.6695248881447777	-0.7295188851470037	-0.729567431286974	1.2299308990451774
0.8135462486254004	-0.8086420464700466	-1.0576080555103984	1.560222502418232
0.7253041091124293	-0.8651527411929685	-1.0068807827234663	1.5127340238478462
0.7253041091124293	-0.8651527411929685	-1.0068807827234663	1.5127340238478462
1.1102230246251565e-16	-1.1102230246251565e-16	-54.300664093958325	54.30066409395833
-3.3306690738754696e-16	7.771561172376096e-16	-54.30066409395819	54.30066409395819
0.0	0.0	-54.300664093958346	54.30066409395835
0.0	0.0	0.47914251588891776	0.4791425158889217
2.988724336987733	-2.6276432452011895	-9.777264859561985	10.556130461517604
-2.988724336987733	2.6276432452011895	-44.044256718507434	44.223676148329666
2.359553123070519	-1.2523016747481428	-3.6029465347618723	4.485194996599532
2.9519361565513824	-2.129360842736566	-6.4907715818284295	7.441654412723469
3.225632075193764	-2.2797252487658604	-7.689554238995095	8.644714795111913
3.120707703097059	-2.347766372827961	-7.325946942196659	8.3018264321432
3.120707703097059	-2.347766372827961	-7.325946942196659	8.3018264321432
0.13953494234130825	-0.5220642772047807	-1.7450922048013626	1.8268464393391202
0.1439270140266966	-0.5195016752741477	-1.7836935002262193	1.8633731453277251
0.3954486658971488	-1.3494750831323594	-5.938795156404035	6.103011597324958
0.43256730541976585	-1.3265853885035974	-6.026355996594213	6.185782882093122
0.5764943194464625	-1.8460870637777451	-7.810049496820432	8.049156027420846
0.5764943194464625	-1.8460870637777451	-7.810049496820432	8.049156027420846
-3.552713678800501e-15	0.0	421.40659416049243	421.4065941604925
-1.0125233984581428e-13	7.016609515630989e-14	249.6266126797808	249.62661267978075
-10.107777631666385	-8.843381369356768	170.73547777484478	171.2628854530357
-8.066564059653095	-15.101663547872326	147.8754459660277	148.86364941547413
-2.0412135720132962	6.258282178515554	22.149715105015527	23.109552741363245
-2.1096757908755093	6.446605358912284	22.127871178097475	23.146512382444136
-2.1555369741345176	7.155777828729772	21.275282137445956	22.552117993858744
0.045861183258999634	-0.7091724698174634	0.5489807873084975	0.8980026419286153
0.1505376044762946	-0.7167405148439339	0.6521781329243233	0.9806706139397008
-0.5198576662987735	1.386804279256169	3.9929566016690163	4.258776881334007
-0.31448143379651194	0.41642883961726884	0.754134910977392	0.9170774310943293
0.30781309986556865	-0.7137971257897839	1.1055208264495295	1.351455341085401
-0.31730302865763144	0.41684990860899934	0.7545615175129444	0.9185903015022933
-0.31730302865763144	0.41684990860899934	0.7545615175129444	0.9185903015022933
0.30367194738502584	-0.7131653163157021	1.1043947769943598	1.3492624813121834
0.30367194738502584	-0.7131653163157021	1.1043947769943598	1.3492624813121834
-0.36265172789153577	0.9674320505847507	2.7854789971664218	2.970914723093981
-0.37238510991208607	0.9679961985816955	2.7871094405083707	2.97383024800067
-1.7403557290530445	5.776541594500088	17.17912819016117	18.210673140513713
-1.8001997614041123	5.7797533041964435	17.189602018655215	18.227385577698314
-2.1725848713161984	6.747749502778139	19.976711459163585	21.201215825698984
-2.1725848713161984	6.747749502778139	19.976711459163585	21.201215825698984
-1.0378304611720837	4.535568071964813	12.653678710124613	13.493116553380991
-0.6051331591016244	1.0924081931854712	4.583354166062605	4.8301956064507054
0.0015915370197146228	0.02579833997684633	0.7229738668932719	0.8758306011702588
-0.5470975838167755	0.7716920373074314	3.4352595757403783	3.757422372980953
0.6683494658568704	-0.6387621833085071	-2.694702849931576	3.0903103545219484
-0.5345447395688826	-0.22644744696439012	-0.5731340862240969	0.8276345754796529
1.0977150455470361	-0.6480718914558518	-2.7617596647024487	3.199265829640271
0.9312222663527068	-0.5867372811579604	-1.0883992750625981	1.7421788489237655
0.3164165902102343	-0.3891979553066521	-1.3663016894476325	1.4617094150215375
0.26542041859315757	-0.20938285384061242	-0.4778094454444842	0.6017232163915333
0.377237351972184	-1.0938814933844605	-4.461303812977954	4.611029845694302
1.0855225361548422	-1.1843997474080243	-1.311090249870018	2.1325419793205613
0.08277944567008505	-0.15461234055233702	-0.4098470812281054	1.0176177087029021
0.234474622945871	-0.2806274268492747	0.226437231511877	0.4521987463720093
-0.4403172648477067	-0.10610168293690042	-0.06947599540262814	0.676446218765538
0.010237682397862657	0.3891161056910538	-0.9384541040724146	1.1295716894909367
-0.17074004217034097	-0.6658514087428788	-0.6738670055740155	1.2361754744901392
-0.8247777771181062	1.322928755588326	-1.8449739915796033	2.5494518041846685
-0.443302254863104	0.26993636515603125	-2.5174624033366353	2.573950093341716
0.024290495265479384	0.7764037941662736	-3.2016494594494156	3.5054013526911243
0.3993448303697553	0.8578336880889651	-4.550185858161284	4.798118010571885
0.715058255458923	0.8641639193154277	-2.8307780188428326	3.1189351179093965
0.6393380324766076	1.2198523218056585	-4.165291999815391	4.448426344170219
0.008453745629087031	0.41877514789055	-0.9504379259087787	1.0473757404636097
-0.01489934344017313	0.32022790499953	-1.222113951377516	1.573747439911151
0.6418793351240952	0.12919249531781757	-0.319726723009546	1.0652063507763654
-0.30581268445854126	0.21729754765326295	0.7021964069658245	1.7194954836593812
-0.29187188456722174	0.3070289364142104	0.16734642013863826	0.4763828019877298
-0.13138963288489697	-0.4209291266441591	6.761626647439711	6.840642519351076
-0.0826449475352546	-0.5747288046945207	7.667611827666641	7.7465970024890325
-0.11155216799251241	0.15935821423929974	2.153085830368879	2.166355765903794
-0.008821561644881126	-1.2399429828487925	6.088862602252825	6.215303999820029
0.38298943506340033	-0.4732046951527065	3.071451655873928	3.1343099160988284
-0.8123541074492063	-0.7334672618794733	6.156258481067592	6.254349821584593
-0.8762552770873215	-2.173352356132227	17.919443388815232	18.106242077657036
0.3877478688150514	-1.4626945591751412	16.487421660201377	16.617887927133935
-0.8586976047405985	-0.7875434683656252	8.632464816162251	8.794070056111012
-0.4527749453331576	-0.2561267770889645	23.94101408174756	23.947071660735435
-0.08710544590834032	-0.2081234426453621	20.30689649536331	20.33877306677775
-0.14664566555385822	-0.2320410137409896	24.67519288169569	24.681657393185116
-0.619633306739636	0.6682988684367743	43.91172875244045	43.92395941604856
0.34160017262395104	-0.25826317984517555	156.86712704298765	156.8716790218401
-0.1904424246155928	-0.22790628732376458	573.9008143598384	573.9016581985729
0.42868860056381514	0.38883163841244883	1870.1227398209476	1870.1232439473335
-8.515431614513663	-13.866936322942987	147.97287498372108	148.86532547747296
-0.3850030452109943	-2.5239702442841856	35.02084986728529	35.11534534310876
-7.953142993508676	-11.83063627146057	125.20217253531816	126.0111123894491
-0.5036183026518263	-2.522202490420166	35.01435309519865	35.11024009420461
-0.5036183026518263	-2.522202490420166	35.01435309519865	35.11024009420461
-7.787991463452249	-11.584966391846242	122.602278332808	123.3944200915517
-7.592554979037708	-11.294246362900514	119.52562392569432	120.29788720855454
-7.998112622762396	-11.287128078207559	119.48630483577513	120.28443834963863
-7.998112622762396	-11.287128078207559	119.48630483577513	120.28443834963863
1.2748960313419617	-3.5069338868594815	88.09326002792197	88.17225418193988
1.0976104555478896	-3.0192636940579076	75.84311260904227	75.91112192685766
0.7505352661630904	-0.6140313643628073	24.986051194459918	25.004861367229125
0.181923659328175	-2.6509022093098578	53.45695561709831	53.52295285753175
0.22310235006118173	-0.7926481351349364	23.998792550118214	24.012915474559623
-0.236615175147459	-2.148974103120485	32.534817474091746	32.606570265967235
-0.3467849051727949	-2.1473702268760313	32.529448415973164	32.60209307558623
-0.3467849051727949	-2.1473702268760313	32.529448415973164	32.60209307558623
0.6659814559156995	-0.6128882579003766	24.985961815910414	25.002348913300697
0.14189709123330269	-0.7915582189689636	23.997369489354895	24.01084008541014
0.8078785471490022	-1.40444647686934	48.98333130526531	49.01318899871084
0.8078785471490022	-1.40444647686934	48.98333130526531	49.01318899871084
0.279905680664604	-0.0957524905000196	1362.9833055117126	1362.9836586474905
0.30187010213861315	-0.4603321120132716	367.55191791311637	367.5523566413458
0.3283820959530924	0.17430352380069172	326.0914381880039	326.09307769759977
0.05686298239667995	-0.14642837970022055	99.04518602702724	99.04806160551372
-0.44877307023398816	0.3319337661165203	62.3640939508087	62.3667481225681
0.611007522784212	-0.04629705312074023	69.40031485373896	69.40316026805284
-0.008048165261621481	-0.668925068159268	30.420801026242806	30.428475814324504
-0.5354738994826257	-1.0388956089465036	23.55270086063681	23.582095623562754
0.2662894898058593	-1.2671019121523803	21.01818267167635	21.07165372360278
-0.6931687278903309	-1.4242047052995457	14.263924021038385	14.360222356146798
-0.9354949034116629	-0.5453730782845175	17.450933300262903	17.491577152193898
-0.7844098088537013	-1.4043840406717725	16.667482539636953	16.765221997048073
-0.8082366102974715	-2.5361068942990888	26.824335102756685	26.972400503021994
-2.1151736803418055	-3.5857314425092808	39.911604247172164	40.13910728767647
-1.6348963118192734	-2.73975890166483	35.41026033656542	35.557922345315546
-1.107292715749333	-2.180459662922898	23.912970043938135	24.050417445295516
-4.440892098500626e-16	1.1102230246251565e-15	-143.03428655761968	143.03428655761985
-0.1513088151072287	-0.3547426669508853	-829.3386669780267	829.3387683940701
-0.6985005085158509	0.6630218374444526	-5125.259261875813	5125.25948474183
0.3231664862380351	1.1571509273727159	12.508774218827702	12.566338659456688
-0.5422036576685811	-2.785938948426918	411.037278819478	411.04721008656907
2.1838326158931523	0.04533745728667782	-285.5151564356711	285.52351170242764
-1.1474776813649896	0.6038592482186687	-45.372269311837954	45.39079392924759
-0.09842151206216462	0.07153233419954914	40.281411581744344	40.28159533442985
-0.08837588157198153	0.05442612599270532	11.02740135090714	11.027889782439015
0.026361752695614894	-0.03495899962750998	1.9339145166685427	1.934410099084852
0.3042435223764924	-0.05934669325049986	33.08410863308576	33.08556075082795
0.7684086325314623	-0.44589125800137597	81.29969106054249	81.30466479338722
0.06360944980456423	0.3991671355961537	55.45513731239744	55.45677464928426
-0.07708130599020621	-0.1710269259066311	2.3570243273185767	2.368593507039529
0.16947821724839576	-0.11762329661736533	2.248060731909021	2.2618167355646115
-0.04201354285500028	0.08027833210303084	0.4695993796636001	0.47826072990463214
-0.04345458310313202	-0.17504893780853914	12.303644740699163	12.305758169314672
-0.5335883828286379	0.4373377120344222	16.44859046607697	16.463644461123287
-0.3324201211167007	-0.03240923644689767	2.1061878373871097	2.1370681989088944
-0.1313209128524334	-0.042814381240216394	2.2630817695245042	2.2715847186155185
-0.48050143951729407	-0.00678215586764893	2.9167980807875993	2.9591989246251478
0.026473300893231858	-0.12410381468056614	0.29991863765261123	0.3256589960216818
0.040902605791830554	0.009104634111133297	0.3172171113281877	0.31997283203775123
0.06707178642970824	-0.0236442674927363	1.1140253708935508	1.116293063184867
-0.008158013572105102	0.08638907303482209	0.9716719389943625	0.9755388163237398
2.024684024386791	1.9246942654028616	64.39991189798151	64.46047196446563
0.7992301387395683	0.08841952856015077	56.636524522864526	56.642232449443014
0.24326459588843363	0.9802105508333767	34.11128929930544	34.12623694532081
0.0	0.0	-16.197976583313327	16.197976583313327
-0.25312634845562443	0.5990670901750801	-3.141779050060533	3.2083843170998985
-3.1336601772381556	2.94446684064809	-45.38695127425842	45.59018597301389
-1.2434497875801753e-14	-2.6645352591003757e-15	249.62661267978078	249.6266126797808
-0.46546709444360085	1.6464063167542555	4.833246468219936	5.128918443377566
-0.3567419347733113	1.8215662199345686	5.211149805608198	5.533504332565654
-0.21562143195517133	1.067595535275988	2.6092824362964775	2.8306937774377685
-0.2762726512373535	0.4841725674897124	3.098089856928793	3.186319249060954
-0.32886050786427073	0.6082356256957587	1.4852643091338114	1.6438763573897506
-0.43404586525268485	0.6931471206133459	3.1658681559296835	3.454896783854352
-0.11305171856409058	0.07854491669408548	0.2693914198106946	0.30252558912660116
0.3529154030822453	-0.37343908274130344	-2.0433286388622465	2.3069438097938164
0.31543406277462505	-0.26532310056720354	-0.6513742110693292	0.7833665447281314
0.799545122607899	-0.6727109503560584	-2.6509122237501512	2.85282804051401
0.29816992293913724	0.02463905890020668	-0.1108474409522976	0.34643778912626166
0.275879646661917	-0.16075840649122036	-0.513619005901672	0.6206747238476223
0.09555103890605161	-0.01738339869034293	0.05154011588878382	0.17767484918210125
0.5597915807847381	-0.4085954759763971	-0.6263203850497101	0.9438292758940419
0.263745540706088	-0.31218702873070797	-0.9347331559994085	1.0201708308291653
0.0526710495041463	-0.07701092657594416	-0.4315685334482241	0.4415385841923723
1.0855225361548422	-1.1843997474080243	-1.311090249870018	2.1325419793205613
-0.21229133837983247	-0.1327151399459022	-0.4079753853995305	0.6904640091372297
0.2950707840499175	-0.02189720060643482	-0.001871695828574882	0.32715369956567236
-0.4403172648477067	-0.10610168293690042	-0.06947599540262814	0.676446218765538
-0.15150711102939257	-0.24553750080599418	-0.0504955921853166	0.3244574836934296
-0.17606988903312715	-0.04049716621159066	-0.16635794897054235	0.28248075754109775
0.15683695789217877	-0.3798167417252939	-0.45701346441815643	0.6292372332556119
-0.05695498320832931	0.7749437152823152	-1.014098552368102	1.2851681955226322
-0.7678227939097769	0.5479850403060108	-0.8308754392115014	1.2642836086620364
-0.15826899525054697	0.1592433512236665	-1.2598506451669038	1.2796996397178617
-0.28503325961255704	0.11069301393236478	-1.257611758169732	1.2942504536238546
0.07700020414629449	0.603497943017852	-2.995280175845885	3.197598147888616
-0.0527097088808151	0.17290585114842164	-0.2063692836035302	0.3078032048025081
0.38372479479283955	0.7404088164523317	-4.323613625382259	4.5424472014114015
0.01562003557691571	0.11742487163663329	-0.22657223277902516	0.25567080916048407
-0.03242424327855575	0.07524018001106147	-0.7531502289961145	0.7703424359187176
0.7474824987374789	0.7889237393043662	-2.0776277898467184	2.348592681990679
0.4135359847661033	1.1990464948454642	-3.131704525024084	3.3816826469161754
0.22580204771050424	0.020805826960194118	-1.0335874747913076	1.0667436972540436
0.048314731148995864	0.38282102243866667	-0.816572798812211	0.9031485947655532
-0.03986098551990883	0.035954125451883354	-0.13386512709656784	0.14422714569805653
0.5023853593758736	0.20918006852937773	-0.020056543529224008	0.5621649226192615
0.17837042161856959	0.02607542581782154	-0.1653412945391582	0.2816264613275032
-0.03887644587034794	-0.10606299902938171	-0.13432888494116382	0.22141496682960055
0.037344734098682525	0.32183645098892105	0.8509213433480565	1.308370072959217
-0.3431574185572238	-0.10453890333565807	-0.14872493638223194	0.41112541070016434
0.05637946639575016	-0.32073150464655403	1.5508423975516816	1.5846638395406638
-0.06520102804063128	-0.9192114782022383	4.5380202047011435	4.6306401602793645
-0.4646469636875146	-0.7704627455106255	10.720724103734135	10.759317577633347
-0.4116083133998068	-1.4028896106216013	7.198719285081097	7.3469245000236905
0.3468791562174752	0.015495566253029058	7.441333679402104	7.4507376799009455
0.04086871259757621	-1.4781901254281702	9.046087980799275	9.167150247232989
-0.47562715382394066	-0.5629765879781964	6.79159771919834	6.895601061574423
-0.38307045091665787	-0.2245668803874289	1.8408670969639123	1.8984689945365905
-0.144795329765526	-0.2040604731690986	16.1158215467899	16.145126270088735
0.05768988385718567	-0.004062969476263514	4.191074948573414	4.193646796689018
0.274297642965713	-0.11672124932882841	131.27791243280615	131.2816038382964
0.06730252965823798	-0.14154193051634711	25.589214610181482	25.59007518354368
0.5596323996782242	0.43325899188696027	1586.6471863857169	1586.6476224288974
-0.13094379911440898	-0.04442735347451145	283.475553435231	283.4756215184361
0.066447434639382	-0.4052907320773853	342.1434781465018	342.1437531123574
0.21345824602522204	0.3095382415773657	1020.839827365211	1020.8399055351333
-0.04297919033179758	0.004997085783299656	7.924332641050576	7.925679767224238
0.37136128628489	0.16930643801739206	318.1671055469534	318.16739793037556
-0.27000263090557086	-0.09162917499581676	69.2331177373916	69.23384554356947
0.32686561330225083	-0.05479920470440382	29.812068289635665	29.814216061944276
0.21730180915621344	-0.2112004345562114	9.042960937149271	9.049113105466573
0.04898768064964591	-1.055901477596169	11.97522173452708	12.022540618136208
-0.6931687278903309	-1.4242047052995457	14.263924021038385	14.360222356146798
-0.9354949034116629	-0.5453730782845175	17.450933300262903	17.491577152193898
-0.5864090156108299	-1.0715220728454113	8.613016244160985	8.700319746610786
-0.19800079324287134	-0.33286196782636124	8.054466295475969	8.064902250437289
-1.5635613518205658	-2.745417451325862	34.8910757905463	35.03382952097298
-0.07133495999870788	0.005658549661030986	0.5191845460191227	0.5240928243425662
-0.2640088968065092	-0.2807990220362552	4.120635549468707	4.140974028512467
-0.729635607641125	-1.381290950133795	16.180868347118295	16.256700558862924
-0.11364821130169885	-0.5183696907528474	3.611466147351129	3.652742857920125
2.7930254896356355e-14	-3.552713678800501e-15	-143.0342865576196	143.0342865576198
-0.5116634884464893	0.43388886204490373	-3502.2471173147223	3502.2473072512953
-0.1868370200693616	0.22913297539954885	-1623.01214456109	1623.0121774905347
0.3231664862380351	1.1571509273727159	12.508774218827702	12.566338659456688
-0.3025472038461885	-2.655345082353051	332.2222786092607	332.2331917445699
2.1838326158931523	0.04533745728667782	-285.5151564356711	285.52351170242764
-1.1474776813649896	0.6038592482186687	-45.372269311837954	45.39079392924759
-0.006017676652844181	0.08201331838233245	19.430060610864818	19.43023462901837
0.06962712645740841	0.3171538172138213	36.025076701532626	36.0265400202659
-0.22698142322189882	-0.060288185825020914	1.175707880139033	1.198934631770611
-0.25352001629539533	0.053506029957371984	1.7410902006485662	1.760264292854537
1.7608861943190561	2.2973800740114143	65.0682654046451	65.13261731392328
0.6913254085235963	0.28848118799029976	55.30796890543854	55.31304165077506
0.24326459588843363	0.9802105508333767	34.11128929930544	34.12623694532081
-0.2303491922881914	0.6131913083867736	-3.108699196486368	3.1769600289118953
-2.9971988598598713	2.742427547288969	-37.56329955754202	37.78234486512597
0.0	0.0	249.62661267978075	249.62661267978075
-0.18804720616619622	0.8530515358518201	2.331508824393063	2.489777514716683
-0.27741988827740455	0.7933547809024352	2.5017376438268717	2.6391409286608827
-0.35852853132070595	1.6277322085476922	4.628777811409793	4.919719390159782
0.0017865965473946172	0.1938340113868765	0.5823719941984061	0.6137849424058714
-0.029686027971248065	0.4697968010865898	1.0699726657869102	1.168944737829402
-0.18593540398392325	0.5977987341893982	1.539309770509567	1.6617490396083665
-0.13243196512431124	0.38220531993143336	0.821317053848732	0.9155221651676911
-0.19642854273995947	0.22603030576432537	0.6639472552850791	0.7283541922220593
-0.45806946787836156	0.6256863949625867	2.6603355475729527	2.9255848852535338
0.024023602625676807	0.06746072565075922	0.5055326083567303	0.5293118986008182
0.1912832170843905	0.03727210856578006	-0.13379421741688635	0.23638818039252824
0.10688670585474674	-0.01263304966557338	0.022946776464588745	0.11004960873373343
0.48962174286952015	-0.2923752328302323	-0.5096376748951552	0.7648158520426069
0.07016983791521794	-0.11622024314616483	-0.11668271015455496	0.17901342385143493
-0.21229133837983247	-0.1327151399459022	-0.4079753853995305	0.6904640091372297
0.03726385856526101	-0.08312676580076528	-0.030434166653806327	0.09604630574664867
0.11957309932691775	-0.29668997592452856	-0.42657929776435	0.5331909275089632
-0.6139725177114188	0.4215445809515861	-0.5798975398154996	0.9438978985666912
-0.15385027619835817	0.12644045935442477	-0.2509778993960019	0.32038571009534533
0.27847643945850115	0.5263397698548241	-3.6311662248167975	3.797728612975734
0.10524835533433838	0.21406904659750753	-0.6924474005654605	0.7447185884356672
0.6122990382034492	0.6485599357959844	-1.8065542994721269	2.0147403156351906
0.1351834605340297	0.1403638035083818	-0.2710734903745914	0.333852366355488
0.22601988218362648	0.030720029704984872	-0.7725974922194121	0.8055653867632969
-0.0002178344731222498	-0.009914202744790754	-0.2609899825718955	0.26117831049074663
-0.0730943668607199	-0.010757420599409456	-0.0676182403361057	0.10015355705552076
0.034217920990371964	-0.09530557842997225	-0.06671064460505813	0.1212614097740798
-0.270258728724692	-0.07250568816764515	-0.04992839257049578	0.284235289246821
-0.07289868983253187	-0.03203321516801294	-0.09879654381173616	0.12689012145334333
-0.2380673094194958	-0.829548762331857	3.912611231749761	4.006663679885664
-0.17354100398031108	-0.5733408482897445	3.2861080533313367	3.340260820138027
0.028662649731415333	-1.3667280239940764	8.115353302632915	8.229685672345898
0.012206062866160883	-0.11146210143409399	0.9307346781663605	0.9374645748870917
-0.010734717032363995	-0.010340218071833569	0.010157276665600012	0.018036754940940366
-0.3723357338842939	-0.21422666231559534	1.8307098202983123	1.88043223959565
0.03511562681964251	-0.06896386928084329	2.0083443735422812	2.0098348800963874
0.022574257037543153	0.06490089980457978	2.1827305750311328	2.1838119165926306
0.2153120040794941	0.24066023127920044	751.8778797293214	751.877949073429
-0.001853758054272056	0.06887801029816527	268.96194763588954	268.96195646170423
0.18667957785380684	-0.05175952162870688	11.687444327612884	11.689049714323122
0.14018603544844394	-0.0030396830756969292	18.124623962022778	18.125166347621153
-0.022531945744813105	-0.7853859542132198	8.756946441850918	8.792124303665178
0.07151962639445902	-0.2705155233829494	3.218275292676164	3.2304163144710314
-0.2430570530409781	-0.6352147442368545	7.873695013587946	7.904247431237748
-0.45011167484935277	-0.7889899610626911	6.390229007450438	6.455974924909049
0.010634064911643835	-0.032652707416455484	1.3832802880232347	1.383706485448346
-0.20863485815451516	-0.30020926040990575	6.671186007452733	6.681195764988943
-0.10816323181380186	-0.2501653699187653	1.533372330651554	1.5574057600480284
-0.005484979487896981	-0.268204320834082	2.078093816699575	2.0953370978720964
-1.7763568394002505e-15	-1.7763568394002505e-15	-142.32396985381803	142.3239698538181
-0.2760135812629353	-2.4266776893415374	303.75525812535653	303.76525589162924
-0.2545833960985482	-2.2453906760706843	281.17945352231175	281.1887276814268
-0.7480595641001173	-1.288407494830949	278.36918135880774	278.37336369943023
-0.7480595641001173	-1.288407494830949	278.36918135880774	278.37336369943023
-2.42548719886554	2.2193131723253834	-30.398150567903627	30.575413276972355
-2.3744650556284643	2.1912823770536094	-29.22635083655547	29.40441099525398
-1.9473096825933478	1.7970807277276415	-23.968664367575236	24.11469232039594
-1.6974642344743192	1.9533951480427072	-24.080781380677696	24.219437841033976
-1.6974642344743192	1.9533951480427072	-24.080781380677696	24.219437841033976
7.835549054947774	-32.83347607415421	192.70831988039015	195.64235106752153
2.551505615294559	-33.660828828248725	173.06596822744828	176.32751043672556
3.3350401114609696	-34.20059477939523	176.57565727781153	179.88820394595214
10.551933783765383	-27.88647258834701	177.54633646527324	180.032497767035
10.01103593953156	-26.3985920611199	177.7349129399898	179.96334566010276
9.360256171854338	-26.679631214803557	177.32963385805832	179.56953015919396
0.07238842626972469	1.1065561990733594	1.8118274158732453	2.1242469938487396
8.766950261705434	-24.988525481187665	166.08947996901315	168.18739898991362
2.7767024197592622	-6.711389547537779	48.34156201297751	48.88525691700153
6.127112588152592	-18.486954051147983	118.65419536845931	120.24240498798112
3.1962325617455543	-6.701015839908627	51.82971927205443	52.35979579501287
-0.41953014198609356	-0.010373707629631378	6.4591999846897945	6.472818365755484
-0.441403433898912	-0.010055711849054617	6.458457343204025	6.473531444488742
-0.441403433898912	-0.010055711849054617	6.458457343204025	6.473531444488742
3.0200582221217696	-6.6974835574736105	51.819733833486474	52.33899838782763
3.0200582221217696	-6.6974835574736105	51.819733833486474	52.33899838782763
0.6913254085235963	0.28848118799029976	55.30796890543854	55.31304165077506
1.7608861943190561	2.2973800740114143	65.0682654046451	65.13261731392328
-0.2303491922881914	0.6131913083867736	-3.108699196486368	3.1769600289118953
1.8409407925064705	-4.285698933397647	35.81051097876801	36.11325510820236
-0.012260332334547847	-0.5109719063455967	2.285039917803449	2.3456619141893844
1.0465092036627213	-1.2540067863206985	18.7009429035862	18.792824549592726
-0.07325924657099692	-0.2491653114406137	10.07542530865944	10.119570290083004
-0.2966286760501493	0.47969243027115294	9.47132869517906	9.489132754690335
1.201440246207583	0.10515912776914824	23.748145414242153	23.77915910010804
-0.10151120845884909	0.3088688709208768	22.49651377705903	22.499295909231765
0.08067518198273871	-0.1515775332053905	12.583205579701012	12.5851510392001
0.35981704920162505	1.2879270329783215	29.640437238129994	29.680217549945905
0.724328270314224	0.07247578324094617	14.212153013360505	14.231423578050961
0.7272124226968437	1.583892544296021	31.26784093351583	31.316667283471425
-0.38034250213809256	0.08751873166111163	8.468883591189195	8.492581538167398
0.2174128072206237	0.38516748448471627	6.2003421122663305	6.2359827085304795
-0.07169807401981032	0.6536243268972922	-0.911692897681357	1.2292945238276782
0.08725106679575802	0.10263268730815411	-0.13883639197699668	0.23588421163418596
-0.3505937117589616	0.25102634930988527	-7.098454526674699	7.154752471072163
-0.27324478179202727	0.3389699625529037	-6.866755982826316	6.957180832567614
-0.4637644626219266	0.5289994913131049	-4.815820070683729	4.8689342444420785
0.02262662866261947	-0.37729275896656916	-6.153354277578832	6.217626125065905
-0.6006102238508532	0.8636138855527274	-7.358727665610146	7.450171149244143
0.12140500715134457	0.06713998898439648	-29.423901320898892	29.428369574923416
-0.3776088095247504	0.6712154140905214	-20.592089076568357	20.606927735178505
0.2404953977293785	-0.14681039145028785	-41.7934085852611	41.80199252222735
0.17645783479356528	0.3513181622931373	-57.593328701712835	57.60009803579088
-0.2411157593996497	-0.08864554400461547	-33.597649141245626	33.612280124787496
0.7579019928045986	0.3593893419837905	-76.98549335127865	76.99440157642753
-0.2631188766637329	-0.26926793072945193	-6.817170277777533	6.828984341971326
0.8002400021721666	0.3918995940011224	-27.3518551372503	27.36672118809414
-0.1458434533767598	-0.06928211506537728	-13.537606057455386	13.539288307592598
-0.42500821186458354	-0.06250175324629802	-3.4797310589153785	3.5087442614262354
0.22930010058989175	-0.10369439469594792	-7.462850291453205	7.507401568079531
0.4813325369208681	0.49986291739800515	-4.751315892095724	4.803751288177786
-0.014701200085505335	-0.7506346706468413	0.13023783218825963	1.062929859982537
-0.28118360781427054	0.10050106346341617	0.1661973446696097	0.36914228603067967
-0.26830761032509437	-0.2114154340828271	1.1626987454725235	1.2193331918102501
0.29928432092256096	-0.004076148240749622	-0.1617815379732832	0.36775096283158787
-0.09682650953365395	0.3530208475886193	1.3510125344725266	1.4066676028765774
-0.007195945120037348	-0.24770143714932064	4.355082297698556	4.431903732873011
0.10916326022959154	0.25835764225286073	13.401463966697136	13.405078192229098
0.009391930409884296	-0.3943796998538303	8.96036088036982	8.970056313249955
-0.34728723619123286	-0.10284777269864581	35.897030846387786	35.907848781323395
0.2900335364078705	-0.48745872652022526	54.514118042423995	54.53021811718836
-0.3758048487148616	-0.4606165950890143	134.44097267592832	134.44761960512423
-0.3975248843150556	0.06883130052688127	23.118641652190245	23.122555551330557
8.526512829121202e-14	-7.105427357601002e-14	-142.32396985381808	142.32396985381803
1.4210854715202004e-14	4.440892098500626e-15	-34.557107493807564	34.557107493807564
-16.603609011781465	11.437993929504614	-106.27842141784288	108.17448542246962
0.0	0.0	-6.604106376322523	6.604106376322523
23.787330636179398	3.7245177370631035	-21.890706117237016	32.540930310608076
-7.835549054947774	32.83347607415421	50.31418642306775	60.58836798858149
0.12322740269609617	0.10930899749456104	-0.36490291485452153	0.40035932233160004
-0.01797904736175778	0.10476004910294646	-0.327544485710939	0.34435926610406714
-0.5094218296784798	1.2169418549154667	5.270713536419848	5.433311997465026
1.175116166096801	-1.8014913894571625	7.781267768492718	8.073066165658123
5.362848098997475	-16.177317181082522	103.82237564848752	105.2124532372757
0.43658589616824983	-0.8771126891966179	7.516011786145866	7.579602039933647
1.4043548963382209	-3.4085862442010297	28.29449919262214	28.533653068268713
1.068315978744333	-1.0064286711288626	16.686579553241785	16.758393437298142
-0.021806775081611898	-0.24757811519183603	2.0143633503444143	2.034431112294584
-0.2483885648564974	-0.3330458344966969	5.531329345105236	5.569186335825856
0.1751293182855005	0.08388052305608318	4.544095963554203	4.550383954257148
0.1466614019883918	0.3223830079278062	6.047144812536363	6.059115491498673
-0.09504667310651348	0.3405113265824892	5.076414629585138	5.090623450027077
0.3082023203197468	0.6250326984680261	18.5168777960085	18.530478608420157
0.679718152158009	0.03287247074054393	13.151104354111922	13.168699370038304
0.044610118156214976	0.03960331250040223	1.0610486592485813	1.0627242080126562
0.320789217284729	0.6078260124215403	13.298188950391877	13.315937351295517
0.40642320541211474	0.9760665318744807	17.96965198312395	18.000729932175908
-0.3225390269936186	0.17474816045070177	3.7241870163856152	3.7448120195051295
-0.057803475144473954	-0.08722942878959014	4.74469657480358	4.7477695186622695
0.2174128072206237	0.38516748448471627	6.2003421122663305	6.2359827085304795
-0.07169807401981032	0.6536243268972922	-0.911692897681357	1.2292945238276782
-0.008313517011331754	0.08779032930064619	-0.037558944837698977	0.09584847844976421
0.09556458380708976	0.014842358007507925	-0.10127744713929769	0.14003573318442178
-0.07287302684880088	-0.11784117463444227	-1.0532557563715437	1.0714590490126648
0.09621714221749587	0.1201774551128009	-2.1300558977964403	2.1401678139368627
-0.37393782712765666	0.24869006883152675	-3.9151428725067166	3.9431256081226382
-0.012063009466199377	-0.2638974649598924	-0.8090597303935432	0.8624643879338512
-0.26118177232582784	0.6028674275127961	-6.057696252432772	6.094716444633762
-0.16923407957686062	0.16179519273557302	-1.2727214781327112	1.3015827303259992
0.1918607082394801	-0.5390879517021422	-4.880632799446121	4.916043394739907
-0.6006102238508532	0.8636138855527274	-7.358727665610146	7.450171149244143
-0.013691904220941839	0.004015457889512286	-0.14051756418153338	0.14124014297206433
-0.36391690530380855	0.6671999562010092	-20.451571512386824	20.46568759220644
-0.0030574706906113247	-0.053609460677692934	-24.46437595235076	24.464833002603136
-0.08144911057889773	-0.06641174173223775	-4.886455051278915	4.889577408132858
0.3250019789988876	-0.02678918904035719	-12.442577581631427	12.44758211149136
0.05030203846959032	0.4470818246233462	-17.867143321504045	17.873351748036775
0.12615579632397497	-0.09576366233020892	-39.726185380208804	39.72674628775411
-0.2747300198363315	-0.13296391945216113	-30.972210738178955	30.986252545875907
0.033614260436681836	0.044318375447545674	-2.6254384030666684	2.626027578911591
-0.09508230239728083	0.14218914148255077	-27.58087923976542	27.58176277578371
0.8529842952018794	0.2172002005012397	-49.40461411151321	49.41263880064382
-0.39502238153917	-0.06899605414305006	-2.8277296921201582	2.85602141958042
-0.029985830325413486	0.006494300896752035	-0.6520013667952201	0.6527228418458154
0.13159559428932466	-0.22437856828938207	-4.744363334771717	4.753538301052192
0.17400359780363087	0.021396520784355184	-1.9855255435265098	1.9981307594966167
-0.0762990915030638	0.09928765280907897	-0.7329614131549784	0.7557325075307214
-0.229625604311365	-0.3097806798270213	0.31982764012093623	0.520059123595364
0.21492440422585968	-0.44085399081982013	-0.18958980793267657	0.5428707363871732
-7.664948709616703e-05	-0.05303981869447652	0.12236143301890037	0.13336247048073768
-0.26823096083799824	-0.15837561538835057	1.0403373124536233	1.0859707213295124
0.17189501416322608	0.0810196772283844	0.889397130454451	0.9201190817241967
0.02202460345943959	-0.264769855767017	2.2991028829866	2.318607774320126
-0.201115562742703	-0.06395125861068805	1.166582284257505	1.1931768768286886
0.049934182901847195	0.09813733650830835	2.690523235396193	2.692775452882364
0.05922907732774434	0.16022030574455237	10.71094073130094	10.712302739346732
0.06508895220943105	-0.12221843490746119	3.2255542586766355	3.228525080156251
-0.05569702179954675	-0.2721612649463692	5.734806621693185	5.741531233093705
0.13617067200763494	-0.2712637232415811	17.40596864391237	17.4091743249708
-0.4834579081988678	0.1684159505429353	18.491062202475415	18.4986744563526
0.21672192710764598	-0.4707199332029747	52.02070319418433	52.03176816380087
0.07331160930022453	-0.016738793317250512	2.4934148482396683	2.4984499533874907
-0.13699550835215016	-0.4411281140374872	113.09297346834319	113.09781961416661
-0.2388093403627114	-0.019488481051527104	21.34799920758513	21.349799990957603
-0.1025206710847821	0.08022387904126835	6.973949386301579	6.9751642562354235
-0.2950042132302734	-0.011392578514387082	16.14469226588866	16.14739129509513
-16.565221691758907	11.471579325135355	-105.80866213287973	107.7106567813041
36.86367982543569	-5.283596254338847	-15.098225835240104	40.18462022992136
-26.338836251474234	29.93631109118561	63.89424307576247	75.31527942625469
-0.09043262021039045	0.2349530274819962	2.5388194723392967	2.5512713099649496
-1.2027218235680346	2.1778449861767424	4.657568478912764	5.280387552487388
1.0382514198911532	-1.591673271961147	6.874990356082549	7.132803250602791
5.009419625145776	-16.169459419434002	103.79415071808442	105.16596562665099
1.068315978744333	-1.0064286711288626	16.686579553241785	16.758393437298142
-0.2483885648564974	-0.3330458344966969	5.531329345105236	5.569186335825856
0.19421389209301165	0.24820488832406534	8.722166772895816	8.727858724605802
0.11398842822673518	0.3768278101439607	9.794711023112685	9.802619883814355
0.012621125640361837	-0.012658019012150377	3.0042641162947654	3.0043172932821367
-0.0704246007848358	-0.07457140977743977	1.7404324585088151	1.7434522253801328
0.023206288172627224	0.2809688810126484	-0.11727769175912853	0.335731865917729
-0.09490436219243754	0.37265544588464383	-0.7944152059222284	0.8935626579099493
-0.08049000059236068	0.00865291745414934	-1.030801121045991	1.0339750791607596
-0.293447826535296	0.2400371513773774	-2.8843417514607252	2.9091505289618786
-0.027441046150269974	0.20720221805107786	-1.6737673353921931	1.6867669854502694
-0.23374072617555786	0.3956652094617181	-4.383928917040579	4.4079494591834925
0.13297744157394004	0.017270482166260783	-7.301008391770572	7.302239711638213
0.19202453742494757	-0.04405967120661798	-5.141569189860856	5.145342399853147
-0.5450847545995893	-0.009428256485006052	-14.774346101378413	14.785059647831416
0.27035473476325783	-0.12353566296715507	-16.197864636800542	16.201192898044493
0.056996027552587536	0.0528207168192539	-4.294605884819085	4.295308869127437
0.795988267649292	0.1643794836819858	-45.11000822669413	45.11732993151638
-0.0533939311600842	0.0432699752383744	-0.6467971484950542	0.6504381246077064
-0.022905160342979604	0.05601767757070458	-0.08616426465992436	0.10529438292301495
0.20742512998268947	-0.32365727376405684	-0.10614064648443045	0.3988045288670253
0.007499274243170179	-0.11719671705576318	-0.0834491614482461	0.14406620752014787
-0.1510066155664141	-0.03795225364578014	1.07029323610773	1.0815595142014023
-0.05010894717628893	-0.025999004964907913	0.09628904814977521	0.11161736262728639
-18.214973093472146	11.138409503774792	-100.22118215236662	102.47069660682288
3.5061031582149624	0.09279131001975857	-6.363993509689946	7.266483535702527
37.37157378233322	-4.83923547398638	-15.632561311172674	40.79742271380181
-23.5951109251156	28.046197104229535	52.10363280123455	63.703272935255626
-0.09904296956795822	0.2350946965036046	2.5392140266987546	2.5519966495919766
-1.2195146919898443	2.1795326948473774	4.660566741383848	5.287576117918397
0.5389781060025145	-1.882082683899445	7.187547574642188	7.449400832652842
1.26353780304402	-2.019227458127903	14.519262501416762	14.713354168660043
5.009419625145776	-16.169459419434002	103.79415071808442	105.16596562665099
0.8777747450287162	-0.688054190797234	13.619220425123013	13.665524206757375
0.19054123371561676	-0.3183744803316285	3.0673591281187695	3.0928692305407677
0.10232763612878647	-0.12958478777593707	2.265694658151825	2.2757097896516507
-0.3507162009852839	-0.20346104672075982	3.2656346869534114	3.2934765461742055
-18.218375860645434	11.147769701952313	-100.2608675649331	102.51113331341425
3.504737990976916	0.09654655839345971	-6.356660425154333	7.259451865262137
35.51522202583149	-4.598856962645581	-14.856047781995798	38.77089935258043
-21.250508242673714	30.097510106554882	52.242033510609275	63.92710129913386
-0.09904296956795822	0.2350946965036046	2.5392140266987546	2.5519966495919766
-1.2195146919898443	2.1795326948473774	4.660566741383848	5.287576117918397
0.5142417653232939	-1.881145931684907	7.184109429921298	7.444097185729201
1.214110999482828	-2.0181306826440895	14.516773718050514	14.70658478887524
-21.426233505383966	30.580888251459132	52.1049173493974	64.1030156893027
-21.006771181742984	29.982204845822913	51.084857071467326	62.84806810802733
-20.428379840335484	29.156687800433215	49.678308737525576	61.11763661508734
-12.421026246663535	18.955629400893137	30.54695935506186	38.03713192190113
-8.011169919779011	10.174474192498941	19.13517784964435	23.107632936216525
-11.637293632563573	17.75977324214984	28.621284940229593	35.63878505691376
-11.745762640615032	17.77773241873775	28.64255521589102	35.700358251105435
-11.745762640615032	17.77773241873775	28.64255521589102	35.700358251105435
0.5142417653232939	-1.881145931684907	7.184109429921298	7.444097185729201
1.214110999482828	-2.0181306826440895	14.516773718050514	14.70658478887524
-0.7910599380653578	1.1001060003382772	1.6531912815418814	2.141791318349746
-8.053585805117102	13.058114827477937	21.981255329994724	26.81998561019499
-1.9270824353110005	3.375193323558049	5.722189906424887	6.980279561010347
-0.5354287014007426	0.01342035054785684	0.8600291873041929	1.1270466474408347
-1.2294602063278375	1.7761578637334847	3.442787987408999	4.094717816186322
-0.26142515999558186	-0.2896591697936474	2.3272181851514544	2.5573006963595177
0.3735727998427819	0.43848595524374934	3.7744050070065707	3.8204946442894885
0.7827165832390099	-2.2487504211966813	11.83547822075241	12.073371029700622
0.3721598914022996	-1.2592125514442474	8.757327997230478	8.89011752966462
1.1959485115990809	-5.246795878074999	33.32957388948418	33.77062341706919
3.747096547913515	-10.59343652406404	67.65391285773008	68.58085034960556
0.06503503906792285	0.004739753553345001	1.0555162718306468	1.057528544139392
0.03729259706086362	-0.13432454132928207	1.2101783863211781	1.2181812455122587
-0.35417153402332513	-0.20282332415109233	3.2643034824610493	3.28971913724249
0.0034553330380412616	-0.0006377225696674875	0.0013312044923626948	0.0037574089317152534
-17.316317281211564	11.664673363981805	-97.71209672279693	99.9183776631566
-0.6452144583335664	-0.5098282640968099	-3.0146176084954686	3.1247633320886217
3.2478938698765765	0.08947116046080694	-5.890813658795295	6.72744418343143
35.47904680956772	-4.49934759979475	-14.770502184502941	38.69334084983723
-8.082495384987864	10.184773608372863	19.14503328535465	23.145140842075154
-0.2973552020753816	0.527869057743985	0.7458850133275987	0.9609424079680982
-0.4937047359899763	0.5722369425942923	0.9073062682142827	1.180848910381648
-7.558933980606232	12.288517886639163	20.82047374173612	25.3354474465291
-0.4946518245108698	0.769596940838772	1.1607815882586041	1.4845381636658914
-0.8236241652154765	1.2103114552841463	2.5465232253374195	2.9791956689015597
-1.103458270095524	2.1648818682739037	3.1756666810874687	4.001083892108788
-1.2294602063278375	1.7761578637334847	3.442787987408999	4.094717816186322
0.24608122310799657	-0.07098242342922279	1.6341131675635165	1.6599397886991814
-0.5075063831035784	-0.21867674636442463	0.6931050175879377	0.8973609076603365
0.04483633475097182	0.010898019994546468	0.48214850717342983	0.4843513670087755
0.3287364650918101	0.4275879352492029	3.2922564998331407	3.336143277280713
0.42930219247583046	-1.4310570415752568	7.446767198046038	7.595167301027748
0.3534143907631795	-0.8176933796214246	4.388711022706373	4.478203728672874
-0.03467095020021682	-0.23784594238039675	1.8743984659001907	1.8948937070357255
0.11953830156866656	-0.005654448285989128	0.9552552667095333	0.9727866095931021
0.2872925400338499	-1.0157121607778619	5.927674264620755	6.022437213035793
0.41693958129464065	-2.5331344705346437	13.78196410588473	14.01972265278654
0.7790089303044404	-2.7136614075403553	19.54760978359945	19.75090076428265
-15.326504626772692	9.640019052031853	-85.64750528790445	87.54105193244848
-2.0549406919269626	1.9731921758070083	-12.368887357097531	12.69273977762762
-0.37153559595351937	-0.2935757955957483	-1.735915454587185	1.799340966102547
2.9575927039858207	0.08147410660499499	-5.364284732140941	6.126136084041688
35.32524731550778	-2.050079242409309	-14.01694990291185	38.059831941072574
-0.2656628295810439	-1.8505849517492197	0.2665079963389848	1.888456490040025
-8.082495384987864	10.184773608372863	19.14503328535465	23.145140842075154
-7.558933980606232	12.288517886639163	20.82047374173612	25.3354474465291
-0.8236241652154765	1.2103114552841463	2.5465232253374195	2.9791956689015597
-0.015033315521401185	-0.051811481519726726	0.2958179804362271	0.30069703647060236
0.3023258555552511	-0.9639006792581352	5.631856284184528	5.72174017656519
0.050948095893062074	-0.1998447707633501	1.2039969870290026	1.2215328017091893
0.7280608344113784	-2.513816636777005	18.343612796570447	18.52936796257346
-15.32197215911684	10.047568342781808	-85.65078408970572	87.58928116858253
-2.054372159955918	2.0321681943268826	-12.367731256793109	12.700823948937051
-0.3064075584659154	-0.24211365945249064	-1.4316195323848717	1.4839269191858477
1.2212427501469127	-0.6531748186647542	-5.013879948181343	5.20164044636873
1.4626710914588634	0.5183964567686873	-1.6291069378678888	2.249918003659041
34.014413879178946	-2.3527772088805237	-14.438296078956679	37.026751218576074
1.6011346022195885	0.3106950203270273	-0.10518275060952326	1.6343888218862352
-0.26184650347396676	-1.8240007447081048	0.2626795291583228	1.861328247009677
-0.25075527056117863	-1.746740148044537	0.2515530111385491	1.7824865407395727
-0.2541178178278099	-1.7430929839555953	0.24705566615239463	1.7787595448038467
-0.2541178178278099	-1.7430929839555953	0.24705566615239463	1.7787595448038467
1.4280582186920032	-0.5588708479182585	-0.942459476018138	1.7999768788967916
1.4267337075173803	-0.5524037409001437	-0.9412680111953424	1.796302990596631
1.4267337075173803	-0.5524037409001437	-0.9412680111953424	1.796302990596631
32.57526442757414	-1.8711669576258303	-13.484710084918763	35.30561604594938
32.54055269234626	-1.7559857234262108	-13.432247218541383	35.24764276833635
32.54055269234626	-1.7559857234262108	-13.432247218541383	35.24764276833635
1.2905763739685767	0.2504321948872329	-0.08478136235235922	1.3173805603105884
1.2885529907755162	0.25375472925586656	-0.08194877505806167	1.3158555674502286
1.2885529907755162	0.25375472925586656	-0.08194877505806167	1.3158555674502286
0.8675141548192237	0.281327292712195	-3.5921095880606817	3.7060730088698963
0.867647779167834	0.29849805314211003	-3.589911023376136	3.7053171135790786
0.867647779167834	0.29849805314211003	-3.589911023376136	3.7053171135790786
0.6642868235787003	-0.8742392859371545	-1.442171748377824	1.8125756990744786
0.6638110319415881	-0.8665755214066401	-1.4430393438877436	1.8094089555533082
0.6638110319415881	-0.8665755214066401	-1.4430393438877436	1.8094089555533082
1.4617924136809717	0.5275324449800939	-1.6253390842086006	2.2487451344823346
1.4617924136809717	0.5275324449800939	-1.6253390842086006	2.2487451344823346
-0.3063636964765598	-0.23525222163407006	-1.4327012788110909	1.4838582400652307
-0.3063636964765598	-0.23525222163407006	-1.4327012788110909	1.4838582400652307
-15.32197215911684	10.047568342781808	-85.65078408970572	87.58928116858253
-2.054372159955918	2.0321681943268826	-12.367731256793109	12.700823948937051
-9.230779412215925	6.2964855253657115	-52.33738905179245	53.523666263662456
-0.13292340477948417	-0.010333422631186306	-0.3752969281525873	0.4220224879579435
-1.3868914561189032	0.4045517143366766	-6.0395898025877885	6.211542060475061
-3.1758533970988907	2.944581205356685	-21.43566535709141	21.86924398238112
-0.4832802791938065	-0.0925490133047411	-2.6375442256307418	2.6864445445010388
-2.2186313012690047	1.481912380015894	-10.616279926496263	10.98665465078622
0.10410668251259411	0.6718257038623592	-1.5955774393091942	1.739981358361755
-0.0481125778778847	0.12030224457618904	-2.1025574035787002	2.3065833760009045
0.3840540734382905	-0.28217367106529395	-1.9725112266790366	2.165517937212616
0.21182658632189363	0.6174322016044331	-3.917904725464127	4.179083156458616
1.4044016558035577	-0.6178223548134327	-2.297214939900136	2.7659943488610694
2.6764523898802275	0.8478459188492395	-1.5393198363890068	3.248366555456075
4.154475019791734	-1.056569386942532	-1.6685115079244108	4.662696496129822
1.4440402765318365	-0.00804799022894473	-0.6155462191824117	1.5755741298785755
5.445287710891326	-0.3651878270828255	-2.319039269790454	6.01754905997459
1.2175259216504764	-0.04521008877424748	-0.569733731746397	1.3522165625399996
1.725171210876717	0.3428883196809889	-0.332416129578508	1.795485554025831
2.2267728742205017	-0.33871035778861586	-1.2624584966586967	2.585831274565931
7.810054924393668	-0.37922003354564837	-3.343486181959042	8.608447905484022
7.3906780840270985	-0.49872650663139023	-3.0096229857768533	8.058892158154944
0.8599063679126797	-0.9653684057859604	-0.24157842836634746	1.96370874033904
-0.16676420542602638	0.00047540113735760557	0.13855360035585648	0.2578515295459496
-0.05088662088915483	-0.41787603719152916	0.15040379944995608	0.46830643646377046
-0.09844900041325692	-0.09468025781004849	0.38321907545062234	1.0980092563231494
-2.077690588940486	2.198458348033985	4.295784748091465	5.255783831004415
-3.5902792049790975	4.986605495360857	9.340267009892528	11.213151594370407
-1.4862598004507654	1.3900601561582824	3.2940173629972724	3.8744374565609188
-0.6781831315353536	1.0600359207947032	1.454117087746716	1.9280935669855763
-2.6717003708682965	4.206743785124067	7.511980952656624	9.015694847256851
-4.887233609737936	8.081774101515096	13.308492789079498	16.31975259927225
-5.404353670050127	3.746824965470705	-32.65523380841493	33.31110191482719
-3.8264257421657994	2.549660559895007	-19.68215524337752	20.212564348835265
-0.18184595284393654	0.030500163721104034	-0.9119131455187087	0.9303675593670272
-0.30143432634987	-0.12304917702584516	-1.725631080112033	1.7560769851340114
0.11963044778869965	-0.3213046854779169	-1.3093475916985486	1.3606686024653383
0.22334761989569182	-0.04614451995308032	-0.27714675166083735	0.38510204217963384
0.041076005753899004	0.08527553436570329	-0.3860168833196506	0.419747292567644
0.19074477214643226	-0.08859205684040007	-0.06637290777383975	0.26099285128670074
0.021081814175461344	0.7060242584448332	-3.8515318176902866	3.9180903051719156
1.210604154663478	0.39666337905278776	-0.645981281320479	1.4351570841850367
1.17595163434619	0.3845535402378769	-0.7706343786112899	1.4642748382829531
0.2898966008705597	0.06662899955857489	-0.12270417645723797	0.34893463298808564
0.9050951997592702	-0.0690868138100216	-0.6114234814399933	1.1033081015862687
3.2493798200324644	-0.9874825731325105	-1.0570880264844174	3.5593883945435536
1.1658555374489512	0.022617892839956657	-0.4466490265935571	1.2486897357766158
0.27818473908288543	-0.030665883068901386	-0.1688971925888546	0.3268843941019596
1.6322232168760447	0.3173080714012107	-0.5501605897195666	1.7569842063223338
3.8130644940152822	-0.6824958984840362	-1.7688786800708876	4.260564853652257
1.372845446392488	0.39944703862893494	-0.7799506846441884	1.634645347384855
6.437209478001179	-0.7786670721745832	-2.563535497314853	6.973802558099166
4.467029616509848	-0.15350247826992922	-1.3235254590537995	4.663594754186377
2.9236484675172525	-0.34522402836146115	-1.6860975267230547	3.3952974039685677
1.2207087378802992	-0.7463040730498116	0.03883779968822465	1.438084751248227
-0.3608023699676197	-0.21906433273614867	-0.2804162280545721	0.525623989090813
-0.1865807829539135	-0.35703183429613927	-0.1747122495263732	0.46074751687136295
0.08813178254065657	0.26235157648609075	0.5579313249769955	0.6372617394517864
-1.0347362598694028	1.1350257897210216	1.8274069807526259	2.391204451531441
-2.555542945109695	3.851579705639836	7.512860029139904	8.821947142838969
-0.2335995666149605	0.3051181874593221	0.5561591389974938	0.6760021107449248
-2.438100804253336	3.901625597664745	6.95582181365913	8.339692736511926
-1.4363444022604597	2.4083077787577816	3.849424132742412	4.7624676117397255
-3.4508892074774766	5.673466322757315	9.459068656337086	11.557284987532524
-0.31472105067867584	0.24025252302973038	-1.5750395473974257	1.6240443929980273
-3.511704691487124	2.309408036865277	-18.10711569598009	18.58851995583724
0.014515957098306055	-0.03641210138162285	-0.11453967738828022	0.12106152086322372
0.026560048655592954	0.12168763574732613	-0.27147720593137037	0.2986857717044203
0.001047311839237182	0.29669945538630793	-1.2675282179640195	1.3017908614764757
0.020034502336224162	0.4093248030585252	-2.5840035997262665	2.6162994436954397
0.09313805225480981	0.08748597430672668	-0.06158273503279711	0.1418482489575976
0.19675854861574987	-0.020856974748151784	-0.06112144142444087	0.207086384030488
0.05895765294265052	-0.006495087554979444	-0.033562657945546547	0.06815161781808733
3.190422167089814	-0.9809874855775311	-1.023525368538871	3.491236776725466
0.7173657781467075	-0.1005059227847223	-0.28185096926622355	0.7772741273496432
3.095698715868575	-0.5819899756993141	-1.4870277108046641	3.483290726302614
3.506043958089712	-0.35835736574286037	-1.4104176699396695	3.796056143067116
2.931165519911467	-0.42030970643172283	-1.1531178273751836	3.17774641503205
1.4245995566368443	-0.10495657182795962	-0.7890746286373336	1.6319125430913621
1.4990489108804081	-0.24026745653350157	-0.8970228980857213	1.7633848608772056
0.09488605172895812	0.10561224603930208	0.3424880561134007	0.37074975105387803
-0.006754269188301562	0.1567393304467887	0.21544326886359483	0.2665119883979084
-0.0822056168993602	0.15240062451593964	0.24464113673805932	0.29972153674226115
-2.473337328210335	3.6991790811238965	7.268218892401845	8.52222560609671
