0.0	0.0	6499.999932280723	6500.0
-0.9020397665893587	-0.04243300438735081	269.3707957146101	269.3723093790865
-0.11078356325464016	1.354438804781858	1.3477946508781247	1.9139822085696205
0.510638681994692	-0.9137510261182629	345.82156570307257	345.8231498875195
0.23886857523478533	-0.0967402014673805	5777.528730781676	5777.528765575109
0.26331607261454426	-0.30151457280894656	105.59436589805674	105.59630843833699
0.0	0.0	-6499.999932280723	6500.0
5.7432825859816	1.406764045139131	-2317.9432247977106	2317.950766876974
-2.4925028931464794	-0.44094085667029503	-2187.9250539924597	2187.926518164463
-1.4059366012805006	0.10927808570397213	-10.799671274511766	10.891349735654932
-1.0512331018821968	-0.6294658084731827	-797.4632628911096	797.4644146307861
-0.7936099896722661	-0.44563546569994983	-1185.532039792654	1185.5324351036184
-4.440892098500626e-16	-8.881784197001252e-16	269.3739592818243	269.3739592818239
1.1102230246251565e-16	0.0	1.6311856513307248	1.6311856513307248
-1.201816424156732e-14	1.3961054534661343e-14	345.8515004369575	345.8515004369574
0.23886857523478533	-0.0967402014673805	5777.528730781676	5777.528765575109
0.26331607261454426	-0.30151457280894656	105.59436589805674	105.59630843833699
-1.873076200290273e-12	8.881784196937704e-16	-2317.9360129642896	2317.9360129642896
6.086476700592701e-13	3.3306690739077814e-16	-2187.625671838865	2187.625671838865
1.199040866595169e-14	-1.3988810110276972e-14	-10.845778998267491	10.845778998267576
-1.0512331018821968	-0.6294658084731827	-797.4632628911096	797.4644146307861
-0.7936099896722661	-0.44563546569994983	-1185.532039792654	1185.5324351036184
-2.220446049250313e-16	-4.440892098500626e-16	269.1855230393753	269.1855230393751
-5.551115123125783e-17	-1.1102230246251565e-16	1.1484643393425813	1.1484643393428087
-0.5737498377984339	0.6743488550618382	-0.05362697237012526	1.0182392188787048
1.509903313490213e-14	4.524158825347513e-15	345.85150043695774	345.85150043695774
0.6775521774034323	2.6758549842529	128.74951336940615	128.7790995065144
0.1968921656708038	1.56880327877953	116.02755673988514	116.03832915584263
0.6434031186393984	0.8394889165685232	15.589316368260151	15.625155808625406
-0.19164993681170472	1.5505282797555717	116.02736722033067	116.03788524325172
-0.19164993681170472	1.5505282797555717	116.02736722033067	116.03788524325172
0.5624652234454186	0.7338841036955186	13.628234089037605	13.659565051305592
0.516812731254146	0.7317438731324258	13.629992882548681	13.659401541553011
0.516812731254146	0.7317438731324258	13.629992882548681	13.659401541553011
-1.4988010832439613e-14	-4.579669976578771e-15	-8.845995566700367	8.845995566700367
2.7755575615628914e-16	1.3322676295501878e-15	-5.418978313862155	5.418978313862169
-0.8894402101948933	-0.2671749521237316	-3.36245948790814	3.4883549346901646
-3.7192471324942744e-15	-1.354472090042691e-14	-5.418978313862127	5.418978313862183
4.884981308350689e-15	-5.995204332975845e-15	-1.6445287268813402	1.644528726881326
0.2901300833593158	1.0795868037468954	-3.53343837470986	3.9981082876739436
0.0	0.0	-1.2577179687834885	1.2577179687834887
-1.670782413220075	2.1239945123118718	9.363195803617288	9.745373374967881
-1.7044945669883713	1.9985501050558852	8.787099098783793	9.17129297444799
-1.6534828208528813	2.170402810385181	8.789764689918501	9.203511129037759
-0.7776710909295754	1.339864245474649	3.051925831282034	3.4226100861207556
-0.9916519662079011	0.5282370087280126	12.357439099733176	12.408412834165706
-0.7472500906557522	1.3490022731897822	3.021487670242003	3.3922820596879504
0.3867811347971421	-0.10740100887241383	-0.2502081159017711	0.4730102791746616
-1.2548943295004071	1.4200977567809105	2.8147822282852313	3.393292856459168
0.2803153335860745	-0.37388951449948804	1.3661715228230453	1.4438818113227876
-0.0038265470379398314	0.3256287021067222	-0.24417637838672235	0.40702677781688656
-0.05407616518081365	0.2090689395016484	-0.29736539741620255	0.3675054185797847
0.22556127315235386	-0.1172740014600275	0.9076046074631622	0.9425376400191761
0.22594712265494835	-0.11772276348592464	0.9115698866495897	0.9465043103574129
0.2250291430109619	-0.1199666233975632	0.8960036901599241	0.9315861305933365
0.10500367857659443	-0.140055750434387	0.5117559343893632	0.5408655305407124
0.10532520586391811	-0.14042970254750461	0.5146974694142787	0.5438082248084528
0.10420523328456083	-0.14166403934236418	0.5069158977662122	0.5365548975592438
0.32923437629552277	-0.2616306627399274	1.4029195879261362	1.4681410281525804
0.32923437629552277	-0.2616306627399274	1.4029195879261362	1.4681410281525804
-1.6724635416572664	-4.283225148118969	75.28392700096794	75.42421903244819
-1.5792799087881093	-4.401685531281558	67.36417995254057	67.52630377286206
-1.5935809656001716	-4.454900392819432	68.5948922639113	68.75787142212494
-1.203423300950238	-3.1405040967788294	68.76868891687027	68.85087921710536
-1.0875830646656495	-2.8382025405963116	62.14908867577374	62.22336742585684
-1.0814872193549236	-2.836371436987122	61.97170519800134	62.04600601716576
-1.4267998459765652	-2.6139166040519335	61.43835861304876	61.510488755000154
0.1850762838867865	-0.13653401482795685	2.526928509865084	2.537373142056833
0.18519164908245064	-0.13666819024758586	2.5306270212804636	2.5410720694128868
0.18823664600264103	-0.14328639704059748	2.517420711891283	2.5285116308086155
-2.255973186038318e-13	2.0539125955565396e-14	140.4193238314046	140.41932383140488
-7.105427357601002e-15	1.0658141036401503e-14	140.4193238314047	140.41932383140477
-2.042810365310288e-14	-1.8041124150158794e-16	19.463737303773947	19.46373730377396
7.384258832955865	-8.855506083336913	120.32160289287793	120.87384079781509
7.361266714391527	-8.853462795626237	119.81109455397355	120.36411603686221
6.781819269218195	-11.141873025848922	119.73452022506284	120.44392778654527
6.619076162311373	-10.874310236944016	116.86716048632192	117.55954232858986
5.980479203168356	-9.554821265307309	97.60017430754854	98.25021509276893
0.7195348543372462	-1.2138841587640448	21.228068458000465	21.274917993145326
0.6484265357479467	-1.2172180964642973	21.22945099642397	21.274201899864273
0.8366631817505877	-1.3605044935048949	23.746871708315254	23.80271353067289
0.8366631817505877	-1.3605044935048949	23.746871708315254	23.80271353067289
5.653346130885065	-9.570054000877994	97.61279364792667	98.2448662262208
5.653346130885065	-9.570054000877994	97.61279364792667	98.2448662262208
3.590675267188505	-6.871094599509904	69.4815132647904	69.91447054184961
0.4577575235097557	-0.5076441294045342	5.501797223486956	5.54585403573854
1.569770504787151	-2.646812591345404	31.748448744628345	31.91158353079281
1.3554943510641273	0.29014321277269756	11.613509274320334	11.696778422681572
-0.20604445191541854	-0.9829855915089352	16.272270369276328	16.31243812502005
0.17560522559351846	0.6343580684243367	35.407203038210426	35.413595611405924
0.4693897754617734	0.27539634325705137	9.561862156473289	9.578353595033095
0.17354154861388835	0.6002800223279293	156.55559725861798	156.5597743872247
-0.5100628296086761	0.3987109054599529	329.0497406833309	329.0510274345364
0.08306194140676038	0.019692990444091497	23.03161176565328	23.032192848460202
0.6795530083492528	-0.25529063025033594	4292.122226420161	4292.122290076943
-0.45546680584226645	0.038588793630623654	1049.602895629778	1049.6034145352776
0.06364787741369465	-0.050170032206350974	-156.2743050581851	156.27553254524682
-0.6131289203152134	-0.34092843263058065	-762.1070724158311	762.1080751798064
-0.48828423099799223	-0.055577017694534665	-130.24487068799863	130.24587260490648
0.5275105749901401	-0.5350269383224893	-89.37484183177595	89.37810186665875
-0.7978795323195998	0.536232458954044	-10.328755010525148	10.451731292377525
0.3474859946232353	-0.05705175752294141	-21.08327669495291	21.086679145857474
-0.09878043196072056	0.23461414504289704	-9.838042559513829	9.886084895371777
0.38532753254831514	0.24763867395868688	-4.51948820146184	4.610745892454964
0.028563759632527903	-0.5867865465867734	-0.24438273905541874	0.8053429115400503
-0.4187077911152095	0.0708307549674161	-0.6901136427295806	0.9508973457589015
-0.3136057156483509	-0.03537621959492477	0.15883869632024591	0.37821865851496256
0.9324015291673357	-0.10302719142078136	1.8380702804582492	2.1350946564893794
-0.2978108503179373	0.05181309043698153	7.891929939387911	7.898870404527152
-0.10265271702314403	0.21405859317470302	9.45791888929155	9.494076295434576
0.3156190042651972	-0.3383936190642486	85.42071714197445	85.42341984701021
-8.201494440366328e-13	4.4408920984683144e-16	-2317.4105409422255	2317.4105409422255
-1.6653345369377348e-16	1.6653345369377348e-16	-1955.0298703578178	1955.029870357818
-0.19541521245780888	0.2272775422645736	-1.9881976856622572	2.0106646223949127
-0.6074492886975049	1.0746658986026336	-0.4366856431597191	1.4016403900075174
-0.6074492886975049	1.0746658986026336	-0.4366856431597191	1.4016403900075174
-0.4680027369555275	0.6164773305151837	-2.710248159672999	2.861509372734581
0.3973971199258182	-0.13214236297886156	-0.764161538703652	0.8825013978192358
-0.3823708247800748	0.38266822818581425	-0.12046271799896949	0.5715185664819293
-0.27149235203773325	0.03449675448225101	-2.2929296401487167	2.43721468436345
0.4856409986081802	0.1840605104032882	-20.216031395564816	20.229503228042525
-0.2440819141095752	-0.41592865200241447	-10.394703530833368	10.435657369098836
-0.014524199655336491	0.20977738754574293	-15.832192911594827	15.852182917475993
0.17859453629636904	-0.2268807825858401	-3.388877364733457	3.404018283735335
-0.6860599363964098	0.09052752853152085	-66.54176468722281	66.5495188887491
0.2801243981094521	-0.16191885424713676	-51.895972853028844	51.89716914766145
-0.4861495037943607	0.3367105790185132	-141.4061681854276	141.40747362153246
-0.4477579757905045	-0.4726475767386244	-482.3364355493393	482.3377875430987
5.551115123125783e-17	-5.551115123125783e-17	0.9835625719606469	0.9835625719611016
-0.4893917551745636	-0.8680674666232823	-1.3496601137748598	1.6776852623055447
-3.3306690738754696e-16	-1.3322676295501878e-15	345.85150043695677	345.8515004369569
-0.7685771061473803	-0.23086942684244594	-2.9055459300495965	3.0143338587442856
0.2914500023999663	1.0840334591769798	-3.53684303376744	4.002415556888586
3.747002708109903e-15	1.3988810110276972e-14	80.27864872509006	80.27864872509006
-4.3298697960381105e-15	5.551115123125783e-15	80.27864872509	80.27864872509
0.0	0.0	80.27864872508988	80.27864872508988
1.6724635416572664	4.283225148118969	3.7370037553384634	6.112147661425184
-0.9874686971078832	0.5294936021546499	12.28560083419413	12.336589713516544
-0.20603979983474097	0.1103045048386801	1.3763016730503388	1.3960035021964696
-1.0843538540490367	1.2991297692439683	1.304278122379919	2.1365165243090853
-0.04269982616464768	-0.18938323777937666	-0.2587788842512988	0.32350548193290063
-0.10982204446502367	0.45124004928894784	1.186226632333041	1.2738964191758126
-1.4260031393250796	-2.614843213231322	61.45373850574978	61.52587152016812
0.0	-1.6653345369377348e-16	19.463737303773954	19.463737303773947
3.590675267188505	-6.871094599509904	69.4815132647904	69.91447054184961
0.42626349256022034	-0.6747197511095282	7.585320553407536	7.628384809772889
0.47209873961808746	-0.9534892399848935	11.248275733799748	11.299289603099133
0.6714082726088428	-1.018603600250981	12.91485245742105	12.98390911792078
0.05107025565922359	-0.2047027730951477	3.8742413839275502	3.882328849757939
0.009233632796011922	-0.25658965858588245	4.3545712214435826	4.364221996632676
-0.266348340370654	-0.521693159827905	8.043457763905195	8.06588727862944
-0.004545644803718357	0.566620200348168	140.23435642309	140.23752728569542
0.1780871934176067	0.033659821979761376	16.32124083552797	16.322247101529268
-0.004097245742189587	-0.09058188332660047	107.18630343726103	107.18643265915004
-0.5059655838664865	0.4892927887865533	221.86343724606985	221.86459477538637
0.12289476295400989	-0.28396714409914237	-80.76287732372573	80.76359064488013
-0.059246885540315236	0.2337971118927914	-75.51142773445936	75.51194190036671
0.055299471459530444	-0.3313626221473431	-101.86390614923178	101.86455573448156
-0.6684283917747439	-0.009565810483237625	-660.2431662665994	660.243519445325
0.38887652906516035	-0.4630208706758404	-73.77535065483771	73.77782849559753
0.1386340459249797	-0.07200606764664887	-15.599491176938242	15.600273371061217
-0.8255309097442902	0.48623366372273535	-10.004810458476792	10.09440184228997
0.027651377424690544	0.049998795231308554	-0.323944552048354	0.35732945008755423
0.4737148783902039	0.19008814723513104	-4.299437902120154	4.331880117087139
-0.08838734584188873	0.05755052672355588	-0.2200502993416863	0.27886577536782503
-0.4187077911152095	0.0708307549674161	-0.6901136427295806	0.9508973457589015
-0.29449822062477854	-0.0055207729834989075	0.10292257666540564	0.3120140023667886
-0.019107495023572257	-0.029855446611425862	0.05591611965484026	0.06620465614817395
0.20050768016565446	-0.005595995937423048	0.4443726464196221	0.5071306328372623
0.19348100043335748	0.03073462636026974	0.23242960682798605	0.33448889640227253
0.5384128485683236	-0.12816582184362804	1.1612680272106408	1.2934751272498446
-0.06104089786453748	0.06881743479435468	2.5792325465465327	2.5808724028337178
-0.23676995245339977	-0.01700434435737315	5.312697392841378	5.317998001693434
-0.2604593575618084	0.24894759363848085	3.276920174351143	3.2996211290524573
0.17229670205273712	-0.09873904858874628	2.9471100119770473	2.9570885615499924
-0.014490061514072748	0.06385004812496853	3.233888702963361	3.2373666048321263
0.3156190042651972	-0.3383936190642486	85.42071714197445	85.42341984701021
5.551115123125783e-17	2.220446049250313e-16	-2103.8371668100676	2103.8371668100676
8.326672684688674e-17	1.6653345369377348e-16	-1955.0298703578362	1955.0298703578362
-0.45455857319304105	0.24736172040476084	-1.965442961282116	2.032431389060462
0.05818994084235523	0.10251439507564732	-0.31013766226439204	0.3599450303418354
-0.10648006618718253	0.1363003280492674	-0.37687436509078576	0.43752697732156764
-0.22320222669290601	-0.20431796864266372	-1.6059176127935393	1.6397426767000471
0.5285598560743628	0.10324460137860067	-13.61406630999119	13.625429029828904
-0.04291885746618257	0.08081590902468758	-6.601965085573628	6.604074198213622
-0.09395638443853632	0.14941084678820094	-4.218024680066875	4.224022181507571
-0.0180303145062278	-0.18335124256714963	-2.0276000851063594	2.0407314033001556
-0.13209521516481104	-0.3819882562234657	-4.149078765660134	4.170903784291108
0.06672507420621523	0.46355049174514085	-10.741796448120756	10.75290667734472
-0.08124927386155172	-0.2537731041993979	-5.09039646347407	5.099276240131273
-0.7509881344918362	0.1010793487005662	-40.54515014346406	40.55247070344574
0.06492819809542638	-0.010551820169045344	-25.996614543758746	25.997048185303367
-1.1213252548714081e-14	5.218048215738236e-15	0.895913876800364	0.8959138768001367
0.769849383778593	-0.6308740817803883	-2.7868609260424506	2.9592674772431025
-0.40745435001708935	-0.9643714508940234	-1.505975775798606	1.8341195108113384
-0.45607134894538326	-1.5364519170010755	265.4143903065675	265.41943441913884
-0.7330777817640095	-0.22020594414418393	-2.7713434971946223	2.8751066886978984
0.9101754666108937	1.2698896239686144	-3.4597342517979817	4.081764340349384
3.2500623220081857	2.27769101896969	1.9067442420508638	4.65150030414129
-0.8771763488588763	0.47035340567500217	10.913397573856045	10.95869140355154
-0.20582218514686507	0.11005140821022912	1.372556252532274	1.392258866272049
-0.9666835034116936	1.158152675005287	1.1627423465665379	1.9046690995785245
-0.03626825934603596	-0.1968634675990487	-0.25674703543731586	0.3255605192847617
-0.10885369613764588	0.4501138123643279	1.17917894655561	1.2668522247065674
-1.339838141543762	-2.7771121340018916	61.52540854986472	61.602625068077565
0.0	0.0	13.667900816639586	13.667900816639586
6.543625532825188	0.8798092709865649	-10.054801825037316	12.028804562712345
2.1679244022139788	-4.557219102084424	44.86776273532173	45.15089982288441
1.422750864974526	-2.31387549742548	24.61375052946866	24.763570718965198
-0.004178591891541444	-0.015188465361691616	0.0626366176839659	0.06458711934377227
0.4304420844517618	-0.6595312857478366	7.52268393572357	7.563797690429117
0.026791624452373784	-0.04022519297793032	0.886887100035364	0.8882030091707894
0.44530711516571375	-0.9132640470069634	10.361388633764387	10.411086593928344
0.3354680522769363	-0.13222256843028962	2.4777767704842923	2.5038768631968207
0.3359402203319065	-0.8863810318206915	10.43707568693676	10.480032254723959
-0.012017758788121616	0.0019820248727840384	0.9633935287030754	0.9634705216538019
0.0630880144473452	-0.20668479796793174	2.9108478552244748	2.918858328104137
0.023430170281425036	-0.020541337055670454	0.16093280474859792	0.16392158811975183
-0.014196537485413116	-0.236048321530212	4.193638416694984	4.2003004085129225
-0.24432160042137974	-0.4257862311208604	5.994131295580929	6.014199609898834
-0.022026739949274246	-0.09590692870704468	2.049326468324267	2.0516876687306054
-0.21457232814909433	-0.032534884672789754	59.251995490518155	59.25255732199254
0.21002668334537597	0.5991550850209577	80.98236093257184	80.98496996370288
-0.30630689415284207	0.23856959784612558	137.6726374558138	137.67318491052046
-0.19965868971364445	0.25072319094042766	84.19079979025608	84.1914098648659
0.003699096114006886	0.07694356088769964	-0.10510333939430416	0.13031004115559985
-0.09208644195589563	-0.019393034164143758	-0.11494695994738213	0.14855573421222518
-0.07533214630284321	0.06283667815214034	-0.5118356271376484	0.5395172606091287
-0.34337564481236627	0.007994076815275766	-0.1782780155919322	0.41138008514977265
0.42861726333179334	-0.08965784520736898	0.7760585004535009	0.8910769235926831
0.10979558523653025	-0.03850797663625905	0.38520952675714	0.40239820365716156
0.028052573571719842	-0.0313445919384945	0.6383764298896792	0.6397608119965461
-0.04254263508579259	0.09519464006346304	2.5955122730736817	2.5976057928355805
0.07009756327778541	0.054782050097968854	35.50262436653863	35.50299242674246
0.24552144098741177	-0.39317566916221747	49.91809277543582	49.92042742026775
2.8421709430404007e-13	-2.7533531010703882e-14	-2103.837166810067	2103.837166810067
1.1102230246251565e-16	-5.551115123125783e-17	-1955.0298703576218	1955.0298703576218
-4.884981308350689e-15	5.329070518200751e-15	-108.16920059161802	108.16920059161804
1.2434497875801753e-14	1.5265566588595902e-16	-108.16920059161804	108.16920059161806
0.0	-1.1102230246251565e-16	-44.6916459888249	44.6916459888249
-14.094461254896874	-0.11784977868748925	-57.936905164047886	59.62677843573311
-14.415017924930595	0.26657492875488487	-59.53191877019015	61.25286243457717
-19.443825229493225	0.7134802513770885	-58.913170660816654	62.04299372962832
-13.963780324460664	0.5123930799871055	-42.309091118412454	44.55680530384041
-4.119000246451618	1.3639845454836481	-18.41838623716781	18.92256770240443
-14.086895647034128	-0.1723222756427516	-29.579125567268015	32.762707355487585
-4.120216636191493	1.3591806607692436	-18.415096919149732	18.91928518045637
-5.931000709531516	1.1030969541109905	-39.7542741108864	40.20940067185927
2.1116842238058773	0.22933632818625468	-45.323404102852756	45.37315026403815
-0.11574423644584464	1.3798759080249083	-23.09142502757067	23.132906519798482
-5.156190466054848	-0.205202069273287	-30.808484415700818	31.237655481869147
-1.063853802544128	-0.6607022604010873	-11.580609338179674	11.648125387100746
-3.9734696264075478	0.4684095691136582	-21.779136623363367	22.143591859848485
-2.070565805013898	-0.04187853224962958	-14.139509561474517	14.290371835728614
-1.859660254437042	0.5149845047136242	-8.567770407330288	8.782382083168132
-1.8385173450255106	0.5202340146007541	-8.573019401176603	8.783362175776297
-2.293075918218552	0.7675957350055149	-10.53846236245872	10.81579356483676
-0.10386491607577136	-0.025264934474996958	-0.36591395844179153	0.3812076372372333
-0.11933731061713464	-0.17905303416766674	-1.2400036543517476	1.2585350394628136
-0.14871401103776818	-0.3422696981787201	-3.9268613032089243	3.9445537260899326
0.016618795872957167	-0.03971855804474555	-0.22221746245120869	0.22635005820117457
0.053329594312136026	0.03278180567245751	-5.0819769175779905	5.082362450987544
0.011598603783290348	-0.043333625841502854	-20.914637626180753	20.91468573431582
0.0	-1.1102230246251565e-16	0.8959138768002504	0.895913876800023
0.8127415937411316	-0.5547932495097795	-2.7194990734867166	2.8920614894214394
-0.42007206878488024	-0.8283895028556407	-1.1477305002311364	1.4764738441891547
-0.45565739300332453	-1.5363275706338522	265.2602906516558	265.2653362628917
-1.0002337275956856	-0.3761699404180277	-2.5502897846022683	2.765130976887125
0.14948559519433266	0.29694109051252543	-0.07951793677897306	0.34182313654133545
0.993474375056116	1.1730088799024923	-3.4650744695977775	4.0767244505953295
3.007945449229241	1.3767634840166976	1.0111174232426583	3.770354354705347
-0.716940006124053	0.38443258756773213	8.91981564894472	8.95683552366149
-0.20503489876932396	0.10646665938981724	1.386670505504084	1.4057843184891248
-0.9584886217290851	1.1486216229211288	1.1372185417678717	1.8791748408189002
-0.07396252292430533	-0.19402350756601	-0.2543873791509922	0.3283725246680303
-0.11270562773042343	0.44730229233557983	1.189258743080604	1.275585456660759
-1.339838141543762	-2.7771121340018916	61.52540854986472	61.602625068077565
0.0	0.0	-44.6916459888249	44.6916459888249
-24.4988577415406	-2.732437970908164	-17.577300832317636	30.27989023188325
24.4988577415406	2.732437970908164	-13.44644433986768	28.079656573581243
10.02589305412391	0.9089259891990545	-10.125553651296723	14.278358264585604
0.025084804794258567	-0.017728610132300215	1.8147322888385569	1.8149922399839664
0.04501275848352685	0.07251066023026907	33.687892077700084	33.6880001867585
0.2267694944282277	-0.24976458532299226	33.58295109083466	33.584645460702376
0.01875194655918405	-0.14341108383922527	16.335141684601158	16.33578195956538
9.007129220057323	-0.8004550077584849	-1995.5042393402503	1995.5247275666418
1.1324274851176597e-14	-5.2735593669694936e-15	-1955.02987035772	1955.0298703577203
-14.09457636616058	-0.20265571894437345	-29.614465232631613	32.7980899336638
1.452618216775053	0.15775944354562393	-31.177768770467647	31.211988934229783
-0.1059875251422202	1.2635586616304457	-21.144923201637845	21.18290799323902
-1.0747445067484938	-0.5476249958498953	-13.027502608765753	13.087386794630325
0.00879262037690566	0.30087506345231785	-4.5369724078485625	4.558905761644971
-2.0355886195485193	-0.03326163992535896	-14.14560266932415	14.291354108100343
-2.293075918218552	0.7675957350055149	-10.53846236245872	10.81579356483676
-2.220446049250313e-16	-1.3322676295501878e-15	0.6892280584079344	0.6892280584077071
-2.7116360253386405	0.49788732741129904	-9.229622812089275	9.632590460418669
0.8558459613566327	-0.6054553657052517	-3.097032371095302	3.269657171179094
-0.49403459170918557	-1.0224130104216507	-1.4021178793821285	1.804846368857185
-0.4556016621822967	-1.5363923883308601	265.2644307296284	265.2694765417981
-0.9415227509974569	-0.44445370552193075	-2.5558524177977464	2.7597800217699606
0.1541394781145344	0.29152839485394716	-0.08163447740446315	0.33972337514607337
0.5050473841364908	1.210325102104319	-3.506729923022703	4.033251103766025
3.02152746834855	1.4225197442177908	0.9965212435058215	3.794238428648447
-0.6184943006751954	0.33164471555980934	7.695002503446776	7.726939041132562
-0.6181415486728926	0.33123444756120307	7.683607882737008	7.71554569224403
-0.6087736295818709	0.3109577738628657	7.725636538679968	7.755821039515242
-0.8138085283511949	0.41742443325268297	9.112307044184051	9.161605358004367
-1.004223067513774	1.1482189362817263	1.2088029622157617	1.9462978437084901
-0.11270562773042343	0.44730229233557983	1.189258743080604	1.275585456660759
1.7898386634053987	-0.8293422330769005	-324.20589102042806	324.2118922916467
0.9400574384117075	0.6813376034949038	-164.56690853440944	164.5710038660825
0.844016140101145	-1.588653595958365	-160.00734351339537	160.01745580312922
0.9382979006667682	0.6827795047064598	-164.13871851346298	164.14282045234398
0.9393184026286292	0.6845896384967176	-164.5252381961462	164.52934384340847
0.9403439522996493	0.6833842730205149	-164.49971798545897	164.5038251169615
0.3341079354106437	0.5033055476310193	-51.71753088516016	51.721059013174454
0.6062360168884138	0.18007872538906544	-345.37798854130165	345.3785675447899
0.21264512903942112	0.11068552304669765	-345.47991214573733	345.4799953187718
0.21264512903942112	0.11068552304669765	-345.47991214573733	345.4799953187718
-6.661338147750939e-16	1.1102230246251565e-16	-1624.27310351181	1624.27310351181
3.3306690738754696e-16	8.881784197001252e-16	-1624.2731035117795	1624.2731035117793
0.0	0.0	-1624.273103511779	1624.273103511779
0.0	0.0	0.4492523327251128	0.4492523327250408
3.2532776588316534	5.40928481856595	-22.04068692928696	22.926754198722964
-3.2532776588316534	-5.40928481856595	-1601.7831642497667	1601.795601645781
-3.2365199724490594	-5.350698428200303	-1541.5419601989888	1541.554643887106
-3.2115691994699773	-5.355279674930898	-1525.6184217757861	1525.6312011946998
-4.892704143798773	-4.576306554426009	-1531.7676842547326	1531.7823342965319
-4.870054938056969	-4.5551220102903685	-1524.6768564773033	1524.6914387013326
-3.228978841503456	-2.961936116845664	-1307.9231729609323	1307.9305125801266
-1.5999369105723964	-1.553190742302263	-217.14290960594366	217.15435844517333
-3.232132270343186	-2.959351953546218	-1306.1614655231506	1306.1688169838428
-3.2303033352282	-2.95610784684618	-1302.8745024992247	1302.8818606061045
-3.2284653536365795	-2.9582680928285185	-1302.4651618594553	1302.4725226262633
-4.711464878733601	-3.217472841654285	-1301.5228526705923	1301.5353572057618
-4.711464878733601	-3.217472841654285	-1301.5228526705923	1301.5353572057618
-1.6048558442189176	-1.5491597879195353	-216.93521646105052	216.94668377125012
-1.6020029463831804	-1.5440994088456819	-215.6588212848613	215.67029896213435
-1.5991359372614653	-1.547469107957241	-215.63487779484333	215.64635962146085
-1.2899147928557355	-0.8854781781591852	-209.84529860350153	209.85113127588698
-0.16535556900872578	-0.5158205504300293	-7.218149805170762	7.238445959896012
-0.9338973110104475	-0.6410855151988526	-151.9278336673429	151.93205651763265
-1.106885231361555	-0.6698963384142829	-151.71381930675193	151.71933602761607
-1.106885231361555	-0.6698963384142829	-151.71381930675193	151.71933602761607
0.8061825416128536	-1.5174411162070727	-152.83490533117936	152.8445643306366
0.8020326032244469	-1.514040335969547	-151.7109785302876	151.72065311307563
0.8044394968915043	-1.509771064846987	-151.107009386501	151.11669271563738
0.8068582957740702	-1.5126139663166285	-151.69707472198314	151.70676155178498
-0.1151925455350154	-1.289383537758693	-119.71933677255727	119.72633535062775
0.9329206370375872	-0.461148163736597	-34.123521511408406	34.139386621371514
-0.2512490917583876	-1.31050085241867	-119.20462634203152	119.21209452036823
-0.2512490917583876	-1.31050085241867	-119.20462634203152	119.21209452036823
-1.2106118820634109	-4.232408859102714	-20.734513514297078	21.19667229907037
-0.30147419176577017	-4.399336916792405	-20.646784594104034	21.112431552784024
-0.32448210202778804	-4.388675938199602	-20.73283615259586	21.194722457616972
-0.31871701713519784	-4.310702178813196	-20.364475125229404	20.818155080062297
-0.3701316271243992	-2.18910083537346	-7.160642806599164	7.496930391335567
0.08924820847747868	-2.192813823190869	-20.3762705008414	20.49411616121449
0.03861643941546333	-2.1513222386173574	-19.55231672986495	19.67035251612971
0.06798200407819621	-2.099234537806689	-18.6107863921658	18.728928889089072
0.09749281957535683	-2.1339196624575525	-19.245852901238816	19.364038108614245
0.08662302384685505	-1.8960019272788906	-17.100069339256223	17.205077688399932
-0.07905701122921897	-1.5525249827292085	-25.88214453470866	25.928786889258284
0.5191444648228216	-0.5181964933008415	-4.146624838754661	4.2110017970077624
-0.30100070233778403	-2.0701746218274	-25.737297453471115	25.82217466822105
0.16085354810893918	0.16143521025751917	-1.2138404042101318	1.2350480630093488
-0.2996251331584492	-1.3232722456955008	-19.871725252538035	19.917989084468488
0.23343749675283726	-0.07680019051156006	-0.7554469301539832	0.7944126122059778
-0.24124142855534206	-1.0654249313271253	-15.999603695616225	16.036852750085387
-0.04215737093062858	-0.5027361389795622	-12.827622461806556	12.837539440718533
-0.2915326743912997	-0.6222738266843062	-3.2885502429547877	3.359580139846655
-0.05688533724508571	-0.5011631375118002	-12.622835122075578	12.63290809556904
-0.24383088067425768	-1.0678039122745804	-57.68413256970793	57.69453014812652
0.612137447099632	0.38262039440347106	-16.640241799029855	16.655892583423302
-0.6028859194334473	-1.1932873819036598	-43.55697348969234	43.577486685092595
-0.6526954554290572	-1.1934489540146345	-43.08916789154015	43.11063350669589
-0.7095807926741429	-1.6946120915264347	-55.71200301361573	55.743541602264926
-0.7095807926741429	-1.6946120915264347	-55.71200301361573	55.743541602264926
-0.07395951782323398	-0.5086669753628361	-6.323965674989463	6.344821034556164
-0.08165362278343977	-0.5012422174982238	-6.117834874219734	6.138877309649882
-0.08165362278343977	-0.5012422174982238	-6.117834874219734	6.138877309649882
0.8466686911119796	-0.5343827663357884	-2.832491469173307	3.0042338018876276
0.23127573090959358	-0.060773959597982485	-0.7192659032071299	0.7579745229157379
1.0779444220215733	-0.5951567259337709	-3.551757372380437	3.7622083248033653
1.0779444220215733	-0.5951567259337709	-3.551757372380437	3.7622083248033653
20.995969387126852	2.261464558083071	-1.380828589738579	21.16250552384744
24.55072936732071	2.2911874165433352	-0.25323283339327407	24.658710005048096
19.92118783671364	7.843123516667968	3.2059576319712138	21.64824417040174
19.153353476024844	7.9113602260707525	2.3920993553534653	20.860553907556994
8.886024676293891	-0.836459447733968	-1.0233315962761416	8.983780190506913
13.286369335313953	9.444926109513162	0.2541172794011288	16.303337539296194
8.866819273750417	-0.9123072921280081	-1.010126595313849	8.970682491716113
8.098494325971444	-0.8332543159770371	-0.922597410424258	8.19335761971901
6.721787831614881	-0.978205060243936	-0.1099246982803379	6.793482187540121
1.3767064943565348	0.14495074426690194	-1.3381447342058834	1.9253474542403666
2.233609126698583	0.24659498965184795	-1.5175262235185107	2.7115871106897815
0.7161186911331503	-0.3305621251278632	0.15365709891184648	0.8035594579154113
2.2368398712919615	0.24778245979828192	-1.510938595006018	2.7106796555594483
2.2368398712919615	0.24778245979828192	-1.510938595006018	2.7106796555594483
0.7153183110989267	-0.330440865997247	0.1556103243282238	0.8031724753450938
0.7153183110989267	-0.330440865997247	0.1556103243282238	0.8031724753450938
5.148766508139678	-0.7492871805010185	-0.08420030787955557	5.20368307317529
5.146724811938998	-0.7480899058943735	-0.06952555715867526	5.201273747864823
5.146724811938998	-0.7480899058943735	-0.06952555715867526	5.201273747864823
13.246422769347944	9.287165244433263	0.37558244586173695	16.182095557601553
12.720458183299916	8.271812866400712	1.0087499277560774	15.206923453038817
1.2942895338270302	0.9362994018815942	-0.7206966667839316	1.7524969765598717
1.2956202025413566	0.9369675403889952	-0.7165781728122099	1.75214844083679
1.2956202025413566	0.9369675403889952	-0.7165781728122099	1.75214844083679
12.312250506877765	8.006365076601337	0.9763784944187996	14.718923508473603
12.302942483946264	8.009288756105835	1.015193233129567	14.71535651768469
12.302942483946264	8.009288756105835	1.015193233129567	14.71535651768469
9.238136220258493	1.8536362969352491	-8.381494052069158	12.610653071520069
8.364139829814293	1.9313075249593814	-8.758302278083384	12.26363089149912
5.345099294231263	1.23420108925093	-5.596988605854905	7.8370670692529725
5.339694874102263	1.2128574274319974	-5.572336322542612	7.812444980882658
3.475633571319955	1.0481104575783644	-4.843787251982803	6.053167699299493
1.8640613027822313	0.1647469698536157	-0.5401128281110417	1.9477135240317693
3.58966698533899	0.6555561998078954	-4.381127379217048	5.7017313256294795
0.29417426240312045	0.6580020475698434	-0.4302884394284787	0.8394363182352321
0.16954870489589047	0.379242541726611	-0.2479987441484559	0.4838130278179218
0.17005964423658357	0.37944588308510097	-0.24736238522248336	0.4838260125407289
0.1270143360580926	0.2933288930341766	-0.08899914217545007	0.3318061608242063
0.29707398029467613	0.6727747761192775	-0.33636152739793346	0.8156321733649352
0.14397222284690858	0.03497459247796634	0.04861135667880889	0.15593039174142442
0.1437620970826089	0.034990930549707755	0.049042777382672674	0.15587526998125875
0.44083607737728503	0.7077657066689853	-0.2873187500152608	0.971507443346194
0.44083607737728503	0.7077657066689853	-0.2873187500152608	0.971507443346194
0.4070660772442056	2.1574088185282836	-4.879821509062863	5.350960059822833
0.40142926396161555	2.160020700487703	-4.90106176684951	5.370962792924325
0.19953875599636262	2.325465385534545	-5.55187875152791	6.022537890801589
0.3166318158709802	2.533161315778142	-6.681645591859544	7.152730232142608
0.4343040529151032	2.394856896159034	-6.049674808915177	6.520929754037096
0.4309447896852567	0.0919942632663861	-0.4381184794445223	0.6213888945431654
-0.364851000476513	2.337137799381568	-8.909850757296125	9.21850149770217
0.424091995684699	0.16796561664343543	-0.4779701496013775	0.660698064995044
3.570320319999313	0.8993411131731615	-4.612028431175881	5.901424224305367
3.5811711671924353	0.9024269585523994	-4.601307533235532	5.900101046563748
4.005263162877134	1.0703925751958348	-5.07927768283691	6.560799111558792
4.005263162877134	1.0703925751958348	-5.07927768283691	6.560799111558792
1.864778835074665	0.16538952662464798	-0.534631597633657	1.9469424091245933
1.864778835074665	0.16538952662464798	-0.534631597633657	1.9469424091245933
3.251128143705891	1.4914884604317031	1.2886142558704339	4.087162675356822
3.2820392452231744	1.4555373228862791	1.3056022882749405	4.1042621554487475
3.104370684219827	1.4629517156055918	1.105437265804805	3.9050398993949837
3.104370684219827	1.4629517156055918	1.105437265804805	3.9050398993949837
-0.8138085283511949	0.41742443325268297	9.112307044184051	9.161605358004367
-1.004223067513774	1.1482189362817263	1.2088029622157617	1.9462978437084901
0.5050473841364908	1.210325102104319	-3.506729923022703	4.033251103766025
4.317215543574204	1.1616072104706856	-0.5454827386236586	4.930841865202389
0.5542029934107869	0.3734782668246978	0.067834182873404	1.1539406583364498
2.2559958965887517	0.9364262823783418	-1.1884480773940018	2.8743020518581037
-0.09347107727513372	-0.20779751626016196	-0.4465874480685888	0.520419814883408
2.193918143114871	0.9044684432630163	-2.1365141623376154	3.196171543318104
4.867849578012787	3.2113879814070727	0.14275489262881508	6.07963351800188
2.0160775263684916	1.5603331650657433	-0.22624502774968808	2.8262908988121094
2.3024671216552544	1.4995825359698	-0.2675167373322487	2.862965162814247
3.3603681965501218	0.9807109586122136	0.48226048628621326	3.6178929638523183
1.6030321141997368	0.44328294377413135	-0.5470004480713972	1.7563886251302834
1.7836227188960128	0.14076785988060517	0.6217123765311693	1.899245023099812
2.7520433362626933	0.9670031368198945	-1.614506180873097	3.451177151378455
0.3449569930910259	0.0776031451424587	0.051053717404332816	0.3818948254155915
0.7564212758552828	-0.4974107350394863	-0.2678895801746414	0.9537164219332713
0.28354386139337223	0.15845357992316705	0.0841370741243618	0.3634054078663934
0.2905015836867231	-0.11094450963456057	-0.048277067028338255	0.34425327078098467
0.11593744479365886	0.0385294697077954	-0.6901341621883339	0.7146264463764548
0.7337540356588879	-1.1492143878282821	-1.5538832706716228	2.2597888711286847
1.5364686732964694	0.6023005266425132	-2.158425118082028	2.8227483196278107
-0.4541983640883578	-0.18641205999686597	-3.863199481475462	3.8966107637439356
0.38322008477377634	-1.2961884726205106	-28.907642964447632	28.939562258866438
0.03935772999459636	0.25668112379226693	-1.7545453169069503	1.7787869742331992
0.027154538372263115	-0.3676806207838869	-3.6006503727749344	3.6221663821142327
-0.3245186152042473	-0.05404848290003483	-25.509283235419662	25.52067880108526
-0.30635686423978314	-1.7231921632571168	-90.80847973768527	90.82544498999042
-0.35214768271245617	0.17546079635812828	-19.31027705375156	19.3147890011525
-0.4653922630188395	-0.5953289142236246	-48.4215934049762	48.42769036549576
-2.324726866618099	-1.55154693928603	-719.5001493317978	719.505971133263
-0.27333543417216777	-0.39850496768596577	-209.400794647075	209.40139573769733
-1.893340644455146	-1.2084441640381354	-397.7276053616521	397.7339705914093
-0.4977276814567451	-0.36973177696251774	-253.30273369193833	253.30516308392444
0.033458856633268086	-0.3970781583458204	-92.20917012701423	92.215666531768
0.16556483127146762	0.4301208145223697	-10.056536972434573	10.079383275701092
-0.8914364731161197	0.1024127010111086	-49.39508593616364	49.40927592421265
0.5459140682233641	-0.11280373085615272	-22.487411399995732	22.51388870336297
0.08964728548950412	0.05375671007905752	-2.206037522595104	2.382555739686178
0.3033142202665853	-0.42909778878413596	1.032518770807472	1.4857940346497882
-0.6569972064871743	0.338925569931697	1.9342048567539551	2.1944434356283318
0.20004775086852933	-0.29435969254638716	1.094443345880546	1.1592897625122738
-0.5624720348655242	-1.3659356137491963	26.943787406954346	27.00207234974325
-0.4163174114451593	-0.5503446293486874	17.563021911895774	17.601599037268077
-0.3789416132744644	-0.29872209105726805	15.020154970511097	15.057246719006297
0.012492296884263204	0.208767483668403	0.3151249358686398	0.40314194748859344
-0.37257955282981514	-0.18026109165298584	1.2777652921886185	1.3498938205179902
-0.31775077014336783	0.9286374282828525	3.4635633243877115	3.6413930781609047
-0.4403437484092605	-0.14127486996229316	0.7165153650109669	1.013605000206086
-0.11054648606751584	0.09086742776543669	1.890823246861114	2.0629863245711295
0.16447845824893156	0.32684717601933305	0.054785028774824655	0.39542815273778475
0.1763845138056263	0.24650426384644022	-0.43871959893665646	0.9938666026604456
-0.2065335644065217	0.06639556590251056	-0.2634106728004533	0.8592474266331626
0.022248010080653476	0.5913526511441733	-0.209509252042304	0.6430916292093348
-0.11560293394867582	0.7036287526362368	-1.3885029745623625	2.4318924297432436
-27.539594919952044	-3.141273829069637	-13.792278270275048	30.96407320603909
9.00707979009988	-0.8006502213559159	-1995.4632385585905	1995.4837270611506
-14.403827070735215	1.7857352942503084	-25.501086702458178	29.342196711068944
-4.641069221352362	-1.212367650813204	-10.750382312620989	11.772004022494924
1.3299339514110748	0.1444355011554853	-28.544577465570455	28.575907485451353
0.2843766287875535	0.9920628563710989	-19.646496142545463	19.67358303555927
-0.6693428593669281	0.07648677895113742	-2.0460541133985517	2.1541140930078306
-1.0424869152811331	-0.539704206423293	-13.030883849733357	13.087814695517546
0.020024427489478323	0.3036334757090978	-4.536846073576595	4.5589984163843305
-2.0355886195485193	-0.03326163992535896	-14.14560266932415	14.291354108100343
-1.9239869439142887	0.1171410533746089	-17.378598387392426	17.48516884954266
-1.9431956959454972	0.1260416485119786	-17.447992889874772	17.556319429056263
-1.989737624581311	0.16418170176277158	-18.31424434572967	18.422745653161186
-1.9627440977857642	0.2120619575555569	-17.889329475465132	17.9979288738768
-1.935617052961998	0.18017856445811997	-17.338557800810552	17.44719645968751
-1.5674067892556365	0.14590339796919627	-14.040263372985049	14.128235821479237
-0.49687651622817053	-0.2470235358543495	-7.786102025158705	7.821847073794365
-1.2184721734529596	1.3406031280649988	-9.866979325083818	10.044360217857996
-0.5068873847341728	-0.2337326249083289	-7.704220875358468	7.740580408280534
-0.5068873847341728	-0.2337326249083289	-7.704220875358468	7.740580408280534
-1.0424869152811331	-0.539704206423293	-13.030883849733357	13.087814695517546
-1.7103570280561635	0.4963034032410139	-12.131806736665773	12.271918702444161
-0.0803586385777284	-0.016904585915843318	-0.2474617487084716	0.29359869429700725
-1.7651747401436082	0.24918176522733748	-7.929361780024756	8.128480266247822
-2.3221484310045986	-0.7676833188039816	-25.110539491474587	25.24154511374505
-0.49403459170918557	-1.0224130104216507	-1.4021178793821285	1.804846368857185
-0.06427623096960389	-2.2372573024080706	265.2615714455979	265.2712190145387
-1.2858286537723493	-0.4180760296766261	-2.485672476372595	2.829613145510957
0.27484222365558586	0.49430160795107625	-51.92283494914247	51.92591512417794
4.447131854512772	9.583107287304145	-61.30740173979922	62.21101538390832
-0.2775421701786115	0.30759069888532076	-7.451482171450685	7.462990569853062
0.5794562072907853	-0.2864286149853108	-21.19482147719857	21.20467562350266
-0.5146158217471855	-2.0706993200445294	-6.58962803877964	6.926458171930817
0.5124557158307871	-0.4922711085158964	-3.9202715370523316	3.984152435486031
-0.2974568468572764	-0.5934005415110271	-3.046425027592222	3.117901574320108
0.5924852623298108	0.38572687506337733	-16.782415160506357	16.797299861222008
-0.21690910005101183	1.389461605140105	-5.297032780038563	5.480530027528955
4.1126083565105445	1.1051824939239907	-0.5245108652214764	4.678438874908147
0.2046071870636591	0.0564247165466949	-0.020971873402182165	0.252402990294242
2.6563224409439234	1.1304048795337123	-0.01027502374515031	3.0359119656124536
2.2115271370688636	2.0809831018733607	0.1530299163739654	3.0437215523894268
1.9860718055130857	1.4526956956246744	-0.17239785899277527	2.639567920593399
0.030005720855405565	0.10763746944106864	-0.053847168756912756	0.18672297821871023
0.11955279499060611	0.21748063821865216	-0.15753538624841473	0.32540418191918724
2.1829143266646485	1.282101897751148	-0.10998135108383394	2.5375609808950594
0.46297908756659306	-0.02612854314831145	0.16162692270852697	0.5105246157975895
2.102789816048047	0.7923296277044171	0.31453287950022324	2.2733063952314696
0.7945992929354817	0.21450987405610794	0.006100684077463017	0.8340619528232587
1.0565343051012532	0.4551382268191745	-1.1100336732034795	1.6047024907793659
1.6955090311614405	0.51186491000072	-0.5044725076696179	1.8464746605990898
0.2960265323793268	0.013699138140264924	0.05459995178320443	0.30133126122764453
0.04893046071169911	0.06390400700219377	-0.0035462343788716117	0.08056356418794698
0.38242054316998214	-0.23739687396130763	-0.2024082298568739	0.49352997793327436
0.3740007326853006	-0.2600138610781786	-0.06548135031776746	0.4601864439999969
-0.0018505046431346595	-0.3732041461402112	-0.03859139913814669	0.40031717431446534
0.7356045403020226	-0.776010241688071	-1.5152918715334762	1.8594716968142193
0.4194128161691807	0.14748054207380076	-0.35743857374178867	0.5872816526641277
0.6244740731939202	0.48292431167174604	-0.9551075960630492	1.2469539140851886
0.49258178393336904	-0.028104327103033372	-0.8458789482771908	0.9885127528784953
-0.3647645509499853	-0.19392770297142603	-3.379453231095299	3.4046094155967404
-0.08943381313837244	0.007515642974560064	-0.48374625038016283	0.4920013481471951
-0.04137025039795231	0.13204113438241782	-1.0235445388911835	1.0328551601657179
0.08072798039254866	0.1246399894098491	-0.7310007780157666	0.7459318140674812
0.05537068707279047	-0.26721486321788324	-10.171318842944876	10.175936147886196
-0.37988930227703777	0.2131663803178484	-15.337964392474786	15.344742653199066
-0.22173196492083724	-0.8708105554591756	-47.244069471298175	47.2526144916513
-0.08462489931894589	-0.8523816077979413	-43.564410266387114	43.57283049833912
-1.96471708166209	-1.4699463367709864	-656.1230592379202	656.1276622723325
-0.360009784956009	-0.08160060251504353	-63.37709009387765	63.37830886093035
-0.1682383848859912	-0.326078650627433	-138.409213055485	138.40969940751694
-0.10509704928617657	-0.07242631705853272	-70.99158159158998	70.9916963301804
-0.9214061271229537	-0.6122199017807799	-207.23915852820664	207.2421111404205
-0.9719345173321923	-0.5962242622573556	-190.4884468334454	190.49185945098878
-0.09662701153768305	-0.32206490468357596	-192.5427485263331	192.54367502621147
-0.4011006699190621	-0.04766687227894184	-60.75998516560525	60.761488057712945
-0.07308144831942132	-0.10473749921789915	-40.95240728200853	40.9555819513743
0.1065403049526894	-0.2923406591279212	-51.256762845005696	51.26008458039369
0.16556483127146762	0.4301208145223697	-10.056536972434573	10.079383275701092
-0.07032565160538398	-0.08728773444005913	-17.58698987315417	17.58790088183308
-0.3845085345498743	-0.032638720033767735	-14.801910197870209	14.80759728618729
-0.43660228696086145	0.22233915548493544	-17.00618586513926	17.013777756192287
0.01862255056706491	-0.21040921360182196	-11.400290686397804	11.412929795338558
0.5272915176562992	0.09760548274566923	-11.08712071359793	11.100958908024413
-0.09363833273462827	0.1660926539497406	-1.9451751599081357	2.016848289256539
0.1832856182241324	-0.11233594387068309	-0.2608623626869679	0.3657074504296388
0.5218230700382865	-0.297058275703528	1.0259708757654349	1.196928969658195
-0.21850884977170126	-0.132039513080608	0.006547895042037011	0.2888650649915932
-0.691946159717094	0.07707452453894124	1.102152770502513	1.3110875198500296
0.0349489532299197	0.26185104539275567	0.8320520862514422	0.8833559157783022
-0.10624169370080887	0.08696629117354476	5.6917226988055045	5.695088892921574
-0.45623034116471534	-1.452901904922741	21.252064708148843	21.306983456821676
-0.3568716526480429	-0.16875862521236945	1.057663695363629	1.1289328334925692
-0.015707900181772233	-0.011502466440616414	0.22010159682498937	0.2209609870254208
-0.1585277357081592	0.24563489847659875	1.051380735489633	1.0995856481862096
-0.06884781362151597	0.5082105536669048	1.2941224898882187	1.398567341079209
-0.09037522081369263	0.1747919761393488	1.1180600990098593	1.1432400888954861
-0.09567995752111212	-0.06061800392405024	0.07430427111236804	0.1912326378433301
-0.25239178186814265	-0.1259070909395705	0.5408898363936766	0.6247684552035413
-0.09227200902000585	0.045250224901327546	0.10132125750492244	0.19760390715921466
-0.2418977161850867	0.1206538326229093	0.20599923319504543	0.367406207621897
0.13135123011757086	-0.02978640485747261	1.6848240136660684	1.6955801169492326
-0.29167903535116424	0.15868416456588796	-0.32687127664506577	0.48639689569623573
0.46806354915679055	0.08782009928055226	-0.11184832229159067	0.5074697069642099
-0.08792262548757418	-0.05934390265117139	0.061343418329722815	0.18572799123146555
-0.19018308031873588	-0.03943853312638082	-0.3732919993645596	0.44334152030266
0.07157214139978829	0.16517800168006283	0.048537908234383406	0.23017791509903726
-0.4949428407623922	0.295667645011386	-0.8300424237526189	1.3407047706707282
0.3793399068137164	0.40796110762485094	-0.5584605508097436	1.0911876590725151
-20.482161166547755	-3.082263627054902	-20.389771639106197	29.069091190025233
8.706179639633543	-0.7739028428839727	-1928.8006572638014	1928.82046130551
-13.064802509270557	2.844864725155922	-24.799970266087033	28.1748264432894
-1.3487812727682704	-0.9428121845111521	-2.647618262303937	3.11736879433897
-3.7132371438862073	-0.9699938480413057	-8.601190159057705	9.418571563896794
1.2110669143078925	0.13152612316962722	-25.99331591972838	26.021845720371417
-0.006486167712321023	1.2797220917620344	-18.49895406981224	18.543166730079797
0.06353330234816415	-0.2616819645125901	-1.8424452006248808	1.8620199376924214
-0.44201336521522033	0.050509508072799025	-1.3511509855070365	1.422510460795026
-0.004388083884866223	0.8657697637585275	-12.515088391377741	12.544999560905396
0.026607909955253275	0.8733719006496254	-12.514809426736209	12.545275662385503
0.046632337444731595	1.1770053763587232	-17.051655500312805	17.104274078769834
-1.2365028948868144	1.4121347143792091	-10.481137099766862	10.659610629132956
-1.7103570280561635	0.4963034032410139	-12.131806736665773	12.271918702444161
0.008506055160460487	0.005295397413398451	0.013624123008829425	0.016911857849401538
-0.08886469373818888	-0.022199983329241765	-0.261085871717301	0.27668683644760567
-1.771340377919742	-0.46666138846349126	-18.25943289410655	18.35161543257736
-0.17760711135976737	-0.13010085198928673	-3.723743549384819	3.73285632246661
-0.37320094172508894	-0.17092107835120351	-3.1273630479832204	3.1570733587010813
-0.43081744696259894	-1.9220604389492464	-5.585691479088993	5.9228261246776395
-0.3466045804432065	-2.021038854937537	-6.065102551866849	6.40235907716996
-0.2855144374435876	-1.6648244260969236	-4.996109228894786	5.273923235198382
-0.12581867886125397	-1.7821150425230219	-8.59325309737153	8.77700194600768
-0.21807946318544177	-0.14055669794228204	-0.27497768844511006	0.37805762357384776
-0.12563084641885552	-0.08097166360553959	-0.15840867929999813	0.21779079309405258
-0.1278292340442929	-0.05634838213923679	-0.1341450308552643	0.19367586981660628
-22.12856496499744	-1.1078286590211448	-23.36402446280318	32.20292394870888
-24.442064010794766	-0.9022301990224602	-22.445324608838863	33.20046850928412
-5.232067818074024	-4.654638386501788	-5.941550714920608	9.197402734467781
-24.69004109775328	3.953495358869312	-33.10785343632242	41.48925420060421
-5.239922896580869	-4.685660426833485	-5.998555937459403	9.254451843979478
-5.714947560541255	-4.388332932060443	-7.1216158274031915	10.143249160671463
-0.1971839603482044	-0.16691059063368396	0.15174801743778454	0.2996132845529146
-5.698592207628256	-4.383327042928713	-7.139986536880917	10.144797526858406
-5.826421441672548	-4.439675425067949	-7.274131567736181	10.338473396675013
-5.826421441672548	-4.439675425067949	-7.274131567736181	10.338473396675013
-0.15850520659567735	-0.13417013029193814	0.12198178194608911	0.24084243709786257
-0.1589647270182563	-0.13416250426379103	0.1214664263266395	0.24088058184686878
-0.1589647270182563	-0.13416250426379103	0.1214664263266395	0.24088058184686878
-20.447925528728188	3.2742261690155194	-27.419432750299023	34.36078444655259
-20.46467225498919	3.208088368223324	-27.437440245335928	34.37888550693336
-15.51435232906213	2.4320650058418405	-20.800436462888264	26.06277470703316
-13.506826733736428	2.6204937926411467	-19.516770079904386	23.878979678459856
-2.935357672791905	-0.4308025895712014	-3.432858536547241	4.537227487171526
-12.834618109427808	2.4900768885017897	-18.545458207398344	22.690569077214914
-11.816440931444443	1.7789271441226047	-16.456180214380495	20.33712677146356
-1.0568559317358905	0.6784092840374392	-2.0595117575261517	2.4122131532064053
-1.051902434232549	0.6797392786846758	-2.0623403289644657	2.4128389607689087
-1.051902434232549	0.6797392786846758	-2.0623403289644657	2.4128389607689087
-11.777308158841905	1.7897959258261764	-16.490004058794877	20.342777361596905
-11.777308158841905	1.7897959258261764	-16.490004058794877	20.342777361596905
-2.9273204262048975	-0.42846864394582324	-3.441593385242515	4.538430927739922
-2.9273204262048975	-0.42846864394582324	-3.441593385242515	4.538430927739922
-4.993393812240873	-0.4858851187590594	-11.904380995026088	12.918372691151749
-4.964318275363036	-0.4784284169059267	-11.919158070028047	12.920513874746673
-4.964318275363036	-0.4784284169059267	-11.919158070028047	12.920513874746673
-0.24517354788955542	0.17720816724973137	-0.16103559415278135	0.342702882551198
-0.24485270182971522	0.17734690859740396	-0.16168395473288294	0.3428505108650596
-0.24485270182971522	0.17734690859740396	-0.16168395473288294	0.3428505108650596
-4.784090840523277	2.0741738894886783	-10.865302317716477	12.05174331578591
-3.2587606242790597	1.4128569929567014	-7.401075887595323	8.20923930597977
-3.240761519634874	1.417532883241109	-7.410058351506495	8.211023046791867
-3.240761519634874	1.417532883241109	-7.410058351506495	8.211023046791867
-9.061055303274081	0.22522249206578462	-15.466459721698913	17.926651240621002
-9.023766956738683	0.2351692292812127	-15.492836769545322	17.93074638222585
-9.023766956738683	0.2351692292812127	-15.492836769545322	17.93074638222585
-1.573922342183104	-0.620043107089229	-3.054795016724115	3.4987089081614684
-1.573922342183104	-0.620043107089229	-3.054795016724115	3.4987089081614684
-0.4386948011526517	0.05134591487922568	-1.3524240907475877	1.4227229009078297
-0.4386948011526517	0.05134591487922568	-1.3524240907475877	1.4227229009078297
-0.4385953468349761	-2.3008292711050116	-10.920826023667288	11.176525773884492
-0.4385953468349761	-2.3008292711050116	-10.920826023667288	11.176525773884492
0.5805454683351433	-0.7528305266877356	-5.762637548095002	5.846097639684972
0.5805454683351433	-0.7528305266877356	-5.762637548095002	5.846097639684972
6.22467941693715	9.256729264246491	-67.88236045329562	68.79279418097313
5.029964258268599	7.480066719754911	-54.85356336892971	55.589255732026416
4.969114014767361	7.508262376637508	-55.078490396674795	55.80955296707866
0.08616329469795025	2.761935877758795	-16.18503075179632	16.419224535366936
4.860301514327615	4.725141954743423	-45.98428742249729	46.481224027100325
4.819162328346498	4.685146803600983	-45.59506133293928	46.08779170314767
4.607463312572392	4.85862933798294	-45.17643636928482	45.669961684340265
4.7302451401060175	5.0764158226295315	-48.48580332328406	48.97977481159578
4.853634283149882	4.931392117423842	-48.19609755346888	48.690247620586405
4.709768707752875	4.785221738055814	-46.76752693963985	47.2470300062642
4.456686299412416	4.528084813281408	-44.25444422062521	44.70818088587443
2.5434711655093336	2.197232522230423	-20.27289190062268	20.54962827743745
1.928879770648	2.770628990925325	-26.662384517321815	26.875262051271108
2.509904651402498	2.3078120968397453	-21.127637007248946	21.400996788549666
2.509904651402498	2.3078120968397453	-21.127637007248946	21.400996788549666
1.889950547655241	2.853370506455926	-27.771075210004177	27.98117679153934
1.889950547655241	2.853370506455926	-27.771075210004177	27.98117679153934
-0.014456834443560496	2.844391787860597	-17.128563596498914	17.363135215803652
0.04390112861761075	2.947905279079377	-18.393419202920793	18.628202887503445
0.10254774755577412	2.8789757949579506	-17.54993160968157	17.784800172422717
0.0868831108108652	2.4391990950836258	-14.86909941236241	15.068090729588706
0.061951680628518746	2.5185925950220867	-15.898648812249904	16.09702397108486
0.061951680628518746	2.5185925950220867	-15.898648812249904	16.09702397108486
-0.2299280155808352	1.4644430010522829	-5.898038471576721	6.081473341870211
-0.2299280155808352	1.4644430010522829	-5.898038471576721	6.081473341870211
0.046632337444731595	1.1770053763587232	-17.051655500312805	17.104274078769834
-0.18117318102843918	0.5248692823442366	-8.451627329462648	8.484222766028271
1.057676750332441	3.4455769985707523	-24.031804154745775	24.314420184741447
0.043452750319270816	0.2186327512925068	-3.381116451284665	3.391329630616264
0.17608990112229567	1.5864017953439262	-13.65324414166978	13.769587582378485
0.0007873204937631356	-0.0399761822641852	-0.4142497663982523	0.43895485973273685
0.22774544401714192	0.4595988552757669	-3.2910361569956015	3.3336913274317608
0.5212180299282464	0.9661574312284328	-5.902471717406973	6.005312695965918
0.6755182185283441	0.6251725408562159	-11.068335984309867	11.142789890924497
0.981670213883713	1.0149475936050214	-9.569752337347383	9.704069892516552
0.13392167516192666	0.17546449948542703	-3.926054096001482	3.9822355831940555
0.3531628338657543	0.13619126628121148	-5.90132044082849	5.9626964482838805
-0.20973926874246693	-0.3727358423401141	-1.3150085715970512	1.389838083120238
0.9034833290932237	-0.15911217761368573	-5.3824040291092015	5.461808466843681
-0.7891056932397025	-0.7547433581104319	-5.021989343406264	5.275897313879526
-1.4235002713629272	-1.1280146694587525	-5.531756159208575	5.939306594676353
-2.323686753736515	0.06656925175524503	-4.741453574180427	5.414722531522565
-2.6981429970609163	1.1236142699252476	-5.890804707263789	6.639052093463599
-6.278511340513529	-0.5526339685448192	-12.594005650084917	14.126917869807915
-2.7354583264506593	0.31973738982932387	-4.801490711917609	5.684788471303048
-4.387463844424461	0.9294843049863433	-7.495283310927629	8.751753629582932
-2.852971508931021	-0.09974698090820786	-6.23393251255775	6.857899842298445
-1.9062092309746879	-0.3694919106913065	-3.2863674440312503	3.819666041214586
-4.8597498834973285	1.155533674431191	-5.454946075540602	7.413263748313058
-2.5029659860906506	0.02632995910169883	-4.575926337437082	5.239489436197328
-0.8261080749778209	0.00400454874443304	-0.9058732478304172	1.2339192493794062
-1.8358934678476906	0.24416627436063215	-2.5031517350618535	3.116948890897016
-0.24108542328421695	0.22138779290564625	-0.6923181692878349	0.7784079705359026
-2.2296735347670515	-1.922218510718047	-2.5156346547048356	4.049864984070652
-1.0212998105210673	-1.0781496359932736	-1.5561629203956975	2.155593366170266
-3.073794922826056	-2.271714432928984	-4.280673889239147	5.8139321614765045
-0.06427623096960389	-2.2372573024080706	265.2615714455979	265.2712190145387
-0.5684376382414831	-0.3973438409096916	-1.1158264889756069	1.3138006812214904
-0.28945893280433144	-0.20233481460147915	-0.5681994346695207	0.6690115458934924
-0.2880936884107546	-0.20196707741260292	-0.5691225403515199	0.669095762650511
0.27484222365558586	0.49430160795107625	-51.92283494914247	51.92591512417794
-0.2865817734786683	0.3108414544448159	-7.59050057400843	7.602266141533862
0.555121540249639	-0.28658998433957983	-21.060316532094944	21.069580588506984
0.06808975250435625	-0.26055941817183925	-1.8423660110426707	1.8619452041989404
-0.14113849997769967	-1.7074287295939847	-7.874400996075066	8.058624199564385
2.0930788911738176	0.8656178653340177	-335.08078181813244	335.0884370093727
1.8553384046184829	0.8013216686274298	-323.6684945290308	323.6748040050407
0.5199684328142419	0.09494714355599337	-17.469789217193124	17.47778353866274
0.563248651795362	0.10555099590559695	-17.46829256452609	17.47768964069233
0.9288389680485856	0.10087517632010112	-19.93581399159322	19.957695185996997
0.8855954010919718	0.09617877296976565	-19.007670646151862	19.028533126948815
0.932678996076511	0.10771856738046776	-19.005113255855218	19.028290077339182
1.495927647871873	0.21326956328606472	-36.47340582038131	36.50597971803151
2.0884129102016837	0.598996438349442	-53.25582098088766	53.30327957925352
1.387771716245647	0.41238338583770684	0.026740403509416033	1.5311110849988014
0.042031994804385076	0.11831415066508544	-0.022626290128414363	0.1890943170478999
1.3392492301914831	0.7003380790923	-0.5126003818225423	1.6019678092707699
1.3435554152690294	-0.12585312167110152	-0.016024596779935757	1.3562656635906754
0.05451134452535895	0.07873952969310857	-0.030091198191033303	0.1003836661356137
0.15009584253830016	-0.02231481314641367	0.009119324788851137	0.15201932415862832
2.0765002899466873	1.195520367762485	-0.12639546464541296	2.399395385793378
0.10641403671796106	0.08658152998866317	0.016414113561579027	0.13816559510168144
0.5747698800460882	0.11542211874548028	0.052205668954113285	0.5885644504851077
0.21982941288939345	0.09908775531062769	-0.04610498487665027	0.24549750233815099
0.4364179514208553	0.19415168244724854	-0.1385859524428209	0.4973545720448914
1.2590910797405848	0.31771322755347137	-0.3658865552267969	1.3491200885541983
0.4382801644794361	-0.40196244262234865	-0.7485243174485174	0.9560083481156505
0.29732437582258653	-0.37404779906572233	-0.7667675540849588	0.9034633486985687
0.26670325500195635	0.025945559450621027	-0.34876525360019134	0.4398192815266858
0.2258785289314127	-0.0540498865536544	-0.4971136946769994	0.5486934713518093
-0.17572744470510326	0.17509089439895542	-8.072935255054992	8.076745668178104
-0.20416185757193459	0.03807548591889301	-7.2650291374197975	7.267996985020964
-0.08616747324023981	-0.0072774868429997565	-25.910987723345787	25.911132020709477
-0.27384231171576917	-0.07432311567204378	-37.46610237053186	37.46717684022087
0.102531709736957	0.2772991879292321	-8.661636610819876	8.667804575203752
0.0630331215345106	0.1528216265931376	-1.3949003616146955	1.411578700497342
-0.3331444150366125	0.21263345877534556	-14.601623591258793	14.606971270248536
-0.10345787192424893	0.009705696709589848	-2.404562273880466	2.4068064859437515
-0.09363833273462827	0.1660926539497406	-1.9451751599081357	2.016848289256539
-0.15171416437395813	-0.1199368072867959	-0.050849507537224344	0.19996924221143758
-0.06679468539774311	-0.012102705793812077	0.057397402579261354	0.0888958227801556
0.019896552089002848	0.08528863388714308	0.1139727873813255	0.14373524313415395
0.015052401140916853	0.1765624115056126	0.7180792988701168	0.7396206726441482
-0.39193971795107063	-1.3092213917757611	18.489267166912015	18.539705438993394
-0.0642906232136446	-0.14368051314697972	2.7627975412368246	2.7672780178282808
-0.16250480365846875	0.14427615986920422	0.785737069994062	0.8152338098248472
0.003977067950309547	0.10135873860739457	0.2656436654955711	0.28435183836136246
0.009855265935219737	0.3782568538514524	0.9261389784983447	1.0004542874345688
-0.07870307955673572	0.12995369981545243	0.36798351138987406	0.3981130536446403
-0.0025111353701141315	0.12543701962707815	0.7946198806595894	0.8044634898074812
-0.08786408544357849	0.049354956512270634	0.32344021835026976	0.33877659908800484
-0.005752791086194725	0.04025737300704002	0.011838484865003274	0.04235446151951721
-0.08992716643491741	-0.10087537693109026	0.06246578624736476	0.14887817632381292
-0.12610229783124602	-0.089456661812848	0.1629640547355394	0.22463652195684117
-0.12628948403689663	-0.03645042912672252	0.3779257816581372	0.4001319332467001
-0.016234262714941234	-0.009564344378125684	-0.030501589278594712	0.03585212570826444
-0.07603774630506463	0.05481456927945323	0.13182284678351713	0.16175178145095023
0.02855430969093984	-0.047566259749021775	0.2144557066330315	0.221515570053011
0.10279692042663104	0.017779854891549155	1.4703683070330371	1.4740645468962217
0.16744322608929652	0.03984131727382716	-0.10766114323606636	0.20301597545070646
0.3006203230674941	0.0479787820067251	-0.0041871790555243205	0.3044537315135034
0.035500598464000443	0.04229686486747555	0.08102741035869093	0.0980548749341683
0.03607154293578785	0.12288113681258728	-0.03248950212430753	0.13212304016486895
-0.383165252914678	0.4681178182824274	-0.7420055849815317	1.0771453631606338
-0.11177758784771423	-0.17245017327104134	-0.0880368387710874	0.26355940751009455
0.26344525864396684	-0.06895023508890955	-0.48812715625226966	0.576112354312707
0.11589464816974954	0.47691134271376046	-0.07033339455747387	0.515075304759808
6.735785013807487	-1.6261967658268681	-1596.3530667474374	1596.368105741787
-1.2365028948868144	1.4121347143792091	-10.481137099766862	10.659610629132956
-0.20407720153809566	-0.02931071130861196	-1.2647011045734393	1.2813959208200698
-0.16912374018699325	-0.14161036704259156	-1.8626619434097809	1.8756774378810115
0.3315199710716562	1.5484980598284876	-10.62005931955745	10.74900122781326
0.7261567792607848	1.8970789387422646	-13.411744835188324	13.565418956928188
-0.17478933219755263	0.2647691566337374	-2.2770374320714435	2.303265783384349
0.06758222388537573	0.8153018050306411	-7.24765968094344	7.295021249177049
0.28329700943447256	0.5063308336795479	-4.128547028654898	4.1713005498170865
-0.15004627300264636	0.2706031698546427	-1.9523354269619448	1.981623920891157
0.8255644915309905	0.35456937100157315	-9.116000557347922	9.161165970033341
0.7063721980789976	0.7954149681726151	-8.535040192003107	8.602211199326627
0.27529801580471513	0.2195326254324061	-1.0347121453442758	1.101858693189926
-0.10555550146183279	0.2656502773078466	-2.859455608687832	2.8770954444854446
0.23947717662375945	-0.0901857778224196	-1.0665984873136494	1.1051401387086108
0.4685274115087399	0.3167405147328907	-3.5103787153353374	3.5583817950000416
-0.11536457764298558	-0.18054924845167925	-2.390941725493153	2.4043146532838393
-0.7719811355223781	-0.7201826678213925	-5.001848826704452	5.232384876539326
-0.017124557717324462	-0.034560690289039374	-0.020140516701812328	0.04351243734020033
-0.8569243705207116	-0.1413578295582784	-1.4154167343334065	1.66648904271849
-0.5665759008422158	-0.9866568399004741	-4.116339424875169	4.272817551957863
-1.7238782701145654	0.14078372768288547	-3.908770541962002	4.376397523393344
-0.5998084836219492	-0.07421447592764045	-0.8326830322184244	1.0383250081292204
-2.0210022250652586	0.42579856167219177	-3.7361449404895195	4.271301114424769
-0.6771407719956577	0.6978157082530558	-2.15465976677427	2.3677509790388305
-5.603696224841356	-0.41609128134354306	-11.120942113024348	12.495306662937486
-0.6748151156721719	-0.13654268720127605	-1.4730635370605654	1.6316112068704285
-2.0899021289293924	0.09294154918177744	-4.082337664868813	4.682371368759048
-0.6455561975212664	0.2267958406475464	-0.7191530470487948	1.0024171025440007
-0.47679213152161526	0.020937965934816255	-1.1224932754160943	1.2197377949595407
-3.9106717129028463	0.908546339051527	-6.372790035511535	7.532015834623391
-4.8597498834973285	1.155533674431191	-5.454946075540602	7.413263748313058
-2.5029659860906506	0.02632995910169883	-4.575926337437082	5.239489436197328
-0.059044510859858845	-0.45102508622203424	-0.10905978775172648	0.4881431192475474
-2.1706290239071926	-1.471193424496013	-2.406574866953109	3.561721864823105
-2.40149456823024	-1.434280531749233	-3.2806457417347223	4.33988352376609
-0.6723003545958154	-0.8374339011797509	-1.0000281475044257	1.4740486377104147
1.1559830666732496	-0.13028347622737568	-140.934924578667	140.9397255447489
1.5051787535336496	-0.04474939123220032	-140.93204528481786	140.9400899451609
1.5051787535336496	-0.04474939123220032	-140.93204528481786	140.9400899451609
1.9157301945989071	0.5945164573847721	-472.4550518220482	472.4593098502462
3.086349047018988	0.8812505788058905	-472.45071365905034	472.4616164197562
3.086349047018988	0.8812505788058905	-472.45071365905034	472.4616164197562
6.597560695519652	-1.8283533755617136	-1571.4358538239128	1571.4507670832347
4.8314118327220275	-1.3389082027150638	-1150.766795315239	1150.7777163360342
3.6150369759349337	-1.0018195152343037	-861.0453134141355	861.0534849166603
5.748480027826654	-0.4792489255356223	-861.0378440146854	861.057166236726
5.748480027826654	-0.4792489255356223	-861.0378440146854	861.057166236726
0.13822431828399956	0.20215660973577165	-238.49058710446604	238.49071283949388
1.800557740072355	0.1188461174401777	-595.7254479545171	595.7281808620314
0.10381544127809361	-0.4061346806159574	-63.43419773085657	63.43558279689768
0.2609891100284608	-0.3676359817014734	-63.43424789912018	63.43585010116625
0.2609891100284608	-0.3676359817014734	-63.43424789912018	63.43585010116625
3.2766120349300873	0.4803932768789898	-595.7220106422122	595.7312153376959
3.2766120349300873	0.4803932768789898	-595.7220106422122	595.7312153376959
0.555121540249639	-0.28658998433957983	-21.060316532094944	21.069580588506984
2.0884129102016837	0.598996438349442	-53.25582098088766	53.30327957925352
-0.2865817734786683	0.3108414544448159	-7.59050057400843	7.602266141533862
0.013667839975470705	-1.6872075304117886	216.03739220440352	216.0455302150784
0.12187497946173256	-0.14799140002517142	17.822667655824638	17.846124482375448
-0.004459835719317578	-0.3265014449582534	21.87725749917067	21.89347107384791
0.0507959876218013	0.08408899059327093	3.796472205512067	3.9107522772674135
-0.3400655071657874	0.46329283759890916	2.6155522091092336	2.7902751380133277
0.08870233721050039	-0.8561881039203305	1.1266751774651935	1.9710462567737057
-0.06479215151192852	0.16141731256122996	0.07012414982680268	0.8501639943443583
0.013457320934200098	-0.007958094160459261	-0.01583231215331631	1.263341731071591
0.11363259825670352	0.019792876470476926	-0.6128811410964419	0.6390674482065422
0.014658711109628722	0.034334234808966906	-0.04089479520775641	0.5006813496290801
0.11208996502004134	0.1924749567059361	-1.606116183895462	1.696123721161893
-0.0023938474250689706	-0.13466634683280845	-5.167596192898429	5.19830075994388
-0.17315610810736873	-0.15419444576283736	-23.8909466118129	23.89245296267784
0.40153636983934615	-0.07883532345666222	-38.23740816172496	38.25034588215378
0.47856710026773697	0.4167803280227038	-130.50948235309468	130.51651850584474
0.8711100020068439	0.23739744228915682	-169.76056570205265	169.7671559749757
1.0194776668505883	-0.13289557018369352	-87.25133831194334	87.25750691462524
3.515703531681087	-0.14982780169191384	-619.1669636845228	619.1769787530775
2.4035559790175935	-0.08104408827849516	-344.70790360565803	344.7167280497403
2.776355029409627	0.10895217243857211	-354.18052931767204	354.19271659083637
1.254248829247799	0.6346610090331588	-209.71522078192135	209.72190139815487
1.8268862658580713	-0.44594886514489446	-155.59491284044523	155.6102566595715
0.32231396691245523	1.035872206158285	-63.81632024802552	63.8410845150557
1.391143574079709	-0.3723087357419262	-37.05561043041583	37.097177652852274
0.1024809770051342	0.322445989590401	-18.077953498628904	18.105447441539244
-0.05659822866505093	0.6489315268583375	-4.559503233328881	4.607776559380374
-1.0421686050618924	0.9775623530323064	-12.004061885002455	12.098882809450277
1.387771716245647	0.41238338583770684	0.026740403509416033	1.5311110849988014
1.1639866599239583	-0.14070594276287213	-0.04718385855957046	1.1734093161886394
0.1795687553450713	0.014852821091770586	0.031159261779634705	0.18285634740203582
0.3315199710716562	1.5484980598284876	-10.62005931955745	10.74900122781326
-0.001067483074405278	0.0038972958412460956	-0.24896019430080868	0.24899298540578366
0.2843644925088778	0.5024335378383017	-3.879586834354089	3.922307564411302
0.024256163793614244	0.041860961387404506	-0.4708551196243739	0.47333417925049975
0.8013083277373763	0.3127084096141686	-8.645145437723547	8.687831790782841
0.15221227200369117	0.01367552345752919	-0.6066878185212259	0.6256402359442742
0.08726490462006828	-0.10386130127994878	-0.45991066879242337	0.47949990276433646
-0.023932727189573157	0.01569198329316647	-0.5394208201214467	0.5401794469904402
-0.09143185045341241	-0.1962412317448457	-1.851520905371706	1.8641352062933991
-0.764773378478938	-0.6539955502303044	-4.317738928125925	4.531914577361883
-0.007207757043440094	-0.06618711759108811	-0.6841098985785273	0.7004702991774431
-0.028840648115734797	-0.010444527897636662	-0.13354943232416788	0.1370267200981167
-0.5377352527264809	-0.9762123120028375	-3.982789992551001	4.1357908318597465
-0.4381838631489739	0.38632305555343505	-1.4025869579808348	1.5193751267788458
-0.23895690884668383	0.3114926526996208	-0.7520728087934353	0.848375852259985
-0.44426155019179425	-0.026554014848035712	-0.891356506983304	0.9962880422974287
-0.23055356548037761	-0.10998867235324035	-0.5817070300772613	0.6353231645729999
-3.189044785370487	0.8915888077815768	-3.400298006587466	4.748309548014195
-1.6707050981268419	0.26394486664961425	-2.054648068953136	2.6649542002988635
-0.21899097754024346	-0.04041910811476675	-0.45993436670038434	0.5297264946337009
-2.283975008550407	0.06674906721646558	-4.1159919707366965	4.7097629415636275
-0.8085768272688173	-0.623729669394749	-0.9633964579265769	1.4039116500780473
-1.3620521966383752	-0.8474637551012638	-1.4431784090265316	2.1578102147450577
-2.40149456823024	-1.434280531749233	-3.2806457417347223	4.33988352376609
0.020982191882485946	-0.5896911714581611	89.14378359512939	89.14710342758048
-0.007314351907015241	-1.0975163589536276	126.89360860927414	126.89842678749794
0.02133232150971091	-0.09502041203531152	5.698674615935217	5.72084751303063
0.10054265795202161	-0.05297098798985988	12.123993039889417	12.125276969344815
-0.3476294115667065	-0.2590718322351767	10.130609026912705	10.14084234485031
0.34316957584738894	-0.06742961272307671	11.74664847225797	11.752628728997601
-0.2880207148599506	0.0449951268975211	0.50942611436398	0.6033036089142383
0.3388167024817519	0.039093863695749825	3.287046091148087	3.3074486683531754
-0.1713767454628319	0.17686649349412722	0.2660381680033156	0.3884685793483186
0.013482503696859618	0.04471691275089627	0.445934618138311	0.4695943448829728
-0.1821712653998151	0.24170943135388567	1.9035794229676068	1.932212213782036
-0.15121165188486407	-0.6276322640903166	0.49205726266763783	1.2416518663606375
0.2399139890953645	-0.22855583983001398	0.6346179147975559	0.7293943904130683
-0.20720673722075061	-0.27314038254793227	0.019411867855901155	0.370670886423192
0.14241458570882207	0.43455769510916226	0.05071228197090153	0.4794931079211663
0.2514295871425801	0.06895789902078997	0.024415578269105776	0.9741246031644332
-0.23797226620838	-0.07691599318124923	-0.040247890422422085	0.28921712790715787
0.014658711109628722	0.034334234808966906	-0.04089479520775641	0.5006813496290801
0.11208996502004134	0.1924749567059361	-1.606116183895462	1.696123721161893
0.10706622805566118	-0.11649183693977683	-4.963264010639347	4.965785251556035
-0.10946007548073015	-0.018174509893031633	-0.2043321822590829	0.23251550838784504
-0.10774729817428066	-0.11520052887992471	-20.687693465831394	20.688294796292915
-0.06540880993308809	-0.03899391688291266	-3.2032531459815115	3.2041581663849223
0.18638619786051067	0.2091984013779306	-31.715752779326422	31.71729745627996
0.21515017197883557	-0.28803372483459283	-6.521655382398539	6.533048425873821
0.4779380292625125	0.3073276299595683	-123.16616961399961	123.17106398907728
0.0006290710052244339	0.10945269806313547	-7.343312739095064	7.345454516767461
0.8657902716025494	0.1781950538246806	-157.01808747302314	157.02453910717253
0.005319730404294461	0.0592023884644762	-12.742478229029482	12.742616867803168
2.287841483649951	-0.067218392045963	-338.4514097193795	338.4591489057458
0.11571449536764275	-0.013825696232532169	-6.256493886278564	6.257579143994563
2.0083348606766576	-0.09706603060983073	-292.0113153109521	292.0182709697188
0.76802016873297	0.20601820304840285	-62.16921400671997	62.17444562111764
1.0097693757245039	0.7697322138278425	-170.58415857442697	170.58960957259532
0.24447945352329495	-0.13507120479468376	-39.13106220749436	39.13229182555953
0.9270676410211649	-0.4491733842056529	-112.05742696668776	112.06324941512749
0.8998186248369062	0.003224519060758463	-43.537485873757454	43.54700724444398
0.3953007445501173	1.0176060975598604	-51.125185279228184	51.14900875428811
-0.07298677763766206	0.018266108598424785	-12.691134968797344	12.692075760767581
1.323897813965007	-0.12896231895547733	-33.48716641117236	33.5172681861631
0.06724576011470197	-0.24334641678644892	-3.568444019243478	3.5799094666891724
0.023591514213146234	0.17784720339654758	-1.5869100119952382	1.5970189646555764
-0.08018974287819716	0.47108432346178997	-2.972593221333643	3.010757594724798
0.38713563606883716	1.0501553505673686	-7.827927141192325	7.908768764716486
-0.055615664997180986	0.498342709261119	-2.792132178365124	2.8402324630967732
0.058354562474750016	-0.04276410815799801	-0.23162221307597392	0.2426579351646681
-0.06556231951819011	-0.023423009433090093	-0.4524876855025534	0.45781236401277486
-0.038703755727102745	-0.2791080461686753	27.48379930248578	27.485243738803952
0.03138940382008751	-0.8184083127849523	99.40980930678836	99.41318304869398
0.07771650140657463	-0.0072842175212580185	10.82354704566679	10.823828507703647
0.022826156545447	-0.04568677046860186	1.3004459942226265	1.3014484616411683
0.05989841164107994	-0.04376629154616088	4.151521369549446	4.152184122822414
0.283271164206309	-0.023663321176915837	7.595127102708524	7.600444606175189
0.34226751774858394	0.03307184228917395	2.896302970990078	2.9166439104258397
-0.00345081526683199	0.006022021406575872	0.39074312015800894	0.39080475792733577
-0.020772832529747313	0.0113040047098509	0.0330052773688089	0.040603441085470364
-0.16139843287006775	0.23040542664403474	1.8705741455987979	1.8916087726965658
0.10005019476719121	0.3160953154644701	-0.025280223961331637	0.33251372852120087
0.04236439094163086	0.11846237964469213	0.07599250593223317	0.14697937939996542
-0.03819634466477389	-0.15398802756407978	0.08695159518782877	0.22849866123138232
0.05285505577440261	0.1883222623730467	-0.12784639039558518	0.2721826883976977
0.13840334480735106	-0.016730153478676527	-0.2594776994121398	0.32595067921619564
-0.0263133797873097	0.20920511018461263	-1.3466384844833224	1.3701730419456972
0.7268966836154731	0.05508039075646992	-127.34545293830817	127.35099586298435
0.13889358798707638	0.12311466306821067	-29.672634534714962	29.673543244188167
0.6348542224031173	0.21191326171604702	-49.34074077820881	49.3452798923726
0.1331659463298527	-0.005895058667644143	-12.828473228511164	12.829165728745041
1.0097693757245039	0.7697322138278425	-170.58415857442697	170.58960957259532
0.14509444800042218	-0.13714550708238044	-30.58185737276905	30.582509080475106
0.09938500552287276	0.002074302287696679	-8.549204834725309	8.549782745084423
0.42921502313109305	0.9420521258357161	-45.08182632095038	45.10347107229228
-0.0339142785809757	0.07555397172414444	-6.043358958277808	6.045537681995835
-0.10181889473074585	-0.019709366688759833	-7.412694993235224	7.413420439257038
0.028832117093083785	0.03797547528718462	-5.278439975562119	5.278655321510543
1.323897813965007	-0.12896231895547733	-33.48716641117236	33.5172681861631
-0.003912175648458379	-0.07239922082906827	-0.4351605539487578	0.44115944964145376
0.07115793576316036	-0.17094719595738064	-3.13328346529472	3.1387500170477187
0.453575388001767	-0.09645374756861179	-7.7630990030666265	7.778107719094342
0.87032242596324	-0.03250857138686554	-25.72406740810574	25.73916046706876
0.002191238367250349	0.0050241250769420855	-0.01176688802826227	0.012980871012398598
0.4513841496345166	-0.10147787264555387	-7.751332115038364	7.765126848081944
0.5050203858100849	0.019511324976754233	-16.018048998992935	16.026020092837285
0.358686158033394	-0.04386026291031012	-9.41658902345882	9.423519967638063
0.006615882119761107	-0.008159633453309646	-0.28942938565398	0.28962040659340715
