0.0	0.0	6499.999932280723	6500.0
0.48938665748019566	1.8438839908631708	91.46233589311747	91.48222939181922
1.0203640167403034	-6.63877333787018	309.734764214278	309.80758321421496
0.35439252579095637	0.44609389342930683	2400.073748639479	2400.0738162612624
0.6993500585403163	0.08604494555989395	21.26720164401848	21.278871210766315
0.7929881141585184	1.4703409314779492	142.6988988504247	142.70867691113978
-0.9700730351919477	1.4103017587529867	1.2950550129299117	2.1464296472896995
-0.5844700216361012	-0.23155129407866276	-4.854686111802372	4.895222002331222
-0.9054672235843131	0.739832339304444	3.0736974075589867	3.288592181542282
-0.6868414790942552	0.17329230707946408	411.47354976600036	411.47415950198774
-0.17135971358470037	0.7353180694826271	0.43375596108575876	0.8707474079920722
0.08278479324569357	2.466849675679158	1.534019421072307	2.9060998311512938
0.06762224919204193	-0.3257055301993303	2584.5825824934695	2584.5826688285138
-0.056184934547978314	-0.8353465401891924	430.6976867958132	430.6986269676901
-0.0764306831239947	-0.8241680983140762	90.84231327396861	90.84745992965051
-0.0560613243809381	-0.5164131109866981	1.9836309717707898	2.076900865582812
0.0	0.0	-6499.999932280723	6500.0
2.7028606696561974	3.253794811114531	-1921.2206962039802	1921.2253527785306
0.35099143118022696	0.7779021536627502	-26.187813171448745	26.201715314996843
0.7145910436772658	0.08778661088955456	-1.8288414927472458	1.965453651016427
0.2518344763211091	-0.8090447798914485	-5.273648076279327	5.341286183287494
-0.8454173454028576	-0.42270980219562493	-0.4391549988992113	1.042243339071189
1.9402522547019885	-0.01869093294681079	-1715.627904358276	1715.6290016030118
-0.5321961155136705	-0.28601983843077505	-195.92974959157436	195.93068114784546
-0.9584844444477052	0.747942863491371	-8.324911167744217	8.413219176280169
0.21456482726051762	-0.4874507506151845	6.806580784483731	6.827385171138056
-1.0551572149057655	-0.8300402617192049	-127.13746034857715	127.14454824124518
-1.3588094633024692	-0.8025026645871378	-324.2206942947329	324.22453482523906
-0.5596878103224849	-0.7411135279588845	-1634.1649115422608	1634.165357473227
-0.4600011984451008	-0.1774593742040555	-399.57594568415664	399.5763861420244
-0.40534111046749066	-0.29239450660711896	-133.1734040911912	133.17475080959989
2.220446049250313e-15	8.881784197001252e-16	91.47225715236709	91.47225715236527
1.5432100042289676e-14	-1.227316859253591e-16	309.6054269828277	309.6054269828277
2.867150961094467e-14	3.236994006172722e-15	2400.048015930902	2400.048015930902
-1.5543122344752192e-15	1.249000902703301e-16	21.273246259672703	21.273246259672707
1.3877787807814457e-17	2.220446049250313e-16	142.8207478594523	142.8207478594523
0.0	-1.4210854715202006e-13	1.7210813142641683	1.7210813142350787
0.0	0.0	0.01976827767624223	0.019768277676251902
0.0	-1.1102230246251565e-16	3.140303109857114	3.1403031098571152
0.0	0.0	414.51764475325473	414.5176447532548
0.0	0.0	0.6543086651576413	0.6543086651576276
-2.220446049250313e-16	0.0	2.2202871209972272	2.2202871209971136
0.06762224919204193	-0.3257055301993303	2584.5825824934695	2584.5826688285138
-0.056184934547978314	-0.8353465401891924	430.6976867958132	430.6986269676901
-0.0764306831239947	-0.8241680983140762	90.84231327396861	90.84745992965051
-0.0560613243809381	-0.5164131109866981	1.9836309717707898	2.076900865582812
-3.885780586188048e-16	-2.220446049250313e-16	-1921.1835350674958	1921.1835350674958
-1.7319479184152442e-14	1.3877787807814457e-16	-26.216550160316388	26.216550160316388
-2.930988785010413e-14	-3.3861802251067274e-15	-1.897107023451099	1.897107023436547
-1.282678676148099e-15	-2.2204460492503126e-16	-5.304920763738657	5.304920763738628
-3.0609989168681576e-16	9.992007221626433e-16	-0.7446258310659224	0.7446258310658092
-1.454392162258955e-14	-9.64783808399261e-14	-1715.8451399134458	1715.8451399134456
0.0	0.0	-191.45487130417723	191.45487130417726
-1.3877787807814457e-17	0.0	-8.253132627443025	8.253132627443026
0.0	0.0	-0.010610478630540321	0.010610478630562737
0.0	0.0	-127.07072223285616	127.07072223285616
-1.3877787807814457e-16	-1.3877787807814457e-16	-324.66112968832033	324.66112968832033
-0.5596878103224849	-0.7411135279588845	-1634.1649115422608	1634.165357473227
-0.4600011984451008	-0.1774593742040555	-399.57594568415664	399.5763861420244
-5.873208224189913e-13	-2.4233807008389483e-27	-1921.1835350674935	1921.183535067494
0.0	0.0	-1733.2973929407374	1733.2973929407376
-3.552713678800501e-15	7.549516567451064e-15	-1733.2973929407403	1733.2973929407403
-5.5067062021407764e-14	1.1546319456101628e-14	-1540.293119843684	1540.293119843684
2.153286163125128	-4.269714782930844	-186.72124535072507	186.78246858566132
2.1587567503822633	-4.276842904703695	-187.296202899649	187.3574637866512
2.449219126134097	-2.3685413037954888	-106.82990853559954	106.8842271804408
-0.29046237574489125	-1.9083016009219598	-268.35243648999295	268.35937873215363
-0.29075579589952305	-1.9086899670134283	-268.46353786142254	268.4704803090918
-0.7925120550321108	-0.8063370037612276	-107.25965334579679	107.26561187343081
0.7819763422671746	-1.3739447827309184	-173.44094899603806	173.44815363650355
-0.6416042684312394	-0.624631302037592	-107.2527216146463	107.25645954463353
-1.0469453788987302	-0.917025808644711	-240.4261257058375	240.43121035423343
4.440892098500626e-16	-4.440892098500632e-16	10.269934167806184	10.269934167806184
0.8681361444405913	1.1490507245513717	81.19563372629455	81.20840420884997
-9.992007221626409e-16	-8.88178419700105e-15	309.60542698282757	309.6054269828277
-5.3013149425851225e-15	-1.0824674490095276e-14	2400.048015929032	2400.048015929032
0.0	0.0	21.2732462596727	21.273246259672696
0.0	0.0	90.47111575857404	90.47111575857406
0.10106496199738177	-2.401625481081066	44.28067427724619	44.34586940770802
0.0	-7.105427357601002e-14	1.718999692799116	1.718999692784564
-1.5567366041167023	1.09122254168475	-75.39521346340882	75.4191779899719
1.5567366041167023	-1.09122254168475	-116.03988956309215	116.0554615918816
1.6653345369377348e-16	-5.551115123125783e-17	2.4689349917492853	2.4689349917492853
-0.14293319638919252	0.5849248851300428	0.46800833986713486	0.7626262689283769
-1.2330553679187704	0.723265492980675	358.9069367155795	358.90978359620493
1.2330553679187704	-0.723265492980675	55.60009755904477	55.61847163568041
0.7593131143906098	-1.144972354953457	-0.11660471252337778	1.4177498927088343
-0.7593131143906098	1.144972354953457	-126.29980885517514	126.30728100530494
-3.552713678800501e-15	-2.192690473634684e-15	0.42027236119659506	0.42027236119670874
-0.39642710218537547	-0.497335071432623	1.7434388556821432	1.8558220992663337
3.608224830031759e-15	2.3037127760972e-15	-324.6611296883157	324.6611296883158
0.0	0.0	-306.3662205398001	306.3662205398001
-0.5465849317432472	-0.3373951651536244	-11.13674709693526	11.155255554498682
0.0	0.0	0.42027236119664835	0.42027236119666667
0.5365794668098451	-1.2269120323723401	-0.6519608573538811	1.4893903514201992
-0.5365794668098451	1.2269120323723401	-305.29398732124963	305.2971025495766
0.008095283219800853	1.5631280832889818	-312.4174266656975	312.42151145424873
0.010021796878476152	1.5655449786091253	-313.061032736862	313.0651212604097
-1.3035403592022554	0.7918283706432305	-313.50823678696804	313.5121204083154
-1.3035403592022554	0.7918283706432305	-313.50823678696804	313.5121204083154
-0.060118516850239716	-0.014679404842213958	-27.982787333729583	27.98821816958401
-0.15210237794088544	-0.11247327816286515	-55.108760869840204	55.115313417103756
-0.20378398904406958	0.7217516026840568	-116.96105812088089	116.96953203945006
-0.8106758792752263	0.23276129156129083	-106.99553974950668	107.0063019828158
-0.49713220864962787	0.29560872490997947	-5.648860460715684	5.857276395331283
0.3215769394787165	-0.3531061431082396	-0.1257380844276216	0.9335977570227296
0.09052424605880648	0.2898091152519546	2.47645536997968	2.6701253864096812
-0.16125028225929255	0.06483180541035136	5.356250539829762	5.432371730157528
0.33325135828733615	-0.2791681572099921	11.305166341270201	11.343859445980314
-0.2983822934816386	-0.17411530125516053	12.876256665074548	12.881597472226465
0.22495773445149933	0.15410567698007557	104.57653274527024	104.58110894109626
0.04514076736784924	0.21304104632357182	72.57269561868159	72.5791041920676
-0.1089306041610701	-0.254302125104845	126.90819549481584	126.90857378042924
0.3290876706452462	-0.5760979372625896	1069.5326045449262	1069.5330920079239
0.07543799292013632	0.08525081714654362	717.8489795464361	717.8499235638267
-0.3635186675577536	0.17290510712198234	460.44395345931747	460.4447929554042
0.8680704079412003	1.1489637168018172	81.18948547782205	81.2022549933753
1.6127890354694525	0.6980203047180632	61.25665297847053	61.282744348988565
-0.7444605330926763	0.4507392213572785	19.91530440469654	19.937041828283547
1.9406217906485992	1.9331297717629985	61.240383203111485	61.302499447516595
1.9406217906485992	1.9331297717629985	61.240383203111485	61.302499447516595
0.2828578171789269	-0.2563380805844542	254.45177488125134	254.4534273256905
-0.3628242509073643	0.09583774586855734	39.14484502711052	39.15362667254123
0.36415207540526906	-0.531049326634002	59.37023742294176	59.37389318179091
0.5169259005776923	0.6679111882851244	57.76664666802058	57.780758352459955
0.12467553394345066	0.40529480014310937	35.17487131853365	35.18638352068701
0.9586497799027196	0.7161269044949483	46.029694681071696	46.053037362041884
1.2519440268285533	-1.7393328058512867	-1.2913065578680403	2.5236907659646377
1.0143018514634305	-1.4094143328091873	-1.0618607556940665	2.0619663605144685
0.8775316926212482	-0.8519851706475929	-0.3053059999677836	1.303093379683304
0.8775316926212482	-0.8519851706475929	-0.3053059999677836	1.303093379683304
0.062451155632462035	-0.38125741968624527	56.59795629254102	56.601462256477
0.03905287498910328	0.010921299835673443	15.434323442853069	15.434966930344842
-0.28755810431451356	0.07136642114593986	5.739267625050014	5.7860400601291255
0.21338465739027965	-0.515538038477152	6.321893328769767	6.347902593917942
0.009488753686175577	-0.2808201784591672	1.9939799176940096	2.3182593567726566
0.5871781572357981	-0.11164369757661313	4.092273099257567	4.137893331497387
-0.10681221554684073	0.20854492780010492	-0.15123096652172563	0.3118500063111631
0.28391573042478946	-0.6777265835442106	0.5085445343571047	1.2121787738837042
-1.542794212609569e-15	6.661338147750938e-16	-8.253132627443023	8.253132627443025
-4.440892098500626e-16	3.3306690738754696e-16	-6.495315993433311	6.495315993433312
-2.7755575615628914e-17	6.661338147750939e-16	-2.8374247595920243	2.8374247595920243
0.678137928047026	-0.5344457505328957	-3.424726366001734	3.567107230194521
0.0	0.0	-1.70941987609877	1.7094198760987696
-0.027530203567794346	0.9438696719341579	-0.20071183635977047	1.0871674714414932
1.3877787807814457e-17	-4.440892098500626e-16	2.4689349917492853	2.468934991749285
0.0	0.0	2.468934991749285	2.4689349917492844
1.2952636062023866	-1.2450523323339833	1.3331083942976387	2.2923876440841173
-1.2952636062023866	1.2450523323339833	-0.5735932786471235	1.8859672237639382
1.3029882013689214	-1.5098891355819914	1.101762923412582	2.332686218517567
1.1558942969216834	-1.3939632908389932	0.7055570582443811	2.0067476284528682
1.234405553748326	-1.7152545586540289	0.5368937354994325	2.2369868473745376
0.7789257761083627	-1.3457313933935715	0.7309713415859702	1.7894237759879617
0.7789257761083627	-1.3457313933935715	0.7309713415859702	1.7894237759879617
-0.2747231970867784	-1.021179572011719	2.0719204259873347	2.330367908686342
0.9975876488142019	-0.8409649323685493	0.6426818873694266	1.5359567328844306
4.718447854656915e-16	2.6645352591003757e-15	-4.092302916001017	4.092302916001017
0.9385664368447695	-0.007474283472610435	-22.113449173204458	22.133359373515418
5.329070518200751e-15	1.0880185641326534e-14	-0.10777897209936782	0.10777897209936782
-0.42945188050967165	-0.04869831916215406	-1.7632078752758389	1.8154069668744341
-1.1736322891867878e-16	-1.1102230246251558e-16	-5.1593157932128575	5.159315793212843
-5.551115123125783e-17	4.996003610813204e-16	-0.588301980301388	0.5883019803013312
0.0	0.0	-1715.8451399103433	1715.8451399103433
-2.220446049250313e-16	-5.551115123125783e-17	-5.115571397341348	5.115571397341341
0.0	0.0	-1.3056468146408817	1.305646814640882
-1.0116497135181513	0.09046382027984587	-3.7179581652395406	3.868298303403236
-0.8437052868222066	0.6408841517120454	-2.9348463759889896	3.1376415278968866
-0.1917048227168958	-0.6763583403735638	-0.6205193726318646	0.9376863203957073
-0.6979435755847097	0.17869426948985942	-2.973253913649436	3.0770433392593235
-0.6979435755847097	0.17869426948985942	-2.973253913649436	3.0770433392593235
-0.45622930201990264	0.35760994249580536	-6.17508120472912	6.261434797657313
-0.037508369685527745	-0.27605598372098483	-11.199414258628009	11.203691941530023
-0.48436310756653334	-0.2568956156185743	-127.38684336589627	127.39115338059067
0.4602228269316933	0.26761837609159167	-107.5884962420226	107.59270543036664
-0.5695749218996845	-0.13787658809915582	-137.58320657870678	137.58668580794574
-0.18020973136533272	-0.8952854589603371	-907.9384398826764	907.9398055769642
0.010031219698224403	0.3784660693426299	-339.2666839232514	339.266923877432
2.220446049250313e-16	-2.220446049250313e-16	10.248833483625049	10.248833483625049
3.552713678800501e-15	-6.661338147750939e-15	8.486165293166096	8.48616529316655
-1.5165584687934273	1.9760608748361186	0.8748111909051772	2.640087269402329
-1.349952563618615	1.7589750073888277	0.7787062840935404	2.3500528669640115
-0.5111801229879125	0.6660627083069209	0.29486900858751575	0.8898833528954636
-0.5612547549382764	0.5997847489192428	0.30763856729500905	0.8771488659653347
-0.5576794131229484	0.6122151307203171	0.30313804524877597	0.8818766175499291
-0.5576794131229484	0.6122151307203171	0.30313804524877597	0.8818766175499291
5.5067062021407764e-14	-1.0436096431476471e-14	8.486165293166437	8.48616529316621
0.0	0.0	8.486165293166316	8.486165293166316
0.0	0.0	-1025.5603368957436	1025.5603368957436
-13.446502299808332	-18.582837139663916	-7.385424452377194	24.097193915470587
13.446502299808332	18.582837139663916	-1009.6887471501992	1009.9493082734385
-13.645394563879762	-18.544815278200332	-7.693218002462489	24.27534901376182
-13.66774013957705	-18.500506613369016	-7.807682951786588	24.290652081612425
-13.556448270617299	-18.349863131953832	-7.74410758240731	24.092861368531146
-15.042112080641253	-17.184511775385406	-9.415670567644495	24.702781888753748
1.3093125069621425	-1.0141890180885036	-0.7419852626564074	1.814778425951254
-13.676135969140963	-18.96436530918554	-10.221301578024132	25.51781441612104
-12.432715806549954	-16.8490559305845	-10.481829129393333	23.41648671291661
-1.4100260677658292	-1.8982235111537562	0.35663245818083394	2.3913621056427576
-1.7729488533486089	0.31907075311820154	-0.6587113082463134	1.918086121553757
-0.4758496550479252	-1.1243819651900517	1.499181041933173	1.9334454981575526
-0.6209327257437617	-1.3164115317168692	1.407790739366557	2.024937415473126
-0.17463852048671805	-0.37024326906802496	0.39594384654697024	0.5695175333090092
-0.17193902729543725	-0.3603728837923009	0.39965229926570456	0.5649368148637911
-0.17193902729543725	-0.3603728837923009	0.39965229926570456	0.5649368148637911
-1.8261774708336938	0.24861823034308256	-0.7188339563897177	1.9782460504948254
-0.1976778875649881	-1.2190673983718068	-0.16467432084358935	1.2459211455587627
-2.074793788525745	0.5215173660660463	0.45768725727345827	2.1877447871001734
-2.0665014413236262	0.5496414410868139	0.4568030112263423	2.1865961931317064
-2.0665014413236262	0.5496414410868139	0.4568030112263423	2.1865961931317064
-0.19380915152199235	-1.206997118588647	-0.1531021539280638	1.232008239027801
-0.19380915152199235	-1.206997118588647	-0.1531021539280638	1.232008239027801
-12.9794108281899	-17.57265247099671	-11.980942325160314	24.91598280847413
-12.549182051597246	-16.99017142665958	-11.583809802951691	24.090092254334973
-10.544044782342858	-14.800309196042258	-9.32015926019189	20.422815704643796
-2.046349491700386	-2.1388876852088297	-2.369104735082935	3.791443526931767
-10.49364623923656	-14.663538032489283	-9.163620400119097	20.22641584319828
-10.49364623923656	-14.663538032489283	-9.163620400119097	20.22641584319828
-2.0382454366069025	-2.119384479958134	-2.3454601342475865	3.7613053950830673
-2.0382454366069025	-2.119384479958134	-2.3454601342475865	3.7613053950830673
1.4051716789705306	-1.1390925830995293	-0.98734565807589	2.060798585202969
0.33954105377565474	-0.1573368323447213	-9.148528197763918	9.156178853173024
0.48870119821535796	-0.488692933938083	0.33463676801829934	0.767874606513244
0.3392176918932521	-0.15776482881468334	-9.142726926655852	9.150377808544425
0.524091619638055	-1.5010536838497135	-7.965929312806562	8.123045242038508
-0.6151027043374551	0.7608078106978942	-1.5739301360579137	1.8532231206450713
-0.5738904818914534	0.7098332652894062	-1.4684759437347772	1.7290561434044776
-0.3476975780826832	0.2599562832235166	-0.12517688222227874	0.4518186880097357
-0.23676874154939825	-0.045368820880392936	-2.919699426448614	2.9296352175121267
-0.34641598531363577	0.26373935428082457	-0.12691462156535857	0.45350832742559577
-0.34641598531363577	0.26373935428082457	-0.12691462156535857	0.45350832742559577
-0.23262898409660887	-0.04031759922907624	-2.9188708626103175	2.9284038085013036
-0.23262898409660887	-0.04031759922907624	-2.9188708626103175	2.9284038085013036
-0.03951588902817744	-1.85045181959591	-5.890111347443544	6.174070385686797
-0.028940051287548813	-1.355206016649627	-4.313710982507424	4.5216726235694065
-0.022185595442898297	-1.345651318238856	-4.3012390905122775	4.506875567915545
-0.022185595442898297	-1.345651318238856	-4.3012390905122775	4.506875567915545
0.6620757726774276	0.2268157381705197	-2.0033722604108224	2.122095690969618
0.6653006843118553	0.23151388862709465	-2.006817975853579	2.1268620240584792
0.6653006843118553	0.23151388862709465	-2.006817975853579	2.1268620240584792
0.44210255608929194	-0.5503701303558972	0.3252665379925383	0.7772774737674474
0.3955716541581926	-0.4924441622549027	0.2910325233451694	0.6954697090147359
0.2971033901469973	-0.369861764679226	0.21858681839297445	0.5223488743968288
-0.12086715597051156	-0.8660626142495662	-0.7756962320238059	1.1689217106244207
0.16697365096399763	0.6221374561957054	-0.3628734554122013	0.739332373943344
0.4559093625451365	-0.20609230751594196	-0.6970728851256021	0.919313870911828
-0.4733788977131041	-0.27471471454050095	-0.3033309682827885	0.7074358144061667
0.45764004426954835	-0.20248423260384119	-0.6960967624835916	0.9186321229482127
0.45764004426954835	-0.20248423260384119	-0.6960967624835916	0.9186321229482127
0.17190054351707473	-0.17968253556303032	-4.42001245886639	4.525609078553067
0.046474122375323196	-0.18117970448034543	-0.1241924073425277	0.2643661633183682
0.6711609944235706	-1.2432732377345472	-2.0105249925168556	2.630815074180905
-1.0526810687593438	-0.15059191122383364	-2.600470472698765	2.8129596194272857
-0.35025770505590526	-0.12077250176587778	-0.33787898821071805	1.00214440676015
-0.7627148306806717	-1.6004836477917692	-2.6407144939739853	3.2187536098423832
-2.7724229887970826	-3.8697077377914546	-2.0016895466107743	5.244243078894322
-6.241940802104471	-8.276419754361077	-6.001452609236207	12.014937908335732
-2.5182362136427594	-3.506086620370331	-1.1872788021234175	4.574557875479694
-0.20756583356576563	0.08251530830745851	-0.18539204455851485	0.32209058734230717
0.266165165106226	0.3680249849883257	0.1504478649134549	0.49713222099226234
-1.310388401432741	0.1689287704529457	0.1017501401993882	1.3324742279034119
-0.617048955840687	0.5592567770151615	0.3786312185379643	0.9247155003529528
-0.4466185415397309	-0.8800292784230946	-2.779793820436395	2.9530751974112204
-0.05143333888937243	0.7676769178193187	-1.1209487389581114	1.5686898799787303
0.2734414162091165	-0.4222039389587126	-18.105969675798445	18.11345863924125
-0.1662190234264734	0.5820448302980649	-13.989937607229376	14.034425880501715
-0.17807046598769172	-0.2632893883166559	-6.346119456692517	6.399367110167474
0.007875138605945228	-0.13539868760793058	-55.09351694719023	55.10721008263104
0.007996989741508254	-0.02199161575557612	-103.9215387691835	103.9265694723849
-0.1337010329058954	-0.1292750578813618	-15.56971997035044	15.571456185817038
0.07232787589664944	0.3485699224238266	-36.439879370699046	36.441885525428674
-0.16815478707115633	-0.35572711766869136	-145.8822723807103	145.88286977078326
12.958008445410753	-2.4771581954460893	-498.81557442494073	498.990003491533
1.2853827728357001	-1.2430419786130353	-56.06575687324761	56.094264020516476
0.44933140816837275	-0.7894823802229424	-99.66089974120786	99.66503959950117
-1.0469453788987302	-0.917025808644711	-240.4261257058375	240.43121035423343
-4.996003610813204e-16	-4.440892098500626e-15	225.09192860236894	225.09192860236897
4.440892098500626e-16	-2.220446049250313e-16	2400.04801593262	2400.04801593262
1.5670143108215588	4.7835624900432405	13.300306649497113	14.224804424565049
-1.5670143108215588	-4.7835624900432405	6.667292795534702	8.354088649748528
-2.7755575615628914e-17	4.440892098500626e-16	-0.579318061283935	0.5793180612839066
0.0	0.0	-0.5793180612839226	0.5793180612839265
2.0754578647506583	-2.5719897802035154	85.45050822407222	85.51439652204802
-2.0754578647506583	2.5719897802035154	4.441289473217934	5.536037297809974
-0.3634264569895478	-0.3024939491931374	24.030153653952762	24.037070662031958
0.7024657427474751	-1.920714139274705	35.23138256096288	35.2922345294466
0.0	0.0	0.023100867404011183	0.023100867404025335
-0.2298204345496444	-1.5211327238315917	1.3465970822362578	2.044501381154987
-2.1658543507569448	0.8139617870612597	-96.78787488459238	96.8155265622845
1.0491882136072945	-1.3315329195708046	-103.99656081878493	104.01037658789028
-0.3475817074788716	0.7512760239055851	0.398905395209816	0.9188874913703058
-0.7728719640980632	0.45333862263446456	224.96078953588872	224.96257394417873
-0.3559006537032403	-0.8127391443246731	30.509144652615817	30.52382704750933
1.1287726178013036	0.35940052169020853	159.0371000857393	159.04185423981681
-0.5301285320270588	0.6509033144312149	-5.062438139296882	5.131568113102892
-0.7218154948014945	1.0884294914200716	-120.06266887053407	120.06977201894671
-0.32845963614916196	1.50277651086154	1.472411555768578	2.1293705087974457
-0.5378557659983274	-0.3264440464098124	-10.674850619015658	10.693376000064701
0.5384896485234522	-1.2257329181353627	-0.6866835644825148	1.504635040765033
-0.018151355382838366	0.08558731042833531	-13.38823731200073	13.389250642465298
0.06581342127411198	-0.09906887796317189	-8.45340826618783	8.45539692437638
-0.10778058274151332	-0.0011978373073773681	-6.1411417555410175	6.143570602742331
0.25500394758624356	-0.14273471535041482	-37.12840296137815	37.12981533026559
-0.407106325527129	0.030261437187549672	-17.980357908462043	17.985498086838152
-0.13855441074830202	0.7874635113048347	-106.48251506883481	106.48965049282452
-0.06522957829576757	-0.06571190862077791	-10.47854305204607	10.479881546625533
-0.8754632324119768	0.21434011133516184	-82.36909631810721	82.37937093963004
0.06478735313675049	0.018421180226129	-24.62644343139946	24.626931043185746
-0.006008766810334576	-0.4730592897199738	-3.2513974364040883	3.2885994391570468
-0.49112344183929324	0.7686680146299533	-2.397463024311596	2.568676956174236
-0.08355425523913608	-0.03902985884177861	-0.027685765935579736	0.16956099193274254
-0.06165585570216149	0.03679711090974436	-0.039377025457699735	0.1618202921378099
0.4667870504200141	-0.3508733951762054	-0.05867529303434215	0.6022164729521774
0.008045081390441064	0.34811383837168297	2.41147010212078	2.485991947618264
0.08247916466836541	-0.058304723119728424	0.06498526785890019	0.1841334387914171
-0.08170208311612073	-0.11798043404881986	1.9552440877319461	2.0226689714124237
-0.0795481991431718	0.18281223945917122	3.4010064520978154	3.409702758745104
-0.23476740963604695	-0.1964000455175152	4.938191121666166	4.949636355684025
0.5680187679233831	-0.08276811169247691	6.366975219604036	6.394223090296288
-0.07298596889240325	-0.032944470207021216	1.4214529339664614	1.4237066879291689
-0.2253963245892354	-0.14117083104813932	11.454803731108088	11.457890784297296
0.1818743888131204	0.057746374255915736	188.20705509545346	188.20720358271362
-0.009238632799546162	-0.08166897327167504	289.50621632345155	289.5062616332841
0.15645191463167196	-0.5521753382468304	591.8193331260213	591.8196267919262
-0.06029702455201952	0.04819571410218508	529.00069901355	529.0015390404526
0.13573501747215583	0.03705510304435852	188.84828053288604	188.84838452337405
-0.069049487904465	0.21246312596903666	199.83375077672173	199.83392439145442
0.051687549614724805	-0.13361446234979818	72.76073428147453	72.7610091834327
-0.3461567292680134	0.09405644350274386	187.84946840112124	187.84985938051707
-0.7422920156159297	0.44942625438013006	19.857288863865342	19.878978907820283
0.1058638330432859	-0.45971640415875586	212.47792578157166	212.47849531316663
0.17699398413564105	0.20337832357430166	41.973849099679704	41.97493201252391
0.1484327321959092	0.20393993850356615	13.82469063078021	13.82769592506959
-0.5112569831032735	-0.10810219263500881	25.32015439633031	25.32593074747164
0.16404545148383656	0.19298335291559585	15.779081351937277	15.781691335091747
0.019323149474631967	-0.044691781097194856	4.099834194252787	4.102344544302399
0.33355729961922376	0.5196196164667235	37.88773112183051	37.896722473065815
0.041451927727230664	0.5713551835038699	30.541210184410065	30.54690105921127
0.08322360621622002	-0.16606038336076046	4.633661134123589	4.639482461475748
-0.11930067326723753	0.1013106478103595	5.093440752967627	5.097755877530151
1.077950453169957	0.6148162566845887	40.936253928104065	40.95528148451173
0.062451155632462035	-0.38125741968624527	56.59795629254102	56.601462256477
0.030954465911654606	-0.05911582003710196	9.27349987507665	9.273739957114671
0.008098409077448666	0.0700371198727754	6.1608235677764185	6.161226973230171
0.12227328887859967	0.18137709553701983	1.3878485474086548	1.4118965200760811
-0.40983139319311324	-0.11001067439107998	4.351419077641359	4.374143540053044
-0.018921324763045148	-0.03513441693043018	0.3758756949097133	0.37798807098596354
0.23230598215332482	-0.48040362154672184	5.9460176338600546	5.969914522931979
0.1028673165469336	-0.6698138288792067	1.5895638555955007	1.733616245334308
-0.09337856286075802	0.3889936504200395	0.404416062098509	0.5846431114383487
0.5913897280561922	-0.11962412255386833	4.012419597815963	4.057531610484973
-0.004211570820394025	0.007980424977255172	0.07985350144160427	0.08036172101241437
0.48530915848170497	-0.42376041541743364	0.08916727493203438	0.6652281238791563
-0.20139342805691546	-0.25396616812677714	0.4193772594250703	0.546950650004548
0.6822593310186998	-0.5513117496197477	-3.427638570688384	3.5732518259005444
-0.18143028539631872	1.0651595177576996	-0.16010107627775932	1.2012968414817802
-1.2754579978011271	0.5660194636478338	-1.269540854895551	1.8865060613822482
0.0	0.0	-3.4201941827880944	3.420194182788094
0.433853060139399	3.91758606659234	6.6271361615006334	7.710683677211776
0.9323266780674092	-0.007424593089419451	-21.966434978833675	21.986212812545645
-8.881784197001252e-16	3.3306690738754696e-16	-0.10152778711858446	0.10152778711835708
-0.3543927033312767	-0.7251797587959601	104.49305676082432	104.49617405001771
0.24452554965291012	0.03408995922535074	-1.780792897175675	1.7978259683192834
2.4328308417031415	-0.36614096759675013	-1647.629033142824	1647.630869940312
-2.4328308417031415	0.36614096759675013	-68.19300590011555	68.23737083743553
-0.14854619565682256	-0.7941799688538974	-0.5644295294339827	0.9855802802765284
-0.5414231858808982	-0.06251116169631649	-4.063678520344546	4.102439470992311
0.08519388386099544	0.4201211041921219	-2.1114026843845752	2.158995326665002
-0.054186222921580963	-0.03870753221863953	-1.7120284165832695	1.7133230048632326
0.016677853236053225	-0.23734845150234526	-9.487385842044738	9.49036893666679
-0.10199395497733185	-0.0582301134098539	-4.788091413020448	4.791564742054496
-0.3823691525892015	-0.19866550220872045	-122.59875195287584	122.59958863853618
0.5349333754639775	0.437084910551341	-89.13833455836928	89.1411205031656
-0.07471054853228422	-0.1694665344597494	-18.450161683653306	18.451584927201036
-0.18230075690711361	0.2143960496410336	-41.42940930358557	41.4306002160359
-0.030850207623774578	-0.21299078798183216	-39.95659201698525	39.957415359452185
-0.3564239573687964	-0.1392818497583573	-56.19720525813598	56.19867023245769
-0.1829673385204772	-0.5898218708540546	-813.1570333918883	813.1578107067332
0.002757607155144462	-0.3054635881062824	-94.7814064907882	94.78199487023093
0.687386118468944	21.021973473646437	-1025.2981621231143	1025.5139326315593
0.06357603016145376	0.23688186400258182	-0.13816583402761765	0.2815043992497718
-0.4715920869455366	-0.2697934864202804	-0.2998931064195735	0.7028680509615145
0.10362824603914414	-0.1940729497680173	-0.44080200681516746	0.5120442532839204
-0.4538859510950494	0.0733004480021395	0.10292301860444936	0.4901001534762296
-1.8579188368451738	-3.080921927109801	-1.466678275157203	3.91647895825679
-0.914504151951909	-0.7887858106816541	-0.5350112714535714	1.3277641206375326
0.03702243868017498	-0.0023493119544819585	0.02168477065097199	0.04296986747328945
0.22914272642605105	0.37037429694280766	0.12876309426248292	0.4541623535189729
-0.297241021675467	0.2842980164913244	0.2599747382079014	0.48658447535226995
-0.31980793416521996	0.2749587605238371	0.11865648033006287	0.4381310250006829
0.2435391626155977	0.17485072347750816	-0.49971698380023855	0.5992336339246342
-0.09373896653750635	0.17188647752809158	-0.11039125675414976	0.2645712937419619
-0.20123353496746377	0.4209397168137191	-0.5108404984037234	0.7048849523121344
0.2890259395473385	-0.40446772046238216	-17.34881387120509	17.35593480249178
-0.015584523338221981	-0.017736218496330485	-0.7571558045933585	0.7575238367494748
0.06592304779153435	-0.3671532541724125	-5.182459550076895	5.197741253021617
-0.24399351377922607	0.10386386585575658	-1.1636599066156224	1.201625857145857
0.03515328479641658	-0.17750393193246128	-34.61479942878711	34.62798627537189
-0.02727814619047135	0.04210524432453069	-20.478717518403126	20.479223807259157
0.14088503911687106	-0.04864000027481123	-4.298552275170485	4.303399341351795
-0.1328880493753628	0.02664838451923511	-99.62298649401303	99.6231701310331
12.2605564745045	-1.0941924561220042	-500.8523351322313	501.00357295093244
1.284177892428746	-1.244636738505795	-56.07937695917268	56.10788495032787
0.5895474547880949	-0.6206580477643484	-99.65642496691643	99.66010144385957
1.0039578092950534	-0.9730449190299182	-43.84231247905281	43.86459974977777
0.8273786241775309	-1.5940625867631273	-71.6044317814185	71.62695192215065
0.5092241192132501	0.03655526522927274	-46.0179299520905	46.020761864255476
0.5739774277874052	0.11452786060873799	-46.0201617352966	46.023883504777466
0.5739774277874052	0.11452786060873799	-46.0201617352966	46.023883504777466
0.6362283225958787	-1.225784345948033	-55.06157180215331	55.07888908706247
0.7137385828969911	-1.1323575594318345	-55.05257564674061	55.06884547316408
0.7137385828969911	-1.1323575594318345	-55.05257564674061	55.06884547316408
12.274070292986089	-1.1118008296338573	-501.7682194005039	501.91955022991186
11.590784851571028	-2.993123140892463	-461.15603718469106	461.3113869302384
1.8471217946906937	0.7558229860815328	-91.37633387722379	91.39812645865666
1.8462007114922323	0.7546038555069776	-91.25333258797922	91.27512581452964
1.9389370502994576	0.510136004943119	-75.52092629399633	75.5475348633679
0.09841396277455504	-0.12381039025127527	-32.275266273255895	32.27565378625772
0.14382129179768682	-0.06914494620834671	-32.274941583636846	32.27533609142954
0.14382129179768682	-0.06914494620834671	-32.274941583636846	32.27533609142954
2.0452889255177484	0.6383528884872098	-75.53092132726641	75.5613047647062
2.0452889255177484	0.6383528884872098	-75.53092132726641	75.5613047647062
-0.26962597445483166	-1.3037903211968387	-30.520199607346377	30.55100737193478
-0.2709280925371682	-1.3055137832776906	-30.603701692014173	30.63451036859321
-0.22778576818230672	-1.253369478533518	-30.591708662636833	30.619999351821647
-0.22778576818230672	-1.253369478533518	-30.591708662636833	30.619999351821647
0.5895474547880949	-0.6206580477643484	-99.65642496691643	99.66010144385957
0.1468320455984094	-1.2334225303457582	-20.627074225220603	20.664880872657832
0.3894283015733905	0.19529601530249324	-31.402696339324358	31.4096601068457
0.7045264872775214	0.14299043688624752	-59.07013990505267	59.08153288093712
0.6508660697097901	-0.30861525740565404	-28.013579391947445	28.023186473912016
1.9150489319615662	-1.0575795456395132	-146.7849503341401	146.80209517311133
-0.17608963837320055	-0.32855881775763396	-122.1330550453322	122.1346216807749
-0.8389696620549222	-0.6497853925206344	-171.5213643857797	171.52470379421877
0.0	0.0	225.09192860236845	225.09192860236848
0.0	0.0	1731.072166644866	1731.072166644866
3.9137909735482603	-1.396788433109743	430.90706720473094	430.9272307996954
1.9251769849873481	4.751534839213385	13.624364884384601	14.560755758360763
-0.9135272714691982	-4.841998659493231	6.251268143186284	7.95976359525005
1.9799657208980215	-0.30279221274689583	93.06490404642274	93.08645611768554
-2.0810306828954035	2.7044176938279945	4.895851474500709	5.96774039534333
-0.23219558443418187	-0.05411717242072367	24.30657626036227	24.309985457803098
0.8650878439929706	-1.57322706142363	35.370839263610414	35.41791341364996
-1.1857179155813382	-0.13175362689408132	1.485180950257953	1.905006154465136
-2.212147154910383	1.8267994954339883	-91.35695075873082	91.40198708628304
-2.890854567119338	1.36304993516084	-148.80602121067102	148.84034027710595
0.8262302593875928	0.4452836048796247	-40.66597018967548	40.67680008798477
-0.6220092627593847	0.44424040291535527	-59.607529436590966	59.61243000073557
-2.268845304359815	0.9188095322454191	-89.19641015261527	89.22999189782115
-2.1762922906364857	0.9315534988267515	-90.20659678331954	90.23765368893956
-4.34214664139343	1.7455152858880112	-186.9944716679119	187.05318025122406
1.049188212839356	-1.3315329260029627	-103.99655839135411	104.01037416085651
0.6163186327204795	3.203185169941478	7.27711252697161	7.974748310773112
0.6586857808702704	2.5044051355184855	6.920579944491895	7.389204206735358
-0.04236714814979138	0.6987800344229909	0.21092761195391563	0.7311490745635423
-0.01571281582347897	0.6608331034239571	0.1573321661781821	0.6794856096168338
-3.4680458773902574	4.715426635439901	-0.8487710943521662	5.914643094262537
-3.8970168342861458	0.8419247563286782	-2.3785973587037126	4.642553488852995
-4.92659376760096	-1.9908726957062166	-1.1224017296235758	5.430901019548699
1.1858525910277558	2.6180239868593556	8.524721726199479	8.99617565816473
-1.574048362210411	-0.6108266430914258	-2.0329771426971512	2.6426754430343284
-3.2049889438892594	-1.054283509656849	1.9713124580641193	3.9076259616940767
-0.8295102958676466	0.4255630996997961	-2.2329757377924184	2.4197875791784136
-0.6710193661715965	-0.3725340232256995	1.3230019370431607	1.5295040744169377
-2.2999024537091906	0.8901483109042961	-1.4845091385320532	2.878486181027886
0.35126657808657574	-0.8327224075029189	-0.06011907727733051	0.9057754248657822
0.24050300805614472	-0.8318403406738205	-0.09498901634419188	0.8711044498120932
0.1284102313203006	-0.9043671642765666	0.8353653193161994	1.2378224315488988
-1.0820260808986033	-0.2942124501438758	-0.11161251863386085	1.1268534775560874
0.009734206738215415	0.48665107668281177	0.10117455819105786	0.49715220651478353
-0.44697978519659487	-1.210400280204813	0.49341869219776496	1.3814202012799859
0.013373776699287108	0.4859551500941205	0.1140047741080684	0.4993279026107327
-0.0023390391241918627	1.1467882535180776	0.2713369402862505	1.1788135122275665
-0.3499207466030635	1.8980642774236627	0.6702423354960665	2.097701003597872
-1.0966739242558106	0.4984464330063929	205.31724654950085	205.32078042186913
-0.28271422746075814	-1.131033208205963	49.88383324375718	49.898545896032374
0.9071114998832854	0.31842833166683704	163.07905075680173	163.08221835480072
-0.44365240858956667	0.5447260537027662	-4.236638358714082	4.294491648118246
-0.8557478651826098	0.7385630675072272	-37.30486743010697	37.321989681571175
0.04745624694366336	0.45604368464123707	-83.58360122100592	83.58485880235617
0.36033435996823143	3.253730347026818	5.504132819552741	6.404067466650751
0.25713471022855183	3.2545521784988884	5.470388292980921	6.370508317062218
0.3327639205168835	1.2344782236062	3.732662321459461	3.945559062718341
-0.06938945151097137	2.0200242645094986	1.5907117771506751	2.5720958153136504
-0.06821064854645625	1.98570765673203	1.5636884224798635	2.52840049698953
-0.055000150276869025	1.9555225317098115	1.6154830986164253	2.537100516430234
-0.38345978642603096	3.4582990425713516	3.0878946543850034	4.666471025227679
-0.5814809510682737	-0.3419940627884044	-10.470151655824022	10.491861404507723
0.9242610713070607	-0.7417658607644083	-0.44839806711290775	1.2670974495751575
-0.06913919596434367	0.05386474724624933	-4.744854689905834	4.745664091329674
-0.038641386777169655	-0.0550625845536267	-1.3962870656351838	1.3979065114126565
-0.3663561911657109	-0.0010490724616848517	-16.8324266878246	16.836413102568752
-0.01930064999697077	0.01504289773898282	-0.5784841186591376	0.5790016757527835
-0.021449484364447383	0.01626761191025171	-0.5694471019783056	0.5700833085166194
-0.005049509742538226	0.04175990105093369	-0.1839310769158336	0.18867969668155118
-0.486073932096755	0.7269081135790195	-2.2135319473957624	2.379997259492685
0.1657986363947746	-0.1839334645844616	0.022308148855919422	0.24863298399405492
0.3009884140252395	-0.16693993059174378	-0.08098344189026158	0.35358348895812247
-0.08170208311612073	-0.11798043404881986	1.9552440877319461	2.0226689714124237
0.17317512559234338	-0.06885043999142197	2.5700195717037784	2.5767674722705207
0.39484364233103975	-0.01391767170105495	3.796955647900259	3.817455618025768
0.1260226141444862	-0.36767664706442554	454.78291297483383	454.78307906263547
0.03042930048718576	-0.18449869118240494	137.03642015118757	137.0365477292908
-0.26093400861214877	0.020327305496539473	148.09241059261356	148.0926418661219
-0.08522272065586455	0.0737291380062044	39.757057808507675	39.75721751439515
-0.6359772495514209	0.8499464999932771	19.852448036045935	19.883547700013285
0.044934273183101454	-0.0007015265520490879	12.491312247637966	12.491393086803264
0.13205971095253957	0.20407985012635077	29.48253685204174	29.483538925720648
0.07301926066293266	0.010204115643287385	2.662198657161776	2.6632194101496385
0.0910261908209039	0.18277923727230846	13.116882694775502	13.118471924942106
0.027187663336061752	-0.005847701341844312	0.16618859020945398	0.1684992942550924
-0.007864513861429782	-0.03884407975535055	3.9336456040433334	3.9338452500473067
-0.14740648238336054	0.18564464759219065	12.406480236161299	12.408744676899808
0.48096378200258433	0.3339749688745329	25.481250885669215	25.48797779616601
0.49784410405606994	0.35997808548245913	20.60729200937995	20.61644772830242
0.580106349113887	0.25483817120212954	20.328961918724115	20.33883375620931
0.1453390846128102	-0.06351478366218924	34.7263796590088	34.7270042099701
-0.08288792898034816	-0.31774263602405606	21.871576633532214	21.87445804650691
-0.1558585760102215	-0.07815406524717243	2.3432123345430704	2.349690192000933
-0.2539728171828918	-0.03185660914390756	2.0082067430982895	2.0244533480521114
-0.012418983324903939	0.2722831748847205	0.21110296420529978	0.34475617466318365
-0.08095957953585409	0.11671047553531907	0.19331309789320922	0.2398869367751651
-0.2215054810261794	-0.2240452335577588	0.37619700881309637	0.49069861854758773
0.020112052969263987	-0.029920934569018304	0.04318025061197391	0.05625203145696022
0.2733239266063673	-0.23168980151037072	-3.3608054529642266	3.41663568816658
-0.15129149290384014	0.941822671021134	-0.012231403761812032	1.0770648386761312
-1.652601939572391	0.8632495236141895	-1.147110617648914	2.1890992850534263
3.4680458773902574	-4.715426635439901	222.52050551393253	222.59747969089403
0.9110155896628012	-0.6778485766032549	-17.300632043652442	17.337857341876635
0.020132285440092948	0.7047405912913047	-4.638779580510418	4.69205078899313
0.0	0.0	-0.10152778711858268	0.10152778711865816
-0.7091006555165653	-0.9875862435721483	62.494415335768146	62.506240476352765
0.03791356970603765	0.2056565017845551	47.64375423128009	47.64421317732211
1.1429661315124542	-0.1642235546260305	-17.294364964649088	17.332870520607965
1.3874916811653644	-0.13013359540067976	-19.075157861824763	19.13069648892725
2.441967589460546	-0.30566677160095423	-1624.1157865371788	1624.117651125649
-0.33404549532063	0.4101483073239277	-3.1899521599139113	3.233512456986066
0.017812542218717753	0.6684155394815294	-2.571416344206016	2.656930303062259
-0.11421586217422547	-0.5881857051997005	-0.847981617881868	1.0383065593739742
-0.14456086563816345	-0.4852936511383592	-0.5616977987968619	0.7562487612436113
-0.293107061294986	-1.2794736199922565	-1.1261273282308446	1.7418290415201398
-0.032222769767744096	-0.05537478163157192	-2.1163655784411053	2.11733510218449
-0.042487778764540116	-0.11409175282817748	-16.3337961052122	16.334249825016546
-0.2498184588549513	-0.15738789656106517	-38.28151786431358	38.28265651973657
-0.1066054985138451	0.018106046802707866	-17.915687393822402	17.916013712721114
-0.016115607336048613	-0.31312384448393465	-89.42172249966522	89.42227217568293
0.018873214491193075	0.00766025637765223	-5.359683991122988	5.359722694548013
-0.746102498052658	23.864413852421897	-1029.429964212851	1029.7068646157113
0.06425786877061458	0.2386863893896914	-0.1404899600465248	0.2843197057059237
-0.40733421817492205	-0.031107097030589004	-0.4403830664660983	0.9871877566674382
-0.1464298318679029	0.07786282378473273	0.07286250840783473	0.18114430744595986
-0.30745611922714655	-0.004562375782593227	0.030060510196614633	0.30895584603026977
-0.2390207690137825	-0.20105340537488942	-0.0753886552467098	0.32130491619750656
-0.6754833829381266	-0.5877324053067648	-0.4596226162068616	1.006459204440026
-0.05897212373973247	0.09905270165177169	-0.219847560426331	0.24823798844717232
-0.14226141122773128	0.3218870151619475	-0.2909929379773924	0.4566469638649621
-0.007758769738770328	0.06422137448454052	-4.365168135368244	4.365647424321256
-0.019519376451701022	-0.022116130160009823	-16.11354938303488	16.1135763829379
0.0033722159397324286	0.05156428178655748	-22.597077856207715	22.59713694003091
-0.13626026531509525	-0.02491589726732237	-77.02590863780533	77.0260331910022
11.86041082602586	-1.6893328196956248	-430.61473689316335	430.7814802424846
-0.023490931165196984	-0.09856547480869747	-1.5134607126562776	1.516848807701453
0.1703229767636064	-1.1348570555370607	-19.113613512564328	19.14803206495638
0.3894283015733905	0.19529601530249324	-31.402696339324358	31.4096601068457
0.7751517526027196	0.07669511171161861	-55.35336094881637	55.361042535812814
-0.07062526532519829	0.06629532517462891	-3.7167789562362863	3.720490345124304
1.9150489319615662	-1.0575795456395132	-146.7849503341401	146.80209517311133
-5.475201510158735	0.8932685315930404	79.3290050203431	79.52274390238296
5.475201510158735	-0.8932685315930404	1651.641633837404	1651.6509505296015
3.9489824769343613	-1.3247774529252183	413.7829968779438	413.80409241997586
1.3088583522668673	1.5483496692719043	6.303507961541477	6.629751843459147
-0.8897668754482475	-4.716060650551866	6.0886757265675975	7.752734050360692
0.868355243205003	0.5920557961156713	55.56706909999944	55.5779870025735
1.111610477693025	-0.8948480088625681	37.48885102740615	37.51745303412977
-0.2977333618145191	-0.27063464233623713	0.6150245190580326	0.7349445036275883
-1.7832973210808771	2.9750523361642216	4.124503104678143	5.389119742480219
-0.23219558443418187	-0.05411717242072367	24.30657626036227	24.309985457803098
0.8650878439929706	-1.57322706142363	35.370839263610414	35.41791341364996
1.0382961295264668	2.292261443901414	7.463984681208936	7.876775272985025
0.9859132251335336	2.176614945137824	7.087420438285662	7.479385400948388
0.9409647980589013	2.17697289239911	6.977408304871702	7.3694540081555004
-0.33009148925087933	0.893433551721217	2.0839370848630736	2.291282976038678
1.3853140581213725	1.2947573256007854	9.579414589275029	9.765279076659347
-0.3089042785868937	-0.05904573798759789	0.6833203293180357	0.7522199977154931
0.8279503281538185	1.7461094722523285	7.272383146686105	7.524756253008028
-0.30608465173881805	-0.07336472502791924	0.6805885516041585	0.7498473001105896
-1.4918025673201563	-0.20511835192200056	2.1657695018621115	2.6548534545757256
0.7758111343716343	-0.20079198438419937	-33.520528593029326	33.530106434267395
0.2818524379183163	0.6171065602165806	-161.06826293403896	161.06969170483978
-0.5555864052261974	0.4455862101331185	-59.958290273263984	59.96251992551528
-4.342146642774498	1.7455152743203612	-186.99446730239887	187.05317588700535
-0.3830551966991207	1.1285211835871256	-0.10965360506705826	1.2970409625864916
-0.38305519670869714	1.1285211835069147	-0.10965357479625903	1.2970409599603965
0.08268575619468858	0.8423762317627159	-4.6155392938819295	4.692508670581692
-0.017950937792754307	0.6969407031870649	-2.963625742360164	3.044523956336422
0.06473481840193428	1.5393169349497808	-7.5791650362420935	7.737032626918113
0.06473481834480953	1.5393169344713111	-7.5791648556725	7.737032449937219
0.43075887121837964	-0.40473573769515464	-71.6409521987673	71.64339045696093
0.51076448900805	-0.4045079411860435	-71.34469169694205	71.34766667782587
0.5107644884812697	-0.4045079455982905	-71.34469003180507	71.34766501277957
0.409351048406866	-0.02176855305772725	-63.64959216081222	63.650912203899026
-0.11881964632254949	-0.43652164156578976	-63.61946092670124	63.62106944916899
-0.1188196467922822	-0.4365216455002124	-63.6194594418903	63.62106796442348
2.294444742281603	-0.2872008162094487	-1526.0007458932869	1526.0024978445651
2.063011429396706	-0.25823178716132067	-1372.0779245646602	1372.0794998022086
3.61332002566985	-0.272495989647382	-1371.2158471410603	1371.220634976995
3.6133200155457326	-0.2724960744457283	-1371.21581513903	1371.2206029750669
0.16797842470632676	0.36778318692859974	-95.99346834708254	95.9943198659488
0.27639856382633	0.3670876395550877	-96.08463981098484	96.08573857294948
0.27639856311690125	0.3670876336130011	-96.08463756850203	96.08573633046758
-0.4715017147321211	0.6123899840777565	-20.980695258989797	20.994925789585235
-0.6507860560941463	0.48081404801560623	-21.400303190506904	21.415594348165946
-1.1719311152639724	0.5013235199124111	-37.853310729150785	37.87476575463124
-1.8227171713581187	0.9821375679280173	-59.25361391965769	59.29036010279719
-1.8227171717958766	0.9821375642614122	-59.25361253591838	59.2903587198682
0.4589262763663577	0.45326712659937457	-26.95437098142333	26.962087816402338
0.4872927542037413	0.4561410324918569	-27.00796458898673	27.01621124639586
0.4872927540042728	0.4561410308211337	-27.007963958472875	27.016210616042663
1.5276703490868795	1.548140923607077	6.1909514006271635	6.570182361225117
1.5276703490383698	1.548140923200767	6.190951553964397	6.570182505604708
-0.5814809511457382	-0.3419940634372369	-10.470151410961263	10.49186116017708
-0.555586405668918	0.4455862064249461	-59.95828887383757	59.96251852616414
1.387491681024117	-0.13013359658375082	-19.075157415345828	19.130696043742297
1.4078524678763273	1.159936308728379	4.614002668640559	5.1020704066814
0.248623410971529	0.04924983989861639	0.3292350182678078	1.1905363106041587
-0.17266286835332256	0.5663707702298191	0.19977579953406696	0.9797793292994625
0.26210415399129844	-0.21862814617607895	-2.712307555416165	2.8710134770296243
0.26303745543814316	0.10116320601603387	-6.724247474060796	6.782296933109649
-0.4219757092024695	-0.1511451655457079	-0.9696173994319082	1.0767013800984295
-0.23367439345177637	0.184211520680761	-21.673530744752235	21.695871108188463
-0.5720361768908921	0.8105719698089519	-40.417808929306375	40.44089913363364
-1.5052959762887426	0.04277918030081296	-37.404084484741155	37.43839502167065
-1.152976784661679	0.5678108897307528	-53.74491461482545	53.76044857725561
0.24972013738346477	0.06113912303438421	-12.686772193000476	12.690144467316776
-1.2623163756705966	0.8404800439883573	-61.828915488228375	61.85339940421703
-0.5080809875195521	-0.07086892738360061	-13.879218186042173	13.88939688882897
-1.036633807618935	0.457433775058474	-67.96494041115002	67.97451875520146
-0.2975682683049608	0.37105423257309467	-24.21223733952865	24.217284833438235
-0.15249908384205504	0.4919713363323298	-93.05182532811823	93.05335549267349
0.2993964503244019	-0.3443973746743295	-121.90867137963825	121.9105410579695
0.8850569428287014	0.33814023610535215	-551.132120279734	551.1336478527494
1.0154749768231006	-0.6116918276147723	-232.6521402466107	232.65656071513862
1.2941128586077972	-0.24083522834245755	-475.2640542792015	475.2661376905723
0.5727222675990261	-0.6717523749557279	-59.23744458112731	59.246111418921764
0.6129755470566547	0.19282458597211583	-49.02709270470541	49.037796020743926
-0.38254026161287746	-0.0725263397762993	-58.9962199758879	59.00004837445111
0.49340499021947376	-0.16153063397498613	-7.464632790551773	7.483967070529281
0.499452573805343	-0.05664516726570695	-15.669977361512974	15.678658483546497
-0.06380866780321039	-0.3779699999096083	-14.513122445745552	14.518811094319044
-0.04286680028057793	0.24221532059916107	-7.1889284801475	7.213968265751872
0.11108291855215334	-0.016121579510310013	-4.337498310863044	4.341049471874252
0.32549726288907865	-0.16710491927201862	-22.17556323264892	22.227649614852954
0.8657059844827071	-0.32125935500080105	-10.269355047892354	10.33751329464732
-0.19156562604820332	0.48870471678214344	-4.313893134489212	4.347806718965497
0.21801151098352994	0.588697332345006	-2.457762497857597	2.6606962219439763
-0.3961161661729531	1.2026589363922748	-1.275367078576433	2.036644337765954
-0.11855908860102624	0.02032421387717248	-0.5074184566708565	0.7208040881056827
0.9014297079842813	2.4963291974833535	6.728708248673643	7.23323922433188
-2.085863364134293	-0.6861463133584302	1.282964936081084	2.5431519349788236
-0.6946999171051444	-0.37234544291479477	1.4006374217350241	1.6071820963568022
-2.8002272164532243	0.894132652298057	-1.19192004875896	3.1719740015177456
-1.0720882307347968	-0.28652119144957605	-0.12370678286237216	1.116588973506326
-0.9923447965898452	-0.4577201440297108	-0.11845749914995457	1.0992215903421758
0.12118173902051321	-0.617235372207878	0.4313220764107062	0.7626947306595718
-0.3499207466030635	1.8980642774236627	0.6702423354960665	2.097701003597872
-1.0966739242558106	0.4984464330063929	205.31724654950085	205.32078042186913
-0.28271422746075814	-1.131033208205963	49.88383324375718	49.898545896032374
0.9071114998832854	0.31842833166683704	163.07905075680173	163.08221835480072
0.41540208287766134	0.9333271702448517	3.9120359592128704	4.0432269097035505
-0.3627659856102152	0.15100806953142126	0.38541340547428055	0.5504053874178918
-0.38345978642603096	3.4582990425713516	3.0878946543850034	4.666471025227679
0.937456276365023	-0.2882638076147362	-0.18069798662569136	0.9972823347715234
-0.6359772495514209	0.8499464999932771	19.852448036045935	19.883547700013285
0.11416641878514655	0.02286955413525308	19.37061886779213	19.37096880150679
0.03117266582766364	-0.08638433779744231	15.355760791216666	15.356035408463304
-0.06429130014928042	-0.0585027354430368	7.772263625008378	7.7727496935098594
-0.018596628831067746	-0.25923990058101926	14.099313008523838	14.101708352997049
0.2733239266063673	-0.23168980151037072	-3.3608054529642266	3.41663568816658
-0.4406708183285176	1.042629027107926	-0.47885313504399796	1.229051009208247
-1.2119311212438757	-0.17937950349373527	-2.4260741166146276	2.7178649098548924
3.4631637741467447	-4.75951082292103	216.75108688357147	216.8309943523057
-0.6855416589774848	-0.9849147369734599	60.870691051697996	60.882518455821895
0.03218023220084154	0.1745568679578439	40.439006032859055	40.439395576505675
-0.293107061294986	-1.2794736199922565	-1.1261273282308446	1.7418290415201398
2.0022160674088747	21.26260957489269	-990.3568412203429	990.5871437117737
-2.8596104344212896	2.4511607961140114	-39.136698361887355	39.31751161701887
-0.40733421817492205	-0.031107097030589004	-0.4403830664660983	0.9871877566674382
11.853363267296388	-1.6986608525350313	-430.19562131196693	430.3623695973286
0.0008370472718657179	0.05932205008595055	-0.6092138070081218	0.6120958004461919
-0.071462312597064	0.006973275088678357	-3.107565149228164	3.1083945446781125
0.7976749932863265	-0.6688739646352544	-65.712325189514	65.72071849403976
1.11737393867524	-0.3887055810042589	-81.0726251446261	81.08137667907157
-5.654775924514685	0.9573566411906209	90.25757972417335	90.43961366653274
1.740984950965465	0.439431791919103	1878.7818412163476	1878.782699252215
3.689503386862709	-1.679356202692866	420.29573368762055	420.31541171900005
0.2630745483934385	0.48802259240055107	102.50941603680292	102.5109152747894
-0.6157129351447246	-4.81281735948191	6.454245195343571	8.074626579344121
0.6303809194445017	0.41363840350236547	40.58620716233453	40.59455121880751
1.3017696820482954	-0.5204290244349714	37.087896056678176	37.11585085358495
-0.1424816665176457	-0.12951344996230507	0.294322805783496	0.35171106468101576
-1.08355987087121	1.448876830483275	1.289977408241596	2.2220233521381814
-0.8549891455065441	1.3850543133070197	3.1552274097110926	3.5503298292886196
3.306888116433804	-4.544737357745488	206.9701695282917	207.04647116344512
2.046254283853906	-4.098129308953062	267.37543662887543	267.41467037712954
1.2606338325821647	-0.446608048795542	24.10823128001173	24.14529916691107
1.2563830873120092	-0.4465741979418658	23.95856164182471	23.995637164315223
1.48543798852591	-0.3608370676505075	36.87701595339668	36.9086850894775
-0.05111830658410636	-1.048683089595728	37.293932395757174	37.30870867294898
1.607268213251292	-1.1514832024795325	36.890724394697706	36.943670243229285
1.607268213251292	-1.1514832024795325	36.890724394697706	36.943670243229285
0.8243546235849111	-4.136343404433506	215.85989957644256	215.9016793414463
0.8195635455566475	-4.136305250634353	215.7174202953372	215.75920866652902
0.6416269509255474	-3.1733592913271007	165.50503358785727	165.53745206826696
1.1873474980131535	-6.72115368131646	165.4963255027375	165.6377597524097
0.07190731461941982	-1.8479657450433833	37.28246000698533	37.32829988399165
1.2592548126325733	-8.569119426359844	202.77878550972284	202.96605963640133
1.2592548126325733	-8.569119426359844	202.77878550972284	202.96605963640133
0.622033151188313	-2.13804061555462	61.540539803283906	61.582789009080365
0.1812156399832771	-2.9887613989563	63.576665908079384	63.647289506942144
0.8688936648599768	-2.7475352181065036	66.26146909075288	66.32867516782657
0.13624094910141227	-0.8834520607881415	35.140941967456534	35.16099675401465
0.15220227197146932	-0.21581537254772107	3.7511065944244444	3.7629805041025235
0.0513042601703753	0.01730927733824647	6.661526853984218	6.663114239223764
0.6224375041749057	-0.8184244126440705	27.043835946756825	27.073870156199103
3.728707544297322	-1.674910590371951	427.22463819467134	427.24431999305875
3.7955965801856024	-1.5949255778999483	427.89295722544887	427.9128907669035
3.7955965801856024	-1.5949255778999483	427.89295722544887	427.9128907669035
-5.805148821703824	-1.6674522600362374	142.1230544686956	142.25133658912796
-5.581258157190717	-1.2093136568366276	121.43123308515169	121.56544431189968
-3.68137658113023	-1.5849732475068101	71.62921947398192	71.74126954674887
-1.832124901759173	0.9209172150413767	63.78561735397384	63.81856901717693
-0.12516475509315517	-0.011678328552885864	20.708566615244806	20.708948159124517
-4.472045071172679	-1.1129515216544172	82.8054817141176	82.93362195222886
-3.3976537983087685	-0.608649666563888	60.54444153276271	60.6427564203994
-0.23753500773839997	-0.27656337516407914	25.15658999321219	25.159231511852006
-0.23227236176408894	-0.27596660978726817	24.6214694977033	24.624111521986293
-0.2281465952255335	-0.2713379911528729	24.57169427064784	24.574251453620032
-0.6743483246563287	-0.9733536695519437	60.71980121326698	60.73134629180421
-0.9024949198818621	-1.2446916607048166	85.29149548391482	85.30559774542424
-0.9024949198818621	-1.2446916607048166	85.29149548391482	85.30559774542424
0.7120392340553433	-1.5957951446981804	37.9999078326033	38.04725461966473
-0.20588227812578433	-1.082014906319985	64.5042605784378	64.51381446113575
-0.2636287721300317	-0.20858576552438424	18.94664255025394	18.950105321041544
-0.11933811497512015	0.01250626688377443	23.345619214658484	23.346317784794856
3.634999435472623	-1.538954750370062	403.75886179702593	403.7789097393461
0.536176519303564	0.5011271430572636	3.7076481981339158	3.7795858019744557
0.85405108619731	1.5905699347281905	7.324425304560848	7.543641164397161
-1.4918025673201563	-0.20511835192200056	2.1657695018621115	2.6548534545757256
1.105220930049599	0.7853916267405017	3.17015149262608	3.5736543737011233
0.3026315378267286	0.3745446819878773	1.4438511760144794	1.5284160329802772
0.16895140185912608	-0.04614612428750068	0.2442576702323007	0.9852342073559126
0.07967200911240294	0.09539596418611707	0.08497734803550715	0.20530210324824605
0.006712890130721891	0.6846163968357926	0.19725524242446751	0.726040005285016
-0.17937575848404447	-0.11824562660597338	0.002520557109599475	0.2537393240144466
0.2600349731299756	0.04826907229355479	-2.2481034297616236	2.317656754913626
0.0020691808613228987	-0.26689721846963377	-0.4642041256545417	0.553356722115998
-0.01373538207748451	0.11148045004393148	-2.7569634185702414	2.803066853501237
0.2767728375156277	-0.01031724402789759	-3.9672840554905546	3.979230079608412
-0.08025852945499615	-0.06895402153080386	-0.3343200542256209	0.35066506426071453
-0.3417171797474734	-0.08219114401490403	-0.6352973452062873	0.726036315837715
-0.5502203053790204	-0.029559731026351045	-10.29990468855054	10.3155771792118
-0.8946450289203927	0.04631419930810396	-22.63070756089877	22.648861764438646
-0.06043064198932921	0.026024712019060033	-4.473472235291833	4.473956078020196
-0.3173669211242834	0.22266748485873694	-15.448934364845606	15.453798095638005
-0.8356098635373955	0.3451434048720158	-38.29598024997984	38.306650481617595
-0.7149077047443231	0.18652482004871768	-17.596624641854813	17.612681882837407
-0.5474086709262735	0.6539552239396396	-44.232290846373566	44.240717521379615
-0.6313394549625116	0.349472093472462	-42.68006287205778	42.686162711285185
-0.4052943526564232	0.10796168158601196	-25.284877539092232	25.28835604391627
-0.09144332501701039	0.05841291991450301	-7.926718860115438	7.927461500266833
-0.20612494328795045	0.31264131265859163	-16.285518479413213	16.2898233331714
0.2993964503244019	-0.3443973746743295	-121.90867137963825	121.9105410579695
0.912533003894893	0.14352197383201254	-471.1936559923377	471.19482009292943
-0.02747606106619163	0.19461826227333964	-79.9384642873962	79.93882775981994
0.032205699816329175	0.08910493562656097	-58.612694037800495	58.61292603910735
0.9832692770067714	-0.7007967632413332	-174.03944620881023	174.04363467603127
1.2941128586077972	-0.24083522834245755	-475.2640542792015	475.2661376905723
0.5727222675990261	-0.6717523749557279	-59.23744458112731	59.246111418921764
0.6520882168502398	0.2377974197432821	-46.8802863800617	46.88563210107005
-0.039112669793584985	-0.044972833771166267	-2.146806324643716	2.152163919673883
0.0064646276964977906	-0.012863202517310105	-17.25489330877629	17.255463776309902
-0.1514532764270896	-0.12202054731236023	-17.47087131449092	17.47251130723082
-0.23755161288228563	0.06235741005337104	-24.270455352620683	24.27207329091039
0.006687979571410832	-0.19910479127388162	-9.324722851907268	9.326850685620553
-0.07049664737462122	-0.17886520863572666	-5.188399593838283	5.191960408698493
0.11533353359441825	0.08822293711779981	-2.5495630326928604	2.557505924368325
-0.0069445238507144375	0.06254933346883974	-2.710042367997574	2.7143636577973127
-0.1512558100242818	0.09144305001252151	-1.9293230794570664	1.9420986835862357
0.08570737180801138	-0.033587467454300295	-4.1512671980926745	4.152287709385323
0.02537554674414197	0.017465887943990278	-0.18623111277037002	0.18876176248892795
0.3522628409969862	-0.18119811924562096	-22.00060543970219	22.004614092637908
-0.026765578107907563	0.014093199973602349	-0.17495779294672886	0.223035522215044
0.6264675251041842	-0.37125134081833805	-9.278327098741816	9.307906459253678
0.2392384593785229	0.049991985817536944	-0.9910279491505385	1.0296068353936427
-0.09657056706975906	0.35349904204442784	-2.5509823131969624	2.577168642016706
-0.09499505897844426	0.13520567473771566	-1.7629108212922493	1.7706380769487913
0.2679596002045621	0.10344646198116508	-0.2803434729842508	0.424942073208903
-0.04994808922103208	0.48525087036384107	-2.177419024873347	2.2357541487350736
-0.07097458114890957	0.1819765016463174	-0.25423742274967365	0.34967025945466335
-0.2900726546846999	0.3660431247353602	-0.40274029159135444	0.6323047062397565
-0.03506893033934366	0.6546393100105973	-0.6183893642354049	1.054669372071534
-0.11855908860102624	0.02032421387717248	-0.5074184566708565	0.7208040881056827
0.9014297079842813	2.4963291974833535	6.728708248673643	7.23323922433188
-2.230374809839951	-0.6849954949743081	1.529245696760936	2.789692280801869
-0.4145720938557071	-0.2222024590848682	0.8358503785073331	0.959108861953699
-2.234571406674544	0.7135146915434915	-0.9511479798315833	2.5312240252718756
-1.0720882307347968	-0.28652119144957605	-0.12370678286237216	1.116588973506326
-0.982601836368394	-0.44992460294951897	-0.1342967559505382	1.089024396344114
0.12536678101815732	-0.6249363121688287	0.41658827333325	0.7614512548606178
0.00530525794086311	-0.1543373833657778	5.0939059668625255	5.106919440612279
0.02220101994713013	-0.26346230940752585	5.092125640420995	5.109652513781925
0.02220101994713013	-0.26346230940752585	5.092125640420995	5.109652513781925
-3.0808594158298144	-0.5518996835723604	54.899328726551865	54.98847681675534
-0.458367110149134	0.20180322496220346	5.077809293939665	5.102447665081108
-2.6167589681753456	-0.7226032747078368	57.02626763102856	57.09084675248598
-2.4880992462866374	-0.7080137188479014	51.769590539285566	51.83418202206073
-2.468357403182323	-0.6969789086849681	51.28657874846554	51.350674071498545
-0.9620210202196846	-0.23941680847958519	17.813016803410452	17.840582179124937
-0.9071030607748298	-0.23318930677763428	15.894674386372152	15.922245038466627
-0.8995876572251844	-0.2296264928103634	15.719194529178507	15.746588929858317
-3.3679450604075076	-0.9266054014953315	67.00577327764404	67.09726300135686
-3.3679450604075076	-0.9266054014953315	67.00577327764404	67.09726300135686
-0.9162916566243733	0.4605738177417727	31.90078849861313	31.917268452592186
-0.8834589663084813	0.4642969283032121	30.206671660837074	30.223154769318114
-0.8759156157988919	0.47026613889851054	30.051667854082304	30.068108008675033
-0.8759156157988919	0.47026613889851054	30.051667854082304	30.068108008675033
-0.4092805647253339	0.20736946500935116	4.258910255309539	4.2835533425534535
-0.40401916038534347	0.20872043795366713	4.187125245984212	4.211747087466025
-0.40401916038534347	0.20872043795366713	4.187125245984212	4.211747087466025
-1.036255952205504	-0.3182562212276865	0.7105038797344061	1.296120821508977
-1.0290538026375269	-0.3308765918974015	0.6978754780162177	1.2866472829041993
-1.0290538026375269	-0.3308765918974015	0.6978754780162177	1.2866472829041993
1.091884789633454	-0.4293335090786706	-0.3688546903547215	1.278621581126517
1.091884789633454	-0.4293335090786706	-0.3688546903547215	1.278621581126517
-0.662467211041051	-0.0980526346047271	-1.3261434793117746	1.485642504971696
-0.6578503001797444	-0.11694639842885723	-1.286890711695513	1.450010752167116
-0.8496085291023936	0.033685040214292056	-1.3487413468598066	1.5943878309203752
-0.8496085291023936	0.033685040214292056	-1.3487413468598066	1.5943878309203752
-1.1860374873028712	1.1233613045207127	-1.3824296160382303	2.1400320523491683
-1.1641076798806353	1.0336180509489683	-1.1765556966917194	1.9513575461771109
-1.4903844507347963	1.2927838514566905	-1.3737333883608953	2.4040963624357414
-1.4903844507347963	1.2927838514566905	-1.3737333883608953	2.4040963624357414
-1.8103881343018073	0.578069927576267	-0.7705938648945698	2.0507279055501146
-1.7894292480607799	0.6061999924471833	-0.763147948767337	2.037628586461755
-1.7894292480607799	0.6061999924471833	-0.763147948767337	2.037628586461755
-0.4107995535930257	-0.2395059284183908	0.8285194118380457	0.9552820414789792
-0.1725734847954593	-0.14130259263006512	0.42484707686946366	0.47983650242864756
-0.583373038388485	-0.3808085210484559	1.2533664887075093	1.4351185439076268
-0.583373038388485	-0.3808085210484559	1.2533664887075093	1.4351185439076268
-0.3601265965929321	0.14341096464670797	0.3877269652606759	0.5482609505926547
-1.6022062704549986	1.2041743267963212	1.6774216495345584	2.613588363290594
-1.9623328670479308	1.347585291443029	2.0651486147952345	3.161849313883249
-1.9623328670479308	1.347585291443029	2.0651486147952345	3.161849313883249
-1.0605603343973766	1.3081117862765077	3.3191690777446237	3.721938746802384
-1.0605603343973766	1.3081117862765077	3.3191690777446237	3.721938746802384
0.4294036719357657	0.8496438269956217	3.939723861273135	4.0531106880158845
0.4294036719357657	0.8496438269956217	3.939723861273135	4.0531106880158845
-0.6157129351447246	-4.81281735948191	6.454245195343571	8.074626579344121
0.12536678101815732	-0.6249363121688287	0.41658827333325	0.7614512548606178
-0.982601836368394	-0.44992460294951897	-0.1342967559505382	1.089024396344114
0.85405108619731	1.5905699347281905	7.324425304560848	7.543641164397161
-0.10985181199105315	-0.11458551433818129	-1.0333089689780797	1.1561334821137241
-0.1396596482249339	0.7179707865959246	0.30849690108340316	1.229027175706683
0.35856692190704414	-0.12409805468946367	-1.2394978842169955	1.6002112868437122
0.4538139135086292	0.9596813132225829	0.6464676498031893	1.250733983781003
-0.46839262914780994	0.17664676949223557	0.04072311429578271	0.5200708688726837
0.06304144170748971	0.3533932098547545	0.05240062919613503	0.3886985914357759
-0.542301256348651	0.8770926683935887	1.1587368571464387	1.8817531669072414
0.6773518073539103	0.9381576256601422	2.151170604911597	2.4466221526516128
0.005092350355471904	0.4945708670994648	2.266516988869721	2.323778202809107
-0.2530116548286917	1.7995630418946176	2.6374971785469135	3.2059808469445183
-0.2328906569990123	0.08939098990467964	1.8073500052582923	2.012005623259534
-0.018861436495178033	1.0226355275889734	2.5050163600067776	2.8371232957397527
0.004321700734055814	-0.07199628907554284	0.493746426193786	0.5181384573808624
0.14530177204081912	0.3212835929906076	0.5557661066838128	0.6718863875847163
-1.042821598077936	0.9749790296128267	2.5078330956622112	3.0445069231197204
-0.2789389718778834	-0.01735882707447588	0.5439729828983282	0.6272915350401256
-0.5550710745079723	-0.006120673891686829	0.41864294212809894	0.7091424809571025
-1.2603470625156912	1.2066947282761842	0.5209262658586231	1.9833014325648453
-0.4772578083802682	0.27547457055977354	-0.30312930474585575	1.0112634440025587
-1.1262431769853105	-0.4450584822061795	-0.614237253244166	1.6434464432520266
-0.9260957693951746	0.578633449775455	-0.7313676632950027	1.321683958858651
-0.37387133795801736	0.13273727322433826	0.4484216681627264	0.9580962234155969
-0.6917019199066167	0.5787926425883946	-0.6098518421677577	1.0970831048340708
-0.3306060449224171	-1.2428877034449375	0.6397187697513125	1.4427508118472867
0.05498273307118112	0.1347492727700423	0.18706407616381485	0.2750513060122667
-0.22393445753814226	-0.3205588471203991	-0.0013869830071790157	0.4136739535696242
-0.021478914586852846	-1.3642379744509796	1.725015285614791	2.203806732726493
0.23434466166485618	-0.6260332572026043	0.4688670761321707	0.8275814129469369
0.24490203321155535	-0.41428672408513545	1.1849779417967166	1.3913744430127823
-0.26001920263954176	-1.774601199787945	0.9105808260630681	2.3438484994038236
0.16768268415661308	-0.5781832257683454	0.020463378709279945	1.4151641855985506
-0.38695160157002095	-0.6058212408466688	-0.11679204143257069	0.7415329282375727
-0.15672337955955248	0.019265299025541707	-0.2933028353811684	0.8201280930802706
-0.11845787406759647	-0.15983588844888003	-0.5576623816209265	1.0248895288554407
0.17549684091329387	0.5223345360013567	0.2824904105763491	0.6347543821336668
-1.1142305326979207	0.021382563544081024	0.958896597327806	1.8910448369319153
-0.44132621439388875	0.052126747542294294	0.8046505768283507	1.5031798205839433
-0.7390431031508881	0.33423646964101605	0.4663278259406953	0.9459599104082368
0.10903107037396445	-0.2625300764318033	0.474653855442104	0.570601334316907
-0.11244307244952068	0.5137922641940849	0.4364285601176676	0.6966458381228967
-1.2897261709227712	0.2927508288180379	8.212918358661653	8.433319582003147
0.0817217820997529	0.2541953318480018	7.8509982960364795	7.972230995696165
-0.5350686826703435	0.18727819251810562	18.06048618587692	18.077684379071297
-0.257529009349333	0.2936128165140697	1.5615097689453732	1.6152591233574887
-0.1765552667169779	-0.2311430332684889	13.024767746320496	13.037514694976368
-0.8335782018042525	-0.23669335609068642	9.49030244251803	9.542559235142548
-1.125065870233187	-0.19416821531807035	34.78881469155771	34.80782357368304
-0.8776985661150571	0.18453643438919407	10.71832267018104	10.756629069141237
-0.18155202160089415	-0.17906901450968443	10.02903139879409	10.033243614674298
1.6317881939222894	0.4118700913779336	1760.9423215563952	1760.943125776102
0.31286593144790215	2.121634454649457	1213.292241593493	1213.294136938283
1.3415580956594024	-1.478463756627471	553.4033621768606	553.4069631851927
1.3478429321251042	-1.4656033445776302	526.1736084695644	526.1773759143825
1.0847312814376726	-1.1795038156367574	423.4595308635505	423.46256286758376
1.090771883831735	-1.1788188327628575	425.2788395071351	425.28187209191753
1.1541654724189243	-1.0996701733563796	425.4616440340768	425.4646306298062
1.1541654724189243	-1.0996701733563796	425.4616440340768	425.4646306298062
0.31617387493270144	2.1284033684441965	1167.4705996791536	1167.472582626504
0.037502955491229784	1.391905574014014	1137.171556576304	1137.172409045248
0.5417825701124034	0.4503982654827375	133.0131206920694	133.0149866112606
0.03390749715362329	1.2584617313808433	1028.149403723669	1028.150174465279
0.03544303060380116	1.258635855424643	1028.3059838138984	1028.3067547039732
0.18743492374764514	1.4497903195984208	1028.3526958745058	1028.3537349269654
0.18743492374764514	1.4497903195984208	1028.3526958745058	1028.3537349269654
0.032956312396834164	0.17464487269782758	40.535577463460804	40.53596708170781
0.03901689227112204	0.18219009620651794	40.546247537180264	40.54667563313324
0.26606145094078215	0.48836129654915794	103.12706069446378	103.12856021951677
0.28158127037211855	0.5075754105416017	103.18953517328777	103.19116769427976
0.3205981626432406	0.6897655067481197	143.73578271046802	143.737843327413
0.5455000044594271	0.4508198093448357	134.17232444145898	134.17419071793182
0.565680696456635	0.47582216596443505	134.28688119834285	134.28891563862038
0.8862788590998756	1.1655876727125547	278.02266390881084	278.0267589660334
0.8862788590998756	1.1655876727125547	278.02266390881084	278.0267589660334
0.25956965423092726	2.6523706017685234	65.97404491612886	66.02785055421606
0.2369338210443357	2.4210699951219166	60.220762700647924	60.26987620531986
0.32265157469939254	2.5964708409514117	66.5887420737393	66.64012556888554
0.2548949003981478	2.0512132165801984	52.605138330932704	52.6457313168569
0.3357675131214819	2.0603838838531043	53.647685241909905	53.688285997896145
0.3513569417522522	2.0713187859552367	53.75967710495214	53.80071278010902
0.3513569417522522	2.0713187859552367	53.75967710495214	53.80071278010902
0.7938027246844043	0.6769669094992218	9.749898914113455	9.81110777627603
0.826467250941538	0.4678597785743872	9.7753310459658	9.82689869427325
0.826467250941538	0.4678597785743872	9.7753310459658	9.82689869427325
0.5215584970499101	1.3488868229098812	34.58422703455876	34.63419379189548
0.22719746250617012	-0.2828942063851951	13.41258317417335	13.418168832724291
0.07851360038050609	0.7522225350911802	48.030197560469986	48.05142658938571
1.0741435676102198	1.0338790450343254	171.7758512017243	171.78237751918977
-0.5781562672606988	0.12343971760854111	50.285245542165825	50.28890176638942
0.46003192427248923	0.08348417237682267	66.76822769483621	66.77001054569921
-0.37208207967056284	0.12280029734976233	114.69612846869741	114.699458609642
0.7379231456880131	0.7092885961983977	245.77482869377044	245.7769995750594
0.3732280112899967	0.44456594994166854	108.56678641876498	108.57089427391391
0.024388893324567396	-0.4201160142581694	337.19242228063916	337.192711895392
0.09900758544032204	0.7810773068869422	489.4184665393391	489.42017512453606
-0.4073443365819753	-0.07000262311110153	110.25167092324772	110.2525282737058
0.837116044243108	-0.4007887182871551	82.60134912765098	82.6066734118783
-0.7917348746684503	-0.15456483932257015	99.89110365481383	99.89558070165309
-0.25747587737424504	-0.6489784337514631	77.32400344796281	77.3319614052696
0.8482489167968197	0.8244208671190503	40.072994466732	40.091806912656736
0.8482489167968197	0.8244208671190503	40.072994466732	40.091806912656736
0.6895898635891274	0.6157133159038257	121.16011147566367	121.16371350145633
0.17677477044653445	-0.29864907826472686	8.406947490665521	8.415190211909682
0.8889957826436089	0.8257849611447814	73.58498625706456	73.59512155395146
0.1959027587715278	-0.16205914630179402	-0.19635415630862216	0.32124136174227713
0.199517784586383	-0.1768529003975095	-0.21441521011504794	0.34213765807632157
0.15442851326843093	-0.14106970146393444	-0.18815670372903015	0.28133924635499347
10.567289200946743	-0.6810477593949865	-342.8432265100337	343.0068779061394
11.050210160749128	-0.09855195788404503	-342.86441566968364	343.0426114779314
11.050210160749128	-0.09855195788404503	-342.86441566968364	343.0426114779314
1.2861398028490336	-1.0175260853904897	-87.34624655346076	87.36164090666381
1.2858817084134577	-1.0173218946640143	-87.32871845880578	87.34410972276699
0.9112438348464118	-0.6330045950005853	-86.18499354919112	86.19213521672356
0.37246935609029924	-0.38300433268628065	-1.0857093687834516	1.2100374265066953
1.0325148252108973	-0.4869652479471118	-86.18261365983945	86.190174145654
1.0325148252108973	-0.4869652479471118	-86.18261365983945	86.190174145654
0.3744134850799915	-0.37981136097522855	-1.0829367032969968	1.2071429207361368
0.3744134850799915	-0.37981136097522855	-1.0829367032969968	1.2071429207361368
-0.02809139672858908	0.023283527999457813	1.799238370201652	1.805012395235047
-0.05640287248122616	0.4981981009210857	7.8477113135125816	7.9529809476666635
-0.28180707903650193	0.031559292176662535	7.971907049234891	7.9922107806763165
-0.39745641115364944	0.22447051203760868	1.1650448751980598	1.5214073599080682
0.3649109941968984	0.10009154690433693	0.7160394985317187	0.9505296560365841
-0.31770971833935185	-0.01235603841547428	-1.2161446168382017	1.2647448955331397
0.4569320316029554	-0.7573527097584238	-15.460107437238639	15.530628392533991
0.7459924881629526	-0.14621275664084546	-20.92589069587803	20.940159124594416
0.38463345019018447	0.11649940117159005	-27.127894390211832	27.142247400724244
1.1829067642821827	0.25491666820660625	-54.736178814509024	54.75827950541883
9.767252970792741	-0.44847961141571263	-310.3112431487773	310.46527578600757
2.0227946904793583	21.23579582999308	-987.4552350017563	987.6856791283826
-2.6832591313594714	2.2999984576340973	-36.72315011399374	36.892812670845004
-2.6680989748847246	2.2802449217945098	-36.1950661100177	36.364833008715166
-2.3775136428961123	2.031901163239082	-32.25302520329387	32.40430261899871
-1.8005842159165935	1.5388383464223563	-24.426479431624138	24.54104774451541
-1.8054265494604773	1.5324291133743484	-24.416051791258212	24.530623495672046
0.16509197682492682	0.5091506756653654	-13.978691793997008	13.988935414923532
-1.9239876243543033	0.9653524696079872	-10.403125982613808	10.623495845501202
-1.6729907292007926	0.8394158629826224	-9.04596947678483	9.237590635330271
-1.6596126555060193	0.8568339477111864	-9.050607860083868	9.241319235762733
-1.6596126555060193	0.8568339477111864	-9.050607860083868	9.241319235762733
1.1536225007542795	2.3302780936028684	-67.298136839395	67.34835011284022
1.1515001912586098	2.327469039655123	-67.11715154767357	67.1673663075634
1.2461284432710016	2.441736955980084	-67.14221102745036	67.19815039950146
0.18479978559306043	0.5329472019853877	-13.983988927160693	13.99536101698748
1.4309282288640621	2.9746841579654717	-81.12619995461105	81.19351141648895
1.4309282288640621	2.9746841579654717	-81.12619995461105	81.19351141648895
0.5785868577363356	19.153861494950362	-924.0991390692906	924.2978594054644
0.57018776268621	19.142744590862534	-922.9763305248409	923.1750567436579
1.869609858999156	20.70843652344169	-923.1720504517027	923.4062369398823
1.869609858999156	20.70843652344169	-923.1720504517027	923.4062369398823
1.127416854128277	13.724841806234052	-618.7221768455358	618.8754258261093
0.958424912772466	5.135913558291953	-223.90607463957818	223.96706437929865
0.8386000694171106	3.853457997105124	-128.94384219735548	129.007546987846
-0.14279299487856378	-0.12030388831360866	-13.160227696739675	13.194953826666612
0.17249539996806693	0.9671028217069793	-16.514625558687865	16.56255923287294
-0.6969890652421133	0.6259397013189198	-8.016408287205646	8.115531570026379
-0.7442650720018356	0.40835963316683016	-4.002945080134628	4.1706376012066615
-0.2792988899811474	-0.08646409742247826	-0.5229410276266401	0.9345359247749644
1.3017696820482954	-0.5204290244349714	37.087896056678176	37.11585085358495
1.2742825646618436	0.15386059424408366	51.892101295348624	51.91038090771232
-0.01273886063525878	-0.21492213970749766	5.95930406428422	5.964825103907171
0.16277026667771738	-0.7006689570435372	20.04314864512527	20.056538049787306
0.7188622588175182	-1.8319441213554688	40.25901638134339	40.3073120141321
-0.11188838773702213	-0.10980316450759454	7.329809658866163	7.332814273275577
0.1459450668465308	-0.7021823672968789	17.270341064778425	17.285789548590245
0.10218426999190364	-0.07146652898366815	10.540791243811949	10.542392932148827
0.04023703137984617	0.011975221965809569	6.6103530911308805	6.610486397691094
0.011067228790529134	0.0053340553724369	0.05117376285333823	0.052627841532670125
0.757899703599954	-0.6786566960512964	20.424252952515403	20.450050741380725
-0.13546219942504814	-0.13976771659277407	6.619582994241423	6.623819414818378
0.0863312954166825	-0.7680056368951735	21.39453362360879	21.40894286291357
0.6257079386386609	-0.8277895078030073	16.605374208994515	16.638311756751165
-0.12069196194959697	-0.08538241762256978	4.997150372321377	4.999336811069042
-0.14293681018043478	-0.12320334790181449	13.949492177932566	13.950768509972503
-0.10466343207088293	0.0668915192691676	15.780065189790534	15.780554055653496
-0.014674682904237235	-0.054385252385393164	7.565554024867951	7.565763729141361
1.1090905137119471	-0.5752676950539619	154.4757052623765	154.48082085094603
1.123847922836363	-0.42206560605382387	99.912147450643	99.91945687158936
1.4020609989243125	-0.5416214492622763	149.37100908400643	149.37863201681068
-0.17001444917818248	-0.04275344451163741	-0.014102170470391685	0.17587393541666843
-0.009361309305861987	-0.07549218209433597	0.01662272757999116	0.07786538859777817
0.2600349731299756	0.04826907229355479	-2.2481034297616236	2.317656754913626
0.04402835924728999	-0.052609835149035084	-1.14285020359152	1.144907367004683
0.23274447826833772	0.04229259112113749	-2.824433851899035	2.8343227126037287
-0.09915155837356689	0.04963005252104966	-5.95155736450544	5.952590128392854
-0.4482571125527066	0.6043251714185899	-38.280733481868126	38.28812739298676
0.07193117221918152	0.09430932533321972	-35.71563172301438	35.715828671842026
-0.039725472402852346	-0.005204389706658756	-22.897062314786112	22.89709736726532
-0.04936089409496186	0.06435854336517025	-10.78158730022807	10.781892377148326
-0.18819071878732374	-0.0020011333117992067	-13.488868052392611	13.490180913762066
-0.11488374604934054	0.03314955067141722	-0.6483139688222327	0.6592481854249437
-0.036372063974941235	0.05829349934110429	-1.2810091106348336	1.2828504981612918
0.02303129674304382	0.053689005723305205	-0.13703938859525572	0.1489722926982898
-0.049796874850951384	-0.03959580574970285	-0.03791840435147312	0.07406322951675419
0.15721938010742906	-0.008703552284727356	-0.39715434402950756	0.4272297488298838
0.08201907927109381	0.05869553810226429	-0.5938736051210308	0.6023770865637589
0.0664156262293489	0.24472087630228329	-0.30768204836124463	0.4209360830213599
0.02032546620954912	0.3215490469069817	-0.21373876124338037	0.40952505735458794
-0.1218100227782417	0.08836938680133231	-0.09696855463077994	0.2242082316955864
-0.1323139314938107	-0.059612207359105454	-0.009326866083706586	0.19841164926615878
0.01375484289278446	0.07993642123627794	-0.49809159058714997	0.522392438839524
-0.33648589524652306	0.16731674987863518	-0.016119769739752286	0.37613494847762613
-0.13190673390128682	0.009330019613600402	0.056842884035534995	0.14393592039505756
-0.2755325986091775	0.870172388569399	0.29755161666660734	0.9701210997632259
-0.26676865773947356	0.006920279824189746	0.8611852404798317	0.9116320671440156
0.04511150182103869	0.23770793848730737	1.3310671044754139	1.3528783198177867
-0.04001915146556678	0.2568629286121575	0.9354498843943072	0.9708998829913208
-0.13451767193542258	0.2235689124518507	1.65518545736588	1.7468362554496417
-0.09837298506358969	-0.1341779225471711	0.15216454789241196	0.26516936780989225
-0.05982866186901141	0.4614620632277905	1.808825924454575	1.9318638337000968
0.04096722537383338	0.5611734643611827	0.696190435552202	0.9052594620396558
0.033798385883365326	0.23182332540692802	0.3312877397638043	0.4057535601924615
0.11150338615745378	0.08946026758367957	0.2244783669200084	0.26613282739225486
-0.4173810455622988	0.06941989394041179	0.20927683551057374	0.4922424581958523
-0.6254405525156375	0.9055591356724151	2.2985562601516376	2.552264464923868
-0.23095312921380695	0.4490263518614068	0.4582404817992576	0.696008718781043
-1.0293939333018842	0.7576683764147775	0.06268578405936553	1.2872927137838022
0.08639511888009291	0.33239529687735714	-0.19520544206145723	0.4189698073404583
-0.5636529272603612	-0.05692072631758355	-0.10792386268439856	0.5922936366621004
-1.069722042817063	-0.0851961733442399	-0.6315680327273208	1.2529651238978163
-0.05652113416824761	-0.35986230886193965	0.017330779483154646	0.39048131935421043
-0.11494558333812083	0.2963794003261895	-0.05705862789898983	0.3518361948185092
-0.25892575461989664	-0.16364212710185122	0.5054802960617163	0.6062600285970879
-0.1325881005158164	0.1615735173770576	-0.09252683530788464	0.22857563555217125
-0.5591138193908002	0.4172191252113369	-0.517325006859873	0.8685074692818995
-0.05406578074533201	-0.14816679596420626	0.033681255062344	0.16127905944813695
-0.27654026417708505	-1.0947209074807311	0.6060375146889685	1.2814717523991497
-0.17758464245988825	-0.23386130836393867	-0.05930229970922517	0.299573329150147
-0.04634981507825406	-0.08669753875646044	0.05791531670204615	0.11410062441947724
0.19344713755735185	-0.37893306758589196	0.3471357177629656	0.5491040623470165
0.040897524107504364	-0.24710018961671237	0.12173135836920514	0.27847735059992035
-0.1359726847582683	-0.029739744328057108	0.07895387348864916	0.16002105340214232
0.38087471796982364	-0.3845469797570784	1.1060240683080675	1.2313533896106401
-0.26091150352094555	-1.1658737405929744	0.7724984955567883	1.7042420339292528
0.0008923008814037819	-0.6087274591949707	0.1380823305062799	0.6396064654745709
-0.0031600061632282295	-0.26936975293659177	-0.17184818479263328	0.9911873894237129
0.17084269031984128	-0.3088134728317536	0.19231156350191322	0.4239767961748376
-0.3242500885055766	-0.23285210980804735	-0.0990867968751761	0.4343457184696489
0.16752670894602406	0.2521174088335891	-0.19421603850599234	0.3857823746106217
-0.26698120208958104	-0.4041749020183147	-0.4869497551252303	0.7008824171052043
0.14852332802198454	0.24433901356943466	-0.07071262649569621	0.3240071117502364
-1.0598223868809593	0.15997227180192083	0.8234334946744767	1.646101189031629
-0.054408145816961406	-0.1385897082578398	0.13546310265332934	0.24494364790028614
-0.15794097027598067	0.05705218834175681	0.5631618271759617	1.1071143295859145
-0.2833852441179081	-0.004925440799462515	0.24148874965238892	0.3960654909980287
-0.14188279805522397	0.43126367907129576	0.3833381145192387	0.5941945803465849
0.02943972560570329	0.08252858512278918	0.05309044559842887	0.10245125777631185
-0.761323619516382	0.2601274113140478	6.91598745319237	7.0255613988751655
-0.5284025514063891	0.03262341750399002	1.2969309054692828	1.4077581831279817
-0.13889860335625737	-0.049168330149812256	6.251017947798971	6.322952436584424
0.22062038545601023	0.30336366199781406	1.5999803482375088	1.6492785591117414
-0.20055147752612706	0.20398821289545502	7.341760498994142	7.34865695863053
-0.19503785101742938	-0.09121422949910198	5.090124014066758	5.096587295678519
-0.1394793541267871	0.07450420912175262	5.628601672816021	5.632440124762248
-0.07397706985799345	0.09455567304376493	0.26722333815193544	0.2929534000871082
-0.1835519394913395	0.19905714347030473	1.2942864307934376	1.3223057232703803
-0.1765552667169779	-0.2311430332684889	13.024767746320496	13.037514694976368
-0.24077765965659143	0.08224085087038552	2.448272762530236	2.461458299197657
-0.6369209064584658	0.10229558351880855	8.270049907650806	8.295170769943581
0.26304131212616044	1.145469954602476	28.208892595161487	28.248951559076286
0.2585171849237497	0.2034168683074051	6.375334439397272	6.385242232819191
0.16698925713590188	-0.2808079989113247	11.17427383757227	11.179048901463105
0.06020820537026824	-0.0020862074738704217	2.238309336601079	2.239119931261185
-0.11901285441948786	0.6286834566370495	35.06916259422869	35.08754654576912
0.19752645479999395	0.12353907845413083	12.961034966241291	12.96388004361659
-0.017224716363807718	0.034298339601760534	3.0298886635301794	3.0301317430669505
-0.5609315508968911	0.08914137800678057	47.255356878635645	47.25877002332248
0.03372761048840858	0.12073071005053636	35.606382603749964	35.60687679880935
-0.31889942160583085	-0.10460578791732826	69.2179831992132	69.21893756164876
-0.08691026855314057	0.10667537521655426	9.871762665734266	9.873644249183911
-0.06074847155074009	0.4594985879058924	50.02841791470801	50.030759620084304
0.4339764828407368	-0.014932637964223838	58.53836850405697	58.54013465382961
0.021210271837418544	-0.4225570295004061	309.3465930323541	309.34688235869413
0.003178621487148853	0.0024410152422367215	27.845829248285	27.845829536697845
0.4530348942552309	0.1513532310941827	274.73649722659883	274.7369478911452
-0.35402730881490885	0.6297240757927595	214.68196931274016	214.68322723339085
-0.20923190671430306	-0.09561897984167357	67.22954031603071	67.22993389915608
-0.1981124298676722	0.025616356730572047	43.022130607216994	43.022594374549726
0.18155597207925395	-0.15100634978658273	21.544602403240418	21.545896551371122
0.655560072163854	-0.2497823685005724	61.056746724410566	61.060776860507175
-0.05530462621137347	-0.24253000616047357	55.51523323037269	55.51802063961165
-0.2021712511628716	-0.4064484275909896	21.80877021759013	21.813940765657957
0.22647909967245367	0.18886368719987912	47.15267873179025	47.15360085781738
0.4631107639166737	0.4268496287039466	74.0074327438734	74.01011264363893
0.0277552900244764	-0.05936615915020539	0.6924452102457975	0.6955394066254799
0.14901948042205806	-0.23928291911452143	7.714502280419723	7.7196508052842026
-0.2026196553180848	-0.18380681998209508	4.061440794561701	4.100470819542938
0.14621678283685863	0.6820049209031808	3.786270518950881	3.8525101281237264
-0.20463455753397117	0.15009508760551812	0.3274816527281997	0.647505816525246
-0.1928218536196782	0.07437542443209053	0.8375632224698601	0.8739015433828221
0.3649109941968984	0.10009154690433693	0.7160394985317187	0.9505296560365841
-0.13352142553696933	-0.8420996308966284	-8.669477220424122	8.71242072100438
0.5904534571399247	0.08474692113820476	-6.790630216814514	6.818207671529612
0.16414446505978292	-0.1107084393203002	-12.043077160932615	12.045513150257372
0.2676751751461016	0.29582913515441656	-12.429726119503185	12.436910229930726
-0.04718619001570006	-0.06862129466252632	-2.6550911097760315	2.659824020536148
1.163756900646045	0.4202212492817773	-37.285106995657955	37.30589228908365
0.019149863636137854	-0.165304581075171	-17.451071818851073	17.452387216335183
0.28777368639118583	2.9150387975108534	-132.82173935971	132.85403535995553
0.8396431677370911	10.8098030087232	-485.9004374858258	486.0213904661538
-0.16912341214507054	0.057270691898233826	-1.636901493191269	1.6525159436440848
0.3416188121131375	0.9098321298087454	-14.877724065496595	14.910043289228856
-0.8404848729588312	0.6371601223865356	-6.698648097405348	6.782606723156263
0.14349580771671772	-0.011220421067615574	-1.317760189800299	1.332924846870118
-0.05235362915870023	0.4073453607702702	-1.0792815872075228	1.1631851421043589
-0.6919114428431353	0.0010142723965599343	-2.923663492927105	3.0074524591023026
0.20613477686201392	-0.09749078779784434	-0.22235416128555294	0.3477314450526415
-0.48543366684316125	0.011026690375366091	-0.3005868663410871	0.5868044797223229
1.2721863573434664	0.15387728741262222	51.73557340743661	51.75385678520639
1.1579285865318754	0.14265930248973024	47.049630038170235	47.06674874066388
0.8949971232101166	0.12115691941352866	35.9134733553265	35.92830732574836
1.0135010175942032	-0.6489917503813016	35.93610447949811	35.95972719259884
1.0135010175942032	-0.6489917503813016	35.93610447949811	35.95972719259884
2.3152707150354335	-1.1694206458869671	73.02395187957227	73.07562636901504
0.49728714445471434	-1.1007047698038663	25.165540754996748	25.194509064193166
0.22157511436280386	-0.7312393515516024	15.09347562634665	15.11280294993894
0.042720345939909976	0.030342540161008458	5.379530304668101	5.379785497261314
0.05946392405199365	-0.1018090691446766	5.161260939143847	5.162607434887513
-0.14105545498516053	-0.1537290260214759	6.492207433693824	6.49555899187529
0.00559325556011239	0.01396130942870184	0.1273755605475993	0.12826042294308795
0.29499504328293885	-0.49331260609898353	8.725426074360874	8.744337572511379
0.3307128953557221	-0.33447690170402383	7.879948134633642	7.893974184239786
0.40841718547980227	-0.1587640728258601	37.71939913097481	37.7219442954628
0.9936438134445101	-0.3828573764364161	111.65160995303162	111.6566877213479
-0.03173764602440646	0.07134893635978608	-0.04143532619031133	0.08840155627216535
0.09815327225375536	0.17337193994249717	-0.26624672217093326	0.3325345267491945
0.0111337215095697	0.005453159620622719	-0.053685869823531254	0.05509872342631711
0.00919174469997942	0.316095887286359	-0.1600528914198491	0.35442633392827083
0.024989846555867765	0.020637559229611198	0.005393624866332533	0.032855630735693454
-0.1467998693341095	0.06773182757172112	-0.10236217949711249	0.19135260095989295
-0.005842350877375571	-0.05443556505063751	0.034208168814373836	0.06455666208679983
-0.12647158061643513	-0.005176642308467944	-0.04353503489808042	0.13385498717935895
0.033063881412548984	0.019198629614804986	-0.41935365709439903	0.4210929794613018
-0.019309038519764524	0.06073779162147294	-0.07873793349275093	0.1012994593782222
-0.23188370256372326	-0.04289188900961167	0.6335716211615878	0.6760345884633393
-0.03488495517575029	0.049812168833801414	0.22761361931824386	0.23559747868067624
-0.046387093330672785	0.24750942015696192	0.27476996298888967	0.37270793935066626
0.08735431870450616	0.3136640442042207	0.4214204725633122	0.5325515226889895
-0.47646324308396115	-0.016802828013719677	-0.12926586932512454	0.49397289602945293
-0.08718968417640005	-0.04011789830386388	0.021342006640725986	0.09832074063264754
-0.11629005643572714	-0.15186151955610472	0.27572666602981	0.33557486900485894
-0.14263569818416955	-0.01178060754574653	0.2297536300319063	0.27068515959222905
0.040075707754449186	-0.20140128483919534	0.07753793384525369	0.21950095915938417
0.1307669825653921	-0.10741218799255822	0.11477362965665955	0.2044758370154534
0.02058494358149284	0.1333424628575573	0.010491361571906947	0.13532930566143006
0.015835894896236685	0.01778705997105948	-0.0175932574797959	0.02961315416042529
0.11210248954425497	0.09320949074081786	-0.06361073058780725	0.15906465192838098
-0.19872739576301407	-0.06561938688069573	0.15078789486443564	0.25794470531297237
-0.084657848354894	0.060693946081233206	0.09070085478795328	0.13812078568505634
-0.029740738996380578	0.043506290755011896	3.7559674380148764	3.7563371393312575
-0.10973861513040653	0.030997918366740724	1.8726342348011447	1.8761029854309907
0.10271451032555362	0.04553240464589215	1.2275337845046246	1.232664862241356
0.15580267459819608	0.15788446366151293	5.147800654892647	5.152577370577835
-0.02604998027722939	0.12567918203084866	6.2053039250107815	6.206631184468965
-0.060860288275911195	-0.019003806814294408	3.6664587407234843	3.667013064714947
0.04378733960818449	-0.0320309476298637	4.002924121829739	4.003291750277816
0.3901891432325523	0.01709830966563986	54.53544438222723	54.53684290355179
-0.3331565543595863	0.6108365897701572	211.12643535337565	211.12758185431912
-0.020870754455322587	0.018887486022602366	3.55553395936457	3.5556453790717732
-0.05530462621137347	-0.24253000616047357	55.51523323037269	55.51802063961165
-0.20463455753397117	0.15009508760551812	0.3274816527281997	0.647505816525246
0.2971628351059714	-0.017080026238941906	0.16266555034473248	0.36507144442354894
0.06774815909092702	0.11717157314327886	0.5533739481869863	0.5854582116130352
-0.03272057997003115	-0.0943549690218323	-1.1185560790205753	1.1230054311741193
-0.014465610045668913	0.025733674359305972	-1.536535030755456	1.5368185893620283
-0.0043374763477530345	-0.05886571936394448	-12.395371156714875	12.395511691710686
0.02348733998389089	-0.10643886171122649	-5.055700662136197	5.0568755246244965
0.1896577851526457	0.5485706448357102	-7.87587454332884	7.897233670729246
0.15196102696049185	0.3612614849730353	-7.001849522167756	7.0128096184996105
-0.5644670163077733	-0.01375451035538925	-2.134009364249345	2.2074438080636196
-0.12744442653536187	0.014768782751949185	-0.7896541286777591	0.8000086510386829
-0.2540646284767763	-0.0036984324613672324	-0.07896428893425891	0.26607869657792366
-0.23136903836638506	0.014725122836733325	-0.22162257740682825	0.3207257831443992
2.104641723816274	-1.2154697364138976	68.0005986653642	68.04583688974508
0.21062899121915923	0.04604909052693046	5.0233532142080675	5.029789479269968
-0.31274182785219673	0.04367545871686621	0.2541912969121309	0.4287283486175516
0.10810727031822553	0.10641962888865193	0.0732903558160688	0.2187774679076944
0.11842957015261253	0.034096060172953996	0.00846611582252415	0.12353048013737607
0.1787332649533589	-0.05117608641189591	0.15419943452220836	0.24154096428617292
0.045318543147999296	-0.01747423419837737	0.08843033040431282	0.10089124119215076
0.022429615942927725	0.13464580734165624	0.4649436177826735	0.4845669704208845
2.104641723816274	-1.2154697364138976	68.0005986653642	68.04583688974508
0.20748511231852595	0.058277253269221015	4.979323810395757	4.983985545610715
0.00314387890063324	-0.012228162742290567	0.04402940381230984	0.04580393365925299
0.9854925376887821	-0.807610920560305	35.98395130006625	36.006754945520804
1.1191491861274925	-0.40785881585359274	32.016647365297956	32.039081944224286
0.8916230443472101	-0.6947065454949887	32.68320469376018	32.70274419512514
0.09386949334157187	-0.11290437506531634	3.3007466063060686	3.304010750395662
0.06836612398004119	-0.03698511621342792	3.095337635687771	3.096313437724696
1.0507830621474512	-0.3708736996401648	28.921309729610186	28.94276850649959
