0.0	0.0	6499.999932280723	6500.0
1.3936905182890815	-0.4692718111924803	53.29437383997701	53.31465907504938
-1.4415531212821406	-0.12011483121068522	762.4116853383875	762.4130576291118
0.011646288503249058	-0.030478063757533314	3.333092926075807	3.333252616028588
0.3292844959134753	-0.5143403508460743	-0.3030278566074673	0.6817625375727016
0.4127413174349732	0.03039896960324196	-5.616364902264532	5.63159251081419
-0.6494417283515759	0.5325862078989303	263.0127896297636	263.0141306687874
-0.48274433446113374	1.584887357494667	29.115873792181418	29.16297338596732
0.17768444996854604	-0.5495891919663656	5362.843527099848	5362.843613674256
0.24869211398678243	-0.4640782860270057	9.020142038043048	9.041519717923109
0.0	0.0	-6499.999932280723	6500.0
2.8193033864411063	-0.5906059294688957	-1241.8658253287608	1241.869165977817
0.32675186968052117	-0.490494949712411	1.0229448253034903	1.1805796015721208
0.2664486815907885	-0.7680618617731261	-848.8469791455917	848.8473684464961
0.5013646367726778	-0.7605613176856423	-852.7784334110212	852.7789199500114
-0.8367214223035262	0.056560562626600586	-792.2496402696124	792.2500841281144
-0.2607370939733096	-0.9564350134288662	14.735826781517055	14.769134798692885
-2.248430925818016	3.2883074739341698	-3.695782280018071	5.433894950456949
-0.5679791323925607	0.22129103550966595	-2753.43420308351	2753.4342903327365
-5.551115123125783e-17	-1.1102230246251565e-16	53.30428713889421	53.30428713889387
0.0	-2.0194839173657902e-28	760.969714282051	760.9697142820512
2.220446049250313e-16	0.0	3.3332621295692206	3.3332621295689933
8.881784197001252e-16	-1.7763568394002505e-15	0.18927111833897925	0.1892711183389224
0.0	0.0	0.007806334023056305	0.007806334023032131
0.0	0.0	270.3946786191051	270.3946786191051
-1.8596235662471372e-15	5.551115123125781e-15	29.14591125241389	29.14591125241389
0.17768444996854604	-0.5495891919663656	5362.843527099848	5362.843613674256
0.24869211398678243	-0.4640782860270057	9.020142038043048	9.041519717923109
1.5859763792210102e-13	-5.9164567891575885e-30	-1241.83338216312	1241.8333821631195
0.0	0.0	-0.07923858711960996	0.07923858711957456
1.8720306704338847e-13	-1.6653345369538907e-16	-848.8204408858044	848.8204408858046
-5.551115123125783e-17	-2.220446049250313e-16	-851.7433179160057	851.7433179160055
0.0	0.0	-794.8799742324577	794.8799742324577
0.0	0.0	-0.016864775399959786	0.016864775399970295
1.1829740637697277e-15	-3.552713678800501e-15	-4.4564990225744125	4.456499022574386
-0.5679791323925607	0.22129103550966595	-2753.43420308351	2753.4342903327365
-2.1316282072803006e-14	-4.107825191113068e-15	39.012920237953324	39.01292023795304
-0.45883021107777144	-0.8944911393392172	14.272927479592937	14.308287752162045
0.0	0.0	753.2746448968038	753.2746448968038
-1.4210854715202004e-14	7.105427357601002e-15	1.283394350528397	1.283394350524759
-0.8546121730403232	-0.281705849779407	1.9373818426817024	2.1614968323967787
4.440892098500626e-16	-8.881784197001252e-16	0.187860161977369	0.187860161977369
0.7768157816069725	-2.1026644316194476	-226.37738635375618	226.38848401106523
-0.7768157816069725	2.1026644316194476	-568.4947815446784	568.4992965554154
-1.5318407959414109	1.4065716381208893	162.92368580306263	162.93729246447035
1.5318407959414109	-1.4065716381208893	107.45412804064249	107.47425093003471
-9.298117831235686e-16	2.7755575615628914e-15	28.031230907193937	28.031230907193937
-6.661338147750939e-16	-1.3877787807814457e-16	-851.7433179153734	851.7433179153735
0.0	0.0	-514.3100115602402	514.3100115602402
1.7627082983955795	0.3165337191109459	-225.17980864235042	225.18717204660248
1.7054740748035329	0.17799226654369704	-203.81867160383263	203.82615170143254
1.553350308942056	0.16295803506928191	-185.86045623675813	185.86731166356114
1.138715488093688	0.12545501240972445	-138.00979861690664	138.01494783610246
1.224915712317042	-0.0055111434827210815	-139.00429223009974	139.01008095555346
1.224915712317042	-0.0055111434827210815	-139.00429223009974	139.01008095555346
0.3682298369758831	0.3144855393165159	-103.63435665224374	103.63557590273754
0.9637180652777884	-0.5774435615130793	-20.851403124865296	20.8874825145137
0.17008510961355175	0.5415696153706385	-8.695958548758911	8.762699473429471
0.036395461936636425	-0.06455389348332552	-3.630342334874977	3.8234492027093623
-0.7478630391081624	-0.2565924879824778	-1.3558626969450835	1.9256802293008866
0.17011183058663124	-0.01567861553313284	0.05182937989118705	0.2266052148792597
0.09780736381061193	-0.1491544335419007	0.480568854737877	0.8509349423860976
0.2979952160494018	0.2023950867897228	6.18469058408492	6.319834078041656
0.3411095324533977	-0.1038019351245116	2.4789645516693732	2.563695657795501
-0.5316206430223339	0.08785874692012012	4.943328040607839	4.974566470503493
0.21406719106635966	0.3553515137991495	45.1658497332053	45.17137032677586
-0.20937105702099845	-0.24298053239927594	8.428288526244481	8.435544027812767
-0.363209932985629	-0.22825355069628944	304.95303825134397	304.9543303732565
-0.032723777429637314	-0.3069805529712377	350.3656536308234	350.36660268796936
0.6438523543479355	0.03732521366726471	2892.1034252279	2892.103649758383
-0.01598335026584808	-0.14864648806726727	1746.8515214469276	1746.8516737693146
-1.0658141036401503e-14	-2.0539125955565396e-15	32.44380628076348	32.44380628076334
0.0	-1.7763568394002505e-15	32.443806280763454	32.443806280763425
0.0	0.0	26.449240402443372	26.449240402443372
-0.250949786726375	9.243641451205633	1.7180271394577318	9.405291081397657
-0.19824325815917643	9.253794840635226	1.7231210679677738	9.414943736254981
-1.2482391378637474	10.20785878244754	3.30951743453868	10.803304472114156
1.0499958797045712	-0.9540639418124458	4.982717590618945	5.180753221330538
0.11286925220164601	8.508420866964896	2.5513202342680805	8.883422766889005
-1.2683064697935973	1.6151147599601807	1.1985853670428352	2.3777728805019906
0.037130156513265816	2.7989819398001883	0.8392978403418484	2.9223448483457277
0.0592504604833671	2.8421055515917226	0.8067371494771255	2.954978749805557
0.18980898339396143	3.196588768496265	0.1343928065939508	3.2050380078118224
-0.13055852291059722	-0.3544832169046662	0.04217626339809044	0.38010882147867164
-0.39806806403142414	-0.20204213980932084	0.16722062137532323	0.4766990099356241
0.33426234870883564	0.9717484696057477	-0.07778054043093327	1.03057082163973
-0.38930874856761427	-0.20494784127371532	0.17106751247700264	0.47204768104409495
-0.38930874856761427	-0.20494784127371532	0.17106751247700264	0.47204768104409495
0.12305617580595261	2.0723992217951714	0.0871289890476513	2.07787699771514
0.15360328854413513	2.0623993557829476	0.09406228540898075	2.07024945031314
0.34797711645676865	0.9672906357864905	-0.07782758582422165	1.0309201621721389
0.5015804050009038	3.0296899915694384	0.016234699584759094	3.101169612485279
0.5015804050009038	3.0296899915694384	0.016234699584759094	3.101169612485279
-0.12500500346901022	5.440878279422886	1.1841949220500978	5.569658904798144
-0.08528903042648843	5.518304711072457	1.122104605864676	5.63188066718908
0.008070720542495914	5.487514611282655	1.1454145723379787	5.605787749112053
0.008070720542495914	5.487514611282655	1.1454145723379787	5.605787749112053
-1.0675623706362032	1.8836754077019835	1.726412838918963	2.769191894247103
-1.0411260098605988	1.9352131876895025	1.7107771596599723	2.7849150687641817
-0.7462423367416606	1.3870924341502686	1.2262246194770128	1.9961287191546835
-0.7032777766494895	1.3727331599696542	1.2405995386992592	1.9794148567266396
-0.7032777766494895	1.3727331599696542	1.2405995386992592	1.9794148567266396
0.957193959432775	-0.8697407862899853	4.542329423846708	4.722862046053692
1.0116778295440247	-0.7635242864284251	4.545994212405986	4.7193775803579685
0.5013811586370223	-0.3783978260644101	2.2529660913899883	2.3388937962121235
0.3262848660308543	0.3606427953220494	0.12059307969080288	0.5010665928674417
-0.11978738051277071	-0.1909198678472256	2.616925551882143	2.626613552954178
-0.051229533450489056	-0.2140028670104478	2.617072852532835	2.6263076757399557
-0.051229533450489056	-0.2140028670104478	2.617072852532835	2.6263076757399557
0.3348500064778746	0.35781440088089206	0.11813686757235384	0.5040952209610727
0.3348500064778746	0.35781440088089206	0.11813686757235384	0.5040952209610727
-0.5190165319479447	-0.24969422413376682	3.268927902969918	3.33564311652436
-0.43261252336484907	-0.27877918456943007	3.2734691511264846	3.3300708269491914
-0.43261252336484907	-0.27877918456943007	3.2734691511264846	3.3300708269491914
0.0746306333099595	0.01460341259947158	1.7084474342376759	1.9109263449849654
-0.31323796650313857	-0.1033118711575653	2.8670701216054346	2.889353255225761
0.02798802934751861	0.10615669403673528	0.14964570646985872	0.22949076526176315
-0.3774500832095949	1.1056908614978787	0.39280394082193715	1.3292597543520586
0.09486201291863634	0.7703672236389397	1.7984196786492426	2.1626683549085017
-0.014979139303370836	0.22434652695694024	0.43172367410290574	0.7328578934915158
-0.013835774785176055	3.3263356771732386	0.28732297800809836	3.4236456014895187
0.15959738398773965	1.755361771623039	0.4189201063299235	1.8927228936742904
-0.36657092489580045	0.4853646782539872	-0.03213255446746982	0.7865121277082535
-0.025953394345663516	0.9223069492031448	0.26061175069038656	1.2992221281717966
-0.0999914125544854	0.24610733307916655	0.44202083083729715	0.534255839251267
-0.01693499964842554	0.6959937797188915	1.7013204432731683	1.8432050853661646
0.944011132579226	-0.31121052871047616	1.3650714733258449	1.6940037601203128
-0.5553708329218104	-0.15216852309135434	5.810891648489415	5.932289536935223
0.0	0.0	-1241.2032140836443	1241.203214083644
1.7786065970918754	6.473227888298507	562.8589824096729	562.8991109426036
-1.7786065970918754	-6.473227888298507	190.33642390001137	190.45477254131984
-3.3306690738754696e-16	-8.326672684688674e-17	-808.2597058856866	808.2597058856867
7.771561172376096e-16	-1.7763568394002505e-15	-4.416537109910635	4.416537109910621
-1.2381767860842956	2.1507223005987726	-551.5040985886299	551.5097808237188
-1.2381767860842956	2.1507223005987726	-551.5040985886299	551.5097808237188
-1.955064987961805	1.279754298525404	134.36036701410194	134.381089347924
-1.955064987961805	1.279754298525404	134.36036701410194	134.381089347924
-0.24369470193210602	1.1695554241292638	-252.3792422225026	252.3832694360777
0.10727081037853861	-0.021251261534288024	-538.6538775423668	538.6539067247677
-0.6076536234584832	0.16467431869811233	-1545.8937819658624	1545.893916464212
-0.1859236649127095	-0.3508794366867556	-429.1683836208831	429.16859002440367
0.14862240292954765	0.24375317184149065	7.269606224135523	7.276548540779847
-1.1798904447768381	0.3967537113299709	74.07369230089084	74.0900924324507
0.04018606964735544	0.2614712789058996	20.470695368789745	20.49395381122385
-1.2822716655249717	0.3206270959586382	21.91039614724046	21.970327113467857
0.15400550114545275	0.3152505220173572	2.3915659031421295	2.421191409200708
0.12673888392826693	-0.13812915600907846	4.351690596995974	4.511608776283267
-0.2222974504135288	-0.31673562536361555	2.7066714926297437	2.8624236977730706
0.35615817916200876	0.14198895943850942	0.3281822195469334	0.9363696371586674
0.16646796812387393	0.037760240675409486	-0.2707589343756874	0.5883602324523755
-0.15683923594321628	-0.1529464015861127	-4.8926708003513015	4.922391558043675
-0.5316623956317612	0.14844660241192553	-5.718982428545871	5.8216674507921695
0.5313227382747413	-0.18605608805722923	-3.300942256964739	3.4779206846658233
-0.23678430937146433	0.7399943967522956	-83.71194483419215	83.71973164373777
-0.07063479990979421	-0.0798520816228655	-7.151095777786994	7.153252144156584
0.03544878739727046	0.027878964979544354	-25.56534045641007	25.590406700531645
-0.2698156544337318	0.2633536745162416	-32.832966662161056	32.84432050996535
0.04637333728869286	0.2331012849846876	-90.53834189112484	90.53875445735977
-0.31540331502572966	-0.041312117341539834	-192.59312454230934	192.5956790758727
-0.17094432338007498	0.47432015619598167	-91.40898097557219	91.41047797900244
0.570482991777175	-1.029923375569463	13.297027697638988	13.353128419783502
0.0	0.0	0.02013317014602034	0.02013317014609703
-1.4555221309924775	2.347667255950462	-0.25201567884505494	2.7737336066838907
-0.852885508792601	-0.2811369334688517	1.9334164377817586	2.157185849284545
6.661338147750939e-16	1.3877787807814457e-16	0.027693944585791996	0.02769394458567831
0.43051864662298556	1.0421156244820056	-1.8301501581759112	2.1496048198096105
0.8141966812154351	-2.0637627683689175	-246.36190658320265	246.3718958152458
1.0448861656366262	-1.7036031040561284	143.38824939719052	143.40217611957632
0.0	0.0	28.03123090719396	28.031230907193958
0.0	0.0	0.027693944585678754	0.027693944585657576
-1.8838957574976947	2.209424374945825	-92.85510704507844	92.90049259097982
1.8838957574976947	-2.209424374945825	-421.4272105705761	421.4372129138461
0.33543615270170685	0.2898107032148053	-83.43845815034756	83.43963570248555
0.03279368427417624	0.02467483610171063	-20.195898501896174	20.195940200252
0.2113172976808315	0.08299306058102418	-5.963817380410039	5.988520730337703
-0.041232188067279706	0.45857655478961445	-2.732141168348874	2.7741787430917704
0.07441849500247484	-0.16252547691687422	-3.413624958854353	3.545078248453595
-0.038023033065838416	0.0979715834335487	-0.2167173760206237	0.2783709542557668
-0.7514408879285024	-0.24137131474028328	-1.1702198158997588	1.6956207482968244
0.003577848820339985	-0.015221173242194509	-0.18564288104532456	0.230059481004062
-0.06792788430693272	0.1626127603859193	-0.01770972589999642	0.22550061329893856
0.16573524811754464	-0.31176719392782	0.49827858063787356	0.6254343290871591
-0.2545206598239177	0.08292985604826811	0.3762565830682807	0.4823970651896699
0.5525158758733195	0.11946523074145471	5.808434001016639	5.837437012851987
0.2657762980503879	-0.20448463343795692	2.380452400261701	2.403956038664043
0.07533323440300986	0.10068269831344531	0.09851215140767228	0.15973961913145784
-0.1276846759968321	0.08626535065811364	7.9539272473705	7.956643986541778
0.3417518670631917	0.26908616314103584	37.211922485834805	37.214726340234094
-0.18981621295319595	0.14259041852359816	91.08331441527692	91.08373074747892
0.019417375874207332	-0.343432247797924	141.97722183982995	141.9777071370167
-0.1928110959066403	-0.027411721421963617	71.8925019962371	71.89289248876086
-0.3088491833608691	-0.40076269295913913	221.10124587660462	221.10186599470683
0.2761254059312318	0.09378213998790141	129.2644077542187	129.26473669326256
0.015192086272342881	-0.3549296479547131	578.5921770820562	578.5923029786974
-0.03117543653819096	0.20628315988744583	1168.2593443648714	1168.2593707906174
7.105427357601002e-15	1.7763568394002505e-15	-1241.203214083646	1241.203214083646
6.593338904686691e-14	0.0	-299.38796258248885	299.38796258248885
-4.1054139214446606	-0.7908672311999436	-941.6330666519873	941.6423482973087
0.0	0.0	-288.05752261121006	288.05752261121006
0.0	0.0	-288.05752261121006	288.05752261121006
66.74529561990475	34.66088383097099	-50.99361968133235	90.86676787218146
-66.74529561990475	-34.66088383097099	-210.61466252743435	223.63999514147193
0.12213550684005241	0.35425401899669473	0.4614224436478983	0.6105763248017277
-0.04750487353009291	-0.3396506063972231	1.2470249905897772	1.3003500201832374
0.03346108221808014	0.10111131996480607	0.03143566629036488	0.11104658555466569
-0.005473052870561537	0.005045374071929204	0.11821004017949382	0.11844417970709745
-0.3774500832095949	1.1056908614978787	0.39280394082193715	1.3292597543520586
-0.033679150721380426	0.10210628103671382	0.694414416446323	0.8587731376731279
0.12854116364001678	0.6682609426022259	1.1040052622029195	1.303895217235374
0.12650213941544303	0.3679907411326596	0.2597501636011691	0.4678569485717638
-0.14148127871881386	-0.14364421417571938	0.17197351050173665	0.26500094491975196
0.15344973513751564	0.24995785911844665	0.06889021853565502	0.3320412619822136
-0.1672855099226917	3.0763778180547927	0.2184327594724434	3.091604339507305
0.17320758267107547	0.994886287834339	0.15774535427038575	1.0315827519445244
0.035792861130831556	0.48833408759474506	0.2018903437069008	0.5477141643202352
-0.04940305981416737	0.2721413961939553	0.059284408352637014	0.3134259774095309
-0.36657092489580045	0.4853646782539872	-0.03213255446746982	0.7865121277082535
0.07079060181743681	0.38197382543070224	-0.08449855358201155	0.6369230960463685
-0.09674399616310032	0.5403331237724426	0.34511030427239814	0.6622990321254282
-0.0024517823526047948	0.28713353077133325	0.8794111580317301	0.9251030540435076
-0.01448321729582075	0.4088602489475583	0.8219092852414384	0.918102031322657
0.5769616688578084	-0.24116755074978555	0.9271247347762888	1.1183053378661132
0.36704946372141745	-0.07004297796069056	0.43794673854955596	0.5756984222541996
0.015084355391635773	0.3517978721494317	2.70742219419406	2.733789312134538
-0.5704551883134461	-0.503966395240786	3.1034694542953543	3.198500224800685
0.8255942656840034	6.262870615762495	547.8373967997695	547.8739155923768
-1.007677758599813	-1.4551507022401071	52.250113351863504	52.2800843851078
-0.7709288384917826	-5.018077186057383	145.78137993348173	145.8697575415459
-1.354472090042691e-14	1.9984014443252818e-14	-808.2597058856829	808.2597058856829
0.0	0.0	-0.7960285607466275	0.7960285607466275
0.2216110488400339	-0.7476821353116339	-3.571810393099277	3.65594987885283
-0.039609226875959566	0.39680904669873396	-57.68994043758831	57.691487533151566
-0.33654347825129927	0.2962954290961914	-96.14570534779672	96.14685220590586
0.13245800319515277	0.47645094833433865	-98.5435964371176	98.54492969702032
0.1841043156703036	-0.0034719130059086	3.097810051980597	3.2420185323776893
-0.057365431742036684	-0.13465724300316986	1.2538805450153772	1.2695902439055777
0.002184006376415387	-0.22385163520146273	2.5054665780404153	2.5193167492484485
-0.2244814567899442	-0.09288399016215283	0.20120491458932865	0.34310694852462204
0.033361825054569874	-0.12130668576294569	-0.01854974691215619	0.18881790538046656
0.40755070772647883	0.19866482425606585	0.17819912145253647	0.5067543818769632
-0.0847543536190399	0.0646308209453893	0.16853284500655313	0.24079734990123766
-0.05169191806045573	0.860723073101127	-68.71083986973686	68.71639187015339
-0.1850923913110086	-0.1207286763488313	-15.001104964455294	15.003339773584395
0.3036437862466073	-0.24222038065382692	-21.688330037031363	21.692256909824465
-0.2681949988493369	0.2700993456333713	-3.8770104193787103	3.8981497907071834
-0.26461309490151563	-0.03477766290992741	-6.245391988607945	6.252649874421175
0.04978217189694065	0.2724994693344711	-15.454928479770214	15.458040895441401
-0.05498473142915686	0.025631868091698	-11.132646193782904	11.13362974010278
0.0822687550100182	0.0896489636826488	-33.52831629286979	33.52853707693579
-0.03589541772132533	0.14345232130203878	-57.01002559825505	57.01021738042398
0.9189698775465078	-1.1472519931224727	13.283449707669842	13.368606094419707
0.0	0.0	-808.2597058859566	808.2597058859568
-2.453386202177426	-2.1942695823434395	-637.7645401273898	637.7730337406546
2.453386202177426	2.1942695823434395	-170.47503258842065	170.50680531544808
-1.4471173072935708	2.334110794684891	-0.25056042969242753	2.757716851284897
-0.842405443265362	-0.27768498907589706	1.9093564978000757	2.1310321723738923
0.40229401054296465	0.973794926911952	-1.7101662211504163	2.0086775586345524
0.43950999764274035	-2.4687961591565526	-513.4080869583174	513.4142108258827
0.39191043723803887	-2.5840158970368066	-549.0101728739246	549.016393790982
0.6523392404267518	-2.381451611362932	-347.48403145452824	347.4928042048547
-0.2604288031887061	-0.2025642856739206	-201.52473046304442	201.52500054249862
0.6221983345861472	-2.3642433738574455	-339.77529908504005	339.78409416249434
-0.07348197956926181	-0.09780721696645439	-87.89407974802047	87.89416488370767
0.8320614766415133	-2.682947850155074	-343.9533959758509	343.96486614014805
1.6462581578569484	-4.746710618523991	-590.3153025590536	590.3367619553939
1.0448861656366262	-1.7036031040561284	143.38824939719052	143.40217611957632
1.0134234200391206	-0.8064660234869077	-0.24367764110969148	1.3178745266903662
-1.0134234200391206	0.8064660234869077	27.478879987557022	27.509384941250218
-2.2022182960365386	2.1522624400458303	-113.12772836956867	113.16962898722142
-0.032682124909734205	-0.01171769907195904	-0.19020346746813674	0.19334628208749938
0.03625997373007419	-0.0035034741702354684	0.0045605864228121865	0.03671319891656263
0.10589137394253301	-0.08015701933655194	0.12695969864208534	0.1837304980226387
0.059843874175011656	-0.23161017459126804	0.3713188819957883	0.44170383106452044
-0.007969596666264124	0.00032862008643824627	0.09917174268689934	0.09949199470178853
0.5604854725395837	0.11913661065501648	5.709262258329741	5.737945018150198
-0.054200461263852785	0.033161948819189484	37.976860595419865	37.976913751499126
-0.13861063464278753	-0.0605736702411531	33.915641400817236	33.915978737261746
-0.24401455760647683	-0.21246800586624492	130.25865249904928	130.2590543364488
-0.06483462575439225	-0.1882946870928942	90.84259337755533	90.84281165825804
-0.033248282826582716	0.16165093621727458	1097.0224744108436	1097.0224868246607
0.0020728462883917564	0.04463222367017124	71.2368699540278	71.23688396595654
-4.081103509327798	-0.7861840716712329	-936.0571397540135	936.0663664376117
57.66696573988321	29.946500076607627	-44.058020882233876	78.50789710941491
-33.66985868139324	-43.43317667995041	-186.8531064027374	194.76699821193912
-23.99710705848995	13.486676603342797	-30.69715492379532	41.231867692299275
-0.026780350345655915	-0.3454174060388003	1.154877118367934	1.2057244834907488
-0.020724523184437002	0.005766799641577176	0.09214787222184317	0.09462553669248858
0.14101593817099228	0.4427982850854671	0.6820138496164971	0.8252870453130777
-0.012474774530975515	0.2254626575167589	0.4219914125864224	0.4786081719222962
-0.16316172583557256	2.5731820981926155	0.1383472921311098	2.5820588359827505
-0.004123784087119112	0.5031957198621771	0.0800854673413336	0.5095455035245541
-0.03559898544307347	0.2772227030670732	0.03057345363811116	0.2811662336194596
-0.013804074371093898	-0.00508130687311794	0.028710954714525845	0.03225974379007125
0.07079060181743681	0.38197382543070224	-0.08449855358201155	0.6369230960463685
-0.016474426145523448	0.3491675708318133	0.2703309004205263	0.4418916099674062
-0.08026957001757687	0.19116555294062926	0.07477940385187186	0.22040742215802206
0.8255942656840034	6.262870615762495	547.8373967997695	547.8739155923768
-1.0493696360028935	-1.5566058751890637	54.97275339162553	55.004798099252184
-0.8910258812832694	-5.316874521494356	160.6244799723779	160.71492353913595
-1.5953712729958922	1.9038286008649727	-3.260117499714983	4.098553275500974
0.1556699718268319	0.33674695436826557	-71.132153205894	71.1331206355955
-0.023211968631679097	0.13970399396607308	-27.411443231223604	27.41180906142483
-0.02761910260765428	-0.01374607487179097	0.747108237462129	0.7477449350460369
-0.029746329134382396	-0.1209111681313789	0.5067723075532481	0.5218453088595407
-0.17303284092924542	-0.0851268475670474	0.07555821067609086	0.2071134650797032
-0.05144861586069876	-0.007757142595105432	0.1256467039132378	0.13599348344491882
-0.02339939315072479	0.07042605094528065	0.16278347263414641	0.17890170265931327
-0.06135496046831511	-0.005795229999891346	0.005749372372406733	0.0618956472419244
-0.019561616052827975	-0.08726077956590499	-4.702579338021648	4.703429549898794
-0.16553077525818063	-0.033467896782926325	-10.298525626433648	10.299910223685602
-0.09125968452587266	0.04874499974541197	-8.541193746163545	8.541820357191032
0.0362749530967158	-0.023113131653713974	-2.59145244761936	2.5918093829117486
0.9189698775465078	-1.1472519931224727	13.283449707669842	13.368606094419707
-2.1463644567411393	-2.689476685896807	-622.7003647093661	622.7098717496265
3.6018865877313146	0.3418094299340737	-184.02393114718143	184.05949488014448
-0.2540030449490728	1.9104877766405721	0.40683931606739066	1.9697713879114502
-1.2189173800273152	0.46307245900945315	-6.436934631511745	6.567672581057991
-0.7914977515817445	-0.26113646532460844	1.792716486140991	2.00434361923371
0.6624840939216552	0.5674035031589044	-1.1274123230798667	1.4254439506093233
-0.15680591778015318	-0.12196530620429169	-121.3393830826719	121.33954569931095
-0.021629964878826513	-0.1764691681396755	-88.06998615331231	88.0701656082737
1.6462581578569484	-4.746710618523991	-590.3153025590536	590.3367619553939
-1.017669646315492	0.8207921482264044	27.770849942525235	27.80160890649812
-1.382674124230877	1.1575472050021756	25.06768518578278	25.13245996394184
0.36500447791538543	-0.3367550567757713	2.6632028440786786	2.7091108552200476
0.27752710753968446	-0.25604797341145913	2.0249367523649884	2.059842399599038
0.2381316437677049	-0.14035880324148575	1.8726389868352626	1.8929300167798837
0.2381316437677049	-0.14035880324148575	1.8726389868352626	1.8929300167798837
0.7960585974754568	-0.07311001291476964	-0.5843457521426325	0.990209231753637
0.761009597280275	0.38355638448086965	-0.4924375801267171	0.984248890042446
0.03504900019518315	-0.45666639739563925	1.0227721732040358	1.120640686931141
-0.0035175981029283154	-0.37172603709986135	0.8678570828829555	0.94412315746649
-0.2663024824083394	-0.6550286160902102	1.5845496356357152	1.7662607530676713
-0.2604193620794163	-0.6704323776596496	1.582186784706676	1.7690429160596095
-0.2639369601823446	-1.0421584147595109	2.450043867589631	2.7131660735260996
-0.2639369601823446	-1.0421584147595109	2.450043867589631	2.7131660735260996
-1.0493696360028935	-1.5566058751890637	54.97275339162553	55.004798099252184
-0.8910258812832694	-5.316874521494356	160.6244799723779	160.71492353913595
-0.06407246227043403	-1.0023700017074788	2.2655372323228207	2.482134089183216
-0.3292499783282323	-1.2700709008828177	36.517413710365645	36.5516607403886
-0.5226274902817603	-0.22760576586618758	8.131700675860927	8.15277372189679
0.028798071086939242	0.2160522983572521	8.722301745618012	8.726140925462689
-0.3985904164997583	-1.6922154147330701	33.83090570842846	33.88469733983934
0.2419831902249622	-1.7131122740711915	72.39542500069408	72.42215350501985
-0.5424877550752043	-0.4513503217872339	14.631161261562589	14.648835097854505
0.012718942970898123	-3.5859294624561553	135.70692771390017	135.75436921591825
0.4940303174036419	-0.11203815763753948	29.139420409384627	29.148071222814078
0.6912072993442958	-0.5640929149094306	16.077853077416258	16.126904646721055
0.3859454909049271	-0.5041197961643071	19.172968787523992	19.198859437380616
-2.527903160984124	1.3639080003918025	-96.89646317932056	96.93902782728401
-4.053288814243469	-0.7808258468230889	-929.677457429282	929.686621228567
57.83039555791235	23.926623909331067	-38.42757035688905	73.44130340358103
-29.260044576297545	-37.744639731673935	-162.38055152827698	169.25794383634758
-29.713607599537934	6.300198908141439	-34.49401882196901	45.96388057324813
1.3066864359522758	1.497940746924873	-20.6756909762868	20.777041494642756
-0.01780641334884208	0.06733879341587701	0.1457151606616	0.2134578984289218
0.0885970151662789	0.3146350320148253	-0.2302137142436116	0.42346519761744683
-1.3954894660653998	-3.8367553059336936	-452.63383712139665	452.65224907136667
-1.1043080294968979	-3.0361817803670474	-358.1877132792556	358.2022834101559
-1.099456905123077	-3.0345827040172892	-357.36840061051413	357.382975605429
-0.573872170716212	-2.724216412621318	-283.82881922064104	283.84247269306695
-0.47529940682948085	-0.2125784831401364	-81.74614546952598	81.7478036295932
-0.33633173597852173	-1.303379323100536	-140.8565980945197	140.86391710959043
-0.23754043474447947	-1.42083708955301	-183.53295613247178	183.53929058982712
-0.17991460540231985	-1.586945660639156	-183.54416999023374	183.55179950956585
-0.17991460540231985	-1.586945660639156	-183.54416999023374	183.55179950956585
-0.10685275152522422	-0.4070311993448854	-209.58636655846828	209.58679462894278
-0.10685275152522422	-0.4070311993448854	-209.58636655846828	209.58679462894278
-0.7592798143746291	1.1608350813024595	-170.06798283711916	170.07363943365579
-0.73347669669181	1.1213856403373221	-164.28844795136712	164.29391231597114
-1.3444201659737804	-0.3035462840959038	-206.45149464530158	206.45609520478746
0.3197620327115659	0.624358398864152	-52.28307714875794	52.2877827729458
-1.3428884099169807	-0.3030413712766702	-205.90209963317434	205.9067017284864
-1.2915839789366665	-0.2914638157615662	-198.03570509047228	198.0401313648601
-1.229411510836142	-0.4706793971499096	-198.04104379766883	198.04541908418182
-0.4496357085442914	-0.286555589885089	-81.74882127635384	81.75056003753082
-1.6790472193804336	-0.7572349870349986	-279.78986507402266	279.79597912171266
-1.6790472193804336	-0.7572349870349986	-279.78986507402266	279.79597912171266
-2.648898445716287	1.182444142579904	-67.76388650000328	67.82594747374611
-1.7723742749953002	0.8011613568957866	-33.66786386591789	33.72400076183769
-0.7244004048592199	0.39631701715811457	-52.054238001076534	52.06078674969646
0.19963609821585016	-0.30474796425276507	-21.066682937499408	21.06983283945452
-0.5094016822270346	0.7385680040702128	-78.83821268333317	78.8433177376052
-0.45940316382800006	0.6625217988465124	-77.49399766406867	77.49819133606093
-0.45940316382800006	0.6625217988465124	-77.49399766406867	77.49819133606093
0.1492199208121326	0.2497845553820106	-29.2525606163452	29.25400761471537
0.16757490788307905	0.22188378488075244	-29.080393041585246	29.08172232205279
0.3213287700557963	0.6248748425667614	-52.440846448083235	52.44555364317151
0.27104344247786333	0.5270870343092269	-44.234282368719505	44.23825292622951
0.28493573666498906	0.4870431008117502	-44.23392514442687	44.23752403829684
0.4525106445480681	0.7089268856925026	-73.31431818601212	73.31924636034964
0.4525106445480681	0.7089268856925026	-73.31431818601212	73.31924636034964
3.6137275308897827	0.3457125605702558	-185.20103980822313	185.23661541359252
1.5022543580287857	0.17012278856049595	-119.92728634458405	119.93681553174262
2.1097465086132705	0.1750208556992045	-65.26978805873884	65.30411086496181
1.5399188117570506	0.061556103962304265	-119.93272413194465	119.94262568749399
1.5399188117570506	0.061556103962304265	-119.93272413194465	119.94262568749399
1.5357580100321215	0.752284715793879	-59.828495652204694	59.85293123118426
1.5545847327087572	0.698026357725248	-59.82971011333282	59.853973859158216
1.5545847327087572	0.698026357725248	-59.82971011333282	59.853973859158216
-1.1753881860914235	0.47742098920215914	-6.087876397123694	6.218657991527578
-0.3886588169863205	0.81413633217492	-4.642834194466019	4.729670495995592
-0.8380338000854513	-0.3482928984878624	-9.311436745362652	9.355557859161177
-0.3870374677613334	0.8095029199785966	-4.63901105866321	4.724988527108294
-0.3870374677613334	0.8095029199785966	-4.63901105866321	4.724988527108294
0.38443821394328476	0.9406042560563244	-0.4212614913052672	1.0999956140403107
0.38443821394328476	0.9406042560563244	-0.4212614913052672	1.0999956140403107
-0.35761325620168444	0.3309474282861701	0.03322650353686067	0.48838247494938447
-0.3566312515490331	0.3283587381611415	0.03513813056605074	0.48604526407309717
-0.3566312515490331	0.3283587381611415	0.03513813056605074	0.48604526407309717
0.5372893732253392	2.1713215327206026	0.13643729753295908	2.2409668014485833
0.5417701227542533	2.1595084871063297	0.14443453487567198	2.2311102856331018
0.5417701227542533	2.1595084871063297	0.14443453487567198	2.2311102856331018
-0.24262951094554597	0.6706671694858686	5.775487378126307	5.819357179852782
-0.35619750660237726	1.0181615309582162	6.057556000725974	6.152846029990039
-0.35619750660237726	1.0181615309582162	6.057556000725974	6.152846029990039
-1.0525672429096409	0.4061729521520035	19.93046389937045	19.962371239710357
-1.3986587402889574	1.5226852838906968	20.303418432739726	20.40842024264689
-1.3986587402889574	1.5226852838906968	20.303418432739726	20.40842024264689
0.6624840939216552	0.5674035031589044	-1.1274123230798667	1.4254439506093233
-1.5953712729958922	1.9038286008649727	-3.260117499714983	4.098553275500974
0.22847527419121016	2.0698746729358093	135.68113707702236	135.6971886975232
0.3208026501047408	2.0496263271384043	256.2836998053975	256.2925718555003
-0.40810369952981473	2.104390031962661	108.3471638536735	108.3694912838174
0.3476224626355261	0.06068659710666521	7.889488112102861	7.898609162093641
-0.018775406771185423	-0.03143320421656624	4.162901917469227	4.165401867958928
-0.5181370745104608	0.8718030701616605	28.21653850167523	28.24856515115127
-0.037021688765293936	0.2125208227344667	6.784490834781688	6.805848333247775
0.0017066151141261893	-0.03462670340913426	5.925193502653485	5.926938480354867
0.3175056958606729	-0.2138817929359068	7.029742472504347	7.041542040127647
-0.7800073579276677	1.1042321879048074	7.472735705621251	7.659149891221823
-0.13824303340876237	0.8378039862329053	2.9593521569246195	3.1827631228426
-0.30415010720523833	-0.08398701437858358	2.4601540810766664	2.484230060569142
0.2479119234128393	0.6752491358620902	0.9351120079598707	1.1874661195518357
0.003419319927571357	0.6112855458262327	0.11399460206228379	0.7939750764250606
-0.1702559966139099	0.6938786018778555	0.048603850847178665	0.869791294072399
0.6467710771900859	0.6873176499721287	-0.24032143342671053	1.209792059270868
-0.014509669092041128	0.4050774774040298	-0.6271427803745914	0.7596618623263549
-0.8813523605293471	1.3558137724025165	-2.4783881138499217	3.0647903121387463
0.22635915793646302	-0.16443716017588556	-0.5378666348450426	0.6211265292256849
0.04868826255711518	1.4759268561447085	-3.0483359489109962	3.390068210806847
-0.3238622840454789	-0.15043833020721492	-5.262258259901379	5.377099070653656
-0.05367907923089521	0.28731898636231024	-3.6154045512275803	3.7331274382535424
0.3799044394368018	0.20631981375316896	-8.381473189082518	8.442168497088357
-0.31266141148540777	0.5199413413230262	-7.763329303658827	7.827349761364543
0.2964053412603139	-0.2333338424835396	-10.952082017828062	10.972262344480674
1.0945832826922504	0.33860664941909635	-53.88135455774937	53.897096657284585
0.05257277156671708	0.040045382376493466	-23.09467751217958	23.095193800993158
-0.26275156407243055	0.2115738147168098	-15.289630307477328	15.30131748396933
0.4269405953775801	0.6770124345072859	-60.81895413835582	60.82625602734387
0.09424301070916981	0.04902616860226677	-6.0287290641537155	6.031280065139328
0.6882082527005206	0.29570215723191534	-35.43595960601859	35.444132422231164
-0.5787415576175604	-0.19820258453032905	-175.7822227118526	175.78414088647722
0.29441545567435984	-0.08726070889102167	-116.91588765558674	116.91733319370587
-0.045086210020974654	-0.1439960905544469	-94.85426323088726	94.85881458215215
-0.020265503816530306	-0.017571841702175017	-9.030994629744164	9.032112889442757
0.4989954505230906	-0.3919019317308429	-47.76662747287785	47.77104524187561
-0.7898600163364213	-1.9346539847234752	-300.8715459210123	300.8814642042222
-0.354436763250194	-1.0160870492160312	-140.074513062425	140.07871625543655
0.8848148091989099	-2.993188628182947	-480.4346591295691	480.4468090083157
-0.08522278664639771	-0.2305620312052099	-121.51638040515597	121.51662902066909
-0.12882518717454516	-0.6323007284108553	8.37435098204557	8.400335368030674
-0.2004247911536871	-0.6377701724719627	28.143062728320082	28.15132537235792
-0.20734480496931978	-0.11411444646932939	4.27371956173261	4.280267849957142
-0.3152826853124405	-0.11349131939685819	3.857981114128318	3.8725058719396475
-0.006441495990889154	-0.1249459561184623	2.567639504592231	2.574471867250367
-0.09621367085692223	-1.2443332169231964	22.898146800095216	22.932558271784877
-0.29593524965194695	-0.3229362416914115	8.365119403741016	8.3776672008041
0.41401896821847856	-1.3345427611178402	63.886331451437165	63.901762434185535
-0.1720357779935163	-0.3785695129533516	8.509093549256924	8.52039107083433
0.4940303174036419	-0.11203815763753948	29.139420409384627	29.148071222814078
0.2703046738029762	-0.20913377768672883	11.22583556527	11.241881765724548
0.4209026255413196	-0.35495913722270167	4.852017512146256	4.885022880996505
0.059306292046230266	0.12188953282612708	8.231749511738515	8.234048463750755
0.3266391988586968	-0.6260093289904343	10.941219275785478	10.964810973629863
-4.053234926609135	-0.7807207926870081	-929.6265785043125	929.6357424819463
58.597407076596966	24.074381063101104	-38.040537372675225	73.89467723235364
-29.227418306002374	-38.946416184377114	-166.11014673361046	173.1001044549147
-29.659194706833482	4.295920374797861	-32.702856461543426	44.360450665753795
1.3071672416498883	1.4802304490425602	-20.091169917861222	20.194179286326232
-0.2921005629953102	-1.4308761609012766	-140.8658367652887	140.87429395355377
-1.7052543040416879	0.6971445506090603	-31.151475570636688	31.205902214069503
0.21512315929600945	-0.3283651191212549	-21.684127969125353	21.687681005737133
0.5635084330539104	-0.580715804487629	-5.417232466552479	5.477333310688226
-0.8350268499068833	-0.35694022355499555	-9.311831932785006	9.35600823576454
-0.5881906111715698	0.8315257218160811	26.6790168910367	26.703016036315706
0.07005353666110901	0.0402773483455794	1.5375216106385334	1.545549114835562
0.007776939373790703	0.7602328220123653	4.31648623459363	4.385150809583086
-0.7877842973014584	0.34399936589244207	3.1562494710276208	3.273999081638736
-0.07736495747632836	0.26846215761497955	2.197404918615935	2.21948764988096
-0.060878075932434036	0.5693418286179259	0.7619472383086847	0.96327547296164
0.01221319641161276	0.08433776520753664	0.18649053692023157	0.2050383894971536
0.23569872700122654	0.5909113706545536	0.7486214710396392	0.9824277300546822
0.6177164715971567	0.44504484474503336	0.0880200958808326	0.7790159660080419
0.029054605592929134	0.2422728052270954	-0.3283415293075431	0.43077609326282607
-0.9103434550410899	1.1193838696230356	-1.6742184304725947	2.2145502007275675
0.02899109451174281	0.2364299027794809	-0.8041696833773271	0.8502401114111791
0.037000941605474985	-0.0981257601098686	-0.13389091304953032	0.17007207611500544
0.189358216330988	-0.06631140006601695	-0.40397572179551233	0.4510544531106795
0.3620131424925406	0.004563469214736084	-1.97782774580221	2.0155288927608184
-0.6858754265380195	-0.15500179942195103	-3.284430514099169	3.361570177892837
0.239096241534139	0.2055478038480612	-2.577821449481011	2.6435393471985416
-0.2927753207650342	0.08177118251424906	-1.0375831017465702	1.0895880910550009
-0.02330706712067593	0.014554377425302856	-5.5844468396778675	5.606293026311426
0.40321150655747773	0.19176543632786613	-2.7970263494046503	2.83587547077693
-0.15319222068961674	0.28077651712927254	-1.533320055982258	1.5725309179880997
-0.21270599324170303	-0.01942023019623107	-3.297806966561082	3.3076625520903153
0.05323680244591203	0.2585850543899847	-2.932202281115487	2.9471562912861273
0.0977386101546504	-0.21212701486915392	-5.0374370689776224	5.044779748924834
0.020471080071278284	-0.07310161709125321	-2.16565104496326	2.1714711936820854
0.17819565103438526	0.05189478947686753	-3.748993903887179	3.7560114018737547
0.054730143544428525	-0.024033099613089665	-3.2154410741791066	3.2190237751385897
1.0398531391478218	0.362639749032186	-50.665913483570264	50.678072882146
0.4269405953775801	0.6770124345072859	-60.81895413835582	60.82625602734387
0.23099770346549806	0.07547799938580693	-8.882096471609843	8.885420338868705
0.45721054923502263	0.22022415784610846	-26.553863134408754	26.55871208336246
-0.06643963322821977	-0.051556317286283834	-35.63951600179175	35.639870829186314
-0.0348883719706104	-0.029385085023883605	-41.68996677509517	41.69021024162219
-0.4774135524187303	-0.11726118222016162	-98.45273993496568	98.4540598156687
-0.25950576331204256	-0.18992189006728527	-44.76782166855578	44.771698543337955
0.21441955329106793	0.045925799512838344	-50.086441562331494	50.08711603881421
-0.7526442301859793	-1.4685377132048463	-208.93219671748773	208.94081997575353
-0.03721578615044219	-0.46611627151862894	-91.93934920352457	91.94064422846867
0.6778604163730446	-2.5224516001419275	-372.1051868991505	372.11602641640326
0.2069543928258652	-0.4707370280410194	-108.32947223041852	108.33078259191242
-0.04691713092817412	-0.3081176020418248	11.048926324741112	11.053321247635013
-0.0430647592063299	-0.09155661994049147	4.6962025146364486	4.69729235919366
-0.11044290101918308	-0.23809595048964632	12.39793388894252	12.400711765529245
-0.16424749657106932	-0.2443740506851709	4.589608885032271	4.59904399134704
-0.1316877530808776	-0.07856219100624057	3.7755105187087445	3.7786232094570598
0.07932859952878903	0.0484245856493211	3.1401079539796255	3.1445819618424036
0.4147017178748528	-0.1604627432868606	25.999312455405008	26.003489260971676
0.32771343065261016	-0.20929904386979103	3.64490231583836	3.6655852294550115
0.0931891948887094	-0.14566009335291064	1.2071151963078959	1.219437651541494
0.03755744303799152	-0.1088393529538652	1.1720144991912136	1.1776563813750593
0.2890817558207052	-0.517169976036569	9.769204776594265	9.787154592254804
-2.8475353279959768	-1.2765597798445787	-682.9546833244153	682.9618126491906
-1.196755927260127	0.477767677505145	-246.82418515815425	246.82754883863737
58.808247004234886	24.485414256944303	-38.66263415586777	74.51747182316196
-0.8060401389002265	-8.705377651811514	-27.853576439678328	29.19340715379383
-28.421378167101935	-30.241038532565305	-149.58701026520967	155.2371372723984
-29.13082213770289	4.39770610427268	-32.924846145921975	44.1841613152346
1.5833774673825989	1.53343960666569	-20.091253047704964	20.217986305723446
-0.07697740369930073	-1.7592412800225314	-162.54996473441403	162.56197495929092
-1.7052543040416879	0.6971445506090603	-31.151475570636688	31.205902214069503
-0.12774894256290692	-0.3567454776163934	-4.632125750729308	4.647598960613453
0.6403496839331997	-0.240518850622524	-0.6684667041640844	0.9564229032149545
-0.06274033587022888	-0.17520560747354863	-2.274939577294596	2.282538813465523
-0.062011534789374656	-0.17730291098229192	-2.2756330160650617	2.2833719312663994
-0.897038384696258	-0.5342431345372874	-11.587464948850068	11.63938016703094
0.07649898394709966	-0.028537599727688465	1.0474875829715093	1.0506648969213022
-0.006445447285990641	0.06881494807326786	0.4900340276670241	0.4948842179142598
-0.4195154705100698	0.22449040221863664	1.5289083394454996	1.6012338620924693
-0.36826882679138856	0.11950896367380544	1.6273411315821213	1.672765219546267
0.05624969993804803	0.23828059973122528	-0.3181773890371979	0.4014704520209691
-0.0271950943451189	0.003992205495870156	-0.0101641402703452	0.02930564124185696
-0.49052904314011886	-0.13066382487391334	-2.6140604682466813	2.662893897425261
-0.19534638339790056	-0.02433797454803767	-0.6703700458524876	0.6986762804675757
-0.20956061688463773	0.11684551316609149	-0.692641125918926	0.7330213198880062
-0.08321470388039648	-0.03507433065184243	-0.34494197582764424	0.35656677116699464
0.09143769987696404	0.11010484684988686	-1.4489095085200296	1.4559610895001216
-0.03820089743105201	0.14848020754009783	-1.4832927725954574	1.4911952017860057
0.03664550968233722	0.0034214603800289175	-0.17218976178135004	0.17607928280558288
0.14155014135204805	0.04847332909683861	-3.5768041421058285	3.5799321190681717
0.2970038187228439	0.6805408935814233	-49.393323079974046	49.39908836870645
0.1299367766547362	-0.0035284590741374855	-11.425631058381777	11.427167658637424
-0.10187021571792595	-0.0564741306820637	-22.039163883957745	22.039471671803618
0.03543058248970618	0.004917813395779871	-13.600352117833998	13.600399157382695
0.04050555701727771	0.01606842487364487	-7.250597024797676	7.250727971068293
-0.07539392898788812	-0.045453509897528485	-34.4393697502975	34.439482270553896
-0.3762228419233778	-0.12589454674896933	-85.56560951177757	85.56652922834772
-0.10119071049535244	0.00863336452880772	-12.887130423188113	12.887530587320988
0.5370279101741903	-2.193411811714903	-331.6747370391574	331.68375147863253
0.1408325061988543	-0.32903978842702414	-40.4304498599931	40.43227493777077
-1.2970116140897252	-1.6013837132623658	-682.9438482841063	682.9469573678696
-1.4404303195374601	0.7624664881367467	-209.86986157192956	209.87618967112934
0.28257014563207883	-0.3632903839572143	-37.61662804579539	37.619443527596175
57.21399878632853	24.533276322521758	-37.84804015103599	72.85537967448691
1.524763964586211	-0.03704553532853794	-0.893000640180103	1.7674070450098678
-0.4149063762050454	-8.630029615815499	-27.88651328354665	29.194300498287205
-26.331398850467593	-29.83842476765896	-149.90631236901262	155.0986029792456
-29.064611842187748	4.526783312445628	-32.80403505729512	44.06356935990458
1.4690484961060022	1.41920429409309	-18.65469919321932	18.772853973271644
-0.07697740369930073	-1.7592412800225314	-162.54996473441403	162.56197495929092
1.4697433041636994	1.420558824889333	-18.679251694179577	18.797408773807494
0.8098681257452482	-0.08916869727200566	-8.892373531789724	8.943609140975793
0.7170398346233431	1.3220584599598622	-10.210134512706507	10.320311597212008
0.8308090899492783	-0.09364129857547207	-8.902650785068461	8.955791614236102
0.8308090899492783	-0.09364129857547207	-8.902650785068461	8.955791614236102
0.7417939822499001	1.3166892679547686	-10.213467779019188	10.324672053557588
0.7417939822499001	1.3166892679547686	-10.213467779019188	10.324672053557588
-0.374352316655445	-7.78650742616679	-25.160810847544084	26.340771440119745
-0.32014383485253806	-6.658974010876657	-21.51737311176773	22.526468266986498
-0.7617891769158556	-4.706497166958924	-18.80114672263578	19.39625109186661
0.5559743133399164	-1.8382415313451426	-4.152780243617668	4.57534950757176
0.5584592278681348	-1.833397181575136	-4.134922350288051	4.557499838454231
0.5012945716632391	-1.6457281193736593	-3.7116659999713546	4.090987874073884
0.5151407773113235	-1.6492601525668773	-3.724640610133368	4.105895364710183
0.5151407773113235	-1.6492601525668773	-3.724640610133368	4.105895364710183
-0.7582896713458797	-4.6996748683202645	-18.742384610832122	19.337500562222278
-0.6032799764329781	-3.738966586172959	-14.911063375358639	15.384525629555322
-0.6844098252517572	-3.8768046250189707	-15.481488604039164	15.974182930793805
-0.9284032924864927	-0.8923002129506661	-3.668060583856097	3.8875185903568736
-0.6422464171610707	-3.8864568259023073	-15.489918209362198	15.982946951444546
-0.6422464171610707	-3.8864568259023073	-15.489918209362198	15.982946951444546
-25.4820045943404	-25.366360517327124	-137.8763019912932	142.48740103895256
-15.383471343402713	-18.271226237737743	-94.8726897350666	97.83310358140591
-10.139087310487039	-7.93865646923777	-45.72931469222758	47.50782651571245
-4.2921625577973685	-3.362814025467446	-25.551544478081322	26.12685596867343
-5.90113323449264	-5.703375859060553	-23.821207949923046	25.195273720172704
-5.893053053830016	-5.687623517927654	-23.72074832391878	25.094840836786226
0.09662428119747146	-0.3782284266721496	-1.7538389384491206	1.7967593095571144
-6.144687029940391	-6.270103373402809	-25.798230620943144	27.251056459896077
-5.135153888635143	-5.239965121606168	-21.559744808406663	22.77388056830087
-5.069060204162858	-5.255827601546182	-21.520953106713907	22.725987717852515
-0.9169769184665028	-0.8950584081275184	-3.66081203807852	3.878597813785383
-5.9860371226293605	-6.1508860096737	-25.18176514479243	26.6045855316379
-5.9860371226293605	-6.1508860096737	-25.18176514479243	26.6045855316379
0.10122219752630951	-0.3792631275288329	-1.7566177877083682	1.7999423616517458
0.10122219752630951	-0.3792631275288329	-1.7566177877083682	1.7999423616517458
-4.288779444061537	-3.3562186331261925	-25.48729354306595	26.062616230600455
-1.3442372246849095	-0.9719731089381218	-9.298160773542296	9.444972165727545
-5.2423583945100924	-5.111420087979899	-30.331144143580225	31.202359556785698
-1.3210727421439497	-0.9770691938323133	-9.286419155078988	9.430666897064608
-1.3210727421439497	-0.9770691938323133	-9.286419155078988	9.430666897064608
-5.161227852247914	-5.12986215062735	-30.290730149907706	31.15256155826982
-5.161227852247914	-5.12986215062735	-30.290730149907706	31.15256155826982
-15.366062658001717	-18.237287943216643	-94.5711128834235	97.53158434652151
-13.06824648286714	-15.510113379423593	-80.42910150936011	82.94686885460172
-12.850120496744257	-15.559989037434068	-80.34004670474006	82.83575290987434
-12.850120496744257	-15.559989037434068	-80.34004670474006	82.83575290987434
-0.8737046682446437	-4.476747409861135	-17.605937275714155	18.187183800011262
-1.5794139513419458	-3.110018730947336	-12.420590088540564	12.901078369039169
0.6778945880132183	-1.3720869037616847	-11.565029511857958	11.665850639969548
-1.5765884445890945	-3.1045103954159163	-12.375438663649573	12.855936295603334
-1.5416836122080186	-3.1126210541923274	-12.36991910454616	12.848349965663681
-1.5416836122080186	-3.1126210541923274	-12.36991910454616	12.848349965663681
0.6784874656959243	-1.370931086596449	-11.553067764890006	11.653890855222722
0.6695437943419351	-1.3528597769446347	-11.400777786900107	11.500271849608339
0.6306480409871601	-1.274268203619071	-10.738473327343755	10.832187489534547
0.6563894552995757	-1.2798171298108731	-10.751598652322343	10.847379987047836
0.6563894552995757	-1.2798171298108731	-10.751598652322343	10.847379987047836
0.368022023054191	-0.38119631174228585	-37.622497181548155	37.626228152887485
0.368022023054191	-0.38119631174228585	-37.622497181548155	37.626228152887485
-0.9639279671217555	0.6626362017966794	-209.85497431399205	209.85823426348603
-0.9639279671217555	0.6626362017966794	-209.85497431399205	209.85823426348603
0.4727676709614791	-0.17757412814309217	-0.4935263571956694	0.7061232944316083
-0.12076518338192749	-0.3571949179696584	-0.34744367897820205	0.512727558263186
0.528524247650728	-0.0019190803162782446	-2.503268851652179	2.5584558833163507
-0.1203409803221978	-0.3583410181514105	-0.34874076710749286	0.5143057062462221
-0.1203409803221978	-0.3583410181514105	-0.34874076710749286	0.5143057062462221
0.5294154003891535	-0.004462294406429852	-2.5041976831054797	2.5595520339136737
0.5294154003891535	-0.004462294406429852	-2.5041976831054797	2.5595520339136737
-0.897038384696258	-0.5342431345372874	-11.587464948850068	11.63938016703094
-1.2970116140897252	-1.6013837132623658	-682.9438482841063	682.9469573678696
0.035879994624460634	-1.4552255174765343	-109.96131443877411	109.97207489856585
-0.2627261819234412	0.4297249111055753	-22.856371633401345	22.862346611294004
-1.2315551788006625	-0.7252467158816879	-48.85732112349759	48.894166259406916
-0.26768655186531704	0.7765109231255751	-11.074825528867883	11.14491711873833
-0.39272263553939	-0.5319963562116454	-9.033513501366642	9.089991452470692
-0.26589523047339103	-0.1235846651931381	-3.770874866172954	3.81485077185128
0.06217074411218548	-0.24303755135077532	-10.888626820522017	10.95163091437702
0.23896201473005468	-0.3440057400974242	-9.89686736907924	9.906710165324776
-0.199618638321476	-0.07967253484093258	-1.042971114607078	1.0739943409432058
0.12496667390102871	0.16350199412122723	-61.81940690754434	61.82472913432747
-0.6347129994269525	0.09019242382131776	-53.60022237620434	53.60423783460048
0.34893708302748716	-0.7040544577682306	-107.62709916764425	107.63005809156775
-0.8486392284477406	-0.014452559081723675	-222.140642215326	222.1423075441482
0.006411701630938037	-0.17632053317752935	-43.847260120368496	43.847837231595534
-0.15265220794939327	-0.16906654676510285	-218.7408683347348	218.74294302650452
-0.4659364203881577	-0.5817075621682397	-43.458349682776515	43.46496425134973
-0.48024510307317225	0.6199910241906564	-111.19767649482797	111.2025883496778
0.5617176886918442	-0.5743593409792731	-20.146387757554532	20.162851353231332
-0.31969177430145307	-0.061611346814435905	-16.474061869542844	16.49979877845515
0.13321307034817756	-0.00619459745658657	-3.7388345429501526	3.773643832836708
-0.1538012107273577	-0.2882380514445428	-10.698285398502952	10.714651949407559
-0.2143262667241772	-1.9041158664659337	-12.356004753944376	12.54036176355317
-0.12333663119747418	-0.6681080468756897	-2.4907802181651633	2.6285521346357377
-3.375516339307293	-4.294284648970745	-23.258889069036154	23.89205708418482
-2.5077789997580204	-2.529765179801697	-13.826415107954515	14.278537800294446
-2.0984734460662606	-1.7898926921899165	-11.08774579695577	11.451893518631861
-3.1337371522939783	-4.69810926539292	-24.757370317459888	25.411363291221438
-5.795763604617944	-6.985882148359784	-34.497548746922114	35.68027650664368
-5.3302929820989755	-5.7850568239201765	-29.480648681796353	30.535749527207834
-0.8835170508167683	-0.9425839949274966	-7.0281157825100875	7.189103498384858
-1.7458086772697703	-2.629663345548286	-9.265707724889126	9.833570494816248
-0.5765658706403686	-1.136940894772472	-4.8737279140677	5.03949463559155
-0.805647887165181	-1.6501247837244302	-5.185213021498467	5.553681676518176
0.22748760764805345	-1.4342496229360409	-6.451010992823926	6.658339760855324
-0.21139860709365627	-0.2580546594874027	-1.0075410812648877	1.070467371618919
0.7072037073284869	0.3239008838648665	-5.2935443153884805	5.426350126855672
0.25788525151928166	-0.03716502110879227	-9.101474796092607	9.148701803424032
0.9530653673999909	0.23768519905506746	-6.037417981395871	6.141285154832766
0.09668177989616941	0.19442594335194358	-10.786720989481752	10.788906270745812
0.2003220388266745	0.4861149502294797	-38.6066020904923	38.61018209796064
0.15608910882236454	-0.018584891212069757	-9.518461006201276	9.519758880068787
-0.02615233216762834	0.015056432137932273	-1.9071700521805008	1.9074087785686384
49.83562408734261	21.3682335216913	-32.96691687093506	63.459572485067994
5.108914331748732	1.063171878654753	-2.8382763811930225	5.940299058864625
3.794224331824031	2.0648253868474273	-2.9358475390884338	5.22291517556496
-28.995127588867618	4.515966782196708	-32.7256284219468	43.958254463569745
0.035879994624460634	-1.4552255174765343	-109.96131443877411	109.97207489856585
-1.2738537946034305	-0.5621454182906328	-43.26133731047069	43.29390681660127
0.04229861580276795	-0.16310129759105513	-5.595983813026896	5.600259442805641
-0.41208475758345814	-0.6751285432846528	-7.722846172815572	7.764499030282791
0.01936212204406812	0.14313218707300734	-1.3106673285510697	1.3254924221879012
-0.26589523047339103	-0.1235846651931381	-3.770874866172954	3.81485077185128
-0.3711541506545625	-0.22780369616650428	-8.003216330545529	8.030487984745752
0.43332489476674796	-0.015233855184271033	-2.885410489976488	2.921142929631268
0.09120090624493135	0.14309100923122778	-49.02696576211231	49.02745806450153
0.10610893421219787	0.0379951693170948	-4.815051884597847	4.818392592460722
-0.07234316655610049	-0.017584184427095324	-7.977389260834193	7.978878477365226
-0.10639445367422165	0.2586599081030528	-31.916866863085595	31.918397435784012
-0.046257754275171634	-0.42772645486815564	-186.82400147164927	186.82454559072053
-0.09003657284016275	0.10312023478821936	-63.75563189131241	63.755931630027206
-0.3902085302330096	0.5168707894024371	-47.44204460351556	47.44665671965059
0.506408276231735	-0.5179472383298723	-16.923713468558507	16.939208843679747
0.05530941246010919	-0.05641210264940076	-3.2226742889960227	3.2236425095515844
-0.17415735261596907	-0.29119264048368204	-12.29261805694131	12.307205311263056
-0.14553442168548397	0.22958129366924615	-4.181443812601533	4.1925934671920935
-0.24729706059158557	-1.8752041228747995	-12.274837899067997	12.448106571307694
0.03297079386740836	-0.02891174359113425	-0.08116685487637944	0.09225519224547685
-0.3368899013518473	-0.31670299838049726	-1.6312536355339207	1.6955188050442518
-2.170889098406173	-2.2130621814211997	-12.195161472420594	12.583018995250194
-0.39994015740183	-0.47420475363652437	-3.4435302658172517	3.501742816709061
-1.1770604420904383	-0.9289615931935206	-5.718099767311334	5.913085967562851
-0.5214728465739925	-0.3867263453598717	-1.9261157638271853	2.0370647343599484
-0.6238952421254277	-1.017485790544594	-4.53125529312711	4.687886189264769
-0.5165411343570347	-0.6664235007411099	-3.5296610153201327	3.631655503182211
-1.993300775811516	-3.014199974107216	-16.696454009012644	17.091821598774462
-2.872736753249426	-3.0370683388480533	-15.741359328744064	16.287611054106158
-2.278391501153571	-3.0027452804660046	-14.076117018180977	14.572717562154075
-0.6446353502149476	-0.9460685290457269	-4.6800723999970755	4.8199478903834505
-4.891028389247527	-5.093120073784783	-26.149767417201684	27.102678069686355
-0.43926459285144803	-0.6919367501353936	-3.3308812645946664	3.4330714575214776
-0.6338846996057869	-0.7030486804165366	-4.820402751391977	4.91445314658275
-0.15752315027520103	-0.21288086161768144	-0.7495370105062396	0.8071042802106434
-0.09210920093578044	-0.026654452893278446	-1.4581760206118715	1.467546071591465
-0.12643452293117782	-0.3451316292554567	-1.2377171315707565	1.2911410565407258
-0.45013134770919083	-0.7918092655170155	-3.6360107824969448	3.7483535790508253
-0.22221161082397772	-1.0033840522370452	-2.057041990901655	2.3037055136239233
-0.5834362763412034	-0.6467407314873852	-3.1281710305968127	3.249976162894253
0.024950469796132066	-0.053263198415107654	-0.7663321161410872	0.7811556767877528
0.1509523135627046	-0.2865278339846351	-0.8959973040993301	0.9628996596069229
0.051584824289216805	-1.0944585905362982	-4.78868157258351	4.914284424460648
-0.044309997611756746	-0.17303901198606542	-1.8691849073465236	1.8828802081676626
0.7515137049402436	0.4969398958509319	-3.424359408041957	3.543469918688009
0.16521781185058318	0.05421308501854209	-8.549805600703415	8.566039195909589
0.09266743966869852	-0.09137810612733437	-0.5516691953891932	0.5826626075144434
0.2903440448460214	0.02839505874257231	-2.4694611199264425	2.4902939117636094
0.39480983115916923	0.15642897573356543	-2.5422547443010632	2.581012129485301
0.2679114913948006	0.052861164578929754	-1.025702117168366	1.0699791135838566
50.34499030618285	21.210783089861295	-33.47696977775792	64.07286300545434
1.5336819927535914	0.15182211443380045	-1.476561780309103	2.134353555622254
3.511184825565355	0.9213218128475884	-1.4339871750840132	3.903020878808441
3.8334777241620284	2.052796278757651	-2.9728640711011782	5.2675843428436995
-28.931080075437833	4.505994733570073	-32.65335584774672	43.86117908800369
0.061151213033703675	-0.1273897683717407	-17.25766075350755	17.258803611258692
-0.025271218409243044	-1.3278357491047936	-92.70365368526657	92.71327128730715
0.03192718389810206	0.04680767194999124	-0.9585008674068322	0.9601740550778752
-0.012565061854033947	0.0963245151230161	-0.3521664611442375	0.36531836711002585
-0.3711541506545625	-0.22780369616650428	-8.003216330545529	8.030487984745752
0.02250743099611683	-0.01590943686976097	-4.786483722813392	4.7865630804773796
-0.09485059755221731	-0.0016747475573343521	-3.1909055380208016	3.1923153968878473
-0.0044560846307014484	-0.3253086991822235	-157.38989549625714	157.39023174876252
-0.0418016696444702	-0.10241775568593214	-29.43410597539217	29.434313841958016
-0.28769643676208845	0.43675468386837113	-34.58979345122204	34.59374704902332
-0.10251209347092123	0.08011610553406613	-12.852251152293528	12.852909670627273
0.16662697468377652	-0.3272020258466808	-3.9365416651546914	3.9560922361352127
-0.4139240352753621	-1.5480020970281185	-8.338296233913304	8.492014335172481
-0.14394533115319236	-0.047216807074332484	-0.3558873715700104	0.38678871037571355
-0.37752751542080015	-0.3395095382855392	-1.570228392257175	1.650276023984235
-0.12217159105752692	-0.4826925034691852	-1.8954622792168647	1.9597691707190605
-1.8711291847539888	-2.5315074706380303	-14.80099172979578	15.132052428055403
-0.5591368201125076	-0.8671530846652243	-4.060150471652374	4.189201631374281
-0.08549853010243999	-0.07891544438050263	-0.6199219283447017	0.6307462590091704
0.025088393388290782	0.015344767093664289	-0.11838071824949115	0.12197903021925473
-0.11719759432407123	-0.04199921998694274	-1.3397953023623803	1.3455670413722103
-0.5355464388546985	-0.5224683877831502	-2.643332176701225	2.7471782251588093
-0.047889837486504945	-0.12427234370423505	-0.48483885389558834	0.5027979377354437
0.03505920210021875	-0.5117138279354128	-1.9476335227971147	2.014039852752501
0.016525622188998064	-0.5827447626008856	-2.8410480497863957	2.9002445717081473
0.7108131292566638	0.4392192338847244	-3.241064216420829	3.3470384065769982
0.040700575683579855	0.05772066196620762	-0.1832951916211289	0.19643151211101126
0.16521781185058318	0.05421308501854209	-8.549805600703415	8.566039195909589
0.07156868862879213	0.01614643079343861	-0.2865155111458471	0.29575990692887766
0.021098751039906386	-0.10752453692077299	-0.2651536842433462	0.28690270058556583
0.1508317387218101	0.009092095542690139	-1.791308731508391	1.7976706737290347
0.13951230612421128	0.019302963199882173	-0.6781523884180516	0.6926232380345747
0.33063568283895883	0.07429991446683906	-1.8207796898645434	1.8520472756059405
0.06417414832021048	0.08212906126672637	-0.7214750544365202	0.7289648538793607
-0.004174533219755892	0.002948006050350663	0.002156673102919969	0.0055469546733868174
0.2720860246145565	0.049913158528579096	-1.0278587902712861	1.06443215891047
50.34499030618285	21.210783089861295	-33.47696977775792	64.07286300545434
1.5464242683355836	0.14805776061307138	-1.4943469941426915	2.155556089986597
3.0302537736608652	0.5918742890135165	-0.734835393640136	3.173757420239834
0.2819894979477795	0.3604211091586858	-0.9236472071584201	1.0307985332602907
3.8334777241620284	2.052796278757651	-2.9728640711011782	5.2675843428436995
-28.73213852148113	4.47502114824546	-32.42886042203218	43.55964401331201
3.066658917547214	0.5801895797571934	-0.7688237604192137	3.2143594757923113
3.066658917547214	0.5801895797571934	-0.7688237604192137	3.2143594757923113
0.28561384946735774	0.3594835075177715	-0.9255482618997392	1.0331714515463895
0.28561384946735774	0.3594835075177715	-0.9255482618997392	1.0331714515463895
-28.501263289543544	4.408162300502975	-32.06924966339482	43.13282599066066
-28.501263289543544	4.408162300502975	-32.06924966339482	43.13282599066066
1.5464242683355836	0.14805776061307138	-1.4943469941426915	2.155556089986597
-20.889836856913178	3.5485158373063603	-23.798692015537625	31.86845948816599
-1.7835316000313848	-0.06743494355557206	-2.5927494863251925	3.150771671140644
-0.8439933362276659	-0.0373309902654296	-0.203206444504864	0.8800517021284682
-0.5717132622518023	0.5648284018590233	-1.478553655593669	1.688634914701996
-0.40930425413917404	0.267515709478607	-0.39540323483271284	0.6441413899839394
-3.50544861052525	0.34512592000275155	-3.689402340929269	5.160876332939057
0.18192309926273842	-0.32578398119190966	-0.0001901869389981381	0.3983855387908583
1.8216774824331907	0.9818054980920063	-1.1755331917408829	2.383809717945694
0.04681639866246777	0.188362789480077	-0.4599081025285957	0.5183315187366984
1.2517250317480786	0.39181918597075766	-1.2131818472521636	1.868766343500891
9.760113140312122	3.224774805516198	-5.851858429306065	11.865225607948878
12.40616097900581	5.8081712781535515	-8.652732853867052	16.229610637925493
6.140788054124304	2.6290136499855508	-3.8978700682698286	7.7351536097869396
26.970525510691235	11.240089356177988	-18.298520671088657	34.48414188258846
-1.6950938476336233	0.3240358359723315	-1.5174451975012975	2.302273243470332
-1.354070396467911	0.10220463731019244	-1.733869496572827	2.206747752355077
-0.4562843664237161	-0.08111455327977238	-0.438087646855145	0.651855337113648
0.4934717524696809	0.30765562062423485	-0.38629279080916346	0.698132130486997
1.3282057299635097	0.6741498774677713	-0.7892404009317193	1.6856775874586967
0.7641086148037113	0.2644738957667504	-0.7336414004347037	1.1001171399405987
0.16745258844461608	0.09855397442462693	-0.11101192117408332	0.2613359950226011
0.3201638284997511	0.02879131577938028	-0.3685285256433765	0.5073132085376912
3.0831347912681535	1.2837621447639085	-1.8807318782852467	3.8328733064706557
3.05765326285615	1.345251505221642	-2.0171381899845815	3.9022803033162834
1.4173003674986675	0.6924912738794389	-0.9563364935384786	1.8499577751625835
25.553225143192567	10.54759808229855	-17.34218417755018	32.634184107425874
-0.14655600342174505	0.03708644043277315	-0.13612224228936057	0.20342893365696926
-0.309728363001971	-0.11820099371254551	-0.3019654045657843	0.4484264034566786
0.4227798999971858	0.2066074967209604	-0.37570799854497466	0.6021511452398004
0.34132871480652544	0.05786639904578997	-0.35793340188972894	0.4979659947007982
0.06995673671891837	-0.00312589501405882	0.015809986634449914	0.07178907931837877
0.09749585172569772	0.10167986943868576	-0.12682190780853325	0.1895469157042223
0.24015260147039386	-0.033397749409548094	-0.2963450746613801	0.38289565802536835
0.08001122702935722	0.062189065188928375	-0.07218345098199638	0.12441755051232288
