0.0	0.0	6499.999932280723	6500.0
-0.9670646766019089	-1.845609764715812	135.43398966275146	135.4500167791153
-1.3773126085986125	2.5862498140561665	219.4561845553988	219.47574494174924
0.29373375091381604	-0.41952483722707257	2759.8784666070715	2759.878514094278
1.80724904566708	0.3347267410491048	50.358538611659704	50.39206884229124
0.041858964395942166	-0.09062632413770189	1077.5659298337996	1077.5659344904125
0.2015355242237573	-0.5652156290096735	2213.740240122906	2213.7404558291532
0.0	0.0	-6499.999932280723	6500.0
-1.2149538015342332	3.4887982789590177	-19.08825741372634	19.442463765269288
1.8529087347382704	-2.364933516526336	-217.6287020877663	217.649438670819
0.18513718484283975	0.8967567678799728	27.168570346030208	27.183996452419105
-2.7049818643130834	-1.3737208398577057	-2135.911502836079	2135.913657427031
0.17877721924144643	0.025843127665953588	16.16638156526453	16.167390700885985
1.7031125270961263	-0.6727438181022025	-4127.139839332153	4127.140317644788
1.1102230246251565e-16	-1.1102230246251565e-16	135.57070669317403	135.57070669317403
-1.042499420123022e-13	-7.721601136267964e-14	219.47617500303917	219.47617500303912
0.0	-6.058451752097371e-28	2779.66033845336	2779.66033845336
5.329070518200751e-15	5.329070518200751e-15	50.376270682012546	50.376270682012546
0.0	0.0	1080.614271304325	1080.614271304325
0.2015355242237573	-0.5652156290096735	2213.740240122906	2213.7404558291532
1.1102230246251565e-16	2.914335439641036e-16	-19.266495872047578	19.266495872047578
1.0422218643668657e-13	7.722988915048745e-14	-217.6486938513114	217.64869385131138
-2.3466936605241555e-18	0.0	-0.00771628472825725	0.007716284728461829
-2.886579864025407e-15	2.7755575615628914e-15	-2135.9246668763735	2135.9246668763735
0.0	0.0	-0.0005008001418187469	0.0005008001417865244
1.7031125270961263	-0.6727438181022025	-4127.139839332153	4127.140317644788
-2.4424906541753444e-15	2.886579864025407e-15	111.92235579777643	111.92235579777643
0.7983254840310846	-1.6130636293050162	23.36011828004257	23.42934962623203
-1.1102230246251565e-16	-4.440892098500626e-16	219.47617500303912	219.47617500303915
0.0	0.0	2661.204983517925	2661.204983517925
-2.7755575615628914e-17	-1.1102230246251565e-16	2.5921654644009777	2.5921654644007504
1.0542833590157716	-1.1087903964270591	47.77156885548902	47.79606385947773
0.311972196936707	0.5736703386880608	385.098774430587	385.09946947801586
-0.311972196936707	-0.5736703386880608	695.5149960735963	695.5153026264511
1.4648248534065185	2.5811284573694087	20.681347878163066	20.893206695531433
0.11539347647412251	2.7129689554201826	14.106613469071746	14.36558595300879
1.3494313769323953	-0.13184049805077425	6.481024273721083	6.621330877892891
0.031393662310894604	0.7380835888550289	3.837810187632676	3.9082655977386653
0.03144040724372488	0.7381182333500395	3.8380897838191608	3.9085470720292523
0.00746373178016424	0.7833316842502122	3.829613680351613	3.9089135543752547
0.00746373178016424	0.7833316842502122	3.829613680351613	3.9089135543752547
2.0808681580623873	1.3006276881588956	13.477671900000235	13.699243939666871
0.7662868829241434	0.47896063628180474	4.9631992057306515	5.0447938742642835
0.7663410184020882	0.4790007581983849	4.963808662743558	5.045405506316431
0.7352818665948454	0.5375320604406917	4.9635986109882415	5.046473155615635
0.7352818665948454	0.5375320604406917	4.9635986109882415	5.046473155615635
-0.6474369669667647	0.5424171803554794	3.2721556551598923	3.3794072934961186
-0.028078441010331412	1.3020328545644577	3.8037225767945335	4.020495416541509
0.6952227491818114	0.062051377668113625	7.982905772634952	8.013361942357209
0.6952429558856766	0.06206635364537698	7.983183936652413	8.013640918233646
0.6451629737408285	0.15617741006771113	7.986894819260932	8.014431701626679
0.6451629737408285	0.15617741006771113	7.986894819260932	8.014431701626679
0.6147368983385704	0.8379585680387376	3.446348411641509	3.599637952676943
0.4684794299323027	0.6385924666677235	2.6263973150099336	2.7432163915823065
0.4685569356892002	0.6386499092105952	2.6269490465858727	2.7437712371616505
0.45221673103924925	0.6696376646550053	2.6229419359219777	2.7445835700474785
0.45221673103924925	0.6696376646550053	2.6229419359219777	2.7445835700474785
-0.6428153393489017	0.4640742865257196	-0.014733425536952893	0.7929650545545179
-0.8562957577096041	0.6364111233150218	0.5065261908992358	1.181029349600357
0.3597378867669697	0.027029264581712065	0.2986914801953869	0.468357266048798
0.35985045464148335	0.027112693029049846	0.298931012360357	0.4686013209325787
0.3581559037749089	0.030726519002573276	0.3012576744114004	0.46901594511338596
0.3581559037749089	0.030726519002573276	0.3012576744114004	0.46901594511338596
-0.8558482462296323	0.6367427915471987	0.5062397584453385	1.180760897130512
-0.858220715848491	0.6429409267920767	0.49265447051713	1.1800950215030421
-0.858220715848491	0.6429409267920767	0.49265447051713	1.1800950215030421
-0.2816527402579417	-0.20874384374466304	-5.379464783709812	5.390875960135805
-0.23584423837492346	-0.267189457596418	-5.378689324561364	5.390483425554308
-0.23584423837492346	-0.267189457596418	-5.378689324561364	5.390483425554308
1.0271495014052425e-13	8.88178419700125e-16	-212.25786539908808	212.25786539908808
5.08171089280397e-14	4.440892098500625e-16	-211.885757808398	211.885757808398
1.1102230246251565e-16	2.220446049250313e-16	-211.79204767302784	211.79204767302784
0.0	0.0	-211.7920476730278	211.79204767302784
0.0	0.0	198.5791250325912	198.5791250325912
-2.961700976319674	-0.601948525411931	-211.76976543034087	211.79133024069228
2.961700976319674	0.601948525411931	198.55684278990427	198.57984246492677
-2.9617805130538515	-0.6020886749509786	-211.66758184497175	211.68915857614869
-2.961010510817833	-0.6019321442344208	-211.6125526115108	211.63412373317976
-2.9470117781712726	-0.5990863971059591	-210.61211457259077	210.63358371273557
-2.8902824000285436	-0.5875541056460675	-206.55787414588826	206.578930009446
-2.2208004367679894	-0.9447053654768849	-152.05496376027156	152.0741149142253
-0.6633468526833823	0.3321485818202936	-54.60707384962186	54.61211281524847
-2.0190204267792637	-0.7951583209947025	-152.06085175373366	152.07633397840095
-0.7244429278020352	-2.4474526308837254	-152.052808846857	152.07423029611195
-0.7244429278020352	-2.4474526308837254	-152.052808846857	152.07423029611195
-0.5908833820009716	0.38585408948718936	-54.60876916041561	54.61332892037489
-0.12594538439612885	-0.2075629786800431	-54.61249208788176	54.61303174773323
-0.12594538439612885	-0.2075629786800431	-54.61249208788176	54.61303174773323
1.4969556596473326	-1.97903978241843	198.67036129682	198.6858574043868
-1.7390356811760486	-0.6653352331148265	145.0093560592056	145.0213096781927
3.2352213385873623	-1.3138610800201602	53.605976004153426	53.71958256916293
2.2660430194608656	-2.0389266621953217	53.26561149092325	53.35276506800588
0.9551795864799358	0.7222198350466996	-0.6600735256899009	1.367357521601267
0.9120147143272127	0.6895824888479204	-0.6302445911616772	1.3055661962396208
0.9193791234781034	-0.2766421143088379	-0.6491445213819773	1.1589553234429921
0.17534243015963136	0.8914681936672814	3.007849784259302	3.1420726969316637
0.59346965334525	-0.17857562292523851	-0.4190301522380643	0.7481188080977001
0.333945538234772	0.6363501333756516	-1.030170081539893	1.2560698673457722
0.2027947369677341	-0.8264580477607871	-3.443100497402117	3.54670264404292
0.19665962639030465	-0.8014553697503985	-3.3389370334170536	3.439404924035216
0.20115684156565972	-0.7981223079772707	-3.339290014055533	3.4392326311796246
0.22965806508137998	-0.8343010175528047	-3.3284572582286978	3.4391028967743837
0.22965806508137998	-0.8343010175528047	-3.3284572582286978	3.4391028967743837
0.33546238602102546	0.6374743284997189	-1.0296683289102773	1.2566325634376838
0.3445001012335397	0.6263636198269186	-1.034312387342333	1.2573041869819692
0.3445001012335397	0.6263636198269186	-1.034312387342333	1.2573041869819692
0.3104157191383503	-0.33378492502124046	-0.09096056410359621	0.46480546369600556
0.31078445229313284	-0.3335116424819869	-0.09093094421707038	0.46484989843430446
0.311954614436351	-0.33429362023876685	-0.08484744335298278	0.46504515333891056
0.311954614436351	-0.33429362023876685	-0.08484744335298278	0.46504515333891056
0.19083618115413425	1.1271866273049223	2.8686959792189852	3.0881037485809495
0.17128363180172723	1.0116981909588152	2.5747772926706	2.7717051464693547
0.17141428719475754	1.0117950247724048	2.575314576905282	2.7722476801378235
0.15551140180673803	1.0421746873730067	2.56488922776161	2.7728989570088034
0.15551140180673803	1.0421746873730067	2.56488922776161	2.7728989570088034
2.8583633048944366	-1.1695291675820543	46.760726720440005	46.862603456063596
2.6756564655839146	-1.0947727580925777	43.771776866401005	43.86714163192857
0.7171851621471871	0.35461375443805165	8.346429750709966	8.384688131062308
1.9780238527891005	-1.3338980761845227	35.719265802238866	35.79885210297729
1.9780766557786162	-1.333858941827148	35.718968009141335	35.798556431382664
1.7539039608180245	-0.912750677906899	35.745446972317026	35.800087599816294
1.7539039608180245	-0.912750677906899	35.745446972317026	35.800087599816294
0.7172105453706593	0.3546325669361279	8.346856445924109	8.385115846116104
0.6648688171251179	0.45301482086844647	8.347383394652214	8.386064780886642
0.6648688171251179	0.45301482086844647	8.347383394652214	8.386064780886642
-0.549155413280854	-0.8367601484144852	6.475055835954914	6.551952937303815
-1.2730926323585894	-0.9181124979532177	16.64897969962764	16.72280540005405
0.40883244901008026	-0.03920314447231559	16.101063069252422	16.10630040754066
-1.273043651344896	-0.9180761962113654	16.647237884490877	16.721065552861987
-1.3774346711577872	-0.7218704925203585	16.64670529214639	16.719187192111157
-1.3774346711577872	-0.7218704925203585	16.64670529214639	16.719187192111157
0.4088359238181268	-0.039200569156388386	16.10088570632399	16.10612318422204
0.3077888465658472	0.15055019877770315	16.10288622317815	16.106531099310093
0.3077888465658472	0.15055019877770315	16.10288622317815	16.106531099310093
-1.4239309111083835	-0.5447797391037722	118.7343691262798	118.74415680790115
-1.4239244172917223	-0.5447749262826751	118.72999131335455	118.73977925588252
-2.168982950278056	0.8542875808541373	118.7148175143271	118.73770332867899
-2.168982950278056	0.8542875808541373	118.7148175143271	118.73770332867899
0.6300079973469703	-1.9231857719920045	23.157574996037095	23.245834751356984
0.6300079973469703	-1.9231857719920045	23.157574996037095	23.245834751356984
-1.1102230246251565e-16	0.0	111.92235579777639	111.92235579777639
0.0	-1.1102230246251565e-16	85.78666766535058	85.78666766535059
-1.048743207824377	1.7087806620658015	25.7120762780473	25.790127184547394
1.532107773982716e-14	-2.7200464103316335e-15	73.4304757514211	73.43047575142111
1.989486001046254	-0.8787408979765056	11.483088942716382	11.687239698939644
5.551115123125783e-17	4.440892098500626e-16	73.43047575142111	73.43047575142111
0.0	0.0	60.792561820866354	60.792561820866354
-0.3426518425034912	-3.7645149060825918	9.364713916249862	10.209644925093766
-0.31851859228783036	-3.7687933967466787	8.93334626767206	9.816309555995302
-0.5725151611776873	-3.656605036078724	9.052381840299429	9.894147309507646
-0.4567043697198655	-3.845302554618267	9.062670139741694	9.968797353725305
-0.5047366308732145	-3.7914927234113844	8.845120873278198	9.752760604112478
-0.5710645893340638	-3.657473179328931	8.892082922172238	9.747941501542206
-0.6633745315127556	-3.7024283835523994	8.546655680744747	9.457450239340446
-0.6633745315127556	-3.7024283835523994	8.546655680744747	9.457450239340446
-0.5360828841591392	-2.40141124459519	8.278894391930134	8.866917271379544
0.19527817823727944	-1.4273705427641614	6.901612874808626	7.0941840333581405
-0.24097241709934225	-0.29008542452838326	4.009438987770456	4.029553082027868
0.2557327545161481	-0.8729119438454217	5.404729116326501	5.550717507950881
0.25153441947753064	-0.13050477008089023	7.951659326450733	7.972252054170557
-0.9336006983875524	-0.0625109906170963	39.721859087817656	39.74133279593932
0.02093890407499263	0.1571913266662794	15.162350649198219	15.173073662993424
-0.31603045826307974	0.022612467600312686	2.651352863126845	2.673862068984098
-0.3814657916827745	-0.38315191088775624	34.836067172319744	34.852929422880855
-0.24778931266058213	0.07173653150239147	17.771829408203182	17.798449842067605
0.026649338315406917	-0.0823959569530319	9.578611619651072	9.579954041720105
-0.5303323994428962	0.4501552842053119	20.908374912628158	20.920409018604666
0.7150255500822561	-0.37380034691918507	25.10390710690833	25.136285321693986
0.13147607853927118	-0.2357161133927643	5.564822456953498	5.59319380722276
-0.25975759125653874	0.21421738804113177	1.4157833890614606	1.4619457873659063
0.02401785324180189	0.208547696281549	11.627177387615237	11.666966820338086
0.5227056261895227	0.11926762194431023	4.623542362960161	4.748151273104265
0.5978491368180614	-0.4244141736402466	6.662531423074233	6.742981430382916
0.5432509967285606	0.41343212173082866	1.0810974112618743	1.7962970346058442
-0.12697925677929858	0.6588183994550938	-0.4006280314534172	0.7938186314259918
0.3630165456259887	-0.8411626971250111	-0.9737253629665286	1.548021488858152
-0.09693147932781723	0.29152398103454874	-3.7138515464495416	3.7596131402537365
0.008521138475766285	-0.46624764684909026	-3.569374996933285	3.6339390554638813
-0.022392912482482194	-0.005544689012027258	-3.6621797459852306	3.6959042723141673
-0.4723976715156479	-1.4011986063325546	-98.22636724284702	98.23875688613528
-0.3175880917976606	-0.6529982314895826	-67.06428241874521	67.07479434938655
0.2743002743967545	-0.48478325921698673	-14.20745776872666	14.249296905181069
-0.15194813825053038	-0.30745867611289196	-13.6697592256273	13.693811565990519
0.2114619206315962	0.21763391820144296	-2.5074613013679876	2.529609185029766
-0.2116604513250003	-0.634988941442648	-3.6900851634896656	3.7826524501487193
-0.4036474143088106	0.7605599332349712	-1.819302742409644	2.0724297474365265
-0.12934100399840381	-0.10596951040786229	-1.4462594807579439	1.5373174885278689
-0.2486169133187148	0.40794223938138585	0.595515637093452	0.9113077561298628
0.5703610956833797	0.29664752516264126	-0.35400403181163687	1.0086596208879535
-0.2844199025117732	-0.17119910137969557	0.24759443688478291	0.43702014065065076
0.03706424207598652	0.537557821160063	2.118535560399154	2.33687114092593
0.2332177420310132	-0.2491893576803995	1.334786336898388	1.4648399668393233
0.1436458212488983	0.18108605588595414	2.9382945282798136	3.016929110204984
0.3147232644424525	0.42885963835352475	1.5130307486491557	1.6098798569607158
-0.09022190078366829	0.0015293490649912894	0.44420864867565546	0.47295164049597355
0.3227749082790757	0.7704106154850098	6.221520463730268	6.278894235721848
0.15617406457387342	-0.5621928049417586	5.296374867657837	5.3302455489434415
0.6853242904492816	0.4799279339586914	7.497602830568725	7.5605333225855045
-0.7587484732554094	0.4168161931809808	42.25514188318039	42.266938217291894
0.8663514676935197	0.0034343212153804953	138.54893943534492	138.55171841267034
-0.10506877639298683	-0.4561844090711722	230.27173089589576	230.27381645820998
-0.4280434752529595	-0.008983811850661522	545.83132015372	545.8317630023931
0.46640691862220285	-0.04704668863505551	1248.2064539518246	1248.2071345585844
5.551115123125783e-17	2.220446049250313e-16	-18.503776688926763	18.503776688926763
-1.0820401309941988e-18	0.0	-0.00721605350438459	0.007216053504486879
6.938893903907228e-17	1.6653345369377348e-16	-2135.924666876325	2135.9246668763244
1.7053025658242404e-13	2.4868995751603507e-14	-2135.9246668763935	2135.9246668763917
0.0	0.0	-20.459156921853953	20.459156921853953
-1.6058095188342207	-0.5636631925553601	-2115.1797608960483	2115.1804712942726
-1.7197354651443675e-13	-5.995204332975845e-14	2.562961757444185	2.5629617574440804
0.0	0.0	2.5629617574440235	2.5629617574440235
0.5471353703752132	1.9591119513746764	2.0994900317130805	2.9232405212019974
-0.5471353703752132	-1.9591119513746764	-19.99568519612301	20.098878158095978
0.5794628602666927	1.9704593845202718	2.107689756969362	2.9429311076044193
0.36759381081950593	1.4815949830964936	2.322297918955521	2.7790855560907204
-0.6698213888584276	2.5726451269441637	1.8583818758653905	3.243570076120354
-0.6544436272108797	2.513582331661788	1.8157171386492337	3.1691041836493454
-1.6021106382819799	2.3620871575441513	0.9846722752773847	3.0192372756759696
1.0041652661193257	0.19795454130084023	-0.04030781163371122	1.0242844340225135
0.9150059075804966	0.18037825130383722	-0.03672890012320629	0.9333387040913381
1.147278316958827	0.5528957265708464	-0.7691528390609159	1.4877961254350849
-0.20038881623889565	-0.35250983181346934	-0.37262098107766706	0.5506952467000867
0.7086605015170785	0.5314216510440164	-1.033250460968484	1.360961128284115
0.18378564773407566	0.3971883216521254	0.4207198703308494	0.6070757254750618
0.7130039187327769	0.5317318543196199	-1.0483976200584892	1.3748639651873888
2.3314683517128287e-15	-2.886579864025407e-15	-18.50377668892675	18.50377668892675
-2.220446049250313e-16	1.1102230246251565e-16	-11.357189570419202	11.357189570419223
1.204050572581806	-1.3488800343654064	-7.012962597752704	7.24229656434494
-2.220446049250313e-16	1.1102230246251565e-16	-11.357189570419205	11.357189570419205
-1.5487611193520934e-14	2.733924198139448e-15	-11.357189570419209	11.357189570419205
-1.0287610502540499e-15	-8.881784197001256e-16	-10.83801003204838	10.838010032048402
-0.619118969964499	0.10976120950477351	3.1228415609027893	3.185513339570818
-0.7045765653000494	0.14750718209497143	3.146651967886075	3.227941311755981
-0.665611819456636	0.0840195678698849	3.1664389454383257	3.2367319903220273
-0.6693379341092074	0.08819387896201172	3.20147268664236	3.271883065398427
-0.6924246750342766	0.1348419978688194	3.2056619962202317	3.282362431084701
-1.344158149827502	-0.379788432359424	2.8093422732476805	3.137420021826558
0.6517334747932255	0.5146304302282435	-0.36639946014826263	0.9076615923789535
0.4387388869035248	0.34644281881739664	-0.2466555693775021	0.6110265194706586
0.41037320996912025	0.4212493804194612	-0.22140873008479195	0.628394014708845
1.1233771287018972	0.9529812347390811	-1.2698063501432812	2.003257979896234
1.1233771287018972	0.9529812347390811	-1.2698063501432812	2.003257979896234
0.20209749835233168	0.4005402149285466	0.41567918687435895	0.611608575001857
0.20209749835233168	0.4005402149285466	0.41567918687435895	0.611608575001857
1.046717928740757	-1.1008338291892366	47.42876493070747	47.453084161033644
1.59903189859293	-0.18855485044563933	41.230434341612074	41.261860984961984
-0.600209853542313	-0.9379974862719828	6.158655990608679	6.258524967051104
-1.083969843733482	-0.10536533995552508	3.948470677194919	4.095914203893392
0.4347187910774001	-1.035085673649616	2.1128054057154406	2.392557096817307
0.1885733552242344	-0.44900193511508996	0.9164977738924645	1.037849130455609
0.25980767912102487	-0.4508250544347678	1.936123514267912	2.0048235638922174
-0.47086489354242206	0.2785284243977722	1.4443044256317208	1.5444439468843139
-0.4173083662898822	0.28843001668002066	1.4515081407182393	1.5376000876914826
-0.30490989221452663	0.7600911525226799	1.3885705898905563	1.6120908428567349
-0.3229956675729664	0.7589253504001046	1.470575572931564	1.6860861201177793
-0.7403040338628486	1.0473553670801252	2.922083713649803	3.223686207809262
-0.7403040338628486	1.0473553670801252	2.922083713649803	3.223686207809262
-0.8262536697232752	-0.971691973471257	1.301027792586365	1.8219642518781192
-0.7381688705204796	-0.8681023671475043	1.1623285334283229	1.6277292836569037
-1.1239683184410985	-0.8446488774702973	0.8552295634214901	1.6784082081607132
-0.40973901887913733	0.1490361793802059	0.6066415035477848	0.8167078793442635
-1.158915577844159	-0.786473350490734	0.806947149124166	1.6497543299175188
-1.158915577844159	-0.786473350490734	0.806947149124166	1.6497543299175188
-1.2391654603338247	-0.3849690078458198	1.3445984995792353	2.017399260262562
0.1270345666473896	0.46519831577088583	1.360344442025244	2.024745889729143
-0.35633344355292196	0.43840167097847416	0.2700874513797819	1.2198009926462094
0.08953408553504466	0.4007395041673426	-0.20943287898397026	1.2755671798742703
-0.1933090258152594	0.31132158795648557	0.0048071445335936824	0.6591299126332828
0.7044491728102549	0.4693088686244965	-3.2265683771055977	3.416225410642731
0.03589319788405115	-0.6825688301086266	-6.073641181380689	6.226336375766768
0.19809664022100512	0.3261725356097871	-20.36907463854517	20.384200446074498
-0.11100417001838495	0.2454862697923565	-43.20604499322752	43.217071395272946
0.26739795135778266	0.2057574567574837	-35.092161250144294	35.107324170554925
-0.42506085077194944	0.31517104059227674	-79.31278560029824	79.3223972850856
0.8632180841981347	-0.5046678226764846	-372.9836090948165	372.9852813505904
0.1922020732198897	-0.12172070330472683	-448.2054777529177	448.2055572224341
0.16203788262738186	-0.5704392491589686	-834.1139393473114	834.1145219015893
0.35508725717457734	0.7727286906426106	-1474.2100685871521	1474.210612453634
0.45928958126037234	-0.7442606796426561	-810.2419694682828	810.2424534906237
0.0	0.0	-0.006994525887182412	0.00699452588711987
1.5826924940486828	2.244987562326972	304.5100258684147	304.52241418172883
-1.5826924940486828	-2.244987562326972	2356.6879631236225	2356.689563862083
0.21502792859704128	0.49615316572792256	-21.22237793981411	21.229265893908043
0.4536962857673643	0.5533505011608213	466.0990631785244	466.0997292874381
-0.23306010212399997	-0.6181336976333114	627.6332482229918	627.6335959024727
-1.0528805535153725	1.7134156692033211	25.826150915983302	25.904332105858042
0.889957497342543	-0.9647839540702821	12.41962368042056	12.488790365298428
-0.6285838118566249	0.8977012236961772	-0.4243554805255498	1.1751862275426346
-2.7755575615628914e-17	-4.440892098500626e-16	-10.684735064830164	10.684735064830175
0.0	0.0	-10.684735064830166	10.684735064830166
20.21290360860145	-8.412684903591686	43.31011754814799	48.55255937241753
-20.21290360860145	8.412684903591686	6.797709207888186	22.924737513278977
-0.6052304967205479	-2.1380662745412193	7.653368798998448	8.18470452377935
0.06914761256140872	-0.2633449700539704	0.6255255929316846	0.6822127476001933
-0.2145082256177296	-0.6951859015496895	4.104547533695137	4.170861716460276
0.40978640385500903	-0.7321846412144717	2.7970653411134876	2.9233223168978646
0.24028382069171011	-0.9394299755520985	4.342549933097419	4.477233590845626
0.015448933824437988	0.06651803170667678	1.0621791832290823	1.0734839171052557
0.25153441947753064	-0.13050477008089023	7.951659326450733	7.972252054170557
-0.7253571053927999	0.15037355901915744	35.02321000194538	35.03132132482105
-0.20824359299475287	-0.21288454963625375	4.698649085872294	4.710011471118276
0.037557892831306866	0.23373090920886136	8.59691640118021	8.601234326683285
-0.007811960537347609	-0.004054595839442163	2.762009617469858	2.7653199080523856
-0.008807028218966631	-0.07248498670313977	3.80342463054815	3.806519428257754
0.013943297285320752	0.009292952199964493	0.15770622534920414	0.15859390913169225
0.012706041030086167	-0.09168890915299639	9.420905394301867	9.421360132588413
0.8325705160062664	-0.2541949757422798	17.018524440019988	17.048037381982514
-0.11754496592401042	-0.11960537117690528	8.085382666888341	8.08824793971147
0.2723152913620612	0.05109077842377219	4.154244712330209	4.1658126218509945
0.32553384545600017	-0.47550495206401877	2.5082867107440228	2.5771688085319218
-0.13364891562723596	-0.06935430618945168	0.9150128115179442	0.9377634470255968
0.6768999123557966	0.48278642792028037	0.16608459974393008	0.8585335875802476
-0.018472087855986155	-0.03257411028420666	0.01890772637271626	0.14573804481724192
0.3816673333549798	-0.5738199446348323	-0.5945424229797038	0.9208147261168234
-0.00017869987300499213	-0.23476864220597204	-0.39809066635954093	0.4814687179240866
-0.09693147932781723	0.29152398103454874	-3.7138515464495416	3.7596131402537365
0.008521138475766285	-0.46624764684909026	-3.569374996933285	3.6339390554638813
-0.022392912482482194	-0.005544689012027258	-3.6621797459852306	3.6959042723141673
-0.4723976715156479	-1.4011986063325546	-98.22636724284702	98.23875688613528
-0.30797380137142083	-0.2660399613930393	-12.340689911578302	12.348187413625515
0.15602566312089047	-0.04141871471985267	-1.3290693140489989	1.3456241523650028
-0.2486169133187148	0.40794223938138585	0.595515637093452	0.9113077561298628
0.020461335600278435	-0.16250349143089526	-0.09172161834004838	0.23392026665660196
0.5498997600831013	0.4591510165935365	-0.26228241347158854	0.7747393542313517
0.12059878843463227	0.45785144591612503	1.0569507369390516	1.2605286933328377
-0.08353454635864574	0.07970637524393803	1.0615848234601022	1.0763424475930923
0.2332177420310132	-0.2491893576803995	1.334786336898388	1.4648399668393233
0.20243120654030078	0.29821628244683746	2.6106930625027704	2.639149369777669
-0.058785385291402495	-0.11713022656088336	0.32760146577704236	0.3777797404273144
-0.08385518015645317	0.03381424965042974	0.13844961892389474	0.1653583735365841
0.0009398174030326202	-0.00648270105624889	0.049424330576200756	0.049859144032376936
-0.00730653803024774	-0.025802199529189565	0.2563346991755599	0.2577341229270124
0.6853242904492816	0.4799279339586914	7.497602830568725	7.5605333225855045
-0.7587484732554094	0.4168161931809808	42.25514188318039	42.266938217291894
-0.10413408498049959	-0.509493593467469	222.4894383513323	222.4900898586398
-0.0009346914124872584	0.05330918439629684	7.782292544563496	7.783726599570248
-0.2779399939247228	0.07109863234750982	313.11677906889173	313.11693959243604
-0.12428782095884072	-0.08282846758364304	94.757552948537	94.75776679730622
-0.025815660369395962	0.0027460233854716934	137.95698813629124	137.95705661265086
0.16577231237997117	-0.12645596378238785	947.0689205722297	947.069408299102
0.3006346062422317	0.07940927514733233	301.1375333795951	301.1377262594825
-1.605839319407366	-0.5637319540823285	-2094.2528325684593	2094.25355010679
1.0263466585675234	-1.4067961919649492	-20.289633979870384	20.36422623195859
-1.5790821330981586	2.3281348604603034	0.9705187392769545	2.975839198419175
-0.19777288315542435	-0.35221226782171006	-0.36764357664310415	0.5461953811253408
1.2032326700788631	-1.3472274142171021	-6.982612674932404	7.212466314104342
1.375834961730345	-0.16223588514727905	35.4753855157206	35.50242554831076
-0.8265935855082313	0.5723356710585706	5.096379068717765	5.194603419707223
-0.03417932136266402	-0.7040199763124572	4.607140434368786	4.660746220837559
0.33045136356501764	-0.43775605273906776	1.9322480585393031	2.0085843335843565
-0.42158356784420675	0.15812826884173445	0.6328408969157878	0.8438749047651042
-0.9423969031341374	-0.18472628120689327	1.311833230982901	1.631754250129712
-0.2967685571996874	-0.2002427266389265	0.032765268596334274	0.38564501013285
0.16251611840700203	0.27123914379910524	0.4605851231479786	1.093120580007617
-0.03548155175961243	0.1939591719717806	0.8997593188772653	0.9316253097215259
-0.08772157686571726	-0.11309428047875494	0.2859418243923296	0.5914928827649825
-0.2686118666872046	0.551495951457229	-0.015854373012547787	0.6283081098812269
-0.010949899740265903	0.14887997248588103	-0.10828265007423668	0.956222187422368
0.10048398527531056	0.2518595316814615	-0.10115022890973357	0.31934499245190223
-0.0873401553344067	0.16122642037746618	-0.0661427585899212	0.23974342697028067
-0.14869008467016426	0.0915092910808405	0.12598201370149328	0.2565812625848229
0.0427212141893115	0.058585876498178924	-0.0550321105779784	0.16280522307817932
0.25464866209647935	0.2883126168215191	-2.4901505365645225	2.523549006018817
0.4498005107137756	0.1809962518029774	-0.7364178405410757	0.8926764046239142
0.320779313700825	0.2165660733152549	-1.5704550084417053	1.6234558665541843
-0.28488611581677387	-0.8991349034238816	-4.503186172938985	4.602880509212584
0.2220521907090178	0.38015504647734294	-19.241343767158103	19.24688584643278
-0.023955550488012612	-0.053982510867555775	-1.127730871387074	1.1373145996417175
-0.014739840223836176	0.4634806130531414	-9.86126448296015	9.873147853109321
0.28213779158161884	-0.25772315629565773	-25.23089676718414	25.234176317445606
-0.40167326892329736	0.31696071003723947	-74.43460633490099	74.44229454767802
-0.02338758184865204	-0.001789669444962741	-4.878179265397246	4.880102737407588
0.8632180841981347	-0.5046678226764846	-372.9836090948165	372.9852813505904
0.014160423461470159	-0.17612181792546217	-351.68176694980144	351.6818390308656
-0.14802279232716556	-0.16485732883191648	-277.7686870165346	277.768810443794
0.29590025149307725	-0.22946010240158993	-204.6634853809754	204.6638724269297
1.123053251960124	1.7123464325985958	184.73337830246237	184.74472776767584
0.45963924210437923	0.5326411297508167	238.23200252834874	238.2330413764496
-0.5102273363192283	-1.8686413863394309	1637.482192705394	1637.4833384128924
-1.072465157723195	-0.3763461759786623	719.2055488812905	719.2064469674872
0.21362719714709488	0.4976263157747214	-21.28269144457854	21.289580166238007
0.4536962857673643	0.5533505011608213	466.0990631785244	466.0997292874381
-0.3355848212231649	-2.031840150259086	1513.5566600719467	1513.558061055839
-0.5686449233471649	-2.6499738478923973	2141.1899082949385	2141.191656958312
-1.2373734664960059	2.08619445899078	25.867115989225415	25.980588715738403
1.0422103517722532	-1.2128587272395173	12.458936397289895	12.561143453575282
-0.6239943536832897	0.8902233422496558	-0.40642828586702884	1.160625048871334
20.471791493577292	-5.5684354903236635	45.7333637060357	50.43701296305067
-20.1291396510738	9.332950396406254	7.647663064305391	23.46855292810683
-0.5615341015590563	-1.0430672261867608	2.870296653734732	3.1447620542895587
-0.32583152645026864	-0.020460651232865917	0.5020375992380817	0.6149035353830081
0.28213513128877715	-1.074538397121592	4.281034546025634	4.425038934106783
0.03893300141526658	-0.016105694039112287	0.17809015273203663	0.1830062143201777
0.37085340243974246	-0.7160789471753594	2.618975188381451	2.7403161025776868
0.24028382069171011	-0.9394299755520985	4.342549933097419	4.477233590845626
0.11824082998600645	-0.27053455346623934	3.7705029003920654	3.784452610452392
0.1332935894915242	0.14002978338534913	4.181156426058669	4.187799443718165
-0.017632382826009815	-0.05524655985059691	0.3921581012831377	0.3964228294402889
-0.19061121016874302	-0.15763798978565685	4.306490984589155	4.3135886416779865
-0.015540882702584486	-0.012829937647884565	0.5673068483174647	0.5676646778540303
0.05309877553389135	0.24656084685674592	8.029609552862745	8.033569648829253
-0.07043843600968608	0.009599776042421087	1.4050569709768297	1.4068542286456476
0.06262647547233847	-0.013654371881863251	1.3569526464930282	1.358465679406738
-0.06010602778065876	-0.022428659231125567	2.704002454127271	2.704763400236106
0.051298999561692135	-0.0500563274720142	1.0994221764208787	1.101756028021648
0.8325705160062664	-0.2541949757422798	17.018524440019988	17.048037381982514
-0.05350860732278552	0.014352791305677674	3.557924313205818	3.5583556022658804
-0.06403635860122492	-0.13395816248258297	4.5274583536825235	4.52989233744559
0.005760475933982205	0.005136707317570384	0.11427586316605468	0.1145362027806023
0.31977336952201796	-0.48064165938158915	2.394010847577968	2.462632605751319
0.5409510115771058	0.38178240479375886	0.18668439212906893	0.6879221349840399
0.1359489007786908	0.1010040231265215	-0.020599792385138843	0.17061145259620766
-0.022941036548282296	-0.23086078218848835	-0.29225984238767544	0.3731471658515701
0.022762336675277304	-0.003907860017483722	-0.1058308239718655	0.1083215520725165
0.11804114815768779	0.01842630994609351	-0.7491979297463303	0.7713952063584539
-0.21497262748550502	0.27309767108845523	-2.9646536167032114	2.9882179338952826
-0.09878934044763739	-0.36530884171156675	-1.4557892343709082	1.5106329678081838
0.10731047892340367	-0.10093880513752349	-2.1135857625623764	2.1233060876556973
-0.07282719088879974	-0.4475363597036636	-42.51201909200714	42.51465135071165
-0.3995704806268482	-0.9536622466288911	-55.714348150839896	55.724105535423625
0.06698625624153556	-0.06568741802882368	-0.35483336588653175	0.3670268559096394
0.08903940687935492	0.024268703308971004	-0.9742359481624673	0.9785972964553635
0.0007096469120043553	0.05203240728468672	0.3823838716524371	0.40883358559013566
-0.2493265602307192	0.3559098320966992	0.21313176544101503	0.5024741705397273
0.14587914273990815	0.059621123109141305	-0.02766715169361752	0.16000273088345565
0.4040206173431931	0.39952989348439527	-0.23461526177797104	0.614736623347896
0.12059878843463227	0.45785144591612503	1.0569507369390516	1.2605286933328377
-0.013153763679844256	0.0993312864734244	0.49275012131989837	0.5028343743542055
-0.07038078267880149	-0.019624911229486362	0.5688347021402039	0.5735080732388868
-0.01752422942156662	-0.11221763923061734	0.31423378428262055	0.33412986750048124
-0.04126115586983587	-0.004912587330266022	0.013367681494421774	0.043649872926833165
0.3900501047654867	0.17036305660931136	5.2014203098016	5.2206719566930655
0.29527418568379493	0.30956487734938004	2.296182520767125	2.339861365892439
-0.1822749392760169	-0.019524934606850543	164.67900458949998	164.6791066224404
-0.09566505464870588	0.09062356695436036	148.43777447939175	148.4378329699956
-0.054891083453897656	-0.05433745833981749	78.76826930790867	78.76830717587909
-0.06939673750494307	-0.028491009243825548	15.989283640628331	15.989459621427134
-0.042084614785552366	0.008650219610395792	135.52831045428644	135.52831726445413
0.016268954416156407	-0.005904196224924099	2.428677682004818	2.42873934819674
-1.5561932380491799	-0.5463418461114464	-2029.5361649456947	2029.536861934093
1.0232175799908863	-1.4140161947419796	-20.17958882267908	20.254930784068673
-1.3242499653904864	1.9524206143350074	0.8138964908536738	2.495598470095082
-1.0786113624186626	-0.5791786748111564	-0.8934686956416618	1.5156307989039628
-1.0307154787285226	-0.5534601672827728	-0.8537940971548821	1.4483290079245705
-0.20194575598222164	-0.8336792608540278	-0.40099874050786877	0.9468913286255445
-0.5674674777171675	0.49509187038963465	-4.4827677867113565	4.545584926934006
-0.1529045568684528	-0.63122573352087	-0.30361883280954594	0.7169449949659521
0.47652409923219863	-0.6329965192068427	1.0881358723837304	1.3460310127353454
-0.38328322024748585	-0.5843129528485536	-0.19544707337029998	0.7256219485923056
-0.37434470210306925	-0.5828424674880999	-0.18629047485595532	0.7173168330119628
-0.21013280119330532	-0.8515144986839629	-0.13340139159646214	0.887146361592166
-0.1847002061414087	-0.7484547988043342	-0.11725568015795407	0.7797740996796572
-0.12632919615559518	-0.5119198027280991	-0.08019923815185681	0.5333412303831695
-0.2566450392457129	-0.15305764443100434	-0.09713789305058129	0.3142118536187126
1.0366333330233657	-0.9008647487991207	1.7804817924615581	2.24861765892985
-0.2703930905650001	-0.1171371599272794	-0.10307306971801644	0.31218199077175546
-0.6447377926680693	-0.6999796274153792	-0.28936354457397173	1.0294988237837184
-0.8425106758234937	-1.0521918952370892	-0.6570071212170758	1.5756942049090592
1.5314029741813744	-0.5780365938664287	-6.500046374177973	6.702978758704558
2.648952148060247	0.0735484033937514	35.437934557389006	35.53687609433505
-0.4269630158626001	0.29563036598047593	2.6324489027106037	2.6831850393863075
0.13203390809526053	-0.6732449647221803	4.608709610703405	4.659495252835899
5.887653087560723	-4.001974401910468	17.016077292313955	18.445247203846648
5.928473598010333	-4.0092113124509545	16.401080662683736	17.894580784529392
5.463879451999153	-3.804003597068292	16.688389150924245	17.967380289991436
5.675713084206828	-4.149156930688023	16.695603746912713	18.115529435366728
5.6004452405380185	-4.064835479524313	16.123561468864562	17.54585731185907
5.48036576734621	-3.822207836155394	16.211385094954018	17.534328854665784
5.362328264437003	-3.7398841578221034	15.862220185796044	17.156670048473398
3.4431298369036902	-2.6154023198543417	12.134334032189079	12.89137443305476
1.89376583248141	-1.2275415378473857	3.7117404421684403	4.372667877331127
3.331696245092391	-2.7135157583325213	11.774547454794181	12.544055779750096
3.6621476086574085	-3.151271811071589	13.706795513333484	14.552640113334451
-0.42158356784420675	0.15812826884173445	0.6328408969157878	0.8438749047651042
-0.08772157686571726	-0.11309428047875494	0.2859418243923296	0.5914928827649825
-0.24532132425236194	0.5114712636636365	0.023192377251240116	0.5677352305865593
-0.023290542434842656	0.04002468779359237	-0.0390467502637879	0.0605728792946676
0.09851106380222294	0.2640807515077763	-0.11159853028496344	0.30314568275026027
0.001972921473087634	-0.012221219826314786	0.010448301375229847	0.016199309701641927
0.06579669422632892	0.08387609513680903	-0.06771919328901148	0.1262944711625436
-0.023075480037017426	-0.025290218638630114	0.012687082711033078	0.036510751915635714
-0.18741929026983273	-0.6705707524252621	-3.5643566714069945	3.6317254308905254
-0.09746682554694108	-0.22856415099861943	-0.9388295015319906	0.9711550783220583
-0.05653885481782843	-0.08438503217440577	-0.846944615355508	0.8530138669675172
0.03258330432981582	0.03040252130684999	-0.28078625603156604	0.28430073267420036
-0.07745553234635755	-0.0025783625861350496	-3.509768496503543	3.5106240052864406
0.054067950497705505	0.0007886931411723086	-1.3684107688937028	1.369478732121148
0.6397888722803707	-0.4872300122692449	-234.4728753823644	234.474296017164
0.22342921191776396	-0.017437810407239684	-138.51073371245204	138.5109853334264
0.2679597880624557	-0.15581555492505547	-178.28098617389497	178.28125563858836
0.027940463430621558	-0.07364454747653446	-26.382499207080414	26.38261678834131
1.2906709089224933	2.3268865482205	315.821386183321	315.83259521762375
0.5011286694398223	0.5515449969861947	274.6275956661557	274.6286067251931
-0.90936422362817	-0.791709296899291	533.3409666551481	533.3423295216214
-0.1631009340947132	0.4153631209207382	185.86408199470947	185.86461767688064
1.2998039898407718	1.0688484233480553	-20.046418824155335	20.116929065778123
1.2433057347925465	1.0223890561648519	-19.175066149149778	19.242511539728987
0.9820034897634133	0.8075162793464721	-15.145093719085429	15.198364292094002
0.7375112211772649	0.6203820674143197	-3.9598102409718434	4.0887398860085415
0.3336516271249792	0.20471050192915638	-11.188862389624102	11.20057013601665
0.30176803398554464	0.18470285847561668	-10.083817469608729	10.095417467972819
0.2891905835096291	0.17824867345773573	-10.090034448448908	10.101143447851134
0.2891905835096291	0.17824867345773573	-10.090034448448908	10.101143447851134
-0.16387278176737724	-0.13599956728331475	32.874587257586384	32.879841501291736
0.38113776565070495	0.16471045690890807	152.4419308810278	152.44256021876558
-0.046595760846797396	0.6983281431969501	118.43037205603326	118.43251698030983
0.05816088449559916	-0.31550098637286556	84.94215486436443	84.9491263384202
0.33901079760051706	-0.17168029653039643	54.75342130871928	54.7611747868952
-0.286873418223007	0.6208419405780559	6.686212218424428	6.739494833826329
0.3440726269479804	-0.3092243524959191	8.647457435692477	8.677134630591166
-0.13287618906460294	-0.043606100070385394	2.570031004794389	2.577614541409971
-0.32687731341302884	-0.24442583651214286	2.368391959337746	2.7303529891487774
0.3070652636969705	0.6211357104672829	1.791657096628884	2.2333369542864037
-0.12991616009325205	-0.033458575538932084	-4.689029998815474	4.763422704016052
0.33065644931601523	-0.460301257959734	-3.5598059239838764	3.6073409787382174
0.06979470497727135	0.3407798962310512	-1.2483514297342924	1.4069552775897756
-0.5686449233471649	-2.6499738478923973	2141.1899082949385	2141.191656958312
-1.1133006450982148	1.8770094073309682	23.273391338496616	23.37548602781115
1.0367925297010756	-1.2067892213666158	12.311268667326694	12.413646328680008
-0.7070611834328042	0.9832818820806627	-0.31760905763314007	1.2520600186237485
14.58413840601656	-1.5664610884131926	28.564011446503507	32.14504072642222
-19.677257201831083	9.252837903349056	6.032428251975222	22.565452596123446
-0.5337754862516307	-0.9492479549668235	2.283987020166946	2.5341792444345663
-0.027758615307425433	-0.09381927121993719	0.5863096335677856	0.610582809854992
0.261422851881603	-0.3558990787500338	1.418568992889662	1.4922546144103639
-0.021139031189892882	-0.5835308968020648	2.9239809402077563	2.9849789764352623
0.08479909167595522	-0.14370708306270044	1.3297824387539947	1.3402104111257969
0.03344173831005124	-0.12682747040353892	2.4407204616380707	2.4442421993265953
0.1562830119098136	0.14264679810895783	3.8728580616826185	3.8786340449651058
-0.02298942241828939	-0.002617014723608674	0.30829836437605124	0.30916539875305993
0.02198304228194141	-0.24632369613021102	-19.84220065352796	19.843741718544127
-0.09481023317074116	-0.2012126635734526	-22.669818438479176	22.670909632167522
-0.35443038984896935	-0.7860682382366011	-43.728796686646014	43.73729739979868
-0.04514009077787884	-0.16759400839229005	-11.98555146419388	11.98680813562495
-0.00623761515461871	0.00411830559349408	-0.010549321368645698	0.012928900383153238
0.006947262066623066	0.047914101691192645	0.3929331930210828	0.3959046852069824
-0.23937706714962817	0.3512900821466537	0.22925422242039079	0.48297370589850797
-0.009949493081091016	0.004619749950045417	-0.01612245697937578	0.019500464641219368
0.07675437878170137	0.5065619181579615	0.8543476719890573	1.0059254152884096
0.043844409652930905	-0.04871047224183639	0.20260306494999425	0.25460327804442795
-1.5563349773169648	-0.5461927788444996	-2029.5096539366882	2029.5103510028134
-0.9962261805050073	-1.2514672447943382	-38.56567533688576	38.59883354529762
1.9697976791379679	-0.17993905791764114	-46.330581107614876	46.37278541052467
-1.265930797904735	1.9628846566228917	0.8307971764922802	2.479056455338768
-0.572047222220293	0.4924022063119774	-4.474016754341304	4.53723747178364
0.5200161296981649	-0.6249961820094239	1.0811654020569204	1.3527585258565176
1.0080524034764895	-0.8846542103682132	1.6639990428441767	2.1372120939820816
-0.8425106758234937	-1.0521918952370892	-0.6570071212170758	1.5756942049090592
1.6124156540482386	-0.9610727035564717	-4.162031426611187	4.565747537812435
-0.1393836898526784	0.14650111361380824	-2.3750713895728794	2.3836640901886073
0.9486129627543326	-1.028617216169648	12.35096637397816	12.429975474700075
0.7801504189823167	-0.845946854697366	10.157579507998957	10.22255751847506
-0.014983391202007312	-0.6325862184716686	3.9045155998443857	3.955455965529177
0.6710609887865275	-0.00417558456586975	8.846788558883828	8.872204240873595
0.6072146426137366	-0.12238889906427586	8.818826465206486	8.840553652811852
3.2561667906739835	-0.04884049567052445	44.25676102259549	44.377429747146905
-0.331637774154873	0.3132778777573126	2.638365330502192	2.6775171818560493
-0.04440418162314312	-0.6806972443631842	3.8396451013578887	3.899768579571214
0.0876297264721174	-1.3539422090853646	8.448354712061294	8.559263832407112
0.987448342548161	-0.6855389473453581	1.9481973046056043	2.3431795951657297
3.6621476086574085	-3.151271811071589	13.706795513333484	14.552640113334451
-20.06466503914024	9.423953010799499	5.946780856053749	22.951380699918264
-18.336552723579906	8.612294843197096	5.43460159887512	20.974643806016847
-18.175126027008652	8.349272574843752	5.723654750115775	20.803984770356088
-18.974508650808716	9.244809095997045	7.193480607452308	22.298982869423376
-19.079691324156776	9.457336878467562	7.109033175824154	22.45026045623736
-13.200542012168128	6.543186190301489	4.918480572300945	15.532515767771484
-9.973914657862942	5.720896450369876	3.80909778658323	12.112673352565121
-3.314712153507992	0.7187001336078629	1.2480820448757617	3.61407738342759
-2.5191736867082337	0.54621046455045	0.9485395113348081	2.7466905795795142
-2.589807814173361	0.6828505921422863	1.0784954138667768	2.887307015762984
-2.589807814173361	0.6828505921422863	1.0784954138667768	2.887307015762984
-0.7103938331542058	0.9900156969999383	-0.3243916964516321	1.2609601307006384
-0.8311739091663082	-0.23849728689320315	0.11751155416332981	0.8726625857088752
-5.758369235976546	4.1426636720592125	1.748649352908247	7.306042233457638
-2.0668395154398898	1.69234585339264	1.376550325731395	3.0051207745031263
-4.12283764174856	2.3265581964140356	0.43307743805527205	4.75375844241929
-0.3875748147675018	0.3173495695971357	0.25813142894161245	0.5635218016838295
-0.4003331205527614	0.3389633739973568	0.3008359590344411	0.6047024479620995
-10.296769718145981	6.355931971804742	4.674732781880578	12.972064771682525
-10.697102838698743	6.694895345802099	4.975568740915019	13.576767219644625
-10.697102838698743	6.694895345802099	4.975568740915019	13.576767219644625
-3.9451336668049697	1.8600475250619026	0.5554524423260453	4.396860682365647
-4.085458328436838	2.1713162113823117	0.8619032102271887	4.706215144572707
-4.085458328436838	2.1713162113823117	0.8619032102271887	4.706215144572707
-1.8569686756159232	1.8415069551476013	0.9960438925189944	2.7984967328728714
-1.7144796104392763	0.8105642815894228	1.194629831851902	2.2413378202205694
-0.2775807608197672	0.8712866502776829	0.09744194914867252	0.919612113438747
-1.7604079187459707	0.8807153462731053	1.3244961676428346	2.372548347167036
-1.7604079187459707	0.8807153462731053	1.3244961676428346	2.372548347167036
-1.5734310375867384	2.900576182439437	1.0240714694755662	3.4846293006964975
-1.5734310375867384	2.900576182439437	1.0240714694755662	3.4846293006964975
-0.3998659879544071	-0.11473766464066515	0.05653314328491027	0.41982560224409826
-0.5529040474135675	-0.653441064941115	1.211584597480723	1.4834504871583047
0.32150060323117624	0.35603303882816756	1.0383354117833914	1.1437930713108098
-0.41781235177044695	-0.49378504166061965	0.9155567089991431	1.1209972863718598
-0.4314738928336019	-0.4884940051210654	0.8790936009753991	1.0943498857824663
-0.4314738928336019	-0.4884940051210654	0.8790936009753991	1.0943498857824663
0.31033970655587384	0.35033203885425873	1.0633932776567263	1.1618298213931695
0.31033970655587384	0.35033203885425873	1.0633932776567263	1.1618298213931695
-1.2838099779415106	1.566257932382359	23.464094732624474	23.551328488893965
-1.2838099779415106	1.566257932382359	23.464094732624474	23.551328488893965
0.3664479856734033	0.9666127022974251	482.2743215399096	482.275791115826
0.3664479856734033	0.9666127022974251	482.2743215399096	482.275791115826
-0.8426631375905345	-0.7844271695321368	475.39466917840764	475.3960631778464
-0.8426631375905345	-0.7844271695321368	475.39466917840764	475.3960631778464
-1.3395451697578091	-1.6025627748224263	-1437.102699979328	1437.1042557088836
-1.0846547416945207	-0.1492917374105992	-827.6155810362241	827.6163710547648
-0.28776279602423405	-1.194330162545012	-756.1912651053808	756.1922630215417
-2.1327261886292312	-0.6815588987861227	-827.5897935120008	827.5928880003535
-2.1327261886292312	-0.6815588987861227	-827.5897935120008	827.5928880003535
1.2906709089224933	2.3268865482205	315.821386183321	315.83259521762375
-0.331637774154873	0.3132778777573126	2.638365330502192	2.6775171818560493
3.2561667906739835	-0.04884049567052445	44.25676102259549	44.377429747146905
0.0876297264721174	-1.3539422090853646	8.448354712061294	8.559263832407112
-0.13342510581521208	-0.4202805279225545	-127.24146098081991	127.24229662386219
-1.0820089399219075	0.5321149638807252	-207.37144249606249	207.3749949544629
-0.6050267791269296	-0.6625004208923383	-257.7359188289657	257.73751577607544
0.15590582227305988	-0.3021995671515845	-25.72202781162542	25.724654044918402
-0.021457522294285103	0.5173050284397825	-45.48672766823544	45.48988831231428
-0.384179859501791	-0.4972114964378115	-50.67266215297078	50.676737490747705
0.003914004861877499	0.26433178655539613	-29.363243024883026	29.364764724684235
-0.05034560579752678	0.22248181447791598	-75.61060959372256	75.6154893669623
0.03927029370272305	-0.570063742786699	-5.178685388361802	5.233823926207252
-0.14219865311617705	0.28568305107816966	-1.9778419002969108	2.063350136935436
0.12833192387861633	-0.4001142178910682	-0.422574915290219	0.9825869175461028
0.19620324216118837	0.35907640132412477	0.7286992188165579	1.1455347274713656
0.10720399635730823	-0.3902006116715499	2.4641134503029427	2.620356026377676
-0.4289937157179155	0.37731641186591347	3.4061154389193775	3.540422372311666
0.17975661845596927	-0.16073077884689047	0.23656440307656443	0.3654987371393014
-0.18396372725335755	0.026650851282222235	1.3223465875266307	1.3426217647805136
-0.1956650079441422	0.3294446836334315	13.605476165227943	13.639427515234097
0.35840517163476826	-0.27522438208295913	99.13691175823834	99.13803354560089
-0.4977297280384214	-0.049073152459990665	149.25207240290993	149.25372685317558
-0.08560482144624071	-0.7004874675558788	698.3630363061014	698.363567355498
-1.105173734928466	-1.971606762251586	1104.4446480540685	1104.4473427447265
0.1921269998287429	0.21592199833358627	575.0358807614041	575.0361687005864
0.24715380265250878	-0.20859443113993814	159.63622372786838	159.63749140585816
0.3588014089224683	1.154932559257205	246.94209435251895	246.94626846650507
-0.13584226929399745	0.3373627770883577	162.21918321656037	162.2239212397333
0.53247547441615	0.9029304946607577	126.42272182674623	126.42948329854505
0.11793805122876952	0.26959615724766905	6.056517305067508	6.0837252798686245
-0.37510163419241965	0.7262539035049156	20.49913971832027	20.52136923068111
0.23514654814676456	-0.43032908742864423	17.73944118067066	17.746766753692533
0.4265183599834944	0.3514326555800984	30.49455410178917	30.514030288945083
1.1132609625146608	0.03858606953388566	27.92923895620149	27.951770017807892
-0.6037753519369338	1.0214901090072124	13.888829923073386	13.970967537839492
-0.09103594439646906	-0.08116716861421819	5.386357694411997	5.389545866720528
0.6525202023563662	-0.37299099630508115	16.637479741171326	16.674223139655933
0.8858341443121831	0.23176707430801766	4.7433473498781975	4.832802684774036
0.37737736485273077	-0.2814842724535989	3.957045857370911	4.0621763273271405
-0.28637795484912887	-0.8153667053617374	2.8237680713643183	3.0580757991244485
0.0016285664816912404	0.8113493817897897	0.5192257229095031	1.2290703946494503
-1.8475700869116518	1.111780662334048	1.6144607852892865	2.8058423041916716
-0.2390507200643449	0.2465933858454487	0.42004551761751435	0.5602424175984622
-0.5135595373279553	0.19932934873471997	0.03173512537288155	0.7404070827794287
-4.642529216310262	3.457455276558173	1.8699015088698046	6.103377907246765
-1.8694320733009289	1.0808665030254483	1.0354168061157512	2.398878158918376
-6.759580611283944	3.2211929093422422	2.853477835424778	8.100922821123717
-3.613679188548021	2.5473680897017164	1.7890601758784501	4.915597498981166
-1.8239574514133423	0.7536238611340718	1.015993949858138	2.2862967955375395
0.005564774014052774	-0.09958646477027641	-0.07952780187055757	0.18908433791732107
-0.09328635087977005	-0.013507815708478539	0.36546962626288726	0.4024085448476614
-0.13468068376641895	0.4150677053112304	207.6467258737539	207.6471843906329
0.7347074974532922	0.6182130773888592	-3.975764936502744	4.103363175030135
-0.1129429347285962	-0.20535820109906505	32.03478231489555	32.03563962308241
-0.050929847038781055	0.06935863381575029	0.8398049426908386	0.8442018782093215
-0.016181896853364918	0.0704354920431679	7.035380217461557	7.035751403835598
-0.030413863993432485	0.6278926511537823	111.39499183857171	111.39676557647422
0.2499925340043864	-0.3891391374206962	17.893878574932494	17.900399318860426
-0.19183164950878723	0.07363815104783067	67.04827628943193	67.04872701955978
-0.03194731728667877	-0.06509607824656945	25.575785340810494	25.580652334764686
0.3709581148871958	-0.10658421828382698	29.177635967908788	29.18052245213051
-0.286873418223007	0.6208419405780559	6.686212218424428	6.739494833826329
0.007414321649559769	-0.1498981471718786	3.3708963847240314	3.3769344772495398
0.14467953150706125	-0.17121887903324662	3.085238725742107	3.0963148526261466
0.19197877379135941	0.011892673709206061	2.1913223252263396	2.2038853007154793
-0.4635903089335366	-0.10250615586820844	2.199114648655712	2.4375970375269382
0.1367129955205078	-0.1419196806439344	0.16927731068203378	0.292755951621839
0.11961234341157764	0.4962741173769343	1.4197078840241406	1.776658712621804
0.18745292028539287	0.1248615930903485	0.37194921260474356	0.45667824166459947
0.01309493897664503	0.28726474859200996	-0.890267386555886	0.9459113688266206
-0.1430110990698971	-0.32072332413094207	-3.7987626122595883	3.8175113351894314
0.11398561868649326	0.1229327659103488	-0.5277567256095161	0.5699578475885595
0.07761224846572007	0.019877939058677824	-0.2717342623206973	0.3138118915721587
-0.12180316217494197	0.19796919126202467	-0.4488604418040793	0.5231855384290576
14.686421166073067	-1.5845944036561945	27.583589437768076	31.325809045621277
-0.1331804685899079	1.0490837494153091	-594.3632337654534	594.3641745309669
-1.0029692198332238	-1.244375586573688	-38.49776220413673	38.530924107562406
1.961215029834185	-0.17091268086013045	-45.888239339415165	45.930448345398126
-0.3075002396820035	0.9376915258165452	0.19327429298328586	1.0055728453577295
-0.01525723177774145	0.016036319948665438	-0.25998030843993636	0.2609208835174757
-0.031693786455262524	0.06317076638780231	-0.25558464704724887	0.26517645753754426
-0.6037410086755556	0.5555729726997797	-4.729601401388552	4.802413929321184
1.5280685331746544	-1.5096503923776372	2.7451644449010972	3.489970619838599
2.4882202656731356	-2.1876596333670877	4.598736661786832	5.741040997125285
2.4882202656731356	-2.1876596333670877	4.598736661786832	5.741040997125285
0.15529283423589563	0.9521253025329166	-10.951002514748172	10.993412324392697
0.10369522646795182	0.6357720841264011	-7.31242166714013	7.34074039051969
0.07688322089222421	0.47138337265794084	-5.421681879111733	5.442678358305005
0.07037622338882088	0.46795760044103724	-5.424797558874407	5.445398578928707
0.07037622338882088	0.46795760044103724	-5.424797558874407	5.445398578928707
1.8776056908652228	-0.16362643429801849	-43.931959532784504	43.97236910982383
1.954417219616376	0.24868573638605918	-51.58424254825886	51.621852645380756
-0.08381759596796472	-0.3571242640437571	-23.61467987276623	23.617528842421105
-0.019304522878599947	0.20910740172503609	-12.961949777641255	12.96365074383578
2.025319350262864	0.3559315530675073	-42.26087361822399	42.31087383541633
1.9726166175190922	0.32887933998956964	-42.29953063099332	42.34677873867538
-1.1736398157166672	-2.137438093824229	-27.504094952172395	27.611977675640716
-1.5842559242364636	-2.1019284630925212	-24.159204601218295	24.30216321772538
0.3875876033359738	-0.0015573336478593436	-3.3307368149536796	3.3532125351721445
0.1531047422219209	0.029909331908999748	-2.8479789106140374	2.8522481493601513
-1.7105486608826697	-1.9674490835330731	-23.201965478632914	23.347977100580174
0.1495682423304573	0.028088782914096964	-2.8509143640978944	2.854973266119867
2.1221848598495496	0.3569681229036666	-45.15044499509121	45.20175200479525
2.1221848598495496	0.3569681229036666	-45.15044499509121	45.20175200479525
-0.03569103178698266	0.20077577945407918	-12.962273653226214	12.963877623014195
-0.03569103178698266	0.20077577945407918	-12.962273653226214	12.963877623014195
-0.10030810064387208	0.7901428745428904	-447.65908762374244	447.65979618410995
-0.09330203342671128	0.734954967902693	-416.3921247355986	416.3927838062286
-0.620620441789236	0.46715359189608985	-416.39050397467696	416.3912285369338
-0.620620441789236	0.46715359189608985	-416.39050397467696	416.3912285369338
-1.2453900106532458	-1.6806663044216807	-756.1769087271193	756.1798019833702
-1.2453900106532458	-1.6806663044216807	-756.1769087271193	756.1798019833702
-0.11367069018632364	-0.3723018580855032	-23.61167693358886	23.614885502909267
-0.11367069018632364	-0.3723018580855032	-23.61167693358886	23.614885502909267
-1.7373564554661782	-1.981911032609123	-23.162912224557296	23.31237614480932
-1.7373564554661782	-1.981911032609123	-23.162912224557296	23.31237614480932
-0.27012078286123503	0.13345081415026705	-0.7138136794126481	0.7747930859575083
0.05548518190949886	-0.617062908194583	-1.293887813208976	1.4345699394772613
0.4814118417775382	0.3080614124600772	-1.9731923636825281	2.054299710204327
-0.03081599185466008	-0.37021591385284225	-1.3429379936712045	1.3933742867835357
-0.03081599185466008	-0.37021591385284225	-1.3429379936712045	1.3933742867835357
0.3541347422039701	0.6718455188199661	-1.9380671711608188	2.0815600343794194
0.3541347422039701	0.6718455188199661	-1.9380671711608188	2.0815600343794194
1.758409978834548	-0.9640587240416023	-5.5633088283315235	5.913697658526104
0.9513921722862757	-0.5216064141568295	-3.010042330852668	3.1996210948020245
0.7553212685171675	0.04010086864951973	-3.058742506883453	3.150876706847877
0.3837496149376926	-0.0036361456870988417	-3.3379123189351225	3.359901135066203
1.1390708834548602	0.036464722962420884	-6.396654825818576	6.51077784191408
1.1390708834548602	0.036464722962420884	-6.396654825818576	6.51077784191408
0.7347074974532922	0.6182130773888592	-3.975764936502744	4.103363175030135
-0.6037410086755556	0.5555729726997797	-4.729601401388552	4.802413929321184
0.9463215556284552	0.13190202686896313	-5.218921469914818	5.333873223369397
0.7118423170438278	0.7213128450406155	-3.62626451020359	3.797436759857496
0.25694885363840086	-0.6085799295850636	-6.099712193649051	6.155525712847828
-0.13025632266093476	0.17681794986306745	-0.8756376429578414	0.9134836416990144
-0.31496655265590523	0.11663629358323464	-4.1207061516752	4.203503021670609
-0.23904282381578673	-0.07763515346437638	-4.036423459106329	4.046648343357151
0.7611998961687031	-1.4596190649467267	-18.246594732635952	18.32119952498038
-1.5599331861514834	0.07104485762913515	-63.09010025003549	63.10956669219795
-0.3888194489389635	-0.6116535485392953	-55.10693313099807	55.11730919383221
0.59148714143199	0.07328094227969173	-79.43699287754208	79.44420393560937
-0.694788274645431	0.16254043493055337	-143.61359988231587	143.6185567512999
-0.455148259341271	-0.6216856569477041	-272.16344949092206	272.16498785063095
-0.2830013226576852	-0.6814129724887571	-443.90820545319724	443.90943347457625
-0.006083779986136489	0.3751045491916763	-60.782694936463756	60.79196851449024
0.03961586511578357	-0.328457925355301	-14.214437195372282	14.218971783908309
0.3063581913745818	0.03237040284703349	-83.03195735204883	83.03784460522658
0.894489044048553	1.0682009508441666	-27.72432760325399	27.789308493573493
-0.7297444020914434	-0.33814199268505907	-4.646520986176517	4.71767993398022
0.3709284132509778	0.10493187049830768	-3.2990954902776104	3.3242817629637282
0.16229802763162962	0.20555514560846389	-4.509747237647472	4.5856702447457875
-0.13516241442964438	-0.3729709486810184	-1.326135776713041	1.5432864583912087
-0.2989764404594513	0.2647997937359162	-0.20285350326099388	0.46918564704991317
-0.09594929992729735	-0.2746900369150283	-0.3127526885179736	0.4493939403375826
0.6487355848515552	-0.20631695636526395	-1.882741894133604	2.0068934626338053
-0.9193296467440992	0.15475243112046838	0.7075026101992286	1.17808949497016
1.2919074462234237	-1.5436938417520727	1.2878547449393278	2.3937554502566765
0.9479680038839409	-0.8043877173186105	2.1606336987398587	2.675486925801151
0.9601517324984811	-0.6780092409894507	1.8535722168857345	2.251070377286686
13.888391312572558	-1.232110661770949	28.11218533705152	31.41576792565677
14.252256341713723	-1.82497793448329	28.152214255678512	31.642606131431364
14.067236609918403	-1.6177030675753274	27.248095544688056	30.744313618403005
13.860411003964828	-1.1997997571510153	27.37757054321448	30.746249877095163
13.550426979373867	-1.2870906938744087	26.86004235385746	30.14933745588149
13.550426979373867	-1.2870906938744087	26.86004235385746	30.14933745588149
3.3580739949817278	-2.410157089987777	11.130926763683693	11.90538947861431
1.7552954847113509	-0.47513659618805104	4.651793813196455	5.092489690556996
12.099205108338056	-1.5530688187701418	24.784117290310398	27.704098400044217
-0.13948608047651975	-0.4184878535671087	-116.69441936710064	116.69525311628999
0.006060974661307684	-0.0017926743554458405	-10.54704161371926	10.547043507572203
-0.070654227340105	-0.15466511793441098	-47.11858896641953	47.11889577977118
-0.5343725517868245	-0.5078353029579273	-210.61732986254617	210.61861999630426
-0.3416040853108884	-0.4330578709412357	-40.07456113221086	40.078356782807234
-0.042575774190902596	-0.06415362549657569	-10.59810102075992	10.598380707940471
0.3059579029298115	0.29766200137172794	-32.26364150435187	32.266767049266996
-0.35630350872733824	-0.07518018689381195	-43.346968089370684	43.34872231769529
0.03927029370272305	-0.570063742786699	-5.178685388361802	5.233823926207252
0.10571686912176584	-0.4531553701577173	-0.21283755299852475	0.5303823665866788
-0.07459599646561862	-0.0333716196468825	-0.20961391286656314	0.2647565014381817
0.09721105122246912	0.0864127719135316	-0.00012344942513106694	0.1874480495212423
0.1546057365825138	0.04141793017857057	0.035464219774649586	0.21530414419774477
-0.1362099656321754	0.044855290385287114	0.47553274823027997	0.5159227959225196
0.17780747121085	0.2728031807602671	0.21770225081162836	0.41430778735110135
-0.20053100961157994	0.10421631397700101	1.0811414109062838	1.113292531723456
0.3077350059688882	-0.4944169256485509	1.3829720393966591	1.5070634946542203
-0.4670600262468696	0.2616787962281903	3.254160898634009	3.300858039905937
0.03806631052895409	0.11563761563772318	0.15195454028536848	0.23956433240572858
-0.13308657607554225	-0.2758394239942164	5.049061981605575	5.0602673944719365
-0.06257843186859996	0.6052841076276478	8.556414183622367	8.57916012076216
0.27166271151033405	-0.16732807161259566	79.10297088998409	79.10361434810707
0.08674246012443423	-0.10789631047036345	20.03394086825424	20.03441919749383
-0.5142107961933047	-1.5115858568462563	723.3846939435289	723.3866271586933
-0.5909629387351615	-0.46002090540533	381.05995411053965	381.0607155860334
0.1921269998287429	0.21592199833358627	575.0358807614041	575.0361687005864
0.1474060481997131	-0.10888494209824967	44.58165664365105	44.58223764198539
0.0677433646346509	-0.10816976367345864	96.00420121639324	96.0043809451389
0.032004389818144796	0.00846027463177016	19.050365867824098	19.050872818733847
-0.041605910013048385	0.25103069943757994	40.83997912258372	40.84101029580173
0.045747072975034136	0.6281470853643784	97.83434495493532	97.83647169691739
0.35466024596048257	0.27575477445524677	108.2677702749999	108.26878647378595
0.03734450135267721	0.7332386636577608	119.57235075038051	119.57468618945475
-0.17318677064667465	-0.3958758865694032	42.646832466179845	42.64923505027852
0.23570147958209778	0.11881525429545059	53.07748022145362	53.07832004402392
-0.027184669505380024	0.2906297892940595	28.38005558575424	28.381899857410563
0.32395866433943216	0.4934854510712475	44.96518601953835	44.96926339711056
0.1774485671503212	-0.027676382519851488	5.4641854595670925	5.4671360612918285
0.9358123953643397	0.06626245205373715	22.465053496634393	22.484633956516063
0.2999684346050392	-0.43894370466060467	4.9433191899899	4.973784980941878
0.35255176775132696	0.06595270835552358	11.694160551181426	11.700438158714054
0.0843414166062898	0.058315243109118634	0.6610027155199873	0.6689086126361573
0.8014927277058934	0.17345183119889904	4.082344634358211	4.163894072137879
-0.07771029908348409	0.03152725076269183	0.2645061213534066	0.3106060708642399
0.06300582683169581	-0.1050070247185165	1.4263179361675635	1.4383528250704969
0.39208183710451905	-0.20800449849777428	2.266221799849941	2.3132174313924043
-0.2714798422508926	-0.05383320158270535	0.9363778920992418	0.9863481434328515
-0.010167610211624545	-0.5751322061117707	1.0730432066361648	1.2254721306551328
-0.004730502386611726	-0.18640129766726132	0.8143469726289118	0.8462555250364645
0.24088742597013627	0.7908836140243738	0.3841355557634149	0.9222600246266993
-0.23925885948844502	0.02046576776541592	0.13509016714608818	0.3068103700227511
-0.8208203262331228	0.314992422445801	0.7266633086743748	1.1491238328523665
-0.11007020596581113	0.2830024376256104	0.2749198925059036	0.4327430671181817
-0.9166795547127178	0.5137858022626365	0.6128775841090078	1.2239754042211228
-4.642529216310262	3.457455276558173	1.8699015088698046	6.103377907246765
-6.217239846995056	2.997974775988676	2.4877766691490795	7.396709229176848
-0.5423407642888873	0.22321813335356588	0.3657011662756984	0.7042135919468686
-2.7884538848213647	2.1359986360676175	1.2915212533903346	3.858598731912535
-0.8252253037266563	0.4113694536340989	0.4975389224881154	1.0569987670686303
-0.46287069002250375	0.024937195519949856	0.4381026047629506	0.6378126932747505
-1.3610867613908388	0.728686665614122	0.5778913450951877	1.6484841022627892
-0.15260513932364356	0.06680395276144488	63.64188035968065	63.64209838473714
-0.03922651018514364	0.006834198286385778	3.4063959297512736	3.4066286348226424
-0.202843532611923	0.5164368317737814	5.978293127815002	6.005607463605585
-0.08402988561108393	0.10440510880427437	0.7079190906094249	0.7338873702207438
0.06999733712697444	-0.0922687645393633	1.778242136262907	1.782009609203989
-0.06258301547741467	-0.0576293826325153	1.5926542484611241	1.5949248680455506
0.1563249216828162	-0.12470334343009151	1.9888063507392582	1.998834436801253
-0.01164539017575495	-0.046515535603155106	1.0964323750028488	1.0974804158248934
0.1834881656084356	-0.023261370679308526	1.45991934372382	1.4715887633653697
0.008490608182923791	0.035154044388514584	0.7314029815025195	0.7322965373501095
0.06068791141948834	0.0012680347245375909	0.003375611951308144	0.06079494436684773
0.07602508410101949	-0.143187715368472	0.16590169873072566	0.23196100725499127
0.08520546121156702	0.05962314997612998	-0.4643316497048654	0.4758348154044535
0.02878015747492624	0.06330961593421883	-0.06342507590465077	0.09412303218410602
-0.028520076977179787	0.03555687794511717	-0.05109255045996486	0.06846995744479513
0.10613232544289986	-0.01567893888643935	-0.22064171186073245	0.2453419341273636
-0.0023338537942152807	0.061296245039618016	-0.2340049721864299	0.24191114802228572
-0.1194693083807267	0.13667294622240667	-0.2148554696176494	0.2812743904067718
0.3951364191075736	0.058869383771680744	-1.6293950426664459	1.6834507370329557
0.23619202354527324	0.08895570236705136	-2.216530757865641	2.235215464879048
0.3149931129756086	-0.015923059269768947	-1.3729956693827325	1.4152070214573949
0.25694885363840086	-0.6085799295850636	-6.099712193649051	6.155525712847828
-0.5387672885031469	0.04210100047002079	-2.7200975636650706	2.7767702868905566
0.22380073584724164	0.07453529311321386	-1.4006085880101293	1.4267327347800527
0.01114680711189135	-0.062113870837759114	-0.5276696854986526	0.5314298460318981
0.7500530890568116	-1.3975051941089673	-17.718925047137297	17.78976967894848
-0.8925752635733933	0.0954085391256039	-34.62478238710887	34.636416511312575
-0.6673579225780899	-0.024363681496468753	-28.465317862926614	28.473150180885376
-0.11160167794001565	0.056726467548788545	-5.662649605402966	5.665752656541754
-0.27958781096004626	-0.3109393238078932	-20.4176476037666	20.422405981265367
0.002370039961098497	-0.3574406922801906	-29.0266359218285	29.02915055602509
0.30332177395533566	-0.17560404299355392	-33.79192772374107	33.7973510812225
0.2881653674766543	0.24888498527324565	-45.645065153801006	45.64685285438686
-0.03835837161126983	0.019839915285649566	-28.075919899879135	28.076300023262327
-0.22876704594952138	0.004717535821880774	-50.62640572841214	50.62711519906262
-0.4276628570846397	0.137982983823023	-64.91127425402458	64.91514152897494
-0.12823724022409833	0.04346195882881403	-35.46022994504173	35.46076312308829
-0.15476408243358689	-0.7248749313175711	-408.4479755081555	408.44867035148803
-0.4146061237637182	0.447102419357818	-36.11805597667884	36.12347223247877
0.4085223437775817	-0.07199787016614173	-24.66463895978492	24.668496282011485
0.9741312666403322	1.081867109806293	-24.71364298628399	24.774307449580323
-0.07964222259177929	-0.013666158962126695	-3.010684616969997	3.0150010439931716
0.14303190666250615	-0.026151972478006567	-1.1358558666687988	1.145124710166509
0.22789650658847166	0.13108384297631426	-2.163239623608811	2.1791570527972195
0.04267731401105087	0.4036378096447351	-1.3978058123917307	1.4622194461031164
0.11962071362057876	-0.19808266403627123	-3.1119414252557416	3.123450798642671
-0.23531419272914791	-0.06524306318767631	-0.1557553926035679	0.32151042567694954
0.1001517782995035	-0.3077278854933421	-1.1703803841094733	1.2217760327142593
-0.482851731991315	0.013240686652329914	0.3539783257336839	0.5988503702589318
-0.4364779147527842	0.14151174446813847	0.35352428446554474	0.5792391247112281
0.8103647447349183	-0.5017868319244477	2.021937396825123	2.2891989479470793
0.13760325914902266	-0.30260088539416274	0.1386963019147362	0.38628797785407176
1.6308476934321257	-1.3960420542224212	5.368220832302973	5.802931003622399
1.7272263015496019	-1.0141150357653557	5.762705931380718	6.10245847499191
1.2290547234571068	-0.12932060649307858	3.7885785934792655	4.015513296439857
0.526240761254244	-0.3458159896949724	0.8632152197171888	1.0769763941171384
11.471288100585648	-1.342844544103401	23.557602380577034	26.310250188049043
0.6279170077524088	-0.21022427466674093	1.2265149097333632	1.393848211995171
0.12812953165117003	0.05814513027295948	0.01790595572462541	0.1418402492454799
-0.03091848042870092	0.028267641640572123	-0.018029405149756476	0.045607800275762424
0.1793820731163307	0.26472224894742014	0.23386606323211057	0.3961680612757395
-0.0015746019054807062	0.008080931812846942	-0.01616381242048221	0.01813972607536185
-0.5142107961933047	-1.5115858568462563	723.3846939435289	723.3866271586933
0.10639357615082133	-0.13257377542896445	39.332862045963445	39.333229363043294
0.04101247204889176	0.02368883333071479	5.248794597687599	5.249008278942097
0.02873296788174677	-0.11613699669566227	87.94498251698467	87.94506389387745
0.039010396752904124	0.007967233022203648	8.059218699408563	8.059317051261448
-0.0023463366113036944	0.03318327661591855	1.2112032306893075	1.2116599775410088
0.034350726429448496	-0.02472300198414839	17.83916263713479	17.83921284119284
0.23490971411386669	0.10387880606219184	65.39900249456144	65.39950688394974
0.11975053184661588	0.17187596839305497	42.868767780438475	42.869279589836225
-0.05228719797562218	-0.0731336777989556	14.74624679223414	14.746520841994435
-0.12089957267105249	-0.3227422087704477	27.900585673945713	27.902714208284088
0.02233200740922934	0.014472605774553178	4.975269081184876	4.975340250180589
0.3016266569302028	0.47901284529669436	39.98991693835347	39.993923146929966
0.24657142737906346	0.0010632847921881877	9.050948735284123	9.054306798872878
0.10598034037226346	0.0648894235633354	2.6432118158973013	2.646131359841176
0.2373073364891227	-0.07720100349662255	1.0893054963502238	1.117524599850605
0.03527172981473477	-0.061239781004922306	0.4819050198767821	0.48705966267501183
0.11950277080066153	-0.0695637139962294	0.6950112836229352	0.7086331688667873
-0.035525825569001114	-0.08161997684294366	0.1621445700827726	0.18497233984985137
0.03079532318238939	-0.10478132082431765	0.652202402546139	0.6612831851866131
-0.015071080878461374	-0.026063504307449074	-0.01439097016091015	0.033369803083053186
-0.22418777860998365	0.046529272072864995	0.14948113730699833	0.2734405669396979
-0.0708018895752277	0.009416904296158074	0.018892273665640995	0.07388168689332429
-0.84587766513749	0.5043688979664784	0.5939853104433669	1.1500937173277985
-2.1881852917383915	1.6295672324456099	1.0975933217312384	2.944118734163024
-2.4543439245718703	1.8278880441125633	0.7723081871385662	3.1592591730837403
-0.4767177084104378	0.23806809971125553	0.3405459962329151	0.6323826129508117
-0.06562305587844956	-0.014849966357689655	0.025155170042783254	0.07183097899605692
0.14030745582666201	-0.037892988940366745	-0.38239173396681836	0.4090788420066913
0.17468565714894663	0.021969929670597795	-0.9906039354159142	1.0061281794507035
0.3169667981354715	-0.5469517311482532	-4.314220328111059	4.362522317617757
-0.060017944497070666	-0.06162819843681033	-1.7854918655379919	1.7930033952300701
-0.010749191515773367	0.014471435360478513	-0.2643897876231992	0.2650036365016067
0.234549927363015	0.06006385775273534	-1.13621880038693	1.161729098278446
-0.00947578247484026	-0.31723302093858896	-20.930002210266483	20.93240834452135
0.011845822435938756	-0.040207671341601685	-8.09663371156202	8.096742211503742
0.08987894922278493	0.13509273307806685	-13.507437559573228	13.508412108675593
0.1982864182538694	0.11379225219517883	-32.13762759422778	32.138440745711264
-0.0502811411842726	0.029383625362416482	-44.778099394756495	44.778137265827496
-0.37738171590036707	0.1085993584606065	-20.133174859268085	20.137004263147446
-0.09137620699620488	-0.29728469275521674	-204.73745101837073	204.73768724223572
-0.06338787543738202	-0.4275902385623544	-203.71052448978475	203.7109831092523
0.2242414679313821	-0.05522013740579851	-17.262793462959156	17.264338146720274
0.18428087584619962	-0.01677773276034322	-7.401845496825763	7.404158135291214
-0.022496171529232986	-0.04215168062299995	-0.9610306454952918	0.9622176175345748
0.14211688514981172	-0.15593098341327127	-2.1509107797604496	2.1612331811080963
0.08841841117263408	-0.07295333844925272	-0.42670249526141085	0.44183144352512815
0.011733367126869426	-0.23477454704408943	-0.7436778888480626	0.7799445891891311
1.6308476934321257	-1.3960420542224212	5.368220832302973	5.802931003622399
0.5090395583549593	-0.3276283210430475	0.7645848861574613	0.9752187635910806
0.017201202899284784	-0.018187668651924917	0.09863033355972757	0.10175763052605782
3.5577962906761744	-0.34283080385728815	6.878206991998052	7.752183103255073
3.6309390151227694	-0.2954573509718452	6.647808825032156	7.580526060370705
4.282552794786706	-0.7045563892742677	10.031586563546826	10.977541024423266
2.2604138116936565	-0.32208993824071297	4.997872995676033	5.496492226340275
0.27231081489997533	0.1383585313120087	0.6927802048854987	0.7698834069386726
1.7498281681930736	-0.5208249823455633	4.340933362985294	4.711165391144318
1.0434549799749446	-0.3565288387840069	2.4906786302853	2.723855933686479
0.706373188218129	-0.16429614356155653	1.8502547326999943	1.9873094574578392
