0.0	0.0	6499.999932280723	6500.0
1.0616384421612983	0.5293784075106711	1835.0319336829239	1835.032317141519
0.6122388395148726	0.7056379686998193	334.3264536755927	334.32775892623334
0.19449086410213567	0.5544239011858281	1214.1394762231016	1214.1396183862994
0.9632812035049483	-0.9574221084712207	1196.4634362108425	1196.4642070522775
-0.624664818997267	1.3985673695538408	-0.24712973761363172	1.551537924282427
-1.470348363042361	-2.4075773343011333	523.8696046374861	523.8772003208057
-0.7366361672420878	0.17699179582115893	1394.7969126989778	1394.7972387615296
0.0	0.0	-6499.999932280723	6500.0
0.44886008952367107	-1.8962561035705372	-1632.6641529137946	1632.665315817149
0.4135329337773744	2.3853368014137026	-55.94186949837291	55.994228310750714
0.3089811991488617	-0.18759389183029335	0.31868634387863404	0.4818940085269314
-2.3454425713984954	0.7011311877296029	-5.116139174770201	5.671645779996942
-0.19584840744778376	0.7732171725310195	-178.13707158898404	178.1388573436258
1.5551339831122073	-1.1893941888127753	-119.35815554035425	119.37421159629577
-0.4786487529064086	-0.31933595591326985	-4437.70359926625	4437.703674384305
0.29343152618984814	-0.26710502154702953	-69.77838575150786	69.78029424729688
-7.499556531342932e-13	-5.4761750689635846e-14	1835.0323891348326	1835.0323891348328
-5.417888360170764e-14	-1.4863110742169283e-14	334.32959677870747	334.32959677870747
5.329070518200751e-15	-1.5543122344752192e-15	1213.9458005897332	1213.9458005897336
1.1102230246251565e-16	3.469446951953614e-18	1196.6957835204537	1196.6957835204535
1.509903313490213e-14	1.176836406102666e-14	0.6493229607595481	0.6493229607595303
5.5289106626332796e-14	3.391731340229853e-14	523.8678743767579	523.867874376758
-0.7366361672420878	0.17699179582115893	1394.7969126989778	1394.7972387615296
7.500111642855245e-13	5.477215903049171e-14	-1632.6646434049294	1632.6646434049298
5.42343947529389e-14	1.4876988529977098e-14	-55.96473614769653	55.96473614769653
-4.440892098500626e-16	1.1102230246251565e-16	-0.08163496648705859	0.08163496648705859
8.192264339221458e-16	-1.262177448353619e-29	-5.394071494631454	5.394071494631682
-4.6629367034256575e-15	-2.6645352591003757e-15	-178.0027068567374	178.00270685673735
-5.540012892879531e-14	-3.391731340229853e-14	-119.36689255259319	119.36689255259319
-0.4786487529064086	-0.31933595591326985	-4437.70359926625	4437.703674384305
0.29343152618984814	-0.26710502154702953	-69.77838575150786	69.78029424729688
-7.203126983768016e-13	3.512745649913996e-13	1835.0323891348326	1835.0323891348326
1.7053025658242404e-13	1.7763568394002505e-14	334.3295967787071	334.32959677870764
2.6645352591003757e-15	-7.771561172376096e-16	1124.6393514729157	1124.639351472916
1.099120794378905e-14	-1.27675647831893e-14	820.6994888380166	820.6994888380166
-0.9375282276720069	-0.038654902267198185	375.8611014849968	375.86227273150763
7.549516567451064e-15	5.88418203051333e-15	0.634225496272113	0.634225496272105
9.663381206337363e-13	-8.526512829121202e-13	523.8678743767632	523.8678743767632
-0.4512208266128255	0.8404073554676756	523.1620582856631	523.162927886191
-0.450685275779637	0.839409881873406	522.5411209084277	522.5419894768303
-0.45069035565384574	0.8394067611164795	522.5371261790333	522.537994753444
-0.036106631571154235	0.44959856768570583	500.65611021338583	500.65631338929387
-0.40533514789485636	0.38593846786013064	21.88551469329031	21.892669971324175
-0.4740487049757133	0.27579801911116797	434.53434075478754	434.53468685701023
0.35382682610720945	0.2538905921712071	70.66345672868319	70.66479866738563
0.15549490540444788	-0.07087207477189722	70.6658101052152	70.66601672192174
0.15549490540444788	-0.07087207477189722	70.6658101052152	70.66601672192174
2.220446049250313e-16	0.0	-5.2063406142301005	5.206340614230214
-1.099120794378905e-14	1.2656542480726785e-14	-5.206340614230385	5.206340614230044
-1.3322676295501878e-15	5.551115123125783e-16	-4.066645910191426	4.0666459101915535
0.6171701709744788	-0.7121013393259118	-0.9434597991979956	1.3334555598567874
3.552713678800501e-15	0.0	-4.066645910191596	4.066645910191596
0.0	0.0	-0.33686904812048546	0.3368690481205067
3.2325060269994097	-2.3572780910037885	-2.629599935950864	4.787551674506176
-8.881784197001284e-16	-1.3322676295501894e-15	820.6994888380225	820.6994888380225
-4.440892098500626e-16	-6.661338147750939e-16	809.1544007376733	809.1544007376733
-1.176836406102666e-14	7.993605777301127e-15	206.96198489446414	206.96198489446414
-2.0372080075997028	0.7559213844290078	601.8001768043855	601.8040997163408
0.0	0.0	206.96198489446715	206.96198489446712
-0.9232627946895964	-4.411601162015346	16.060820192822323	16.681264468466487
0.9232627946895964	4.411601162015346	190.56429565352434	190.61758947412116
0.6675661118950984	4.59806583779914	190.5158463274397	190.57249422679297
0.5258580955769723	1.8277201743147498	174.35978646693053	174.37015864122475
0.22112635189841648	2.7124305038764165	16.09145411858292	16.319959306086595
2.2422009230445594	1.190858233141274	174.6845563227486	174.70300462781478
1.7639185762077627	0.9368370771229351	137.42271297253694	137.43722608225485
1.7628172929138906	0.938107756338205	137.32920620517794	137.34372372960732
1.9197039662295	0.944576296532562	137.3506590505074	137.36732154812694
0.7689280132024942	0.34960235926069605	23.480063493463653	23.495251727874145
0.9688971841494733	0.7818685210837931	120.74561638323229	120.75203499694905
0.7844187498964175	0.33190773676929064	23.33129204587008	23.3468341333595
0.7844187498964175	0.33190773676929064	23.33129204587008	23.3468341333595
0.3806454804959487	2.653239729010756	16.125641176021446	16.346891918013693
0.3437805481144036	2.39627752083067	14.563897501070848	14.763720447224605
1.3165861702503072	1.3660172226031033	9.841017413552976	10.022226595422595
-0.49452327529910073	1.2842814542459156	41.98472343773	42.00727239736242
-0.496234334680588	1.286255703382583	42.12202414873519	42.14457996748817
-0.4481032458450896	1.2882401796682408	42.12917585755368	42.151249301961606
-0.817458543622109	0.8400022456494176	30.899948062014275	30.922170565444084
0.6059727854818207	0.6971255792917372	13.004440537069788	13.037202950488703
0.6092668106776635	0.6889019849110372	12.916371310398633	12.949071002179945
0.6092668106776635	0.6889019849110372	12.916371310398633	12.949071002179945
1.2172762467378144	1.2629787212434418	9.098710750526724	9.266251347386191
1.2045629369129056	1.2776475522715005	9.11522093697373	9.282812497656767
1.215071457944788	1.2780808254695446	9.116022467056686	9.285028533301697
0.9784539702399843	1.029193180196622	7.340809725526142	7.47690431933035
0.9920154650274875	1.219933815068204	6.345354990653374	6.537267254243951
-0.16868551105571375	-0.33103689741126974	1.1271397987121747	1.1867958354025046
0.9553764452503761	1.2273544902011726	6.212777055018758	6.404509499729391
0.9553764452503761	1.2273544902011726	6.212777055018758	6.404509499729391
0.6173929273178558	-0.7120921549361211	-0.9435768738911453	1.3336365999648285
0.9727611085920969	-0.3304168621624922	-0.7229225550506406	1.2562071874462362
-0.3795106354261627	-0.41348801701855775	0.37631239895961555	0.6757304819454643
-0.04957203972007068	-0.5565713957040485	0.43208554423980416	0.7063476645243254
-0.46722701842134223	-0.03782278381081718	3.338936381125194	3.3716802646335706
-0.4715654792648444	-0.03845489344017056	3.438412762556855	3.470811879917681
-0.4715654792648444	-0.03845489344017056	3.438412762556855	3.470811879917681
-3.900072138894558	-2.2407877467953696	15.009092592785692	15.668584903352667
-3.7490859317378114	-2.2968123168529404	15.053290811100805	15.682236970086901
-0.726418403830203	-0.9391197290349985	17.570124117488092	17.610192817423172
-3.022667527907736	-1.3576925878180204	9.02825479399462	9.617132253045725
-3.0673527070592788	-1.3061340754038686	9.13974259782798	9.728799186281252
-3.056575442799825	-1.305689721746708	9.143117649111021	9.728518871466937
-2.7904301167927548	-0.686806001794108	7.131061891194406	7.688318829032141
-0.28159916956699105	-0.6195208920341735	8.207601119933187	8.235764710814422
-2.9051713323934507	-0.6569458613039187	7.706794628484912	8.262341180373143
-2.9051713323934507	-0.6569458613039187	7.706794628484912	8.262341180373143
-0.18071431895720524	-0.3280962702867471	1.1435413046463334	1.2033252025468784
-0.18071431895720524	-0.3280962702867471	1.1435413046463334	1.2033252025468784
3.1530876914191186	-2.299362931395815	-2.5649941940246777	4.669927953987752
3.16344753579694	-2.3032070297281098	-2.5759102867726993	4.684813415604819
2.1588818751689227	0.8645690525901871	1.0490521230798642	2.551227342783851
1.0414305930095633	-2.9108138741382126	-2.0632187349019677	3.716757543610055
2.0448938666660275	0.9960903368963299	0.9702585697652516	2.4728907330064955
2.0468605120138923	0.9961714229708309	0.9694723223979644	2.4742417108037627
0.3550450861446488	0.10117996356771175	0.6449379101737065	0.7431280550499035
1.6918154258693088	0.894991459403151	0.13680353182290306	1.9188445361553275
0.334200227046228	0.10705994822859888	0.5766241308063734	0.6750163053591139
0.334200227046228	0.10705994822859888	0.5766241308063734	0.6750163053591139
-1.0239031844605506e-12	1.913413871790226e-12	-46.774584192935336	46.774584192935336
0.0	0.0	-46.77458419293586	46.77458419293586
0.0	0.0	0.7005115973206424	0.7005115973206402
-1.7071644160058355	1.4694832186353857	-44.85946620137128	44.91598266925818
1.7071644160058355	-1.4694832186353857	-1.2146063942439245	2.5591131209983256
2.140183254633387	-2.2759890259360454	-2.927788494312191	4.281641726840455
0.9814461691666487	-1.7952737114676067	-2.87296587237725	3.5270635358472475
1.158201534633549	-0.4797178408741677	0.5661147553002834	1.375516600353908
1.1534676995208908	-0.4826260130276043	0.5610741527829191	1.370481596815514
1.1442191233330277	-0.4787562874569755	0.5565754251192061	1.359492989620378
1.1467396520727884	-0.48718838413274185	0.5669524252704138	1.3688679278110198
1.1467396520727884	-0.48718838413274185	0.5669524252704138	1.3688679278110198
1.3049680748700554	1.0102204076120669	-0.12741763068608694	1.6552106213396616
1.3049680748700554	1.0102204076120669	-0.12741763068608694	1.6552106213396616
3.694822225952521e-13	-1.6342482922482304e-13	-1347.167672699732	1347.1676726997339
1.2434497875801753e-14	-1.5543122344752192e-15	-90.1620662098655	90.1620662098655
-5.866102400717523	2.865757049468705	-1256.9908825365292	1257.0078804052137
3.1086244689504383e-15	1.0658141036401503e-14	-90.16206620986573	90.16206620986574
3.552713678800501e-14	-7.105427357601002e-15	-90.16206620986571	90.16206620986573
0.0	0.0	-65.1295430209817	65.1295430209817
-23.477966577373195	4.68248731594834	-2.895364298893817	24.114803264708154
-3.601563491884008e-13	1.7563728249569976e-13	1834.8963441847673	1834.8963441847673
-7.105427357601002e-15	-4.440892098500626e-15	1834.8963441847682	1834.896344184769
-1.7763568394002505e-15	0.0	241.95063317168757	241.9506331716876
-11.994034442997588	1.414044732652819	1592.4568205119347	1592.5026158784506
-3.197442310920451e-14	5.773159728050814e-15	82.98410398914777	82.9841039891478
-7.559085281750169	-17.37478391572549	156.85956837405354	158.0069526220581
0.0	0.0	82.98410398914778	82.98410398914778
-40.275407191430915	6.343078079956102	70.54327350737069	81.49200268185643
40.275407191430915	-6.343078079956102	-52.688712539204595	66.6216443282731
61.77996903033947	-10.631986053049491	-56.22139903295549	84.20599390806309
63.054538068668975	-7.702350944934683	-56.53805670704195	85.03971329526496
63.760983524753115	-7.785637805651139	-57.96573075217893	86.52228104782452
68.46130544795574	-10.08187809708256	-55.679231530514485	88.81875609031803
68.35883182225871	-10.066787432426317	-55.595890251910305	88.68581121135435
43.583050448970766	-3.1934382260502017	-33.91161397627616	55.31435524904092
24.77855297475403	-6.884868912927038	-22.45116887033345	34.13844008028357
31.344619770033766	-2.810181726387442	-21.508944911581807	38.11846037122655
12.238430678937052	-0.38325649966276254	-12.266624114628371	17.331939827880376
9.03322441542408	-0.28288283530339653	-9.054034079533228	12.792759637829208
9.03788221916696	-0.28254273685793657	-9.052114527540091	12.794683381209083
9.041968706877517	-0.29469110911343815	-9.053278892754541	12.798667885992577
9.041968706877517	-0.29469110911343815	-9.053278892754541	12.798667885992577
27.328023730613758	-2.186399309890034	-20.049906797490078	33.96468733186447
12.529930113713558	-1.8264718954539019	-10.107380408482227	16.20167543685526
18.003299880413532	-0.4603010787955218	-13.155116424103296	22.30219208506085
18.010859487851725	-0.45974909960534077	-13.151288700124873	22.306026611652715
12.222648687299063	-0.31199797725177364	-8.924814591735158	15.13746343241798
12.22775449731834	-0.32507709221994235	-8.926441047407394	15.142820243779385
12.22775449731834	-0.32507709221994235	-8.926441047407394	15.142820243779385
12.535539285492879	-1.8260623310523574	-10.104739929967756	16.204320962857672
10.401685592537497	-1.4761147098610183	-7.621244103389191	12.9791116601297
7.922064493508289	-0.4976987435449245	-6.709969934968465	10.393772481963017
7.925481934307107	-0.5071009895051771	-6.710809635183106	10.39737376765171
7.925481934307107	-0.5071009895051771	-6.710809635183106	10.39737376765171
10.406068290058327	-1.4873062431562167	-7.621750591871086	12.984198827920656
10.406068290058327	-1.4873062431562167	-7.621750591871086	12.984198827920656
7.328646302935535	-1.544055360626237	-4.459996234970713	8.716922048874952
7.331455662519196	-1.5438502298650707	-4.458459153559477	8.71846165832583
7.334500103826986	-1.5508887031452243	-4.458451431605347	8.722266718609642
7.334500103826986	-1.5508887031452243	-4.458451431605347	8.722266718609642
24.68321178013871	-6.8583777926587475	-22.36478282257714	34.0070845623534
21.371161516623136	-5.938104848529909	-19.363824701698107	29.44393555284045
21.210601197644166	-5.893492205091279	-19.218345389853557	29.222724942425916
19.36539933949614	-5.380791849901763	-17.546458473803895	26.680513815949112
19.374828666276652	-5.380103349579119	-17.542417585082475	26.68456318977583
19.3835551273277	-5.404470211834036	-17.541452921698106	26.69518829768587
19.3835551273277	-5.404470211834036	-17.541452921698106	26.69518829768587
0.8123163482113247	-3.376259564224133	-224.7651401659453	224.79196431436696
0.8095447467452246	-3.364739857673212	-223.99824757124603	224.02498019639688
0.4309874421755815	-4.405640803488755	-157.1325991734427	157.19493994421856
0.4738984991849815	1.0144098255472445	-66.95203444555982	66.96139577010865
0.3783623189595036	0.8099085661359453	-53.454752558731045	53.4622266749625
1.0620393227299587	0.3925874949749515	-50.7122980238376	50.72493689816437
-0.5231166847914965	0.3727084277223669	-2.887933846737996	2.958500387212657
-0.41828159852754077	0.35853802930722756	-3.1723097907717364	3.2197916738125265
1.7403667718840858	-0.4985299567743806	-1.387510972015935	2.280919839876953
1.6706171506540244	-0.2893563292742201	-1.1513497779001183	2.049462139299254
-0.036276370367165495	-0.11829143182998444	-1.0402780675431635	1.0476102785400407
1.6712995736182847	-0.2893065008567721	-1.1509984218390963	2.0498141094476696
1.6719997425630053	-0.29103583329532356	-1.1510420305190705	2.050654225220363
1.6719997425630053	-0.29103583329532356	-1.1510420305190705	2.050654225220363
0.5425044657808284	-0.2018257968605489	-0.9054533440608814	1.0746583205566336
0.5425044657808284	-0.2018257968605489	-0.9054533440608814	1.0746583205566336
0.9440152142956569	-1.8182689485305283	-2.872129154549323	3.5279445254176776
1.191207724745299	-1.7103875372776294	-4.214663043681252	4.701891740878349
-0.23623344235930738	-0.10114884539711086	-0.1114678732335097	0.28011143314277476
1.248585808283669	-1.7559881670352768	-4.200313480284562	4.720709088270054
1.248585808283669	-1.7559881670352768	-4.200313480284562	4.720709088270054
4.440892098500626e-16	8.881784197001252e-16	-60.210703611548375	60.21070361154837
0.0	0.0	-60.21070361154864	60.21070361154863
3.774758283725532e-15	2.942091015256665e-15	0.5851035136470024	0.5851035136469989
-2.220446049250313e-16	-6.661338147750939e-16	0.5851035136469882	0.5851035136469989
0.0	0.0	0.3568309005157566	0.3568309005157517
-1.1406708615345822	-1.8124010806821798	-7.118686370668144	7.433816202701566
-0.8260823685976846	-4.33936025026153	-39.10305769120737	39.35176718094309
0.8260823685976846	4.33936025026153	-20.7508150198255	21.215767331121288
-0.4285612072876077	-3.7077426586776596	-23.225792905755398	23.5237853338362
0.10524366243130309	-3.337804248019376	-23.981565132815554	24.212960984688596
0.16411933903702644	-0.5581435922721674	-1.4495204590998334	1.5619119656335947
-0.20146726295154516	-2.876789133041547	-34.53733677327003	34.65752639996536
0.10917591730296805	-0.4335014619244959	-0.8507960514911258	0.9610914730879974
1.7851846721835474	-2.1463379210237488	-1.905273265372343	3.37989896310026
1.3841354144031428	-1.6836005318363212	-2.1941238939375944	3.0926560200176825
1.3846486346762923	-1.6835793714286507	-2.1943676812698665	3.0930471806961184
0.23513386009302473	-1.3399871485182446	-2.4699019392528325	2.8197994751189173
0.3443097773959928	-1.7734886104427405	-3.3206979907439584	3.7808909482069146
-0.9745047262926821	-1.6972443268500403	-7.3734904553151965	7.628804576158425
-1.0108098079586785	-0.6386375328884569	-4.654465393658826	4.805584508365962
0.036305081665997135	-1.0586067939615824	-2.6699030790312595	2.8723420504175676
-0.06279496333221868	-0.8335666551794758	-1.6588475716697038	1.8575661070555087
0.2815148140637741	-2.6070552656222166	-4.979545562413662	5.638457055262423
0.2815148140637741	-2.6070552656222166	-4.979545562413662	5.638457055262423
-0.43949159922763736	-1.8117812947558187	-16.50963275103899	16.61456222414536
-0.3432592216108935	-1.4150683154353854	-12.894634839807066	12.976588645808896
-0.3953489202462732	-1.2765215285878	-11.607934105740107	11.684602782503518
-0.03583122613781451	-0.11825892877301492	-1.040287796550726	1.0476009501014425
-0.03554208908925199	-0.11947033673916226	-1.0401963106272305	1.0476377074637486
-0.4308910093355252	-1.3959918653269623	-12.648130416367337	12.732240489967266
-0.4308910093355252	-1.3959918653269623	-12.648130416367337	12.732240489967266
-1.088450753189249	-0.45626727936207967	-4.562546627513185	4.712720721681494
-1.088450753189249	-0.45626727936207967	-4.562546627513185	4.712720721681494
-0.3122556069303134	0.2676558336370515	-2.3681929173443907	2.4036390958501856
-0.31123823764038433	0.26773011880084624	-2.3682556765919958	2.403577252095888
-0.310572138329771	0.26496409382241065	-2.368401811327464	2.403328559315407
-0.310572138329771	0.26496409382241065	-2.368401811327464	2.403328559315407
-1.6889624280206057	1.4355816704694178	-43.14097960752434	43.19788895666876
-2.193920465976772	1.1253670411699492	-43.13452456671527	43.204941240383015
-1.6315561321017067	0.6951141989475957	-43.15175577181653	43.18818339953974
-1.6315561321017067	0.6951141989475957	-43.15175577181653	43.18818339953974
0.696456391008137	0.2574481603961002	-33.25574044718785	33.26402867589242
0.7106386107702464	0.25848370228676854	-33.25559281468018	33.26418907045945
-0.14229058165546365	-0.37592419494893414	-35.963214135604176	35.965460327560045
0.5173748268952786	0.31447784011522234	-14.57959528198582	14.59216130701452
-0.13240239527784808	-0.4176945176649769	-35.96290919814084	35.96557850359265
-0.13240239527784808	-0.4176945176649769	-35.96290919814084	35.96557850359265
0.5213884751611836	0.2975387778917055	-14.579897428779166	14.592250830495669
0.5213884751611836	0.2975387778917055	-14.579897428779166	14.592250830495669
0.4189420194668738	-4.282510056324962	-152.7409895980265	152.8015880420836
1.2384715568742957	-3.1245504830555095	-121.96029716025461	122.00660109574385
-0.7239933571819729	-0.9534583138580475	-44.277974324593536	44.2941560414788
0.4617972588239951	-0.051827611610601315	-20.38742574276262	20.3927210353656
-0.8202076842841547	-0.7664913676685806	-41.34710615847828	41.36234322838276
-0.8025737748002365	-0.7652037940536492	-41.34729900724159	41.3621662477278
-0.467019409269812	-0.44527373693320493	-24.06008240433703	24.068733683617957
-0.46040097156482035	-0.4732219214359185	-24.059681470388732	24.06873865615131
-0.46040097156482035	-0.4732219214359185	-24.059681470388732	24.06873865615131
0.5471279078140139	0.3361211592727464	-72.59056478638257	72.59340481329718
0.5361688397236806	0.32938859341695714	-71.13656302401719	71.1393461646938
1.4629535098419986	-0.37945067453767506	-71.12799512807415	71.14405039583916
0.47049171178381183	-0.05119276950496771	-20.387331073639743	20.392823528307787
0.4760990849018351	-0.07487406303605859	-20.38735925968849	20.393055044489195
1.9390525947438337	-0.45432473757373365	-91.51535438776264	91.53710544032836
1.9390525947438337	-0.45432473757373365	-91.51535438776264	91.53710544032836
1.0620121048271167	-2.6793594222891968	-104.58319464311003	104.62290111817418
1.1066154891258453	-2.676102620908195	-104.58302522177902	104.62311067645467
1.1353855670381297	-2.7975876377867372	-104.5812217090137	104.62479405536159
1.1353855670381297	-2.7975876377867372	-104.5812217090137	104.62479405536159
-0.10270617020503514	-1.291937013639828	-46.696413758089186	46.71439507979602
-0.3187772632071893	-0.1855168184080001	-20.068067870865306	20.07145693523782
0.11983871538539156	-1.5031331745523688	-30.243343798458	30.280911722896864
0.07038885239216341	-1.3384766164791628	-28.622332882159522	28.653698083502803
0.07038885239216341	-1.3384766164791628	-28.622332882159522	28.653698083502803
-6.5759451232317225	6.226925949036585	-1032.3090836491901	1032.348860969813
-5.983419349232228	4.27892203119033	-823.9898661460761	824.0227660036379
-0.5804803512912394	1.8248731706825967	-212.71082707861785	212.7194468683975
0.22466235567215131	1.6614420141048152	-201.27291670517494	201.27989929883356
-0.6286832549161285	-0.28175990418869534	-28.81501289062988	28.823247547175992
-0.6163946001746762	-0.2808626245682841	-28.815155526959664	28.82311596895587
-0.60846920662582	-0.3143332869002663	-28.81484968080125	28.822987394054735
-0.34242896570680514	-0.09490387129737599	-20.039587062697045	20.04273718793786
-0.9508981723326252	-0.4092371581976423	-48.8544367434983	48.865724581992595
-0.9508981723326252	-0.4092371581976423	-48.8544367434983	48.865724581992595
0.3104878565373365	1.667708727138761	-201.27287236047195	201.2800208747567
0.36582559064545894	1.4339371825951575	-201.27406806045886	201.2795083405478
0.36582559064545894	1.4339371825951575	-201.27406806045886	201.2795083405478
-5.63205797759797	4.304577353501868	-823.9911956538768	824.0217526730477
-5.405510387639695	3.3475406579112295	-823.9932137935881	824.017809788656
-5.405510387639695	3.3475406579112295	-823.9932137935881	824.017809788656
-0.7180184359262175	0.8315109838823453	-143.84353999257218	143.84780303630035
-1.4608902646929738	0.6604577118544981	-193.4099474437315	193.41810373144276
-2.716582262356744	2.343875888748156	-504.9060526627048	504.91881902777635
-0.21115071687366327	0.10611143696547778	-41.3357321707537	41.339402681541905
-0.21177837783947492	0.23792744505770969	-122.14244451088814	122.14581507272379
-0.05696519396335725	0.1950596047241981	-25.475844412575597	25.477037143305687
0.1639887852403879	-0.025481739227843872	-12.783614981193248	12.794220318976349
-0.42441316800214	-0.33624376661806776	-22.398478188213517	22.4104603142827
0.22449877071013266	-0.7114886033455322	-34.11899701826361	34.12743841907743
0.20465309111501978	-0.18412473076841374	-11.386004995754732	11.400197817565935
0.6163947494678279	-1.1669245093032257	-85.37198882658902	85.38361582556236
0.643627275987487	-2.238590654911732	-70.70864296174881	70.75220368805863
0.388100413823777	0.18375970500348324	-41.181859368320715	41.187056832637815
-0.6477268759550567	-0.14004029921952588	-26.6628357593832	26.67656718498212
0.45339267876339173	0.16818681547150993	-28.1979997224063	28.21275056464734
-0.4172049605835275	0.14782225938131205	-13.52076378734981	13.550835880998925
0.6247777061992597	-0.3352554460049161	-10.548293886145473	10.573018825748564
-0.9816367216749025	-0.2679882256348402	-9.607311063420457	9.662056406202602
-1.2340065871039176	-0.4465815228772657	-32.08007537810804	32.13673171430909
-0.5194035132356454	-1.326504893783053	-4.033226057475725	4.377688192199911
-0.15768362171726327	-0.4803823185060847	-4.203224581996157	4.2626686354076275
0.733554694061833	-0.8703265641757068	-2.876140159498614	3.096325696607312
-0.07082406915571338	-0.5890267387152135	-1.5498284142995427	1.7313741952170503
1.4543676200731634	-1.2724372919578655	-2.9178286592594325	3.6116856815724168
5.078925164377674	-1.7917122218332295	-4.861614153143998	7.343264129004119
1.686446219559469	-0.8337093620792805	-1.4811402904110207	2.398159359209456
2.972919894794704	-0.6368430230511601	-2.935874261794777	4.2286403273799635
0.5375458168494011	-0.26247040057421084	-0.4472040344941075	0.7598140889439228
0.5786426517018024	-0.23797801692633389	-0.45559624702473944	0.786453164601498
5.103263561730569	-1.2856782659302493	-3.56875589579645	6.3601702817341526
6.54939344842919	-1.5878158174283798	-5.955642202329454	9.02798689154849
7.5650902078825615	-1.0318598791691065	-6.491196083252588	10.057026715076633
10.493154610113852	-1.1397660529972868	-7.239299163860405	12.808607591119673
1.740809393007102	-0.5205006909172891	-1.7122403380780866	2.500516961004042
13.659342959825244	-0.7322828802791828	-10.877377171163921	17.49651965946833
0.5745319318908817	-0.055732697699810985	-0.35579966501222193	0.6913798350964373
0.9542651415085627	-0.0621548626240553	-1.0342028180478162	1.4154647438224015
1.327133492164814	0.17804961792754465	-0.53380742511474	1.448245533215051
5.450669434799815	-0.21164507195354282	-4.683542964953764	7.190941900294498
2.1846356478022404	0.8137483968300934	-1.431317256913142	2.7797856750708716
1.1790892798643702	-0.8094795022784214	-1.2510330202946822	1.9632402183043303
1.0631156096116712	-0.15067871725264037	-0.6997410442980212	1.5324384354005094
0.129067958676493	0.5283069238361585	-0.12642703345032383	0.5755261274844008
0.7961402724596904	-0.47427975264922567	1.082808030123081	1.6139051483111095
-0.009168993065047953	-0.09482597107191473	0.6877718848960931	0.8844466198573451
-0.15512272877489053	0.5275422100761487	0.9063944254722458	1.3181835344568733
-1.0568999775297039	-0.6050244342482608	2.7813929894036122	3.178369216271652
1.1580036099229907	0.22376624295224404	3.4897352918465456	3.7652967414241383
-1.2972145814545577	-0.09131679670487375	4.37422941522895	4.659160781691588
-0.029385131079703794	0.4991454693992532	1.9172993420984221	1.9863348755085117
-0.24900281293124077	0.09089980643729792	6.558540193877647	6.5653784685474665
0.13256609970898364	-0.06516204470832321	1.155280262080471	1.1724811074023087
0.6893550238850138	0.1571304665567617	16.398426663471565	16.43088722034925
-0.09475795182250364	-0.10177887297758009	0.8023565692506303	0.8254293870694358
-0.04644335481719894	0.203024597933343	18.217654966279607	18.231488467366987
0.2788595783096741	0.0910803862389899	23.791780787783274	23.808445703540137
0.1029333486816971	0.3327830285239114	31.61262479167095	31.618398219702925
0.06281137659502331	0.3760924107470159	27.184045995358428	27.191273658295483
0.11216751414489212	-0.06100157112436319	78.80308896203897	78.80879344646026
-0.002729439864889216	-0.05885599045984857	224.85948486860877	224.8614501364039
0.06418292849814142	0.2754538716601721	204.2546524566483	204.25687765545015
-0.28173804384133094	-0.046052433058476214	872.0304997738956	872.031260205117
-0.5744405984110075	-0.04194387855591501	-285.49642175134227	285.4970027410277
-6.17284001691587e-14	-1.021405182655144e-14	-55.2086279328567	55.20862793285675
0.6491203451087189	0.1781417469451377	-0.5750000437408542	0.8852777839416923
0.0	0.0	-0.037172500485535664	0.03717250048558968
4.74218272387906	-0.9734068008153209	191.85097597274407	191.91204443567625
-1.375018471068338	-0.9529177732692177	-115.92472530410205	115.93726564357945
-0.2025649385729083	-0.19887609985100338	-90.3852731939237	90.38582673396611
0.4574420533674415	0.19187322689371938	-114.51918267891699	114.52034207859917
-0.019469428488641013	-0.3661732067133333	-1913.3245666994817	1913.324606599004
-0.42062491319736833	-0.21326489786563912	-2389.2529624528183	2389.2531932274132
8.526512829121202e-14	8.881784197001252e-15	333.83611448532747	333.8361144853277
0.0	0.0	1124.6393514737229	1124.6393514737229
-0.9220743841122001	-0.03801773018566301	369.66555612299135	369.666708063139
-0.32121990059861766	0.3058484242655639	17.343827424520157	17.34949783753703
-1.6936528280620935	-1.721211498714557	434.53128238691284	434.53799189684264
-2.0375056858701583	0.7562648506317515	601.8379013350416	601.841825440295
1.0645759008032023	0.6858004692033379	120.56245262515031	120.56910311984504
-0.6355797747444139	0.6531076618377536	24.024927235850534	24.042205388772643
-0.10876569154334859	-0.5391815523215191	0.413438832721131	0.6880976605268755
-0.7294588955444785	-0.9356115584788519	17.537944503536895	17.578025391885856
-0.28109202097595576	-0.6242829195524109	8.22754510888649	8.255982098252371
-0.6444441556614908	-0.6614374517548022	0.5843611934966293	1.0928338285461994
-22.51151914308831	6.903895688883017	-2.0214974694454777	23.633000694613116
-11.992544679504476	1.4133169410220603	1591.9342873280616	1591.9800858564079
0.24523382307807395	-18.294879349382267	157.2023353848582	158.27061319300532
-38.30200245296626	5.949498737101149	51.93880111113138	64.82537302624235
-0.2339149856154384	-0.10348585014840855	-0.11305214108075802	0.27965394379367103
1.5692320688222168	5.520143739359838	-29.281120821477515	29.838205588657274
-0.8870200825258966	0.5053904955863192	-108.18922836830141	108.19413495607422
-0.34333648149659	0.2025446738581141	-35.553583900219486	35.556092476807414
-0.23053370067048737	-0.047477457589935046	-49.66713517521065	49.66787629856113
-2.0836023278599196	1.8010545119340404	-379.3621034560654	379.3721006276371
-0.6329799344968244	0.5428213768141156	-125.54394920663938	125.54671840013918
-0.21115071687366327	0.10611143696547778	-41.3357321707537	41.339402681541905
-0.19661809862774432	0.35144248128030986	-111.64792268017935	111.64974039036574
-0.015160279211730611	-0.11351503622260017	-10.494521830708786	10.496074682358053
0.20465309111501978	-0.18412473076841374	-11.386004995754732	11.400197817565935
0.49324843401870316	-1.7525988133588126	-61.045624435998285	61.07479656217694
0.15037884196878387	-0.4859918415529193	-9.663018525750527	9.677407125881695
-0.5494472755224509	-0.21132653737898163	-14.901348200790588	14.913624951703879
-0.09827960043260595	0.07128623815945573	-11.761487558592613	11.762942233278245
-0.01968841021404759	-0.22609061834164035	-6.207187190634862	6.212902478365516
0.47308108897743933	0.3942774338131503	-21.990812531771443	21.999848086281826
-0.15418985823494344	0.2588070880863588	-3.270338968117244	3.287149581706378
0.04334912835727958	0.0035933214886026896	-4.508063547900794	4.510433326821332
-0.30636423070586366	-0.1145781501936495	-5.742361271331774	5.7532529724712145
-0.4115194367325805	-0.7178949650930277	-8.74456950032272	8.784742281853747
-0.8224871503713375	0.2713134422157619	-23.335505877785327	23.35198943245535
-0.5630039404224806	-0.9704956686631938	-2.3480749018036366	2.6495106598021865
0.0436004271868351	-0.35600922511985933	-1.6851511556720884	1.7281775323977253
-0.15768362171726327	-0.4803823185060847	-4.203224581996157	4.2626686354076275
0.872737749364281	-0.4576486542422723	-1.7387713606903743	2.058679007774706
0.5816298707088827	-0.8147886377155933	-1.1790572985690586	1.5530066737977108
1.0984089442637583	-0.704154997095372	-0.7262919235244087	1.4997720532966983
3.9805162201139153	-1.0875572247378575	-4.1353222296195895	5.84349207570742
0.24093976559709698	-0.17096694341637364	-0.25191297413762803	0.38825482988108057
1.4455064539623719	-0.6627424186629067	-1.2292273162733924	2.0099045293283755
1.3551187155134463	-0.24655293175483595	-1.2576520306047623	1.8651605055265352
1.6178011792812574	-0.39029009129632414	-1.6782222311900146	2.3634798218534283
0.8250760235688234	-0.25563445112630145	-0.562556845915983	1.0402160386466492
3.0813108794961797	-0.8786868863659756	-2.9563216780920913	4.361867149470546
2.643006545364187	-0.45349447993610287	-2.43676367832138	3.6259037034312973
6.775881452635154	-0.9124791975851209	-6.000719791604695	9.110512690054662
0.789208755247407	-0.11938068158398556	-0.49047629164789375	0.9465140250219696
10.493154610113852	-1.1397660529972868	-7.239299163860405	12.808607591119673
8.899245724454646	-0.688909190224321	-6.696708135252056	11.15959452535131
4.760097235370599	-0.043373690054861774	-4.1806690359118654	6.336925134117021
0.31727985835479894	0.010063724945594432	-0.25566494432709214	0.40759336456227674
0.25725207353608276	-0.06579642264540542	-0.1001347206851298	0.28378647053416056
0.9402246269321988	-0.2545000407175138	-0.8282949440820664	1.2862134034082067
0.12289098267947249	0.10382132346487341	0.12855389978404516	0.24622503199230286
0.4790420294003107	-0.11382974985645254	0.6903654160440791	0.8593734173536351
0.043545161822827694	-0.2519146631407637	0.29928076137564746	0.4176193693461643
0.2735530812365521	-0.10853533965200944	0.09316185270335439	0.3369123616113102
0.09263681701939884	-0.04020298461236739	0.464331125609064	0.4939846702566874
-0.022977145444552424	0.01717651754825614	0.14884043870663746	0.2029681220345943
-0.07882866463989437	-0.0717995040078035	0.07460032058039165	0.18749382756606342
-0.24139082900554823	0.2763713237130259	0.031380026759631974	0.3938465841902291
0.08626810023065774	0.2511708863631227	0.8750143987126137	0.9243369502666439
1.2002098627833715	0.30386578241239026	3.1830477391248926	3.41820286450229
-0.042206252860380544	-0.0800995394601462	0.3066875527216538	0.34709387692184823
0.09128993251387188	-0.05674966283494348	0.35081105898038717	0.3669097642652861
0.04127616719511176	-0.008412381873379726	0.8044692031000837	0.8055713431370227
0.6298915701603277	0.18212591323851338	7.1919149549644725	7.223091702503413
0.05946345372468603	-0.024995446681751687	9.20651170850709	9.207795517845835
0.01887688534372299	-0.07128919685403169	0.2483730931828999	0.2590900997830957
-0.11363483716622663	-0.030489676123548394	0.5539834760677304	0.5663392872863401
-0.102216881580877	0.41191804311681157	12.889211087347435	12.8969518493412
0.05577352676367806	-0.20889344518346858	5.328443878932171	5.334536618025787
0.5196922247854294	0.1409325245016861	11.479631085624911	11.493100174970662
-0.2408326464757552	-0.04985213826269619	12.312149702158369	12.31534552856948
0.06281137659502331	0.3760924107470159	27.184045995358428	27.191273658295483
-0.11065715599423942	0.4281162133531383	161.09452832826415	161.09590373909666
0.17484008449238084	-0.15266234169296622	43.1601241283842	43.160973916353505
-0.3076808492117607	0.015612850573224674	710.5801830762489	710.5808693192733
0.025942805370429742	-0.06166528363170089	161.4503166976467	161.45039088584358
-0.4959503275153726	-0.37353346936942255	-285.4962183692589	285.496893498209
-4.440892098500626e-16	5.551115123125783e-17	-55.20862793285682	55.20862793285682
0.5358244761913075	0.14704932446493574	-0.47464094997025563	0.730763576336389
6.027469709790353	0.45130386957788304	761.3211844319453	761.3452494309956
-6.027469709790353	-0.45130386957788304	363.28099454129205	363.3312745432127
1.7341274142011796	-0.8303539760157924	109.62333025529958	109.64018981138554
4.2088461203212875	0.07432888646506497	167.56136877562784	167.61423631783146
-1.232426884722527	-0.8557892959749158	-103.91943320454897	103.9307882626703
-0.06099438026856189	-0.3224838635294818	-1683.7439297612518	1683.743961748347
0.041524951779920875	-0.043689343183851564	-229.58063693822987	229.58064485065722
4.440892098500626e-16	-1.1102230246251565e-16	5.7683645483123165	5.768364548312327
2.614720473869056	0.4578603851182699	328.0299074820143	328.04064778918473
-0.6246026836406458	-0.3338473642482782	369.7921455127346	369.7928237073932
-0.36986430975864704	0.22611092727620208	17.340520702287655	17.345938544383582
-8.68044249135566	-0.4245626354374785	1372.5044221280025	1372.5319373683803
-7.5023362658999675	-0.36694116230489093	1186.2286642082781	1186.2524450911028
-7.5023311957429515	-0.3669407920976829	1186.2268313887898	1186.2506122761774
-7.940074139169765	-0.17924176241793563	1221.0707950321705	1221.096623279846
-0.22654701366587082	-0.17520406922373025	28.029385906455616	28.030848975874534
-0.2103302777749028	-0.1671186026792117	28.029540358221254	28.030827675012823
-1.9039831058369963	-1.8883301013937688	462.5608227451341	462.56881957185544
-1.3499923291077693	0.7846114761824662	601.9375619533561	601.939587155393
-3.3086646394905803	1.6249153481019682	221.23715922231366	221.2678653405064
-1.4306184164275204	1.5098094984800245	118.25550519064535	118.27379549870653
-3.056152448437725	0.05748437648124345	289.2574119406214	289.2735621083061
-1.9570284347469746	1.6418111681378091	102.1983480261681	102.23026872450257
0.535298165048818	-0.6732566214398459	20.655327966623616	20.673228872447595
0.061355364494875136	0.27544166220082233	32.26410694813464	32.265340998518795
-2.6881892034351753	1.3789681399063862	133.3296969619041	133.36392318118686
0.061355627598206654	0.27544168141181513	32.264118127009546	32.265352177630476
0.0800221786353984	0.2847487859679682	32.26390111891387	32.26525686913459
1.1445980794386008	0.9705492551713062	152.8263537440642	152.83435998897963
-0.6198399527398708	0.6348627486163847	24.201841035415818	24.21809987963824
-0.6830280587157173	-0.6169186944759902	0.5784336198976245	1.087060926174231
-0.6820767676699613	-0.6168794721237281	0.5790162274982921	1.0867514857726643
-0.526952751401751	-0.47658320958404055	0.44733116365888304	0.8395927154565546
-0.6116524631707609	-0.45166742670278115	0.540910198004683	0.9331163069803452
-0.7204181547141095	-0.9908489790243002	0.954349030725814	1.6212139675072206
-0.7094014850874232	-0.9347845783218108	17.54126044893957	17.580469015712918
-0.3236858655807879	-0.903892973310084	16.172733287733934	16.204567166171174
-0.3236790784998135	-0.9038924777383905	16.172647097457602	16.204480982002295
-0.31430886811513925	-0.8992406169818413	16.173347512893727	16.20473676196658
-0.595400889091095	-1.523523536534252	24.400892621780216	24.46071886021895
-21.97585384920235	6.840743069896951	-1.4057098328657995	23.058836446882147
0.2799858384124043	-18.311856692450025	157.4908127740725	158.5591643388441
-32.98393364383047	18.173239171777173	53.488552764255765	65.43303276961726
-0.2339149856154384	-0.10348585014840855	-0.11305214108075802	0.27965394379367103
2.244279534929742	5.987966348138622	-30.137822450857172	30.80877916595749
-0.00224676891193943	-0.010366624594594732	-13.372934033779238	13.372938240591967
-0.22828693175854792	-0.03711083299534031	-36.294201141431415	36.29493805796916
0.49324843401870316	-1.7525988133588126	-61.045624435998285	61.07479656217694
0.43437579010470306	0.323863904539434	-20.14909695903702	20.156380588299264
0.03870529887273629	0.07041352927371627	-1.8417155727344225	1.8434674979825625
-0.08252141673069581	-0.034064023627144474	-2.7509265259718094	2.7523747733948296
-0.22384281397516786	-0.08051412656650501	-2.9914347453599643	3.0008781990763844
-0.5630039404224806	-0.9704956686631938	-2.3480749018036366	2.6495106598021865
0.03699422836163616	-0.36509619815499406	-1.6663251759306308	1.7062542011023882
0.006606198825198941	0.009086973035134713	-0.01882597974145772	0.021923331295336888
1.6245366674237465	-0.39779391305707684	-1.6063869017109735	2.319016657779347
2.355979552690169	-0.6897633116807808	-2.5289353279086164	3.5244754179280733
1.002665666277346	-0.11306768286636869	-0.9565404556492474	1.3903569263084334
1.6403408790868408	-0.34042679706973417	-1.4802232226721328	2.2355467771228636
6.775881452635154	-0.9124791975851209	-6.000719791604695	9.110512690054662
0.16557745046597397	-0.08165472013950059	-0.11907068463996145	0.21968434938452372
0.623631304781433	-0.03772596144448497	-0.37140560700793235	0.7268296756374458
0.9688469509567311	-0.1431684779243441	-0.6830846668189979	1.2021838771138749
9.524307659157119	-0.9965975750729426	-6.556214497041406	11.606423714005798
0.8773328584142034	0.04259464577883683	-0.7533188933533594	1.1571588496768241
3.8827643769563944	-0.08596833583369859	-3.4273501425585056	5.179766284440197
0.14084158093937005	0.06084010063907517	0.1277411906486643	0.19963887536151945
-0.017950598259897546	0.04298122282579824	0.000812709135380868	0.04658615663078342
0.22218204403795302	-0.054750874504336716	0.015458006516930613	0.22935010119324128
0.051371037198599055	-0.05378446514767272	0.07770384618642377	0.10756226041806895
0.014655485286004147	-0.06314259450841588	0.08990141229078905	0.11083336330771949
0.0779813317333947	0.022939609896048478	0.374429713318275	0.3831513069489679
-0.02386521789034714	-0.05727667760011588	0.053004041309132346	0.08160634054386688
0.000888072445794719	0.07445319514837202	0.09583639739750512	0.12136178149072742
-0.10868790096786274	-0.04328883745569134	0.08536990078406123	0.14482749471335082
0.029859236327968365	-0.028510666552112155	-0.010769580203669572	0.04266633285271261
0.02972251791384236	0.007938510740380857	0.029150248262889283	0.042381422789966594
0.05654558231681538	0.24323237562274186	0.8458641504497243	0.8819555274766774
-0.0595543894592414	-0.10896376956009962	0.20192614390317976	0.23705272825305593
0.017348136598860857	0.02886423009995342	0.10476140881847407	0.11004114866879232
0.06254388468471303	-0.10044075274651902	3.9666109466178225	3.9683752952753952
-0.006770357921034968	-0.10845269243694955	1.361832932314348	1.366161322750391
0.016019065398386163	-0.012929829411017488	1.108456834729547	1.1086479808322762
-0.25685171187414135	-0.0369223088516787	11.203692867428822	11.206697547737203
-0.11065715599423942	0.4281162133531383	161.09452832826415	161.09590373909666
-0.4959503275153726	-0.37353346936942255	-285.4962183692589	285.496893498209
0.0	-2.220446049250313e-16	-55.20862793285683	55.20862793285683
0.2271191870272887	-0.42564424539205037	-0.14858168057983065	0.504809532948053
0.26176479740965364	0.5603111954005765	0.06706774968887114	0.6220671409924086
4.492455636813247	0.7663893955887033	315.5392927490175	315.5723747080192
-9.234638360681856	0.20701740522508771	617.1674477839842	617.23656729504
0.8714529092929445	-0.4172786741140914	55.08912972315125	55.097602173952836
3.0378523326063993	0.3554362618483124	123.91971910146823	123.95745908947048
2.033668292632755	-0.6941826772861733	98.17585020675712	98.19936486624297
-0.8916963782413568	-0.6288601206207058	-75.2507234686867	75.25935735869015
-1.1102230246251565e-16	-6.661338147750939e-16	4.85467407476008	4.854674074760087
2.7173277099055633	-0.7446849887685897	-4.303974225389462	5.144183098251335
1.7882479617680596	1.237616162524919	325.73736917812226	325.744628817764
0.8176997942115319	-0.7628199937316574	2.15872918981015	2.4311805797243307
-0.6246026836406458	-0.3338473642482782	369.7921455127346	369.7928237073932
-2.6881819062998087	1.3789686727206762	133.32911971321252	133.3633459390618
-2.6110315845211343	1.4174172709897497	133.3284950015464	133.3615916860355
-2.980895894279781	1.6435281982659518	150.66901570383405	150.70753023041908
-7.233626219593402	0.17300812880580052	1221.0718272705972	1221.0932653299062
-1.9039831058369963	-1.8883301013937688	462.5608227451341	462.56881957185544
-0.8656183619305011	0.30289398240260823	602.1660708006199	602.166769145699
-2.386347044241831	0.044885742510973436	225.86195605655018	225.8745666529024
0.8721821111236217	-1.1878784152324946	16.45053598097031	16.51970916286173
1.1445980794386008	0.9705492551713062	152.8263537440642	152.83435998897963
-0.6198399527398708	0.6348627486163847	24.201841035415818	24.21809987963824
-0.7204181547141095	-0.9908489790243002	0.954349030725814	1.6212139675072206
-0.6852590309355014	-0.9029718540768823	16.944293731139453	16.98216794628605
-0.5479706082202517	-0.7220656915805747	13.549584204734074	13.579870499073623
-0.5435835976925163	-0.7310034554524295	13.619852598825661	13.65028329351823
-1.1389844867836114	-2.2545269919866815	38.020745220605875	38.11100215373718
-21.18000067226839	6.451946268146345	-2.214820396629607	22.25141497778656
0.27654828975439916	-18.098892464092117	155.6835187517829	156.7394474863304
-30.036329055631228	17.825729352483645	54.44656266315445	64.70406382847192
-2.3863443556239208	0.04488593882555048	225.86140464430002	225.8740152430717
-1.7220543986160277	0.03239097836677207	162.9880551065715	162.99715527563694
-1.627755654058633	0.07940677470901052	162.98825259149427	162.99639988887475
-1.627755654058633	0.07940677470901052	162.98825259149427	162.99639988887475
-1.9826931959813017	-0.8007878310804203	262.92210215764334	262.9307972384636
-1.3902542897421346	-0.5615083158468278	184.35962817212817	184.3657251181582
-1.3495014029401204	-0.48520746974784856	182.4192322268736	182.424869101098
-1.3495014029401204	-0.48520746974784856	182.4192322268736	182.424869101098
-7.251945164722834	1.0078052363060086	443.55179474232	443.6122191725557
-4.4115743741632505	0.015760526969402888	233.93074264074127	233.972337230925
-3.432809696813517	0.7527651941033442	288.18352608822363	288.2049540630657
-3.34725839442342	0.8564341834842253	280.9201028605694	280.9413494119858
-3.34725839442342	0.8564341834842253	280.9201028605694	280.9413494119858
-4.296716246934807	0.07103485236149254	225.7039207110708	225.74482638763493
-4.296716246934807	0.07103485236149254	225.7039207110708	225.74482638763493
2.5269001351746008	-0.7780305198013744	-3.7142541472225377	4.559192872981761
1.5875446876058028	0.7200772344292563	-2.6918663358931383	3.2070163281473043
0.9393554475688835	-1.498107754230657	-0.5289055179493474	1.8456588382148595
0.9253958719366957	-1.5019387590797102	-0.5328332843749761	1.8428480308373785
0.9353337716121709	-1.4499799346208104	-0.5602045553416651	1.8141444867889578
0.9353337716121709	-1.4499799346208104	-0.5602045553416651	1.8141444867889578
1.552866369252245	0.7105602684934749	-2.703754903522262	3.1979025054302137
1.287377931303106	0.8987303167506178	-2.7246716227618535	3.144661121987016
-0.07041524639019481	-0.5648354836270083	-0.1878743617114147	0.5994115500028504
1.3094828641346623	1.0243174267320279	-2.7016934948364386	3.1722419993138535
1.3094828641346623	1.0243174267320279	-2.7016934948364386	3.1722419993138535
-0.06714713707155337	-0.5476498749314423	-0.19935188397337264	0.5866602911166421
-0.06714713707155337	-0.5476498749314423	-0.19935188397337264	0.5866602911166421
-1.5111583536232016	-3.3213256587923436	-5.459356803151813	6.566534885736736
-1.8210211412457473	-3.236407610196535	-5.043121114451328	6.2628685752797635
-3.0446754912054654	-4.29999786729086	-1.5769884880343703	5.499720283509527
1.9905166329184742	0.39911287969106257	-1.8004914200837203	2.7135248129426577
-3.9337357311764856	-4.45568007804134	-2.5052892182392164	6.4501035516970395
-3.9863826440147694	-4.4701282664165	-2.477856540827201	6.4817487100039735
-3.746786439950447	-4.201457177874085	-2.3289282832025746	6.092171861693259
-3.4108827556111136	-3.8247917425042193	-2.120137202251568	5.546001695133606
-3.016796005863964	-3.382882754637772	-1.8751806795804615	4.905227461973017
-2.9890925894379548	-3.235390417673744	-1.9507128449182771	4.817437728329979
-2.9890925894379548	-3.235390417673744	-1.9507128449182771	4.817437728329979
1.7835838805204995	0.3628771479356434	-1.344958253506075	2.2631314559743516
1.388265209044946	0.282448011073915	-1.0468578300984916	1.7615244778437626
1.3717553068685542	0.27791710576836154	-1.0562471478631097	1.7534561805102693
0.22026375897484485	0.5769316330309223	-0.14615409420912095	0.6346079513869514
0.9118953438293869	-0.5676856158049748	-1.0590213112786142	1.5084250774340313
0.4873181783770075	-1.032517304303505	-1.5361120675154523	1.9139517430252675
0.030490415705229645	0.022922700632083737	0.23213423356573312	0.235247567569351
0.030930756071545187	0.023483823685157054	0.2326816958598918	0.23590034598166293
0.030930756071545187	0.023483823685157054	0.2326816958598918	0.23590034598166293
0.5003830548584395	-0.958632240626014	-1.5549685916562106	1.8940132775127023
0.5003830548584395	-0.958632240626014	-1.5549685916562106	1.8940132775127023
0.0	0.0	3.772347164099429	3.772347164099427
0.0	0.0	-55.20862793285684	55.20862793285685
-2.769153811608783	5.452907641700043	-52.42959553650604	52.785082198504455
2.769153811608783	-5.452907641700043	0.9933147677486165	6.195892898451819
4.209110256246391	-2.288074336407151	2.6983867595179003	5.4984710985968706
1.915078911504346	-1.6593939236742337	4.159592170936115	4.870659345481749
1.1482166285455917	-0.9949165462709666	2.4939509646028823	2.9202828243093166
-0.07888230214905517	-1.209792283314747	2.587379474432803	2.8573330801774635
0.16755889326629358	-1.3092924878427716	2.631867347212485	2.9443248011653576
0.14887747606020468	0.1799293413897535	-0.3425882961872665	0.41461525714269304
0.1444260320535467	0.1787077065761941	-0.3439342147443311	0.4136255156494278
0.14729504240768396	0.19493613389664724	-0.3397587315296794	0.41848765987435005
0.22361436332515056	0.5941156381445654	-0.13369906924124375	0.6487312356355368
0.3709094057328345	0.7890517720412126	-0.47345780077092314	1.067218895509887
0.3709094057328345	0.7890517720412126	-0.47345780077092314	1.067218895509887
0.1657220201367134	-1.309796591266252	2.6316155748540453	2.9442200040529025
0.4305020811477916	-1.2387443404879999	1.26257507938337	1.8204162749337178
-0.1514841920936671	-0.03995982829804995	1.2686814017000765	1.2783179367244877
0.435351728708338	-1.2236511144762068	1.2387799618826727	1.7948339677001421
0.435351728708338	-1.2236511144762068	1.2387799618826727	1.7948339677001421
-0.10454370033930194	-0.027577453841640412	0.8755543826207801	0.8822048391204148
-0.10291122067292914	-0.025583760569226746	0.8746984031417145	0.8811030272357032
-0.10291122067292914	-0.025583760569226746	0.8746984031417145	0.8811030272357032
0.2644648332260713	0.5728956884188324	0.07925437946991716	0.6359499779757392
0.2644648332260713	0.5728956884188324	0.07925437946991716	0.6359499779757392
0.2298481513548722	-0.41135916581882204	-0.1564402207246553	0.4965078837690175
0.2298481513548722	-0.41135916581882204	-0.1564402207246553	0.4965078837690175
1.3911175269025935	4.958953013204233	-25.325536927823023	25.843940172569482
1.108229443011604	5.648683961902094	-30.353936598761788	30.8949392302597
1.108229443011604	5.648683961902094	-30.353936598761788	30.8949392302597
0.8531620080271509	1.0290133349343935	-4.797188058546743	4.979936457875461
0.7590609649132456	1.2501228769304094	-5.621225630276034	5.808369680241722
0.7590609649132456	1.2501228769304094	-5.621225630276034	5.808369680241722
-18.56908798149303	7.312867905896298	-1.9539576307097057	20.055321386009396
-18.56439553538362	7.313210533820383	-1.9578061189849012	20.051477120294347
-18.556138735575995	7.303040503259251	-1.9602886804864277	20.040367189176763
-18.556138735575995	7.303040503259251	-1.9602886804864277	20.040367189176763
-0.8656183619305011	0.30289398240260823	602.1660708006199	602.166769145699
-7.233626219593402	0.17300812880580052	1221.0718272705972	1221.0932653299062
-2.980895894279781	1.6435281982659518	150.66901570383405	150.70753023041908
-1.1389844867836114	-2.2545269919866815	38.020745220605875	38.11100215373718
-14.84770699453654	5.381704784620932	-1.9111656942188318	15.908776932249697
-2.474163043433168	1.4700608084039766	0.22535471880015995	2.8901256166612086
-1.1888208634619155	0.12965655314810207	-0.42675974771811487	1.2768905003362698
0.8134731625354841	1.3683989007129707	-4.4594479693438505	4.737131000280966
-0.4152623125198881	0.15485092350893945	-2.5187535747517864	2.643367841728162
0.04963410532973264	2.3039611039818357	-12.063510018742814	12.28244495490541
0.21337386480851916	0.02274266714825554	-0.5531072648854901	0.6094694959236666
0.26592653624767837	0.2934755200971374	-5.653150570764883	5.693425664906524
0.055204449931008884	-0.029649510660739967	-0.7898520886965406	0.8037490573511703
0.3153819241646882	0.98367293290998	-5.970944708648775	6.061248938599235
0.09719356127700918	0.7048369056252138	-4.199186175889499	4.261176573678507
-0.01424493192817887	0.5254780837302545	-13.461926502395045	13.529157671067978
0.197819986551381	0.6247627464760434	-14.554435995299997	14.59704499944052
0.06891682980919635	-0.036513634561537986	-33.29870620786534	33.3120138761614
-0.3076114612010656	-0.40523319694347487	-27.762267305211488	27.77131694074633
0.3531019276768412	0.3693060195458314	-124.22111898736645	124.22316646299495
-0.6167879231476582	0.3880911456093107	-6.5915874128013785	6.633120404488578
-0.08388605164423876	-0.35014563182837044	-11.473572102284658	11.480068614968019
0.04954148156767036	-0.6003703665919068	-20.125926207299575	20.157720118363034
0.26521193051116404	-0.06377754183079266	-3.4341213009969787	3.447763599463951
-0.20208352521884168	0.2958597275001474	-6.342147813572335	6.353694139563352
-0.20192270991775824	0.09998368016130094	-1.7781145960531706	1.7974094230799105
0.39955035491254426	-0.10941261264828765	-18.68193148924177	18.687045126491785
0.027409235707616428	-0.2273730046583201	-2.132395769068394	2.3006903972098924
0.6713984766909095	0.8832767870442535	-1.2474461239135124	1.6752777125005092
-0.6885980436022613	-0.8190318736657303	0.7885894023511146	1.7353949359248881
0.7984494678841145	0.37079465010266077	0.5656592961062505	1.5902412292103985
0.3896343067901455	-1.3655050925363688	-0.5652002311505838	1.7108829460322659
-0.03280984863893782	0.10587410355869936	-0.22243984665618222	0.28281601396047934
-0.2572497450024456	0.02045265075523872	0.07629869351650612	0.7330399577174285
-0.22860647218427776	-0.958183074150073	-0.9959994004296172	1.4077891579595228
-0.2502511462677402	-0.2884606773477331	-0.10811274340442278	0.41921732343816775
-0.6743496863034018	-0.536677100573058	-0.6975767970215356	1.5215985325005095
-0.4264856190895002	-0.6338571349538127	-0.25892883319036036	0.8178805486618029
0.13112277199788636	-0.3213834226325157	-0.24394764029522692	0.4466214524460388
-0.2485346588477373	-0.5589483850850259	-0.36945581851625875	0.900460992033102
-0.6791620528569703	0.031911131262588203	-0.839808581375046	1.4219662704853473
1.3283640579157527	-0.5866514904824651	-1.4684245174611612	2.123370327457918
0.24844847117125812	0.15511732327217995	-0.9689617998611114	1.1262304110600752
0.7400780048489807	-0.3896247902078779	2.5536108847513104	2.837546286375755
-0.1418397717450628	0.4579729034762196	1.6768974935033425	1.749663593318705
0.20537564379074658	-0.09093319743583402	0.48074484452864963	0.5475246180759761
-0.8032388203237327	-0.48006206781632393	10.935388534858056	11.005091664918144
-0.12056579005607149	0.3826653033447615	38.83737702562314	38.84607309241788
-0.1086173931835433	-0.08537566115869769	2.597044295622631	2.6044587921382676
-1.5509979923195203	-0.2394060853654672	57.65455736270488	57.682205290066875
0.029798686123288967	-0.16438037687785217	22.915957127504967	22.923113653300742
-1.2013025789977976	0.9245985168322328	117.62224326622939	117.63209426456956
-1.084883586123894	-0.7968575553160919	61.64894497966318	61.66379692533816
-2.7883080750141183	0.2696259360895593	264.770284597126	264.7862377506582
-1.3306786715103547	0.3628368301763674	148.950036468418	148.95850081625593
-1.6022058746718666	-0.018965384775175897	563.1653092633594	563.1681313144239
-0.5879361978353732	-0.4679329434958869	149.8223768735283	149.82432620249213
-1.9424391019938456	0.6048686069884681	279.3349189314104	279.34236225445505
-1.6308898450650215	-0.9960053214447029	652.9554561311335	652.9589266334419
-0.884987764802758	-0.0012751324936167707	178.96316616096004	178.9654087445674
-4.9478537139494305	-0.48981541484562924	797.5333350467572	797.5510734262025
-0.6912208700950326	-0.6597331841673393	92.40623959973408	92.41280371653869
-1.8909276502626038	1.3996726304280034	120.44702388455698	120.4727663624623
-0.1125098590866491	0.3599618204833394	36.904939564360426	36.91022095493053
-0.9848232446115937	0.02185084086503275	54.573065492247544	54.58470455288745
-0.34875381912987385	0.7937711029447818	64.51762286377945	64.52358934051566
-0.1350376303323617	0.2629462331393863	49.16495243705003	49.17481790312415
0.5169712346663007	0.183195818228834	33.61941890565211	33.63698110877235
0.0565164251821767	-0.795127370706391	46.64655184239221	46.65357114103749
-0.904685903167715	-1.089431033740647	22.66125989944508	22.72955365480178
0.3302881493690044	-0.5083141241428749	-21.731010935426937	21.739912363460945
0.16296028464969864	-1.2442846892159376	-39.31461350057134	39.334884198716
-0.26318607562785434	0.22477715033256943	79.53368202167535	79.53454964481207
0.15252891963361492	0.203339063020569	81.56084630658883	81.56135409428461
3.2916648261543635	0.5490076843244562	230.20556968998366	230.22999301362782
0.8966508673671285	-0.40088673664852337	57.24781619703897	57.256241164454394
3.129988700227784	0.3710905518960317	129.3716123889914	129.41000204613914
2.094638234793848	-0.6742524242565509	102.89612516797754	102.9196516718066
-0.978344801590481	-0.2937848839172972	-75.06699479628801	75.07467000163646
1.6514110459798512	1.142913647980004	300.81191258137767	300.81861671265614
0.4520283652436741	0.17790860627099803	0.3354081062716432	0.5903217029069197
0.5025083447561214	-0.8460260854577308	26.748777680290097	26.76687098193231
0.872196859059156	-1.1878773383837853	16.45070027285207	16.51987346801462
-3.08598427215665	-0.5781357876592141	0.5917030807357562	3.211939048724732
-3.085425629773845	-0.5780949973175751	0.5910355830659815	3.2112720537567485
-3.0839657099735676	-0.5790676418684217	0.5919229944251021	3.210208196594266
-3.0839657099735676	-0.5790676418684217	0.5919229944251021	3.210208196594266
-29.702643533877684	17.662714530895485	53.18850584657238	63.44671521593054
-29.22757195249639	17.37992868080475	52.33593999991672	62.43086975898298
-29.225419682363587	17.38008583292338	52.329967406558694	62.424899102373935
-29.190841900268005	17.390777218996217	52.32179133348207	62.40484141051591
-29.190841900268005	17.390777218996217	52.32179133348207	62.40484141051591
-16.22504106968818	10.023723435666136	29.6322889897559	35.288485980838
-10.782328247918695	5.541780776860545	17.695487206478607	21.456941620878652
-0.4140883825883793	0.11260111456497655	0.8407531589740184	1.1927524312647149
-1.0593345877531255	1.069602714416346	3.1153580576048188	3.462827652003515
-3.0094193145744113	-0.425282975116056	1.7430283942097105	3.6770042242671366
-1.5050141624328859	-0.5015644682884551	0.8411475516099354	2.1582516653653787
0.2676601430250388	-17.557637512310016	151.0853479496358	152.10974538808605
-2.697951902623192	5.609399995199489	-47.592983814462904	47.99829602328332
-0.6635115628726503	0.12514029823536466	-0.19574388658517006	0.7030102114789022
-0.5253093005892651	0.004516254912737425	-0.23101586113294487	0.5738802888573676
-0.3762538167791819	0.06748094149682826	-2.4128452160485563	2.446921010906279
-0.039008495740706195	0.0873699820121112	-0.10590835870322984	0.19644683082188275
0.16472625465757995	0.2157590047618243	-2.289330127926331	2.3095884712737282
-0.038682319911324606	0.07002175174681873	-1.9617103460299607	1.9682953625440476
0.13988260150142307	0.007694763588494441	-1.402110096808592	1.4155418310887493
0.001505561129415623	-0.04047011311072506	-0.06337459636069095	0.07520928289373463
0.05369888880159324	0.0108206024499851	-0.7264774923358495	0.7285397744574357
0.02504480136143052	0.3271628760362416	-1.5605132161610307	1.5946360987212038
0.07214875991557865	0.3776740295889722	-2.638672959728468	2.666540474957303
-0.2147912578669251	0.3564842516586794	-11.420483194322422	11.46651661538227
0.20054632593874622	0.16899383207157503	-2.041443308072621	2.062641055685708
0.472285972263589	0.49293033165772887	-12.074941272316366	12.095028766656753
-0.274465985712208	0.13183241481831445	-2.4794947229836306	2.502016232783768
0.3531019276768412	0.3693060195458314	-124.22111898736645	124.22316646299495
-0.5886496442721221	0.3605510047155914	-5.867990542662298	5.908453134237191
-0.028138278875536098	0.027540140893719246	-0.7235968701390801	0.7246672702513866
0.01354580198512749	-0.4390549913599885	-13.615318549197573	13.645014811275109
0.035995679582542864	-0.16131537523191822	-6.510607658102	6.512705307087926
-0.05734940813949128	0.020881309169536205	-1.7383782446712381	1.7394493109121747
-0.1447341170793504	0.2749784183306112	-4.603769568901096	4.614244828651176
-0.0713091044610141	0.017183072317660766	-1.0744795513355976	1.076980293501999
-0.13061360545674414	0.08280060784364017	-0.703635044717573	0.7204291295779114
0.03854912397272726	-0.37439953457465813	-2.042382455105007	2.0814578843372114
-0.011139888265110826	0.14702652991633797	-0.0900133139633873	0.21923251287268108
-0.6189467292614276	-0.7605869251533536	0.6003435284757499	1.4840318289916714
-0.06965131434083366	-0.05844494851237665	0.18824587387536473	0.2513631069332166
0.6774667833239245	0.3177451653326401	0.6660344479528519	1.3734325259580074
0.12098268456018987	0.053049484770020645	-0.10037515184660138	0.21680870325239104
0.1418190798528447	-0.500920141938937	0.14363814865778682	0.5578040360738427
0.24781522693730088	-0.864584950597432	-0.7088383798083708	1.1530789099584233
0.0035292192434424885	0.004615384537737015	-0.15655475536220756	0.15666253090455332
-0.0363390678823803	0.10125871902096231	-0.0658850912939746	0.126153483055926
-0.3393518741299149	0.09656758673759444	-0.18040588393080456	0.4201321948395093
0.08210212912746935	-0.07611493598235572	0.2567045774473107	0.31290776287791916
-0.15987135235243227	-0.08307024642388144	-0.05824958259465833	0.18934764064115467
-0.09037979391530793	-0.20539043092385167	-0.04986316080976444	0.2298696827970131
-0.5920528100524947	-0.35533245466408014	0.0787487379367634	0.7088503592827538
-0.08229687625090715	-0.1813446459089778	-0.7763255349582991	0.8127481732177558
-0.16411191009851492	-0.1485461156596	-0.043344414023975514	0.22556020424893242
-0.26237370899098533	-0.4853110192942127	-0.21558441916638485	0.5923203444128705
-0.07537718061379313	-0.5356287664048507	-0.45416348003288	0.7062891485455817
-0.17315747823394412	-0.02331961868017518	0.08470766151662128	0.19417184348752037
-0.38009055398208	-0.05283346430937981	-0.8793259144878044	1.0807821150292731
-0.2990714988748902	0.084744595571968	0.0395173331127584	0.3411841554560743
0.7246941754941083	-0.3763062333211337	2.517036445376439	2.691835886339411
0.01538382935487237	-0.013318556886744187	0.03657443937487187	0.14571040003634403
0.10455562909253893	-0.07544514251332567	0.3908344133681639	0.4115524119436423
0.10082001469820767	-0.015488054922508342	0.08991043116048573	0.13597220613233382
-0.24389132522281431	-0.5849664754683661	5.455015390697036	5.493481724151121
-0.5593474951009184	0.10490440765204215	5.48037314416102	5.5116099407670225
0.170846617572894	0.39077569655054684	15.614548407420285	15.620995357669182
-0.2914124076289655	-0.008110393205785271	23.222828618202858	23.2250777347487
-1.2959445601468342	0.13293287640979956	43.83340055145094	43.852977403381004
-0.2550534321726864	-0.37233896177526676	13.821156811253937	13.829227886685869
-0.23593423192743537	-0.15925642178334742	14.987486076675529	14.990189007087842
0.26573291805072435	-0.005123955094504744	7.9284710508294385	7.932924646212898
-1.665533113712479	-0.11233863224189392	133.0449138150995	133.05545908519997
-1.1227749613016396	0.3819645683314533	131.72537078202652	131.73077866545825
-0.6201140009727626	0.2275712852013071	50.68424816718827	50.6887445309319
-0.22230216128008123	0.24667961060238544	45.06657693269769	45.06801643401734
-0.4882625092575109	-0.11141406562732514	53.199211368532055	53.20173985130671
-0.13278237972356488	0.051721552326075615	42.30685630553146	42.307326511150855
-0.30113545744260684	0.11075261202346434	162.3186066322367	162.31898375581488
-1.1682880375056954	-0.18143954912471588	358.53984632559144	358.54182104745837
-1.9043045207133185	-0.7298040459371068	306.10225053381515	306.11048587610406
-3.0435491932361125	0.2399886310914775	491.43108451294205	491.4405875500984
-0.7346098547943302	-0.40714256557993883	74.39242684542315	74.39716788063308
0.043388984699297584	-0.2525906185874004	18.01381275431092	18.015635835905606
-0.6963301863530117	0.536150387416957	48.0246542461142	48.035272083514506
-1.194597463909592	0.8635222430110463	72.42236963844277	72.43749427894778
-0.1125098590866491	0.3599618204833394	36.904939564360426	36.91022095493053
-0.11432426740651103	-0.033419549652607176	6.832025001874927	6.834396252125063
-0.2526409878028728	-0.063126854517362	12.980264113494385	12.983577647357043
-0.6178579894022099	0.11839724503500193	34.760776376878226	34.76673065340535
-0.34036799203171564	0.659683291364102	53.60557196998425	53.61071141706726
-0.008385827098158265	0.13408781158067987	10.912050893795213	10.912877923448404
-0.5688934770819949	-0.08959354396147579	12.187332948177726	12.201730654543413
-0.3357924260857203	-0.9998374897791714	10.473926951267359	10.52782300025837
-0.030383196857959524	0.015068130552346029	21.124307925634167	21.12433514987442
-0.23280287876989483	0.2097090197802234	58.409374096041184	58.41021449493766
0.04468023994947693	0.11626589643157526	22.46995607048353	22.470301286186046
0.107848679684138	0.08707316658899378	59.09089023610531	59.09105280809857
3.3756703051564045	0.6286170522473071	235.8993530136429	235.9245726109075
2.9912891021609767	-1.0751391609050742	160.14394136501653	160.175892836261
0.6114859616713093	0.09062150380155107	22.30496184721191	22.313526174584137
0.6114356137515363	0.09060768653877228	22.290731750331574	22.299300106233463
0.6523017200801132	0.13786066288381515	22.294058145029634	22.30402501053009
3.7822904203078975	0.5089512147798468	151.66567053402102	151.71402705666924
-0.978344801590481	-0.2937848839172972	-75.06699479628801	75.07467000163646
1.1911797211481274	0.7976389236935646	286.55831285811473	286.56189873231546
0.42590441979631577	0.16762678530090103	0.31602396194674043	0.5562054103268572
0.3512537079168944	-0.5913728649727934	18.69741555639567	18.71006278774334
0.8817440067663226	-1.1831616845776702	16.451424957077627	16.52076351697092
-10.475351802339283	5.942242215585855	18.100055880988883	21.76036875343427
-5.749689267348898	4.08148122008028	11.532233108767016	13.52811722740372
-2.3860898697658355	1.2858616608524633	4.172464635507645	4.977530110095905
-2.8250529533842017	1.4000247516456101	4.529228915408004	5.520361206272025
-5.57118542476866	2.8558943643624723	8.993793655562959	10.959050304510724
0.144172507300529	0.1433638982515971	0.3924700320906217	0.4635206901233531
-0.5582608898889083	-0.030762783686620526	0.4482831268833968	0.7292317411413618
-2.600411157184197	-0.4489059647572331	1.43799009903016	3.1486921191840023
-0.4090081573902145	0.023622989641177088	0.30503829517955056	0.5283121050831339
-1.4211493392466983	-0.3278152474734122	0.649198065435366	1.8523979577786205
-0.08386482318618754	-0.17374922081504285	0.19194948617456922	0.3058537075867582
0.2544620625310382	-16.13912274520763	139.11740664755843	140.05869793150399
-2.8113854801641533	5.640486522639349	-44.25276021563991	44.69928146215629
0.042150756232187794	0.06440667446660947	-0.02885446276011303	0.08220392927328894
-0.08115925197289399	0.02296330754550173	-0.07705389594311679	0.11424290154859379
0.08207193634511659	0.04594458921353391	-1.1570424669048862	1.1608591552099605
0.057810665156306465	-0.038249825625039466	-0.24506762990370573	0.25468267587878896
0.12160386423869758	0.0436647580923242	-1.309653759170128	1.3160118083837595
0.07894246170004865	0.12532907397925086	-0.731789548902493	0.7466292473019488
-0.017286905703792932	0.04272168309802103	-12.41754110255381	12.418410961062166
0.3703888333806341	0.3265843364478104	-111.80357788481264	111.80475550193279
-0.14510849946801502	0.07924705188513148	-1.3763025269138114	1.3932067335251033
0.1586543014531425	-0.51830204324512	-12.23901602228376	12.251808077750004
-0.022992023173833698	-0.006711013554313729	-0.056601204679056355	0.061460289648460946
0.011852134908722872	0.1537375434706517	-0.03341210928433096	0.15777222322422013
0.010279909042438515	-0.23673610564094086	-0.21175642449768026	0.3177899362157355
0.23753531789486237	-0.6278488449564912	-0.49708195531069055	0.8352889737426878
-0.1189931102682722	-0.13009689339503674	-0.6063339476889271	0.6314470825670155
0.036696234017365034	-0.05124775251394106	-0.1699915872693721	0.1813010906507403
-0.38009055398208	-0.05283346430937981	-0.8793259144878044	1.0807821150292731
-0.05334951796603596	-0.024309729834665627	-0.02653703702780301	0.06435330889750594
-0.24572198090885428	0.10905432540663364	0.06605437014056141	0.2768308465585683
-1.0283497548955358	0.30741199239287786	118.40028480096484	118.4051495767859
-0.09442520640610358	0.07455257593857548	13.325085981061676	13.32562908867234
0.006533046176278938	0.0036374473586993613	0.31521692443090676	0.3153055996383638
-0.49479555543378984	-0.11505151298602449	52.88399444410115	52.88643425166835
-0.017669279677868733	0.006163277285618102	2.692272263085737	2.6923372983361724
-1.1506187578278266	-0.18760282641033396	355.84757406250566	355.84948374912216
-0.6963301863530117	0.536150387416957	48.0246542461142	48.035272083514506
-0.005561617597422932	0.003275631607773613	0.08729384392578299	0.0875321457526847
-1.189035846312169	0.8602466114032727	72.335075794517	72.3499621331951
0.006181852108594003	-0.04532662092436111	3.256502750623075	3.256824048467397
-0.12050611951510502	0.011907071271753944	3.575522251251851	3.5775722036576654
-0.16516942418086816	-0.07095503661151037	5.8214972970026775	5.824272172118527
-0.08747156362200462	0.007828182094148366	7.158766816491708	7.159305475238516
-0.5100886724042935	0.05440116844745718	26.02566684507557	26.030721939118582
-0.10776931699791645	0.06399607658754475	8.735109531802651	8.736008714286763
3.3756703051564045	0.6286170522473071	235.8993530136429	235.9245726109075
2.9912891021609767	-1.0751391609050742	160.14394136501653	160.175892836261
3.7822904203078975	0.5089512147798468	151.66567053402102	151.71402705666924
-2.9125864562385644	5.6227653481035444	-44.425298785008685	44.87433366816928
-2.9038137383491	5.605829564428552	-44.291489670926836	44.73917205986564
-1.1578014109203045	3.853265962187649	-21.947760346683353	22.313501449076277
-1.7198883819814315	1.762845423210987	-22.324345179918478	22.45978690336932
-1.325915451028745	2.440522346454669	-16.18789812094843	16.427755375614378
-0.95170949350517	1.1785199098927368	-16.70913102361913	16.780900443734026
-1.1485905028487344	1.1244887472445988	-16.71271069009844	16.793073979972977
-0.4293177920048621	0.8121764210724017	-12.455539173460584	12.493730443990259
-1.3026424760559772	1.8681757995033839	-13.290260902573467	13.483990251284975
-1.2034981963509215	2.4390302379182236	-13.250571610616625	13.526822406543905
-0.6000648483677704	1.9970691290511327	-11.375076382033495	11.564632533096411
-0.7349226806054326	1.9600593357129994	-11.379784592104464	11.570714814076196
-0.15155291539337026	0.4041958623818803	-2.3466952061694846	2.3860680987745724
-0.13402018549753605	0.5051132861901738	-2.337962623888686	2.395656501401462
-1.3375183818484575	2.9441435241083975	-15.58853423450531	15.922478907945367
-1.3375183818484575	2.9441435241083975	-15.58853423450531	15.922478907945367
-0.3370842027759784	1.3439416417987926	-12.435184607627992	12.516489968122443
-0.3370842027759784	1.3439416417987926	-12.435184607627992	12.516489968122443
-1.0568378978578352	1.737014612829623	-12.292510648906607	12.483268027949471
0.12642518447624168	1.5633932075800412	-14.717973867530127	14.801973388672776
-0.5553475436205269	0.07105429494009974	-20.370125768801	20.39940768837922
-0.29612071677771806	0.5256671454319332	-7.6034851573338935	7.68503687365183
-0.6687329234202981	0.3978319170278243	-20.191470345502903	20.221077779459993
-0.20233348901476955	-0.3006608958197276	-27.915147850346184	27.922875119590373
1.1911586405309216	0.7976331384212278	286.41529625560037	286.4188838165419
0.9234612885010987	0.11359708789404388	-0.3390665889097857	0.9902783454428503
-0.6194426586751854	0.27768385486430575	-0.8294390201513305	1.0718146382600313
0.35117935744410794	-0.5913932693911854	18.68750866381412	18.700161844227544
0.8817440067663226	-1.1831616845776702	16.451424957077627	16.52076351697092
-7.6255163599072455	4.625375158140253	13.1354296154073	15.884767112944184
-2.849835442432038	1.3168670574456025	4.964626265581584	5.875601640490086
-2.989597317987796	2.1647089146284455	6.554081685269203	7.521944133398818
-2.7600919493611014	1.9167723054518344	4.978151423497813	6.006173094004903
-3.1904988752104804	1.7057395318585937	5.236876618998417	6.365037874661611
-2.3806865495581793	1.1501548325038784	3.7569170365645412	4.594012429849112
-0.3708643394599803	-0.08307755854135791	0.31149121545981273	0.491394969779822
-0.18739655042892803	0.052314774854737386	0.13679191142358404	0.23783677136153983
-0.058506846337324336	0.05362673685511021	0.049940237714824406	0.09377049278466915
-0.3505013110528902	-0.03000374721393313	0.25509805746472614	0.4345416122984648
0.25466274873336975	-16.13910809172088	139.1171828057611	140.05847427029687
0.0648301246929962	-0.010442088636190935	-0.15793041052096768	0.22075729149932272
-0.44492067867507623	-0.04239137567318888	-0.7213955039668367	0.8600248235299505
-0.6641196876568162	0.4860475555809678	44.02339547293442	44.031294163953454
-0.03221049869619555	0.050102831835989195	4.001258773179785	4.003977919561051
-1.2040296610583419	2.2168681889972186	-14.70336854994056	14.92186780223834
-1.3781903345335054	2.1690722959000595	-14.706337310834153	14.932834303074412
-1.2684228571789926	2.8010280938192436	-14.660178136076834	14.982802738756327
-1.2684228571789926	2.8010280938192436	-14.660178136076834	14.982802738756327
-0.6306197380294127	0.27461646611750407	-0.8267157739303399	1.0754322053576382
-0.6233604000975228	0.3154174625427307	-0.8225182644964172	1.0791675771245335
-0.6233604000975228	0.3154174625427307	-0.8225182644964172	1.0791675771245335
0.9156463429494279	0.11145238843523615	-0.34511711148679164	0.9848531265552052
1.0951526630000599	0.13521880058519176	0.27269736370028497	1.1366650040697595
-0.1716561613660587	-0.03698624102457898	-0.20007947647296964	0.26620596662313156
1.0996465672824633	0.15514273024145808	0.278649180953675	1.1449616612485471
1.0996465672824633	0.15514273024145808	0.278649180953675	1.1449616612485471
-0.1698751527009664	-0.02698397432295602	-0.20121066226207415	0.264710092333822
-0.1698751527009664	-0.02698397432295602	-0.20121066226207415	0.264710092333822
0.34332919875953305	-0.5781734405165615	18.269773665099994	18.282144000089836
0.37682763130916064	-0.5393566868541465	18.258847450983026	18.270698260812072
0.37682763130916064	-0.5393566868541465	18.258847450983026	18.270698260812072
1.715703230706613	1.4022791137353465	286.43207025715105	286.44064113893836
1.715703230706613	1.4022791137353465	286.43207025715105	286.44064113893836
1.8468250023969757	0.19369860880835782	158.20962073809346	158.22128837730494
2.3229047081642227	1.3811690087912392	209.3114976778491	209.33140520739454
1.5553413690956372	-0.07374483229526776	106.29572588876786	106.30829451649991
0.5788323131990794	0.19774621537815779	30.32410025305158	30.334795171158603
0.5491316298510878	-0.1596720591207998	63.3566280720616	63.35936269534134
0.9458379864737638	0.017838238133357942	57.146844284133984	57.15951030334772
1.5775097340185702	0.2564737750355334	100.51197977520567	100.52477611857665
1.1170912302725777	-0.24489650878771665	25.43809207924446	25.464168463426958
0.8312204313674166	0.42945990160334935	37.62448093395631	37.64429569204438
0.5525399816445462	-0.560361813043282	46.85990415682481	46.86670612471117
0.2809931097135334	-0.375615198382105	11.75068505726407	11.783460637983357
-0.31078073177510535	-0.43239496560690804	1.9771917474527767	2.1196643362146363
0.10862387958566155	0.1167048268129996	2.1330015260987816	2.281715831856791
0.5592522219282063	0.6697845716946311	1.2549995480667797	1.9690854351612095
-0.5009682927786866	0.32363428769223634	-1.5326376641758463	1.8269008592881804
0.679797448794397	-0.0883297779007894	-0.9831102238944213	1.2977088061183497
-0.1858607965382482	0.13103176884170048	-0.3943194214425125	0.47611044008966524
0.10142244221426505	0.10567684235488631	-1.1691613774918899	1.425612040354938
-0.4772458442072526	0.4386326722881799	-1.9368573326570693	2.0468996420145316
0.30140797568292527	0.21559520272380733	-1.3453694413282724	1.4019866594596206
-0.0199502449802203	0.7190878803422148	-1.8509387072853851	1.9907132578443147
-1.1341567071773206	0.9084371999199734	-5.987732830863063	6.163013356859543
-0.4062534934901711	0.1742146695496289	-3.209919506793561	3.243216871726755
-0.6505844043676643	1.5627999432799944	-9.082591142113047	9.240051156222718
-0.0621609187297236	-0.10079262271653641	-8.743902859795925	8.745818437348145
-0.6065720046905745	0.49862453974436066	-11.447567485706976	11.475259342111846
-0.04250065054123169	-0.10702773954221675	-6.7272038093375865	6.729543218903798
0.04026130356337032	-0.18290601099160617	-8.771323185048447	8.774360694568575
-0.20009414203690812	-0.010727145285904655	-12.416620855960144	12.418971206117996
0.33555169218117753	-16.099383129710855	139.1288099550495	140.0656220905174
0.33555169218117753	-16.099383129710855	139.1288099550495	140.0656220905174
0.7195617593370226	-0.7596898301745341	10.926970476133983	10.977844111426185
0.497733939611034	-16.522854984114726	144.65326443599636	145.6085414960655
-0.36873025099625567	0.21927589165534833	19.98812829798854	19.992731598546285
-0.2953894366605605	0.26677166392561946	24.035267174945876	24.038562565407165
-0.05822358030034979	0.08533662765057323	2.664695613711435	2.666697402978959
0.02601308160415424	-0.03523379581458404	1.3365631594683502	1.3372805165820922
1.4071270752187104	0.827071723119534	122.65913226477566	122.67100063951881
0.9157776329455121	0.554097285671705	86.65236541307341	86.6604045678757
1.5553413690956372	-0.07374483229526776	106.29572588876786	106.30829451649991
0.6027038353163082	0.10551168171824124	21.85431531648184	21.86332459543143
-0.023871522117228844	0.09223453365991656	8.46978493656974	8.471470575727176
0.5213327886498074	0.29476020559226906	39.65530360398536	39.6600712955042
0.42450519782395657	-0.2769219674589111	17.49154068014863	17.49943900784352
0.7752962133123894	0.062204110720471134	47.255762241062044	47.26216265209995
0.8022135207061807	0.19426966431506232	53.25621753414363	53.2626134664767
0.587345024316993	0.4404158196229756	26.23232876632997	26.242970345627555
0.04669485608458035	-0.12428618120201249	4.951074000496341	4.95481997732646
0.19718055096584336	0.11333026318238631	6.441078167130007	6.446505369090375
0.0876644997626872	-0.13415303745483761	7.164496117976108	7.166288211234022
0.4648754818818589	-0.4262087755884444	39.6954080388487	39.70041791347715
0.34862903157956515	-0.3933376800119831	11.169288593473961	11.18251958198083
-0.06763592186603179	0.017722481629878127	0.5813964637901071	0.6009410560025248
-0.15177817805449917	-0.2010336839535496	0.4897194888116898	0.567006115963013
-0.103680296874229	-0.20793630679408617	1.1967552023905628	1.2265519664865285
-0.0553222568463772	-0.02342497485927228	0.2907170562505242	0.326106253765095
-0.2804194004903493	0.15328447524122685	1.3644190596882	1.4082792073526391
0.38904328007601086	-0.03657964842822725	0.7685824664105817	0.8734366245041523
-0.353810305047696	0.27665478141845645	0.19362318766107764	0.5086151037274401
0.9130625269759023	0.3931297902761747	1.061376360405702	1.4604703314337693
-0.21052316467654134	0.2513759854912745	-1.281870660087203	1.4122401426597169
-0.29044512810214523	0.07225830220096185	-0.2507670040886434	0.4146607166284635
0.679797448794397	-0.0883297779007894	-0.9831102238944213	1.2977088061183497
-0.21139092559551348	0.29562732403429137	-0.7887876903706066	0.8796291511313161
0.31281336780977853	-0.18995048167940506	-0.38037368712128344	0.5459828892236218
-0.16939974700572835	0.19675871019230867	-0.9605585995053362	0.9950291892230086
-0.3078460972015242	0.2418739620958712	-0.9762987331517328	1.0518704527915228
0.12257542692572139	0.1699818522346911	-0.689443015310987	0.7205902002777063
0.1788325487572039	0.04561335048911624	-0.6559264260172855	0.6813964591819144
-0.708125086645726	0.6224078526722593	-4.075758544742556	4.183376673029464
-0.4260316205315946	0.2860293472477141	-1.9119742861205065	1.9796366838300787
-0.028233659831124712	0.0027884061760842533	-0.21108995903693356	0.21298799394021428
-0.5783383448594497	0.4958361335682763	-11.236477526670042	11.26227134817163
0.024145044255736145	-0.08350031136093333	-2.097877460130572	2.099677385429339
-0.06664569479696784	-0.023527428181283415	-4.629326349207015	4.629865833474459
-0.040859138667167144	-0.09065684108336773	-5.136087329004652	5.137049852124269
0.08112044223053747	-0.09224916990823843	-3.635235856043795	3.6373108424443057
-0.15783974581562255	0.005442085289485901	-5.671307573981092	5.673506199903789
-0.04225439622128557	-0.016169230575390554	-6.745313281979052	6.745465006214207
0.3579479727433991	-15.253990712748603	132.74486110104746	133.6319131456697
0.13978596686763478	-1.2688642713661218	11.908403334948874	11.976628350395787
0.8231594323780076	0.4805889517601336	63.38629768341554	63.393617746482455
0.09261820056750453	0.07350833391157141	23.266067729657877	23.266786821393243
1.2246349785431596	0.00647751653873823	90.14945374246382	90.15787265931866
0.33070639055247764	-0.080222348834006	16.146272146304053	16.150421857181275
0.21358168968829877	0.08257886289544968	5.428450720557178	5.433278350341069
-0.01640113872245541	0.030751400286936632	1.0126274465728287	1.013227018749307
0.010974235920056336	-0.0023684829252873536	0.4213805640759159	0.42153009779413514
-0.07861015778608813	0.020090964555165482	0.1600158997141912	0.17941095820838973
-0.15520904571499328	-0.13298257764792046	0.4312039199959357	0.47719077364247675
0.003430867660494122	-0.06805110630562912	0.05851556881575403	0.08981534232053623
-0.1286914635261062	-0.1627533721424657	1.0652739674486775	1.085292024596183
0.025011166651877203	-0.045182934651620425	0.13148123494188504	0.1412599418903454
0.003783390041643228	0.05180741821598253	0.10883747361886605	0.1205981686683106
-0.05910564688802042	-0.07523239307525481	0.18187958263165815	0.2055080850967844
0.4075867280612189	0.12973523480853516	0.3802585685374687	0.5723239912747329
0.5054757989146834	0.2633945554676395	0.6811177918682332	0.8881463401590364
0.38546436037434395	-6.431441293548201	56.48645732459	56.852720965924995
0.22580696973868714	-3.0312279262503914	28.697065572838408	28.857596989705343
-0.25332335736963196	-5.7913214929500105	47.56133820361905	47.92159519003936
0.26165110788994156	0.05380350329032096	18.25454393178683	18.2564983027075
0.9629838706532182	-0.04732598675158273	71.894909810677	71.90137435661116
0.2067314448673357	-0.05336598374305056	6.960376455355745	6.963650351560479
0.1239749456851419	-0.02685636509095544	9.185895690948309	9.186771505620797
-0.28879111149416065	-5.469546353756847	45.421264199603925	45.752970385042715
0.035467754124528676	-0.3217751391931636	2.140074004015126	2.1686248049966492
0.08671746272943327	-0.22190405030273672	1.416884568586397	1.4367752804740386
-0.051249708604904604	-0.09987108889042688	0.723189435428729	0.7318495245226108
