-0.08566411285824026	0.3298216020339054	6.8853838721359795	6.895223816597273
0.34218793098215583	0.03878899917323883	8.904975878305514	8.912725304006052
-0.45971250611743175	-0.5203041567560911	115.97980884820791	115.98293767797519
0.46588035862969945	0.0015149603017027835	773.6197020858554	773.6199998850557
0.719204590528572	-0.47075955002462944	3660.827528496998	3660.8277499853807
-0.0006821097818647814	0.054146399499481766	0.5522791864049732	0.5722100859724958
-0.8359405380613907	0.8013309000011778	1.7138467759174723	2.1264803098532985
-0.2925468666329933	-0.024549318112693827	0.9806707777668452	1.033141470207449
-1.6675307466998808	0.6484111150255533	1.737814886207297	2.498114514769454
0.9651287449444501	0.10128008190572897	-1.0663659589656698	1.5240037566061486
-0.4118531273815576	-0.15430995047319102	-1.0379818394795939	1.1359228157486974
0.12470402969250491	0.40201560038316514	-2.0980593963466285	2.144411493503839
-0.6221683768750729	-0.04367372386906719	-29.67902002569982	29.689677507706794
0.4848082300876351	0.7458449061090494	-1557.9646712792453	1557.9650034573413
-0.125779803789657	0.11304071596831086	-182.97618563940642	182.9763170186074
0.7348126174813907	-0.925754836854328	-10.56395454923679	10.630784877139114
-0.28206418522613114	0.2102900477287835	3.7265676084810586	3.7431388231457974
-0.019574108070602128	-0.2751647866639786	2.596286593582038	2.6109007797196004
-0.26116143477345066	-0.02769192338737156	10.69905266949445	10.702275466565515
-0.26458913087988345	0.7117218956257868	30.27217260849243	30.281693973475992
0.17796299542801125	0.2041365540306811	406.32675686880015	406.32687109008975
0.3910051603436764	-0.607946328673471	281.2407308858573	281.24169440673273
0.10120917823134057	-0.23207126812159057	79.61904926532709	79.61957413896864
-0.40002664062815885	0.12811850444239242	17.23383603067485	17.23895414451177
-0.018846285098876717	-0.02471963280263792	1.6450031534547507	1.6452968174721543
-0.5490426874333931	-0.7187189041681207	27.203522859949185	27.2189114498084
-0.11106337640835218	0.05513092615022151	7.295739995645626	7.296793581886543
-0.12050192323782198	0.017649671026096235	2.6108240522223514	2.6136630341446243
0.11390993172079245	0.05333900186614044	7.680475754985462	7.682773465974655
-0.028389978126851317	-0.1342320806136281	41.92379735757494	41.92425418425749
0.06932337500030024	0.20620288277807627	2.8223330375533178	2.8341434189102634
-0.07091087283721921	0.06176207307889428	3.981097354722514	3.9846529131451516
-0.36242637941269285	-0.18459887387111934	1.8289357643067508	1.8736156635470889
-0.04349997276888334	-0.033839567250944	0.09955614914838799	0.11379275361762213
-0.13485963016702812	0.09421607034840301	5.339536068031171	5.343892681787917
0.05312882052501236	0.06140443020554732	2.139580230872903	2.1456645881547733
-0.11641327254144257	0.08359465530919252	0.6789179729937451	0.7077778714921842
-0.30537115623445277	-0.10187235733504055	0.8905438726193214	0.9571717161558753
-1.1471916583887205	0.30244251666503114	5.060418871600853	5.199503737657796
-0.2058859614671772	-0.3493969785463298	1.1563557209034663	1.3225889547069203
-0.026433755014324198	0.08842022370012823	0.051809299022186776	0.10583516820276881
0.1248425947119649	0.1043594585382174	0.0816849856797136	0.1820686873855601
-0.2874910505888687	-0.04545743069860113	0.3458431287750509	0.47308005326300345
0.0346962882705196	0.11082447060188617	0.41019092301524146	0.44857805778708715
-0.4062798343261907	0.6099419939318006	0.8970678049821806	1.1667488895975713
0.9162813497787041	0.25890726776551304	-0.4841979837312948	1.1784175341548249
-0.2346786223615663	-0.061987338180574315	-0.3723469142246007	0.4444757703416663
-0.04016817690607585	-0.03946926855856586	-0.012508068378364934	0.057686717457867666
0.6642011798421729	1.1047086426547734	-0.23285215280724464	1.4012067048179775
-0.08321355676554168	-0.10906644865416287	-2.8906542831254916	2.8939077681922325
0.002837436113991572	0.03249510987718163	-1.263725844118166	1.264146744765734
0.06532832837810588	-0.07145858565655933	-0.11867943980587886	0.153163081012856
0.10782614478426653	0.7488382323723031	-2.5087432601687154	2.6203392759723823
0.005784131430231099	0.20261968658747945	-0.39998191072498845	0.46963124616705737
-0.0066583919831395486	0.12474818515795877	-0.30332456406015945	0.3280430384054679
0.19273842525206464	-0.010227081234029739	-3.0032676099233093	3.1527227622284966
-0.08171690318807509	0.1807903015687327	-0.9592819789847389	0.989476874673097
0.15528130735573814	0.09142042034335024	-1.9384876985372512	1.9518412640248466
0.14759550014523126	-0.1873452570435856	-0.39891751697922084	0.6809064359019635
-0.18560454532440152	0.6278328807390018	-4.81116273332922	4.855503065590425
-0.007040833123522738	-0.003490869552969539	-0.16501494908681655	0.16520197614869428
0.2685728999411769	-0.5684134830523238	-48.123409961040586	48.13004811457264
-0.17434429480047886	0.05949446350248222	-24.88599204905319	24.887065226232586
0.6820466195217342	0.5671375273588466	-376.2623118863693	376.26338336121205
0.4176346863580685	-0.03979680868426133	-490.178751947324	490.17895134627946
-0.5406456985521649	-0.6256965828346357	-944.6282272367126	944.6285994856096
0.07431371127521666	0.50607358847384	-371.18310580461315	371.183484475735
-0.022457170048216332	0.03370756224534081	-23.05600578217523	23.05604135908712
0.04114713553365709	0.2983841455510182	-447.0286281233244	447.0287296002421
0.23709271790117492	0.23140698867722517	-56.333056758406606	56.33403097504341
0.19653454441252372	0.3919202342610452	-84.51091021552692	84.51204750066125
0.2725835368474544	-0.665190703644023	-18.817400494336567	18.831644155674056
0.04494818401608455	-0.0872453732110717	-0.9301979065079896	0.9457166724579449
-0.04010594532837338	-0.12393362631223612	-0.979776360098691	0.9982031513123076
0.26522279475844046	-0.8973976710690145	-3.9644010909835368	4.073345273984398
0.14245903565642046	-0.8222836951364053	-3.1906010469113815	3.2979357320419913
0.3051581295827853	-0.2446306309458846	-2.808959314936037	2.839489011690901
1.3333972329947625	-1.195578628630368	-9.466306337001784	9.635236991846948
-0.03045092793131557	-0.15317135610502053	-1.105568507832141	1.1252334130095474
0.3975314087809194	-0.3978158048512024	-1.8765510189929184	1.9639786524654779
0.3649479478311917	-0.537566453364608	-2.58398490096479	2.668074670942178
0.605297884903925	-0.6819925265312164	-3.085165540650096	3.2201281859311743
0.3062770157811985	-0.5857754735727618	-2.3114088593229543	2.4040693481661193
-0.0654396175098238	-0.7497700606955823	-1.489225459615845	1.668601197717212
-0.09982018911831039	-0.17448159528415974	-0.5063801426936022	0.5624131320149925
-0.03978224178103226	-0.04048309797435348	-1.0615348511517417	1.072174208369366
-0.2945561656554314	0.5425420723993337	-0.8816830413611424	1.085338659300786
-0.39413551917513784	0.09503393485182286	257.16167021269416	257.1619898057229
-0.05381097967218065	-0.0010998173816259872	79.96437584961674	79.96439396287512
0.10379222580731519	0.010333386816127152	76.42926113871047	76.42933231302115
-0.018367198492107266	-0.012479306185843683	96.6574371604191	96.6574397111129
0.08853926566472234	0.04052707883545999	2.586944990763765	2.588776937266152
0.03764038339046231	0.032817378961095926	7.275756020466276	7.275927394372136
0.16511331235178775	-0.3118964636849113	25.908703687896583	25.911107050784246
-0.004662313418703466	0.0029866007067650933	0.05443453606963894	0.054715406123986385
-0.03001595916268958	-0.004591117230737678	0.12010266632955796	0.12388174450398963
0.02896404349637414	0.17543912240726112	1.655205898305423	1.6647295177510828
-0.027809520328206806	0.007922841021348825	0.21387414766720905	0.21582004510959968
0.05391374091033514	-0.08729503245216119	3.383094950109216	3.384650433295033
-0.22466274082796908	-0.6693271696556017	3.432260176049914	3.5041235884674093
-0.07068509650315317	-0.2049976100013687	0.7401990323628068	0.7713073385394238
-0.23253402505815274	0.17450577212248464	1.2729590528059829	1.3057369901456093
-0.012245807436168193	0.03809883537713367	0.05591228898334323	0.06875801855939806
-0.4809269807396781	-0.26266339894130786	0.8171512168218923	0.9838795318026914
-0.022689425575982324	0.009699566785010418	0.0838162499323685	0.08737308156125777
-0.22748781493479275	0.4887562208287055	0.31998436860326773	0.8003993113396569
0.6227071490920414	0.15941698697737589	-2.754222120009196	2.871677761817163
-0.18606761102722993	0.16348075872994222	-0.8375412039655954	0.884478472088743
0.09506323166573906	0.3029509035623385	-2.438570683816515	2.4631124685757486
0.41027521913704573	0.6030784635173795	-2.6942621056199467	2.9447288967366867
0.13417510255106171	0.2115701349643051	-0.4695836937914243	0.550230415851578
-0.35606634976630014	0.09832278653740263	-2.104997608085344	2.1943293412642952
0.055849070109641914	0.32496039280041233	-887.9331537737439	887.9337107236978
-0.06269166910674144	0.05588494719804713	-252.04865522938223	252.04870786436814
-0.07426653865635789	0.13087114679227035	-297.36723812032085	297.3672761923938
-0.011296326918444715	0.20692161441056572	-224.04727335892878	224.04736919618594
-0.18705299064551414	-0.038197041607640786	-8.466393720626932	8.468545947680047
-0.06414991583673571	0.0714206010885857	-3.944415368211097	3.9455834436673114
-0.030571484039423724	0.055831629572889584	-0.08065407881922862	0.10274661516232739
-0.11462309948419985	-0.025129734101973982	-0.43516392835822915	0.4507078910065435
0.0788951949955824	-0.15643213067967981	-1.2936075447880095	1.3054179189956125
0.8920355794796377	-1.1744616284852885	-8.959989093127406	9.080555717620145
0.7605712214118828	-1.6261145720488372	-7.3949590922353075	7.611019441901538
0.23247601609903937	-0.8067659481793173	-2.61257282456071	2.7477141302792183
1.544189220317838	-2.493428305758307	-13.317501151127539	13.636625021404155
1.3530231601274445	-2.432156418875562	-12.55591021584647	12.860674082882149
0.19948253729645476	-0.29527765974621545	-1.3056453832333852	1.353400179470243
0.726075851478245	-0.7165733924061677	-4.167394074958921	4.290435519245926
0.2924664558741737	-0.5267391828857516	-2.5053780496405946	2.5768022753443183
0.17762999530580537	-0.1906205245118665	-0.8461131036460916	0.8853225309225679
0.229710087088356	-0.2706277840527226	-1.4399811282968549	1.4830885919130083
0.27818735073765954	-0.4312101799808248	-2.791732730577089	2.8385034895882972
-0.012670845831106805	-0.09505353753704915	-0.39785517975586754	0.409248664495019
0.0034284413429447585	-0.050586870198180624	-1.1786303640977178	1.1797204418079774
0.6144962222832744	-0.688150969553245	-2.1249790108600757	2.3694532856322263
0.018529921491975597	0.02064248308023492	0.028014276021937984	0.03942422807424256
-0.016753221838149042	0.06279793219260334	-0.141387048380754	0.1556102444553273
-0.30878058430455824	0.039460951559361496	-1.6127530959353087	1.6484401564176834
0.02027142242398891	-0.2063891046436851	-1.6502175072874454	1.6690431388495337
0.22337332139323995	0.013200084794337135	-0.18261482717845642	0.28882184483560597
0.36095746591811884	-0.04371292494624181	-0.5355874943586129	0.6473446347369558
0.004414442776129124	-0.023605469770938053	-0.1204413918675399	0.18591024523441596
-0.14197982038620777	1.819899838382077	-0.059082065558129504	2.0538929296608006
3.1700495220810914	-0.8670999668998699	7.206355633569079	7.975775099350353
1.0869720042356716	0.6386099234873255	1.1534618599179203	1.7144342564105246
1.7019286699287446	-0.4766363528685663	7.155795202174581	7.387345147498253
0.40887911636962343	-0.1450855626345831	0.7320218075955666	0.8623036959121065
0.1483038860177751	-0.185679246355001	2.1529808661552825	2.361056801533094
1.2916559210121146	-0.22010621483955792	8.869957743970037	9.01530720102264
-3.016506423119183	1.3484742411438613	52.37400352222502	52.478313792562794
0.08156565948848797	0.2967688459037583	-0.16024812048651235	0.374010627825334
-0.049273981001768725	0.5514290235563928	-0.231901574006968	0.6162467185722199
-0.0025530787589513534	0.15382829580176507	0.15339098540186719	0.21725205914554777
0.10574197742003089	0.07139220283467926	0.1537774928712994	0.1998142380514183
0.3603256263984142	0.11004386251406938	0.9393771851630293	1.0216914845594247
0.2520627963466926	-0.055593360796120865	0.4479726894958543	0.5355236600756972
-0.37641931177918364	0.3924234883747202	4.740545570505903	4.863255266120795
0.04720946359576356	0.060941226448465946	1.9595599234709367	1.9660359724856176
-0.08185426518498219	0.10041426797903949	1.9984441517368305	2.0026388025687205
-1.3682347290423944	0.7698154220221258	27.784460514120337	27.829128766516444
-0.27709286128984295	0.20320632007342357	4.953311421701894	4.965215735761943
-0.03199607884778004	0.04296351756599728	0.8998962622139294	0.9014892654102317
0.09169672281455674	-0.24734996518867547	-1.315914017977729	1.3420953755095273
0.7397837732491793	-1.144744238619921	-6.427745608298259	6.570664578869768
0.3887648938854141	-0.4728755449263144	-1.9260079351793533	2.0209542276065857
0.1130456261517699	-0.10773951259424502	-0.755442533632012	0.7714146341536727
-0.04761332958261354	0.0435281946283325	-0.0637410453893438	0.09068987677172667
-0.09539124390796994	0.5769976220686361	-0.3994766231907554	0.7082424145467845
0.14287790364722816	0.11242394223744463	0.14994424045436944	0.2356618623881952
0.04861944871371608	-0.033920729362065374	0.09694440059846883	0.11363398911010979
1.7325169266165599	-0.05435540188305964	3.3615320352107863	3.78469903947132
3.3248620866333995	0.0058389032690421665	5.330171034768482	6.28370472195412
-0.8573050052413164	0.1599923585812923	18.76229579412031	18.806039048076578
-0.4346829165000364	0.20542205672316424	4.936170306752086	4.9595286829038825
-0.2743982378750316	0.20711869440856256	2.7154967885625907	2.7371728763847147
-3.528369853631254	1.5352248843019562	53.26663084963717	53.41367448447833
-0.34495179966051526	0.13188791463461158	6.425365250546246	6.43748278086574
-1.500807650466002	0.7057331775304223	21.773727052106874	21.836796300309597
-0.02519791838604293	0.018386260872386675	0.283409163476296	0.2851210352520321
-10.570889961545785	5.484257540789087	169.42010265442346	169.84072635672837
-0.14141114132818583	0.11692027770089877	3.3426856916222167	3.347717893611302
-0.15641442380824677	0.0024466551572296658	1.8352213507388884	1.8418764519653847
