-0.19926168946526202	-0.09587152282765299	-28.848240368815947	28.84942544890036
0.3940054067575629	0.08321526810055632	-453.77766544656055	453.77786559390154
-0.014408493576124892	-0.5614308548199995	-0.5548848979241159	0.8017413824141211
2.116694950169637	-1.7800387173310352	-4.326752312288351	5.137042018911638
0.6226479479557772	-0.13864557210328893	-1.0399278011335793	1.2279424572136552
1.3906512450852229	-1.9567861351399314	-4.609049763623655	5.198628893524928
1.8129197532565176	-1.9409157004096604	-4.330217611220251	5.081741446912309
0.07525105588014411	-0.08863936593142263	-0.05536658120561597	0.18990761390265334
-0.15046628202451395	0.12135176461805432	1.8340558919289105	1.849488348820113
0.275654808341774	-0.03136401178160532	1.2727619437359925	1.3930585710656962
-0.10008477266857126	0.45607735465804317	19.294078944429007	19.32252199951939
-0.007857687680276254	-0.6615999642709164	9.753123280584644	9.7765366959451
-0.3255434173331852	0.5272567092543814	2308.183467192592	2308.1837416009917
0.7529676715003152	-0.5167484779101792	3350.1108999895755	3350.111156217067
0.24651703922275048	0.02955045240373555	28.860357674725794	28.861763091985022
-0.5521966068830994	-0.14685166716576936	63.4431969344548	63.44592345890882
0.23193041630602046	-0.15754437405212537	2.7267841026790274	2.744711874737753
0.07099971020416254	0.39569627311614475	4.665164892520445	4.684534102630952
-0.10168721814270218	-0.32520581024442996	1.5452852813583944	1.5885482350351323
0.05118998176363779	-0.14448983473269386	5.888094629256803	5.891743025162998
-0.16278497365967004	0.039850451980863816	5.753862710918824	5.757994693222161
0.9591802331882435	-3.1172725894944864	10.610429631568081	11.101266228152117
0.5748536183512702	-1.9887242433414558	5.5402791424943425	5.988365751041217
0.842784598103656	-1.8435587600385657	7.167821055511061	7.45024383824069
0.6787552737425202	-0.9159537495514424	3.5444365820468793	3.7258811658455766
0.3177637781755508	-0.38511847887312106	0.8221500390207466	0.9719570633787082
-0.15729174451952554	0.22946686843626957	0.4419936877678281	0.5405866642181882
-0.7658148475589871	0.221390289494652	2.310924660373671	2.4485380560341485
-2.8888796680290714	2.337541905400289	7.581798775444378	8.44469539723512
-7.681075280754913	6.246101668770222	16.1239038467976	18.921217153526694
0.4832004978289119	-0.022364321062060266	-0.08366987466025708	0.5103560686269326
-0.25240224337864126	-0.033390023814580644	-1.5302974851187856	1.5575981394486154
0.3633959580659376	-0.06483069325324534	-1.1048448276739853	1.1732099212265106
0.12169151346375212	-0.18903625075849928	-4.54578339744333	4.5534788909054305
1.3078914864657634	0.38551218454646696	-6.504836187178871	6.647674284419715
-0.5804795650330271	-1.657036346296949	-19.0026594376853	19.106715664077914
0.23341888656187873	-0.7552144824035093	-8.613380819745423	8.70045712717982
-0.13206579588145884	0.39473805142463664	-6.119083802482278	6.134812619011708
-0.8992692624826522	-0.4143789686989472	-12.504413225972794	12.553265121251497
-4.391764709148994	6.387074858434028	-106.48218950546482	106.7640317905351
-0.9536993972847148	0.9217399368955017	-46.84892043846851	46.87708228862481
-0.4764221698148372	1.7288722364957312	-45.35540115404049	45.400563685078346
-0.3399184957489625	-0.4967126321248152	-23.368293980132314	23.376460624941778
0.4010149951127892	0.30567628191550933	-306.21599296123634	306.21643991797123
-0.13341975630969302	0.3515692654262936	-377.8184876185978	377.8187005270772
0.35535642874892415	-0.5177999790100636	-1147.8062890094777	1147.8068443058316
-0.048964919567600934	0.0008511420293777355	-385.26873288885724	385.2687360013441
-0.008965602770866138	0.1461110670342443	-510.64246805117114	510.6424890333914
0.11108336296600062	-0.09713704633957976	-28.19853184417359	28.19926334270226
0.004078341913511467	0.09789126662548697	-9.127265963712514	9.127791808827546
0.057199176305553906	-0.0303917498242974	-5.553268804331559	5.55364653334991
0.3401169156356191	-0.1236565314230411	-17.653260816976946	17.663980401890697
-0.2769389546639056	-0.06570919151141913	-16.068553843366928	16.071074497358335
0.19893593626274836	0.16017378965531526	-8.223806136983544	8.227771176224913
0.5055774841403604	-0.471908156160901	-1.3757257627530344	1.546094130227295
0.2939932027018526	-0.3468780757813524	-1.0591683500634292	1.152646518438655
0.8085496375819821	-0.7320394143685967	-2.179683971464139	2.437346187163562
3.336793428240036	-2.938250979690924	-6.556410784896329	7.922973644257909
0.4807972042541156	-0.34546791788300685	-0.8608450802522981	1.0447814537498163
0.46805322358037765	-0.5141590422518277	-0.9803768189103114	1.2019035102245113
3.0491178120820273	-2.985004433147488	-7.0050535968792955	8.202325694156356
5.011245122763069	-4.666679334924076	-11.25006473877681	13.170209957403616
-0.025458491379477293	-0.12469836838963166	-0.1562677182745161	0.20153763330226507
-0.04772611896824447	0.006557087963597406	-0.18212570502103345	0.18838935814886534
0.8549317383544391	-0.5530661104268503	-1.0498972704354155	1.4692019817289128
0.4978956174283929	-0.23744073853039407	-0.28385682708015664	0.6358715541273045
-0.025765096029865698	0.42519947015949766	-0.3022000879416984	0.5222866289206682
0.030689375676748554	0.03954615415530113	-0.08015495690984288	0.0945016042462889
0.09779737086125029	-0.10630153679620219	-0.22096266109625853	0.2986111601587376
0.9819391217848243	-0.6873792184918999	-0.26469531143027647	1.2354100621652948
0.15087011587022037	-0.43527712135169994	-0.486897592323174	0.6846729252314715
0.020891378053164482	0.051658854561787676	0.11696437267269413	0.19043512361513845
0.3447231166792975	-0.2364053680456113	-0.051801397119674866	0.4437169084646423
0.1434246669874462	0.06670738169410945	-0.12457058620514053	0.24498597045634216
0.033511525577577056	-0.06137016503575854	-0.11670627549310995	0.1360502636620984
0.795135792688528	-0.18345149179158945	0.49689773733603426	0.9554071069573659
0.03236064592721756	-0.15877708127089935	0.5758367276025707	0.614267933965114
-0.02049219993665439	0.14358357134022728	0.0965116217209912	0.22322735102194288
-0.09142891986157775	-0.30837602577815787	2.512054454666156	2.536405407021887
0.0981483302349346	-0.3068827262448121	11.501283839087131	11.50664242229427
-0.48460501753080376	-0.04855253308526704	6.24831751040675	6.268823722776117
0.0033084969984754735	0.017358277716701058	3.908412301338559	3.908452247784568
-0.42589720563037625	-0.006488749527475796	107.0245157769553	107.02536338562645
-0.006042590226904513	-0.009467731185026284	0.18267064556162615	0.18301561567348276
-0.3053583795440423	-0.11276336327999485	34.02499233846949	34.02654938351761
0.056300426269817044	-0.06461006650963547	41.95311455992613	41.953202088481625
0.20398685095217733	-0.05184018088700303	46.82278977668387	46.82326281359777
0.12005497838934379	0.18847766131033827	55.08528365170507	55.087949062910795
-0.11712012064584826	-0.2615941021658719	28.633710345359795	28.635484918607762
0.010729965226775884	0.515839813457885	35.74700176022212	35.7509974752527
0.008789359810242287	0.08684035149099872	20.051025209068616	20.05170093082126
0.23091643474244428	0.16733122504928988	6.6867890371475776	6.694322187565198
0.44701210233476407	0.2647795679250052	15.54657878892428	15.555257634621633
0.6387505278675197	0.20463557186844641	19.193401940715635	19.20511796402177
-0.042436319030585444	-0.22089027502152292	8.012127819110692	8.016499568355217
0.3401424378829294	0.0056055265955509415	9.103071838203286	9.110495320034314
-0.17114266306321835	-0.22567576219905	3.4196603081297465	3.4313694035709013
-0.03572242896573813	-0.20379170775791244	3.3665322026200504	3.372883962332519
0.22592111001923565	-0.11278296748686191	16.068769256322444	16.071359169141253
0.39961577782424457	-0.5195919355309226	14.885330671253437	14.900409978480903
0.019391483994244035	-0.41960775800852657	4.782628632674711	4.892113564014271
0.27623173290422054	-0.1118843731365274	1.3623209939566565	1.4015064604526357
-0.25310414305190004	-1.5557733075112994	3.2098933060240427	3.5787409954553353
-0.12725905123517695	-2.135870990065134	5.525692667871853	5.927132443011194
0.878530903609781	-2.8464027523439897	6.976265225026152	7.586934918131171
0.47679618147108005	-0.5293686146648195	3.246775716661099	3.326950265341781
-1.8395567624946367	1.2651167762137123	2.254527308709236	3.1759821647032025
-0.014673096179011096	-0.0011520204320010843	0.008191115340252283	0.016844027816160092
-0.6578976438873732	0.6310725760138818	1.6191605696007643	1.8581611491415981
-1.8677963389483152	1.5450638902462592	3.9379043064476105	4.624172998004103
-2.0182239974543434	1.734605407809376	4.5809049817493355	5.297808459780137
-0.8039753969075031	0.853809415945017	2.5324974750319416	2.7908619490458686
-0.20794968283907223	0.1314549405966734	0.5249613169605745	0.5797480972846106
-1.6938150469242852	3.9986760164106094	5.212596741542845	6.785946055801477
-2.1457991912488827	3.8939689309332315	5.3000119938380905	6.919324759249653
0.27475009329956357	0.3292968779104031	0.8359744424955808	0.9395623002629762
0.033498234006148535	0.006087502057598514	0.020174502455889046	0.03957524367801962
-0.4806640746983461	0.21868696395517856	0.20342239138255377	0.5828570966586474
-0.1655062061067873	0.4211288373238855	0.0866514472831626	0.4813834854893724
0.15703628900081568	0.5597304393230653	-0.6908119724769718	0.9135970265852793
-0.005492784946706145	0.0569209509045624	-0.19179821105284733	0.24400103278761545
0.7496807716762374	0.4550558653100947	-4.645159325997248	4.729279231423475
-0.10209038455453422	0.12115928354719788	-2.2237930130398675	2.41882367616019
0.2511397242221148	-0.4653014054213532	-5.34319353256226	5.450879330005813
-1.1052581503430612	-0.022588623979070153	-5.671772537836805	5.780189385365568
-0.4983300618297783	0.11504441897317019	-4.662124647771093	4.692169443350792
-0.026221133295809662	-0.02485647035903657	-3.763253726120159	3.766014310117167
-0.4061409971156084	0.21016166733539765	-4.9480316008718335	4.969118147033893
-0.09739989564476596	0.11469978378993813	-2.284709262527718	2.289659187379865
-2.1103562831381644	2.5801077160194286	-52.82519290278143	52.93043589910263
-0.3806198424022024	0.6275375843778522	-5.685825300104897	5.732999583773757
0.00884801125962687	0.0068086421523663385	-0.04442886765338973	0.04581014289621806
-0.022527071174965455	-0.016449762182200362	-4.4996962108072465	4.4997826673256816
-0.1638225703047521	0.2426474676231733	-70.03805930966703	70.03867122877561
0.035213502546487634	-0.1572880681714029	-124.94944085038657	124.94954481050104
0.23434705910669607	-0.22430718142238987	-282.5936855564567	282.59387174642916
-0.058629400877079324	0.0027841066411506982	-4.497172175247202	4.497555194960328
-0.006667477251304378	-0.08484251104833725	-22.279423919474507	22.279586461390767
0.0928311241468796	0.2616897899918611	-324.137984516955	324.1381334950617
-0.031156392327611953	0.05261764548390271	-626.5960706571661	626.5960891851487
-0.015883194091868537	-0.01177136801503995	-176.45646365564372	176.4564647631151
-0.09780514677149771	-0.030887059340439737	-84.89556269431878	84.89562465193468
0.07099108089729908	0.06459890147103318	-124.7752762652954	124.77531318266617
0.05869768841317091	-0.06864100506282342	-96.13127537436203	96.13131780074391
0.0438018100409538	-0.12978478260707985	-149.43869055590628	149.43875333310385
0.06748275691248974	-0.0016214682777242195	-162.09197638297556	162.09199043842588
-0.48745930949259964	0.36936712947049744	-171.09900193006305	171.10081860070264
-0.13870495319195192	0.12656668452113878	-10.02209854874877	10.023857416708541
0.009399454054170954	0.0015274369302693616	-4.490478582209089	4.490488679428849
3.2548225326114015	-3.526243290199996	-8.90516058275311	10.115836419451194
1.7903400778287424	-2.08127529968434	-5.022247522218702	5.723634740423943
0.09726978388457774	-0.18707993771503983	-0.4751723760040941	0.519854884433908
0.4311402544813581	-0.6371848668618604	-1.215389731919234	1.4384222864119998
0.08133898363788886	-0.3483587204825302	-0.08613691754187597	0.36795298199509996
0.19255262613019958	-0.3897507568920935	-0.2227392857441533	0.4884618262888225
0.4873781455786733	-0.13364103704502944	-0.12010848771656554	0.5194453122242397
0.14446879310206912	-0.12027604739303471	-0.02331706306767283	0.18942345469070568
0.06019431768013937	-0.05398399986629336	0.04484382073487122	0.09245861982877943
0.17096744044093043	0.04625839532371681	0.2429622163004978	0.30066649859686434
0.03402474380215333	-0.09357650883636304	0.2957057595847631	0.3120194584451517
0.11982718694233505	-0.007938509402882904	0.6403568939420936	0.6515201656750301
-0.13126260045635865	0.09698989828335594	11.80540424304376	11.817014088356805
-0.01484488956037483	-0.10422310243574914	3.4757389477840355	3.477332894471029
0.03960243937304285	-0.005581721637400686	5.387548633902766	5.387697076811975
-0.04717920081638774	0.02837354040633914	6.777511454316171	6.777735052963621
-0.044974480888917326	-0.07845937052432575	3.3569319489814835	3.3581498904675064
-0.04181873520853921	0.018914570356711704	0.41068646406337456	0.41324319637605433
0.06910708626468332	0.21170631804234133	2.0403143417189313	2.052432207770818
-0.10230745317774313	-0.12369444122255127	0.8835177821143354	0.8979815148861975
0.012140781427296642	0.023735402764786227	0.25452399359821404	0.2559164536235523
0.050670931297794625	-0.022708533737905212	0.08009322960842108	0.09745843325345771
0.06228066392207815	-0.03508364989904023	0.7326886001620917	0.7361673236406916
-0.0017419502859654934	-0.23301180658308746	0.5406601671322865	0.588736743138582
-0.1687499227588924	-0.5312723945850286	1.0065425147082754	1.150588861233456
-0.03086319239053483	0.01508299668009272	0.13757692588373743	0.14180071921187937
-0.3590148159527422	0.4575156814513322	0.9596535435422481	1.1221172668133454
-0.1340121815112947	0.23723218346425928	0.38034148134494333	0.4678653824513009
-0.2575523281942865	0.9217894510030676	1.1657684006043838	1.5083252161210248
-0.27403383014779914	0.5053317383712237	0.740758616995575	0.9376449405419691
-0.4324144945786602	1.102475792266408	1.3263315310259056	1.778086189656926
-0.3078300735250227	1.012268154469733	1.5049132899085202	1.8396222929893151
-0.41613872285531583	1.3487966792840163	1.748632850878445	2.247251825203068
-1.4204444865205739	2.9151179319566007	3.5659181676223772	4.819890815638975
-0.14822666502947526	0.38865898799354553	0.41247192775088504	0.5857986380629941
-0.05187218351347319	0.48234249825760933	0.26773911868483036	0.5541021970015794
-0.011422109355936006	0.030051524712184974	-0.0160301965796307	0.035923890686389064
-0.13849757321601552	0.5161507933936942	-1.2708151820845326	1.3786096062062707
-0.19069180611464998	0.343168174966001	-0.7789503698615816	0.8722909147390324
-0.042691052569156174	0.022535067558704557	-0.03648060019284158	0.060507763384278115
-0.050211976664789305	0.2094097109693754	-0.5649068769686201	0.6045605422910945
-0.028805286197025458	0.17409748884828644	-0.5184592443103371	0.5476674795412062
0.03998770689022426	-0.0020308862167599806	-0.07715972251121433	0.08692964959765746
-0.05000500517748296	-0.058276589247281976	-1.2096823810395139	1.2121172073667312
0.008721749510855697	-0.022251008709614144	-0.03090170252312302	0.03906522138620261
0.03552976252302957	0.16873640759696565	-0.6915476507943303	0.7127218900755251
-0.07465606749597198	0.080709182603149	-0.30859479468295276	0.32759463957129287
0.059077880012445017	-0.047333895564101156	-0.25151223328418193	0.2626577565343062
0.07897289074350825	-0.0031874080402932575	-1.1875775073126322	1.190204693704947
-0.10256620145149678	0.611876117479114	-5.111082713620471	5.148599684796974
0.03179656498364873	0.2046264954938143	-2.086218109185436	2.096470611121485
-0.9686453085214966	0.5570705347739666	-14.363122600751058	14.40652255607299
-0.2769670960768111	0.2455167800358254	-4.509934897216431	4.525096909317961
0.051407351565788746	0.15160964537189575	-2.118413628074761	2.1244539298317746
-0.07193638208874248	0.5497311487733276	-7.363163436520569	7.384006701778722
0.025336713676163115	-0.056009033567588275	-63.98024774729938	63.98027727953912
-0.1342574110474414	-0.06488596915059545	-127.63326702506866	127.63335413101815
-0.12289558248481343	-0.17158626638179847	-14.34028242604939	14.3425145987294
0.18332828212039312	-0.31507551208981716	-51.328391670645594	51.32987583384011
-0.020048170867583814	0.11248635195011748	12.003240041729493	12.004595219865115
0.34544284269516035	-0.1649438781339578	18.551448525939104	18.55592248949028
-0.2395829225533429	-0.254613753163046	-1.9197805188010697	1.9563397366886657
-0.1067602197472298	0.15106552173814947	-1.61746546063001	1.6339806723488337
0.09659573649823441	-0.109641555661002	-0.2643691679427297	0.3020646685664051
-0.007793973676259586	-0.13129522308338987	-0.45398454272878447	0.47265330493591906
0.5306785290990302	-0.200056998277754	-2.7395041326089107	2.797592786019423
0.01756507120289012	-0.036042196057374604	-0.11532300563887647	0.1220940918004845
