0.9789910273260446	-0.7242481900473752	877.3263679546957	877.3272242141101
0.03437535627808288	0.02994891498798523	10.564538797742436	10.564637173686243
0.08573285892439146	0.39723547429452133	198.91052570115437	198.9109408274334
3.579054191473355	1.1221204592104883	-1293.1936529001273	1293.1990999703758
0.1525378125239201	0.16546186680046043	-4.196891432257313	4.205237554843903
0.03313263748302792	-0.42190280039305555	-20.49725146227088	20.50756292675002
0.17046258322251298	0.4759493005674026	-7.615102135170532	7.647815747026617
0.021664992579235987	-0.1153993350024695	0.11901755829523085	0.21778737912245955
-0.5156790097711823	0.03050996180767019	20.802115369884163	20.80899659632244
0.17823234806743354	-0.5216295974198718	13.528740521790587	13.54068551062466
-0.13670862607448753	0.5738036863586489	12.471504861503607	12.486226540245454
-0.18547393679679336	-0.3475466849463076	66.70481661951214	66.71257827512807
1.630631625430562	0.09452624899538675	721.6152163614519	721.617676592584
0.21812869929385015	0.14522567755760216	24.34516568727657	24.346976049454813
-0.784524407300153	-0.2129911547812773	0.44012074191912504	0.93489562520752
0.4408629215294699	0.1445235022564066	-0.7486078693726478	0.8917066138986586
-0.20107071881470825	-0.13767537686647874	-0.3873680079440435	0.47845344793253053
-0.81620703587133	0.11914872696596801	-12.808915399617781	12.836205975443399
0.3586486516932908	-0.5576832660374674	-10.515705112302351	10.537512670188411
0.06095593285337889	0.30550321331416525	-7.988894059321309	7.996183834495966
-0.18119137800821644	-0.1834304048756027	-1.4212821956203148	1.4512063579603867
0.017410127431641553	0.1313278141914221	-1.9666736103747242	1.976065530786324
1.0428055577598159	0.019711087550184747	-2.467791575390196	2.724251669768048
0.21305134246218302	0.13262937674450512	0.09398492926256417	0.5617246081747385
-0.2568144924630632	-0.028749706534799246	4.573628116621417	4.583048566534602
-0.19943185217427772	0.023716437700993576	7.727780236950976	7.73164941707712
-0.26594303424243554	0.27169680986504174	6.924994710386359	6.936827544182713
-0.758155142740464	-0.2421656640295724	37.4011148385275	37.409842480006795
0.5228767819705064	-0.05224912730313587	2.0666054079723977	2.1369295256485517
0.4626998021404048	-0.2177876563259062	-7.1129965150235375	7.132721905260689
-0.03922899420620643	0.47116771155789283	-29.32101994013627	29.3251637342602
0.391960231877854	0.1462345118923581	-226.44347410375926	226.44580979413288
0.44088278362119177	0.0638143640284338	-75.4033479569434	75.4047930360049
0.026096394645288006	0.2744745977732109	-126.46896980544695	126.47023389288125
-0.00927798090130083	-0.2405637872058804	-80.7001659275889	80.70064570709413
-0.4886095419495114	0.060345966911891924	-374.17882751545204	374.17917742913414
-0.6172154410938351	-0.0797662439476079	-1020.0267754597775	1020.0273968492311
-1.1530885043675592	-0.5215146319764066	-375.0885563314772	375.0918680446524
-0.16328684775015667	-0.20010402019672974	-3.469839073735063	3.482235947787812
-0.2593280985857498	1.5409871476583112	-36.73808834354542	36.77157200032401
0.3665575475759528	0.01914221147670564	-1.388612405882837	1.443071397615806
0.4593887304487436	0.037210339710933724	-0.13857730287605263	0.5011048481277275
0.08698638533302135	-0.29971858955402636	-69.81011456057482	69.81095166669508
-0.10667799647800327	0.10767141813461574	-53.413172570770044	53.4133876233672
-0.20382754283606772	0.06428268613973628	-42.648734714073015	42.64927022403
-0.047653647123228296	-0.15097582405180426	-22.317329424187275	22.31832737868426
0.10098562881579655	-0.3398963551590249	-51.632397615063425	51.64216303462109
0.0731951836393624	0.05765041310708703	-22.68761883908522	22.68823945301958
0.2031684571627216	-0.2661508797155847	-1.2125216368226317	1.5700682206268282
-0.18659607984890683	-0.04494651831547886	-0.38222161202202365	0.44990158048219586
-0.17246216609552467	0.16091794922139127	1.595832700916961	1.866845354958975
-0.22344372717009262	-0.19334075051778213	0.5790676782011226	0.66491120148459
0.5585332275627476	0.2124519044806117	3.5611581953079323	3.61364395796237
-0.18804785616204583	-0.024898009174374153	1.7927611017911351	1.8081631729640304
-0.09297184035846756	0.027779274922066333	4.428802507937808	4.432063502526904
0.00998257084143626	0.021990881920711802	1.181038917678395	1.1895024004091834
0.603588406357863	-0.3274948404509211	367.6962988249428	367.69696656510695
0.019899111810256234	-0.21885387809120477	61.813647086007	61.8141952859772
0.09615513131806619	0.11930437895355837	7.140020526453848	7.143028226683595
-0.11314779586331125	0.10126726553339983	13.387899857137882	13.389488408913534
0.4903105549262138	0.03048960500103077	17.893323692392627	17.900610229875532
-0.10011560740938874	-0.5624760937293731	6.326581506193316	6.371479889929128
0.22178781128460062	0.25404965796719126	7.519819570024695	7.528671676502705
-0.11442084691203104	0.19952627315690138	1.1724892146776391	1.1948363161635722
-0.1516263371731277	0.2915122403785314	2.735303089509123	2.7549687700395453
-0.15277532611608188	-0.03453562200512977	0.1452124739816314	0.2135876214976476
-0.4176594670100595	-0.3031974537590844	0.6717755243617949	0.8471425390574385
0.7008659574685342	0.516976284721768	0.11082773604734045	0.8889545214916155
-0.1030460677393806	-0.13584807402254245	-0.520761954171667	0.5654608643441876
-0.013580363474727684	-0.06914538612980096	-4.623107735521312	4.6236447360207205
0.02744879424056089	0.012424412721509842	-0.2705685411560689	0.2722409554054241
0.19749927497638176	0.3119398796877617	-10.312184351521411	10.319735381143202
-0.23040580993394758	0.05805386316304274	-7.8731979582370535	7.878018974511776
0.5396856393571511	-0.23232682520677259	-10.811187362169248	10.828041757763362
0.37318557689746723	0.21674017664733053	-1.3335708259308465	1.408593167543876
-0.5014480097660421	-0.012224053373872147	-2.833685039765428	2.881119612836233
0.11011723567937091	-0.042866188627379155	-0.9774426943638121	0.9845595647223649
-0.6724459103194951	-0.31899214417261007	-7.521292917781695	7.558027960084716
0.8198165949643018	0.26936666360201605	-3.105885143362949	3.357673593055411
0.009432787602799853	0.014590487964460594	-0.08217836534200687	0.08399490193627794
1.7655275363139478	0.5744753347692335	-6.180127333593579	6.452990256553275
1.5220496314160632	0.48599249421187113	-3.185610546748796	3.685611228192852
-0.04169630650677053	0.2003704950457145	-0.22876470262102086	0.33719429314040217
3.074172922191496	0.1761481359651318	-5.264452812207452	6.100451665098112
0.25474962243964094	0.1841855707783154	-0.6826178349341123	0.7515243197569915
1.1337174623596071	0.6279368423449805	-3.3981303426128027	3.6368818770780966
1.5883665265004712	0.2075463636743417	-3.135925754875894	3.5558028626564155
1.3673687566353208	0.0038735463919991886	-2.3278896962604168	2.744540526452377
0.2024629123855545	0.4668733017550036	3.3372770191467245	3.3787363907544057
0.07063459271165975	-0.4027457340239385	0.7847675490713476	0.8958422087273368
0.2820833209462448	-0.1111937248511329	7.307994633493372	7.31428196117502
0.08590414678291453	-0.12655793307405416	2.9847513907161436	2.988668147727419
0.23195582410363047	-0.25689033738961464	27.8011057980816	27.803610548466654
-0.14317326682741757	0.13985265267265587	3.952896440512073	3.9604201043710803
-0.12420897796943464	0.0043725700949758806	15.404870722930001	15.40600430886164
-1.2448114778949027	-0.24955220795441976	238.28097460625472	238.28435679084484
-0.5050224209779751	-0.020166317853578385	89.41192954376889	89.41335805720509
-0.6195391582755778	-0.5967233461709092	144.15553508325283	144.15816897576198
-0.6636948852632911	-0.12939512279467724	79.41081587342877	79.41381738379685
-0.08975616060542747	-0.04912453842259888	12.711667090231797	12.712845054763468
0.22452398810317528	-0.08199708085867341	4.546003776531231	4.554422538987716
-0.0526509627094259	0.0893249637924151	0.22447570174807108	0.28393696238079785
0.2716166729365737	-0.031252530559058134	0.9604681344461046	1.008330878169393
-0.29900879766090327	-0.8522267803911516	1.4704164061416425	1.7312714803418299
-0.1882257953435707	0.39898450989525847	-0.6178061387244731	0.7591455817000599
-0.09580977207845336	0.31799252793774546	-0.30367530604694176	0.4500193904185315
-0.08216325757901737	-0.20013194232945355	-0.4175196204416534	0.4702406072324017
-0.009614365360319108	-0.609251151417229	-1.1903449586345267	1.3372361504502983
0.16036464048624577	0.43166751309810986	-4.259206695127051	4.286300866306245
-0.07093439918761951	-0.025460913901753625	-0.936476077329818	0.9395038001710599
-0.7624013731991321	-0.1608251773637441	-16.52653210579569	16.544889967462023
0.025505144694862317	-0.019316806367972	-4.885127950593768	4.885232721691629
-0.024090144533367493	0.16140677988604463	-31.802884528548198	31.80330323755421
0.006024145351523834	-0.006795962177945314	-68.17668548681519	68.17682895404012
-0.07019137078570631	-0.12416285089226288	-38.40066450872766	38.40118302525106
-0.23007694930466177	-0.0887098434331127	-188.81219205191465	188.81299847264341
0.5023572427384555	-0.019839261048138976	-142.43845107990634	142.43940670412593
0.01601133480032474	-0.6488346585479542	-123.84937835319467	123.85115760877906
-0.218772350671912	-0.2832397741004217	-73.01756987494728	73.0184469607089
-0.015043748883031269	-0.15299469015203448	-26.697526894885677	26.697969510671392
0.12114052487135815	-0.04636303703238154	-6.3403449654882875	6.3416716123874695
0.09243266222290368	0.020073574209754287	-1.6490658270053649	1.6517762703296153
0.35763995563695244	0.3948306843698545	-7.401198043165105	7.420345684760175
0.037022427901645893	0.14345445955842445	-2.143603802853292	2.1487175490841106
-0.050942294177014145	0.035710016872016775	-0.08567871135341533	0.10588278528731232
-0.026762359457906205	0.027536054971651753	-0.5601472536646793	0.5614618455382692
-0.18302285498607196	0.9200299453361895	-9.173643723728421	9.222536062307613
0.22478118833714011	1.9645944002775935	-23.262449390946724	23.34675971503304
-0.8454243418146388	3.769549976889876	-33.46784110655142	33.690356446085225
-0.8327911880790416	-0.17254933027674432	-2.9782783249741707	3.1004735122609905
-0.0962825552242561	0.09337901558838645	-2.1605398119916948	2.1691938675678286
0.1780728864454248	0.5732367686033424	-1.6272689146835897	1.7400558184613832
0.6105850434165329	0.09169895626181945	-0.4328028368612565	1.2036991660371905
0.06665420382229295	-0.09468479065827956	-0.0531280917935533	0.18897188020128874
0.06331617275358083	0.21725426861410468	0.18176519835279806	0.3220663397429835
-0.20853230171845263	0.030335468991019188	-0.029931938453572376	0.25452243001057756
1.4224156630474019	0.6321337801683338	-0.2348973534046344	1.8332561157811498
0.040467746938003854	0.14340105227322245	0.046895548218635646	0.15620721103083612
0.591553504131276	0.37443092682683754	0.3307416490475474	0.7867680029901366
-0.034546876481418465	0.03424368170403083	-0.07037277899545698	0.16370164731856787
-0.13068297354307	0.06026045718421112	0.2115698013021311	0.29146342480169285
0.05537674807070758	0.03696146469515977	-0.42728745579255556	0.45440850440652325
0.2699072312147809	-0.049015200548754544	0.3433829360858583	0.4395045439376121
-0.011761800682768012	0.003867615652098009	-0.0008480707995662529	0.012410383967250626
0.20754705166235116	0.08964672116500684	0.17872044438760992	0.2881897127093122
-0.20370884007040824	0.3379748570338687	0.5857656160579647	0.7199482185307926
0.0118070701416636	-0.0800789996931261	0.36444099572047184	0.3985587501973966
0.5654136330945885	0.27249822027397586	1.6042058165082564	1.7282661667580685
0.1638888279370091	0.012441194870400532	0.18678399257220857	0.2852759646966157
-0.5059931232668179	-0.03414626403010759	-1.9001754793686214	1.9716342575219907
0.3211730733258606	0.1332627108347302	-1.6814372511409172	1.7226787592447188
-0.10655346590481102	0.24450698071730442	-1.1109938703792646	1.1425605825233591
-0.0645519156902706	0.12732038178767013	-1.1817341619513253	1.1903247703717854
0.12478585172023618	0.03590009963416829	-3.4073237088812602	3.4126521897122237
-0.48076379331759356	-0.41753804059709704	-3.832977161231427	3.8880156305926183
-0.005308510936657053	0.08328966623684925	-1.4641797678234594	1.4665564228129004
-0.23187719131553333	0.4663515309061227	-15.184159566683114	15.193088972579778
0.1818722916037682	0.01683811253708873	-11.851515043496173	11.852922419331994
0.06330359112043762	-0.07945607368709773	-8.71784090556643	8.718432810262506
0.5253973729065714	0.14890856368449124	-121.62364455734051	121.628489599119
0.14205956558631777	0.14173779078192505	-23.66532741345038	23.666589781635555
-0.0038128999260106655	0.15821324475851067	0.5751666393517153	0.5965422298932473
0.2574108531237741	0.010094988589153225	6.915563368792486	6.920359742375028
-0.016366008637688077	-0.03674551609242971	1.038402764598629	1.039181591791205
0.03355794150787146	0.0023142316251181586	10.81264308369582	10.812695406164977
-0.06053412604810561	0.049068690931227614	4.570703224126901	4.571367419043251
-0.06259986404732619	0.10955816769370028	2.1590699902646344	2.1627540216003465
-0.14293285353942112	0.04904049017063295	5.673654238049945	5.675666232543911
-0.08822489137357453	0.0019838555804680023	1.1289404083707253	1.1323842160649815
-0.00634556706650264	-0.09563507472084275	0.15726476885658816	0.1841698706677419
0.13418952364149567	-0.06197897889335603	0.22828565954318247	0.27196059352939433
0.24226112126932436	0.1260811264805492	-1.5493568358910526	1.5732429902134015
0.1731445281715206	0.19288527333524103	-2.111862421759543	2.127709248169362
-0.12775704905361096	-0.5574740885637212	-5.877400703281078	5.905162000312249
-0.038136051952162055	-0.019212366263610794	-0.377951017082036	0.38035568194689906
-0.05429552723988817	-0.05322904834539299	-5.706714262367653	5.707220777942308
-0.21767002367260543	-0.004422028259570145	-7.87367487447804	7.876684316546293
-0.22756430303674144	0.0928337228754202	-4.992127183824719	4.998173409516844
-0.016212440673052005	0.0006998370572794468	-2.075182441939648	2.075245889127138
0.010963417624018083	-0.06430950078322994	-1.8725133572704216	1.8736494286747274
-0.1356854205512815	-0.02806297270927824	-2.969478322329127	2.9727091298292314
-0.15348843342450327	-0.21624487693275635	-1.592825773547665	1.6147490488842182
0.0012769436635115226	-0.03375395829271509	-0.05692188816622416	0.06618958859181891
0.23811054523618058	0.01345201041068541	-1.2667487002616722	1.289003435973464
0.05874288821389231	0.0746958746834642	-0.7226838404347924	0.7289047494947595
0.1416874230217846	-0.024096747923045253	-0.7477365624528198	0.7614236310568387
0.008968121198534358	-0.0860780382069571	-0.47441386163530636	0.4822430590180782
1.0059555454757314	0.28752865186337256	-2.996858556084851	3.17423699340404
0.042086066645902975	-0.014635434405198594	-0.10721203804238544	0.11610277364108978
0.11611520090126175	-0.28618930437299667	1.3510615901589884	1.3859128681922162
0.20537885928075078	-0.18033330410446746	1.2720144356061536	1.3010462331520496
-0.4821716568016396	0.15170982566557328	2.6329211384351026	2.681003375425834
-0.08069500894527121	0.024348602290558605	0.8404096443006684	0.8446258989255285
-0.09233078972879497	-0.4984392892796615	47.23511100365488	47.23783100680456
-0.041043826663567526	-0.5569607798083475	41.41542558421813	41.419190796391234
-0.5410083917361043	-0.34934285944559196	97.8368467768522	97.83896625450738
-0.30345390980139636	-0.18111249808049787	40.583313905881795	40.58485251415451
-0.05058608623829326	-0.047897578754856195	32.66913949409256	32.66921377099012
0.026474144045792056	-0.08330250310173457	11.437779112357385	11.438113096590925
-0.4045928731238351	-0.2620429706792363	66.699971209189	66.70171303061194
-0.012223510246845891	-0.015272676525654966	9.604084314089798	9.604104236262575
-0.05442851812362361	-0.00833990539140194	19.746976058906206	19.74705283045098
-0.18850750887532725	-0.14076133383508993	29.953360737670483	29.954284640348618
-0.11238944744148543	-0.18879061413083384	8.484405628536713	8.487249975900648
0.03836064453992807	-0.042058176732426365	2.664061640480546	2.6646697456832196
0.006476427519423636	0.07871926927419536	-0.01648901412788612	0.08068801060496697
0.10691024643104176	0.09343491687586761	0.12259091520630962	0.18758575898683508
0.16379106015831174	0.2915875932978143	0.5752630589656997	0.6654159773882569
-0.014419172516705683	-0.0046565903992617785	0.01679451282094556	0.022619726592200916
-0.010530174601121378	-0.004714968713434055	-0.7774635824358738	0.7775491865606445
0.14552115543362187	0.4011910796058506	-16.60011350240958	16.60559842287879
-0.02817466178797054	-0.003653907522176385	-3.5033751747779167	3.5034903707384792
0.12700756005476607	-0.14986978880830015	-36.842483840054804	36.84300757781058
0.13003703660725024	-0.14135360284372472	-105.38029822313231	105.38056568387329
-0.29207479653840135	-0.2846889585662994	-254.8973035506456	254.89766808008417
-0.03837769320261066	0.05924091118628274	-9.343694603996251	9.34396121490465
-0.22925933062211004	0.01667961343953229	-53.60260269846185	53.60309556452249
-0.0027798700507630295	0.022589668085742722	-22.00751158887643	22.007523358054453
-0.279142794115384	0.044073443343792776	-89.40691913072789	89.40736575705846
-0.03183751863705823	-0.009945123402405345	-16.402012496819488	16.402046411313897
-0.46178957140288407	0.2541731941022549	-136.93949990056473	136.94051440913174
-0.049479150911321226	-0.04528522805963173	-22.678725324746225	22.678824513046106
-0.0932377864744563	0.07462290101764714	-85.13281517609461	85.13289893847893
-0.052122510284403886	0.09092522959896865	-2.0285525574134566	2.031258140080834
-0.10926763372336218	0.35812388089628405	-13.653786609371757	13.658919463270408
-0.02640551007199453	-0.06493891712809938	-0.5553914560765482	0.5597981630934146
0.028741135649370753	0.029616370427786753	-1.380239062346038	1.3808559126504127
-0.006130668276312684	-0.0013062777104991367	-0.02225923801875597	0.023124989343711124
0.11805526203336582	0.7883753619168349	-7.344766935882825	7.387900520351426
0.454485003727144	1.6403518896603628	-2.7855068141563257	3.302116724820082
0.07961367948762937	0.2248266940201431	-0.07005968957778838	0.24858346769107978
0.026863155220088395	0.043378158803619886	-0.1006595944969344	0.1128523271087393
0.22102615624781272	0.09461956452791659	-0.011439603078371344	0.2782374402479396
0.7899679007650106	1.0132427992030246	0.328865050444051	1.3335449976207878
0.8048311588029811	-0.4498221121410085	-0.062229834352542555	1.0495624760511841
0.050249500315630254	0.017381913487512578	-0.011603868665111804	0.0544223572298652
1.206016128555796	-0.17315974625763514	0.03201147930487889	1.2188043054026376
-0.1545775732607741	0.19211109372480895	-0.0023787808815337597	0.2465898560075307
-0.014385087584008395	0.15291116782026767	0.05897621109097537	0.16452036185106383
0.30135486086950214	-0.33448815009516597	-0.0023126317939328317	0.4502248582537149
0.6435211960452302	-0.7759057639638239	-0.20394382756679863	1.0284660272047712
-0.01104350820591014	0.030495881558685833	-0.007729703949602863	0.033342258302099206
0.09446377815211374	-0.08865349662963767	0.06622557467224839	0.14549458611268834
-0.02556271896267879	0.2466746493889291	0.30617545236670085	0.39401172937346657
-0.09176610915486713	0.11645050015447692	0.09621777047455052	0.17674726908991858
-0.48580530267703564	0.24324879485753315	1.7445740272596744	1.8272151775031338
-0.12202645948476909	0.09048221806834537	0.30597943515466686	0.341615139211547
0.31434085870781503	-0.6365838761273033	2.014410871221756	2.1404158824384623
0.07519998761471383	-1.100026337004088	3.3146181447521457	3.495981437402098
-0.19318870585043338	-0.18407578075178316	-12.075231205501035	12.078985645340152
0.21242529852043857	0.21365596784808355	-5.1510277124464094	5.183394622912621
-0.07134066487259993	-0.565097464522264	-3.0876964132865274	3.178366517237501
-0.10158841696324328	-0.34398449832167916	-0.6686662253705531	0.7715178853390362
1.7924260650959227	-2.1122308759631236	-5.419993859729562	6.158814374911242
0.1769449533371651	0.1504647699694116	-0.7985423378393675	0.8432667512332037
-1.1087949400205328	-0.6502111664816117	-4.408969533114826	4.594637407768678
-0.3690819748699278	-0.4601231715210055	-1.8548796401303858	1.9514079792331136
-0.1735960223679046	-2.7079350211940305	-10.689493156904211	11.029405758897125
-1.4530479505363874	-1.8192107795622423	-9.849599101301274	10.122003677547657
0.034448499302769775	-0.3690218177343296	-1.6397950574358466	1.6869414383312757
-0.19103122746876083	-3.718080026412637	-22.273671495957686	22.58310283613425
0.36023481460649254	0.015425630984210015	-4.33950652366152	4.3566964233862695
0.5195826947044352	-0.45279642021375155	-6.319930120569172	6.376537261403884
0.2706054863360695	1.2910484612356212	-10.712925516874867	10.805115757408743
-0.8479041882086833	0.21605387993633923	-14.085851286326578	14.144243317930636
-2.1091516896748947	1.1789945222067664	-32.565903089607495	32.6688987198537
-0.2819200995232997	0.27605835963603104	-3.1093120986443785	3.1373537690411095
-0.05732704607992527	0.047707158148913346	-1.4167279206793595	1.4255385471053925
0.01359729092937422	0.38135524601233184	-0.46005927457721807	0.6138004814320852
0.2199841831915678	-0.3613315507316293	0.9146308331930066	1.0173410816122186
-0.27710398001728115	-0.010251034841049434	4.211834382934546	4.32426090258513
0.3786702875831582	-0.3879932556322568	3.339421255495303	3.511190120125689
0.1534811763772378	-0.16837009121465607	14.662687081571296	14.665121110856724
-0.03244820852302388	0.07248639047067308	3.243293304500301	3.2472662975118474
-0.43944621627955605	0.23995812208642597	14.462006586791247	14.471344345935902
-0.34456972656570456	0.4398107016118564	3.3377386663668043	3.3870549064899933
-0.27535306955020855	-0.4551927754260142	2.9247633749557664	2.9760276141348885
-0.08653469037257971	0.8096928658819973	7.021220347463151	7.085502515681482
0.5390841541712285	0.2180905190713311	9.595309767872461	9.613928672822365
0.17103949092515602	-0.31557614576822	1.3056373239498447	1.4412673503985214
0.3308010270572078	0.12034992114040954	0.8100190321269545	0.8941610818686389
0.9981443410065167	0.2657718784788239	1.3734471949967726	1.7241704669834705
0.152101788661551	0.11429831866813639	0.1932386276869481	0.30499182266864283
0.09299024824234023	-0.18794342730595856	47.05905631674551	47.0597304616767
0.4471168382175609	-0.026634758018630106	0.24116754949816338	0.5275077716805021
-0.02745410359673542	-0.11085070865336083	-0.5141619598566654	0.5448705472650358
0.34453994939428445	-0.4278308728696449	0.44523199944186853	0.7207345910500083
0.01642465787034058	-0.10414492636677122	0.1799474867329245	0.25095182397343513
0.3706059610298908	-0.023342441360625715	3.9431139234847246	3.9630191579651317
-0.12108172207637291	0.13592673333418576	0.21746972510945262	0.3160849988453482
-0.035217816053992726	-0.47677631131094816	0.9078924643930375	1.0355213456981707
0.005874210888313192	0.23191829130469666	1.0516991599457013	1.0859887237562573
-0.9656477328489841	0.7806519638562117	-47.376516122597394	47.3929915993099
-1.3633353022111505	0.16552957372246468	-53.2031919075106	53.22109724647109
-0.14608528903351237	0.0017164732445005618	-0.08710986774387974	0.17009405342562608
-0.06824121682982764	0.0879724042745631	-0.16022318282498826	0.19510888217308767
-0.06373463272675362	-0.3724517122765073	-0.2287141285538198	1.0370357404094837
0.2292435676007704	0.0608694322173948	0.5813173236885223	0.6431697418140722
-0.04523330620942166	0.1218105253445965	0.08894079084980468	0.21041412797706802
-0.5269541620605358	1.9220202880710509	-0.5468571215217549	2.124762417407816
-0.08696237236873591	0.808971124502088	0.2540696155343791	0.8637290599047589
0.5635515840564119	1.6186213121009183	1.0712360260103564	2.0259693354545747
-0.7247732194696472	1.5354535800715514	0.5237480361066076	1.782331536622878
0.038792516242766056	0.3471214834483218	0.009169678534671447	0.37624732755494494
1.2550495567905002	-1.6467964180523922	-3.8224851595595717	4.447339791433007
0.5316784016869986	-1.385910074068576	-3.0681322383919327	3.4112085649202246
-0.11940774444213444	-1.1708788211462533	-3.6136844573191818	3.803079090054771
0.031396623778858976	-1.4272014907861126	-3.746224539016011	4.011429660970331
0.2454355047507491	-0.31233671825817266	-1.2435107120137008	1.312856232935412
-0.4614144562472148	-1.6922731490027454	-8.726227229324419	8.901865711971425
-0.07683564614907291	-0.013332316136892036	-0.5020790717059289	0.5269199619655787
0.18227285727700776	-1.0333955233701042	-6.1369783393484445	6.227608901075379
-0.4322547570782017	-0.14992970923371104	-1.977813964560088	2.03483438049305
0.034220714125337365	0.0628556277629217	-2.2151721480087283	2.2207181985633215
-0.17331206879920802	-0.12880026386441382	-0.4642665031496096	0.5307068418720177
0.11616945219864781	0.15486510721506397	-1.346422361460975	1.3602689875532024
-0.016247745543464094	0.08753395844871273	-0.3252658197488084	0.3372299461996376
0.24938121079686343	0.281331874299649	-3.0896946831244385	3.115610956397299
-0.16436140172214253	-0.014708882312057525	-4.1076008823367935	4.113282851332855
-0.17565313311061315	-0.2986005166863805	-3.3719164810496522	3.392538405355378
-0.1375220691739017	-0.16967587812704096	-2.705557713773711	2.7179449130893856
-0.15550369318036172	0.11284238930640259	0.6582268661682091	0.6997550969180082
-0.06018569083330148	0.09774568259530517	-0.1821359682482244	0.2565732481706189
-0.457513904372374	0.5445298679530244	9.710543556231432	9.781783052805599
-0.13160633319070633	0.15055334938705028	2.5987727500475692	2.61018890681065
0.044131605402815244	0.0993822562586445	177.27073146063233	177.2732547475901
-0.13317788884076695	-0.16864170093582798	29.68395407706735	29.684731867120075
0.002209496563897168	0.013997296411489625	0.4906336587396285	0.49083825571172846
0.3659666265947424	-0.2395971239275155	75.52020511323447	75.5214719050058
-0.0004907019014283086	-0.0014534426337957458	0.00952833231239801	0.009651031058977794
0.10717457562744383	-0.38306902079290855	49.78760831687942	49.78939294633199
0.4050436390072103	-0.3140490025930972	248.3711586680702	248.37172670219562
0.33474328952327187	0.1864357241330144	63.2496810466266	63.25099559401425
0.549143611121646	-1.135709132590662	364.0157663353592	364.0179522148027
-0.07624270838373502	-0.0652328551336041	11.691979527822005	11.692410083253993
0.14018781683793588	-0.5592944595276114	331.23497156543004	331.23584131372337
0.3687742698410358	-0.5173915647103481	142.1334304129765	142.13491903553705
1.1794033350930826	-0.9175576769366345	292.9034976033654	292.9077319367212
-0.0735026463295282	-0.11132103705309596	9.477979237210485	9.478917946332345
-0.030275382919602058	0.0028096604913510357	0.41139145144817196	0.4125135383567911
-0.012201576692881466	-0.35693934787482035	94.58089688621791	94.5862379110345
-0.0480186507868847	-0.6867567238453411	104.15035912817352	104.15272788986849
-0.11534675205544032	0.07042913490795563	33.671961822742894	33.68530285927987
0.06771207877219185	0.026679515701408	0.3145341358023601	0.3228443042004161
-0.5298208890367109	-0.37259012829399707	11.587303950639027	11.606232214097586
0.04992264471775299	0.004702194838995373	0.7680729883157349	0.7822597275663502
-0.24246507109233856	0.2499053773041764	4.989770962225146	5.003852120983454
-0.4572187799880084	-0.4380273176004596	5.408235979769095	5.4469636625836735
-0.6626575186483146	0.7920427644385294	9.058041034116638	9.116718384564775
-0.1050161211870011	0.06719359833068572	1.3662686180620909	1.37194507982903
-0.8970912170889369	0.5986354743145292	9.07491530879662	9.139841614033427
0.18047229446714974	0.1844388110471105	3.093015545916193	3.106897628868701
-0.10898588719478951	0.07235429679346292	0.6239058554177119	0.6525728842026909
-0.21884609585954362	-0.18281841599686743	2.2405400629722436	2.262921948628418
-0.5529527446269112	-0.00263844982347608	18.78812664761557	18.80274412335737
-0.07279229391361933	0.39884922027231007	12.248322640363567	12.255825827169208
-0.05052333340459254	0.051175853834209084	0.7374486354172243	0.7539773537797386
0.00414863102716051	-0.02246629004951943	4.429613735188689	4.429672650241807
-0.1926538751450572	-0.3551953993709185	24.340390404121926	24.343744254169557
0.06644650694096063	-0.039444950404404766	1.3238125233182314	1.3260658502846843
0.08484454503801142	-0.14023178983518617	8.013186222084634	8.014862255928675
-1.6643662932330774	-0.6256427146826203	-0.036798222088005914	1.7839220438502044
-0.006163806387154536	0.027588044872640445	-0.018061991659781562	0.03354591289249952
-0.001520276396336079	-0.05112000880732699	0.1436319316256125	0.1524654004136252
0.0029699206029561442	0.22349684277913043	1.2916837359287134	1.318289163166938
0.3671263284681242	-0.2021789227883729	3.2752535950522996	3.3049090690482497
0.3138457860532401	0.13871793415064954	2.669649481895507	2.6952272601328726
0.13261735782163786	-0.06335814360600893	0.4826698825981789	0.5234993967753275
0.7748600383757446	-0.1292413936439223	4.291595746794238	4.365132902410312
-0.21653652267395823	0.010536311812905458	3.1701703239142085	3.1806381037528713
0.27130098525954255	-0.16721751129924164	2.0270845479135575	2.05198384132961
0.1561437235993072	-0.014466128790500507	1.483003692954196	1.491271298127012
-0.44266055020288253	-0.16933370902526423	3.855362978859177	3.8868915281206493
-0.3855566174437205	0.08137727749719093	1.9410820982175236	1.985586982095733
0.21949717593105494	-0.18140547260761064	0.6553229236338067	0.7280212049615444
-0.01124991871849354	0.02130593940139635	0.016454674123831385	0.029176360730395617
-1.324401626629251	0.5192373610803076	0.6203312500835512	1.5519207343128285
0.012348811804808957	-0.296822408517377	0.18346751205366274	0.3760267919047898
-0.6193205159455606	0.13355631589195746	-0.21058434721181263	0.6820709223946826
-0.8267406987550981	-0.23074724609980074	-0.9217601881778192	1.2672277238011795
-0.48446860296547045	0.3703168373625878	-1.0256978253217028	1.2014075915621703
-0.08962235580395132	-0.19747159767679132	0.3053903390578827	0.3745536780473036
0.009255444560839331	-0.11936100146959104	0.059880190844824606	0.13385943814858595
-0.09572322044346139	-0.08873455139418618	0.13877451039863917	0.19051278245718026
-0.025145463736384502	-0.05228018090792052	-0.027990845922009525	0.0644127248120461
0.12148209862524223	-0.11678694887641952	-0.04124186334244668	0.17348770275213501
-0.026762657240720498	-0.0010514876273414464	0.015293145225964928	0.030841947728979902
-0.6726166201181142	2.3688110274919465	-1.2064030880138015	2.745645096747904
-0.16539725237814368	0.12078826266602649	-0.7079709488695392	0.7500991300057296
-0.5090782051814746	0.8785289329174633	-0.5455720262947533	1.2539308127800555
-0.6697395209117148	2.116257369653528	0.42993567286456996	2.260960186134518
-0.02524638317669986	0.18778545609189717	0.059421301934954256	0.19857403784682331
-0.07846665341045353	0.26410977146683423	-0.04763881422351205	0.2796076603069414
-0.8587995392782828	2.796248170534841	-0.06471406474783847	2.925872244316253
-0.20264617055960776	0.24972261994338893	0.04595355582645886	0.32486702917803056
-0.07929068077767666	0.0034372394110015747	-0.004574223750871156	0.07949685651570756
0.08583226648664456	0.0035277776573058306	0.0031617689081325784	0.16391889722683645
-0.1603248012861226	0.04086099029317353	0.15286723491701418	0.2649940354920222
-0.09818253928551926	0.8010373937026258	0.21643815067008856	0.8471280747891292
-0.030013011326402418	-0.035000966627536045	-0.07232505657643536	0.0857715705961201
0.12946450261649312	-0.087045728872349	-0.11666537700932708	0.1948045855347939
0.007514213355684255	-0.08445266630743745	-0.08025514719190162	0.11674589885552263
-0.03422818424580769	-0.351412077751559	-0.8240985308374359	0.8965491651409045
-0.27859076693417495	-0.7534523264783098	-3.0282863302527865	3.1330211173390503
-0.08683574953383454	-0.5391885635198937	-1.9309589652455779	2.0067055787758252
-0.148981365988841	-0.053664632317652686	-0.3222995914484049	0.3590993829311022
-0.0893018807368851	-0.11647473831761038	-0.6087135730669713	0.6261576515585027
0.004400548461902831	0.01620824138639	-0.16831459832786436	0.1691504535195674
-0.05534005334649654	-0.2118418413854554	-0.8436640936046288	0.8716126376456992
-0.05732389002113305	-0.10669579268034593	-0.8699162827891426	0.8783076679640917
-0.20342664187721976	-0.3725677057977556	-1.6771786391605537	1.7300627970352087
-0.6711090621607694	-0.9751545747295631	-8.260111112420102	8.359328030383564
0.4496990869160942	-1.7945909128226172	-10.458456300485736	10.6324837039343
0.04938712696714815	-0.04299012529521544	-0.1701352925363837	0.1822999093510701
-0.054746033426590235	-0.2684768082870912	-0.6907965806151329	0.7431533089164905
-0.036201213107715124	0.0006138632439638622	-0.7061285812762388	0.7070562056539399
0.02937284635227068	-0.10263650211061691	-0.5326916486645	0.5432839112519713
-0.14141738552522154	0.19903901378357522	-2.904116747193184	2.9565393958756325
-2.536802511927097	0.9152016972641889	-41.05159184622577	41.14308896950258
-0.20447960615183364	0.4070827349795522	-6.584984676706138	6.600723555407019
-0.07133281797158553	0.049396638773939926	-0.7894187649978707	0.7941727679621695
-0.44509723242423244	0.058039883123287596	-5.526491368621238	5.544689984281329
-0.22278899885310605	-0.04907097858364868	-2.201702182873567	2.2134894174175197
0.19689929214334367	-0.006698456128935278	-0.9147786575433319	0.9357532756329738
0.28110197460639963	0.1428375683329668	-1.8142072063978492	1.8414039966288698
-0.04695873152911007	-0.03262127815678327	0.8914598746783707	0.8932916536143064
-0.16037344110188484	0.10987521439714013	5.431820276970345	5.4352979425838175
0.7572055112317463	-0.6346273113228513	36.063512036636965	36.07704273394892
0.013605535760051767	-0.03606400645536377	0.8822953252753075	0.8831368886914385
-0.07395661214151963	-0.11696925656518425	45.5299885689872	45.530198884691536
0.05472954324913066	-0.07468360674843076	20.6344841566099	20.634691889471142
-0.15599197846265456	-0.0010900682158797616	33.2770465110512	33.27741214674391
-0.12655178044237522	0.03917487269955866	11.947852420337961	11.948586840374048
-0.024434560517024598	0.044459911576160846	0.8491925437986225	0.8507065933259218
0.1305468738655707	0.1824012309401662	1.9166755630944823	1.929755919666555
0.13948150311850088	0.005506625032703369	1.9122425026653365	1.9173306448370446
0.7606614127702689	-0.2567844544540907	13.11028518424326	13.134843800103422
-0.4593479616682834	-0.13552214961761155	-0.5136723111986427	0.7160347974211452
-0.11594427903349566	-0.47733646993910306	-0.9872866622273445	1.1115340389239243
-0.8046105117987428	-0.7187107096470703	-2.5072330441846957	2.7330643026848254
0.9609945848958685	-1.2908639765560939	-8.577060280488915	8.727845280377624
0.16681889482508927	-0.6380788227243639	-30.643976920859522	30.655048761929105
0.049773742925291256	0.09026439379745677	0.15824222313960518	0.1888536138298126
0.20987802334894076	0.1615685071521402	0.872793171139467	0.9120970818810445
-0.3221714669821489	0.5623646615245523	3.1341291003036624	3.2004396079350252
-0.13905638239292667	0.4742154168014266	2.498756617469024	2.5471555846397758
-0.09700194684709328	0.34874876025606216	0.7655639621498356	0.8582558129805016
0.07487630206534256	0.11203104577421857	1.9886405831500544	1.9980812219926483
0.2878254979334386	0.32980015528364726	1.5846881567656923	1.649947877594682
-0.02025387378382071	0.6789227013375856	2.82901851623728	2.9127601693081693
-0.02307128939709025	-0.08231540677467292	0.8171919637072158	0.8216512740418404
-0.16459421834904853	-0.019356565011801392	1.2741563003551757	1.2848891824035948
-0.09988992626275366	0.4173271928915482	0.7288696531276323	0.8572460203733309
-0.08211343320039588	0.9116429732387702	3.315348981279966	3.565070123734132
0.05623177652789341	0.2993695907208952	1.0116039959518566	1.4129675870541556
-0.08185295997270028	-0.04983055807825567	0.018314508363328624	0.1702885718164121
-1.124062961239911	-0.2698356579102651	1.0645083774276853	1.5776522727220428
-0.12443216018800199	-0.12659005830898556	0.5876330175479886	0.6295242279406563
0.05855881823432863	-0.04626687334082992	0.5476823689202084	0.5527438249205402
-0.06321579028890435	-0.045135284543777805	0.265450652893704	0.2765817766491355
0.1549509534371978	-0.09684591844552763	0.7352390274011619	0.7576050140439021
0.11267432025096233	-0.20653493894399214	1.4318478715995184	1.4510480732397144
0.03423201187832841	-0.38301880238374014	2.023771195569461	2.0599818168210513
0.17698898978909913	-0.4145806433456088	2.5844303876301713	2.6234486160109296
-0.020667257813079737	-0.0249781051657624	0.5912478499173347	0.5921360158908213
0.11821537681744732	0.07151141772345815	3.837125240575663	3.839611812415904
0.01843629687403274	0.07967155150136011	2.168777477805658	2.1703186865983835
0.020048317532688143	0.18796138516175082	1.7810383099644265	1.7910412834183238
-0.10156637328049845	0.10203276339311886	2.736594839261741	2.7403791210817867
0.0354446459834945	0.10883348629882653	2.4741552742598154	2.4768014397235225
0.18089975688454188	-0.04640922930954467	1.4672010351784845	1.4790393558775938
0.3407781234772129	-0.11983389374439919	4.7234498262337326	4.737242674011757
-0.29005751384556105	-0.2061922172877283	1.8060085092894205	1.840737712829857
-0.3724989432823365	-0.29285518735571014	3.33906013044286	3.372512739519408
-0.07123328111318186	-0.030283046683231726	0.07312181847974072	0.10648024977596802
-0.2323156760041115	0.02955610134520986	0.002384468080328238	0.23420038883828037
-0.4285584206585546	1.1270854939414543	0.041464168358600346	1.2065253034347336
-0.19122393620776768	0.8193583669726924	0.03150798374196774	0.8419664365914079
0.09868912553324202	0.6323991481869932	0.5264084302190527	0.8287183246024173
0.19443443713759131	0.9841851461956802	0.6229450863508661	1.1808834544297386
-0.1603596790270845	0.26670277666471315	0.21570306760775557	0.3786468157976948
-0.0782675247445323	0.029866035305262592	0.12101063171162106	0.14717798232662643
-0.1486229907009543	0.11789577248445487	-0.2970161895087091	0.37906016443946694
0.26731772509160345	-0.7365773961905486	-1.0680288853817768	1.3319799216342711
1.393109839778679	-0.8980104866310342	-11.290529217942396	11.450153696169254
0.19621713473407557	-0.19326953817804216	-0.8667961168060725	0.9201464945110048
0.12854221974570776	-0.24279872875120503	-5.007101898547189	5.01657488056096
0.014148457234405727	0.08585186305008911	-0.524338444996784	0.5495282622694947
1.5110196077319624	-0.180828582124006	-7.579006401523272	7.787012768597093
0.05399047892125021	0.05540976455068222	0.13077221429803831	0.15194270582729544
0.0955829846923357	0.5365428111791589	1.2807846834570826	1.3919136828729677
0.04426429004334684	-0.04201183938797592	0.2095301250381274	0.2182365581663528
0.030848537452376236	-0.18580764866221217	1.8615164016350467	1.8710209587603828
-0.02823263638186997	-0.01601789450151817	0.031356472487545264	0.04513184095729796
0.1336005923662808	0.04266233471601423	0.1800516627862553	0.22822750569582487
-0.017054472959545333	-0.023802559536602194	0.09111953036677076	0.09570885906060214
-0.13371797684225437	0.1791549304384071	0.4429918115814715	0.4962043244061966
-0.4112039991091758	-0.2310801803041427	0.1816534081840601	0.5054549824837608
-0.0599553585637862	-0.01772535949930832	0.08484967742435252	0.10539592567508752
-0.41314196484523763	-0.8227246308655585	0.3085308288884451	0.9709548772850587
-0.42356335172329584	-0.5965277013951581	0.1970153785256664	0.7576716114719323
-1.224407387428071	-0.5515694352281779	-0.6132175442057715	1.4762919930650993
-0.5200606095437136	-0.33429437647130367	-0.28792231933765444	0.6819934235108803
-0.2275592617534918	-0.12431137364434473	-0.17665619531707574	0.31375778328360693
0.012274300057199136	-0.01904253148517035	0.007027237863027107	0.02372042409488971
0.11234626148452959	-0.15440802500522316	-1.2034504515738402	1.2185058514627014
0.12122617790280972	-0.08790967880952064	-1.945577477226888	1.9513317549124893
-0.1494612316536409	-0.09610699581440238	21.260488576477467	21.261689244033292
-1.6474178434191356	0.061491531329729954	25.2907988147472	25.361882091677643
-0.4645294590109025	0.08856688044049581	32.329670281992136	32.346739601478006
0.510436346186571	0.018241910404097478	5.320934300511198	5.3472141948925245
0.2472380913223046	0.10972044405146253	2.6993012677849375	2.716407990123892
0.3407270979400264	0.21209264885575174	11.36709095852095	11.375030324845646
-0.0026337733226785287	0.3828234816465215	9.351342869621963	9.3602165575905
-0.4970390329617232	0.5194350253306373	10.620138603052707	10.645359753375084
-0.3130385928758853	0.10708938295006684	8.604431238679648	8.624930039144461
-0.01586466756624033	0.6031002260094314	8.928455201749074	8.949903555057432
0.3055808665488206	0.6995883981975033	21.894824008363504	21.913690741007184
0.5930549443437588	0.23061888760942267	11.831284503492297	11.849205544078039
-0.2640867031936009	-0.1326501820355224	13.940821912265116	13.943954010505372
-0.31525393921414885	-0.00800782785634848	13.867972140881978	13.871557247539863
-0.09157452376799172	-0.2414685065613712	4.138188156321057	4.148586980536887
-0.11932554678796267	-0.18702348685469683	10.354523506951418	10.35784018083215
0.0074023016529556895	-0.021598663361531385	1.3853661923147023	1.3855543234161927
0.16335026875581538	0.06781552758019528	2.586938941511915	2.592978083824537
0.3867996357218968	0.443222249681209	6.301843403290402	6.329240886583622
0.05960368507185796	0.12305016805526928	2.171021757452215	2.1753228299412206
0.06760942592798351	0.04675264140029772	1.6647981024822984	1.6668261954927623
0.560388201050978	-0.01406476408128873	12.629839212844553	12.642273185458839
0.19282689685106638	0.01447433360536639	3.855637237197325	3.8604831593137607
-0.019164006926170544	-0.01290153627415984	0.25871698701239326	0.2597463920220465
-0.17994248569931565	-0.7380788176674782	33.637327774400475	33.64958506659187
-0.09553780304101771	-0.17181600448429302	8.54826779697929	8.550528085450631
-0.2314025104791575	-0.30041463911781013	26.31021730169937	26.312949863895785
-0.27703389884232404	-0.06645517451684249	5.724602485098587	5.731687158570742
-0.25221401437208396	-0.06913473385561957	8.568925745685208	8.57291548748369
