-0.9338552235714297	0.11557107928727318	382.9613227454011	382.9625042232531
0.2598326153449285	-1.0860665895607275	3.1702581805856163	3.3640853647651507
-0.36215028900841245	-0.3352130754029279	-16.112349529746126	16.120508918497585
1.1137637547970456	-0.1555403207120809	-8.204927498600822	8.282812175527269
0.015787757928606747	-0.334914482268017	-13.564365019165033	13.569226032525998
-0.3016145891869181	-0.24835711414809802	-10.936385748667249	10.944252630724057
-0.24472933383957568	-0.12242723802155	-1.4098435898149497	1.5186374701005676
-0.07284977905878254	0.09832858412460443	-0.5396350990711509	0.5706675265111848
-0.08403125159244643	0.42259863145983756	-0.1950561646269959	0.4931303547895976
0.1264769439177676	-0.3347765600928966	1.0298955498498878	1.0991980672431216
-0.0011729759997188133	0.37927368595189714	2.17501413849529	2.2122423448353583
0.5694453741195493	0.4918350291451156	15.868695109339118	15.914207639592481
-0.02442665726302752	-0.23612373084298144	0.7449236172356376	0.7941927085208484
0.05509029737317162	0.160750969065314	46.52531978648289	46.52563010910659
0.018518423424338654	-0.022508806199008975	3.680669437877839	3.680784846916553
-0.6386970330991232	-0.8496873850514611	-158.0173140704764	158.02367480600148
0.09926535252325402	-1.1342730772884646	-194.70969559758353	194.71529159393876
-0.024687685577326812	-0.33823235727745676	-10.112060060888986	10.129782289208135
-0.009696528396899558	-0.1470792629239841	0.5659731565556501	0.7653573600526629
-0.19764026792253836	0.4485837483358754	2.220657878917896	2.278396421801019
-0.3088455237241645	0.4271745588074286	2.4227420471116186	2.483349043722886
0.17788538744752463	0.28288308592768346	0.1231103432967538	0.6087217347836118
-0.017346416661530417	-0.4456630208017357	-0.147099926276838	0.4899332602424282
-0.24325629610453353	-0.08538327737597834	-0.880060886642481	0.9276049152240998
-0.05140922249713256	0.0074446977452039195	-0.6634057982544292	0.6799157078196336
-0.07535169720317729	-0.1314697141538154	-788.9362642367543	788.9368367243364
-0.3386817549130546	-0.004820905582955615	19.93321932585646	19.936585491247968
0.12294993874112692	-0.899625158065378	2.182797641207501	2.3682329783662825
-0.31744592156153667	-0.869629363764539	1.8712520132049582	2.0923888322348643
0.20606680778468456	-1.939627810478137	4.530385712700247	4.934419323809976
0.39455201909036797	0.011712141755073457	1.9903281377256623	2.033886513735533
-0.5404309706050772	-0.7791938640287761	7.027688286957832	7.0927491958530124
0.05484496104845327	0.03961334259142661	0.497598972804941	0.5021771842688639
0.07076853416889081	0.3102198803430302	4.202357663810803	4.214386609481603
-0.3827626313197701	-1.7114620778351466	-132.7293130063526	132.74181654910603
0.3198771350297236	-0.21792778962980652	-1.6229935974779655	1.6685089512682345
0.3486880856817166	-0.3291390950098937	-1.5201602655030828	1.5939896981394566
0.5172417732425403	-0.2815432778812031	-1.5891585662279022	1.7663086734834041
1.1467870949113466	-0.7565841077600817	-3.5453241241437823	3.8047789795606004
0.19833879137913657	-0.4093814346631688	-1.7637438238117054	1.8268014386206692
0.018884768676567344	0.2997455737679951	0.11925940525681812	0.35200374163307147
0.0572218228186491	-0.5775786322614609	0.011485773643752764	0.5970620749536052
-2.312575593280884	1.05723366263328	21.307812665450484	21.4594526785488
0.20542364111117994	0.015239402633826213	-9.97773002134063	9.980831993144767
0.10313324571055577	0.18027770618091896	-9.411878558524151	9.415204421733142
-0.0678524959462577	-0.08244255912868545	-5.359590537285564	5.360654014588406
-0.16361817340495555	0.09064062319220144	-1.7273074738675143	1.7430024450412056
0.2258119020416388	-0.05130700789672289	-0.9752794610132477	1.117368960387422
-0.1024261892009973	0.18132983487037924	-0.14613498217621354	0.29018416766598376
-0.1550324132800769	-0.08589648265459332	1.0816860311617362	1.203774745128966
0.24025522911337696	0.5146856905849959	4.456374652552634	4.49459439371597
-0.011514803389388734	-0.05666118928708217	0.2919738553610968	0.32874244962120175
-0.1476544535185541	0.22702070982241876	12.282924653709953	12.285909746089143
-0.10277185845122802	0.0616353095304041	3.0107523555773956	3.0131363581632487
0.11449923719261859	-0.23647745421970862	11.661719758551476	11.665514098125382
-0.19925548223359907	-0.11086490434863304	8.959846026161074	8.963833687191597
0.036992956346105735	-0.010893100781149294	3.049047880724838	3.0524842181928626
0.046130535294807117	0.0941263704003782	0.023019084543164876	0.10732044606942336
-0.09800159484400986	0.2295721547032885	0.06760537891869035	0.2586081477173907
0.34648734245850726	0.10731479522812402	1.5479033866347844	1.6658903175822373
-0.028452975673675527	0.5918925754245092	4.5814811529720005	4.645948330546197
0.06752193039222495	0.5588912555810664	1.6152787626777474	1.7162528696863493
-0.6157758713875082	0.7905785365594689	1.560939151267556	1.8601626716799349
-0.03668768482303464	0.17469915077867773	0.2899498351045262	0.36798977061544447
0.25942310226379406	0.3153272452819095	0.9760016264139282	1.0671413108243357
0.07265115983398931	0.07360415259350798	0.44211831701152393	0.4750201610893317
0.09140136251175726	-0.10155760139819867	-0.06312185050351743	0.2052615608966996
-0.18523854195023798	-5.1459256959818234e-05	0.4121458262870848	0.4729241874738162
0.03430660472815115	0.19433619747711275	0.30955593720553504	0.3927444002618423
-0.10250946589548182	0.013564440387682786	-0.24376362760815867	0.5602078482009129
0.008724599793624735	-0.2623138471498925	-13.265391231912774	13.268721452862609
0.09305342137552389	-0.1017635099716754	-8.845970959102159	8.84814651468714
0.10527126361394319	0.06167765940066078	-46.59203261797263	46.59240141301731
0.16172255194805574	-0.2887861423861876	-25.550106563274298	25.5526315043953
-0.2681483066550671	-0.09269461655507927	-101.57238634562562	101.57287848405319
0.034244008238521216	-0.0054749541362393295	-2.0482573262690145	2.0485508785084456
-0.1111903107044178	-0.06235162189694353	-3.636365631218435	3.6385994577384255
0.25308245195608287	-0.30999587203757745	60.12762480037994	60.1289565209927
0.009866552251481035	0.004471809033747578	0.36219544329543196	0.36235739963928015
-0.2610280916663308	-0.2752994894727818	0.821479278565286	0.9048500862878244
-0.3273784376939231	-0.5372636254276828	1.6524162211928748	1.768136932688176
-0.1242570354067336	-0.2798020008904509	0.8194100184876159	0.8747352450588952
-0.01660957684009795	-0.3823643209006164	1.1753002594724726	1.2360457321056768
0.5587968719857909	0.09678458573219112	3.055869774756536	3.108047824671787
0.08276530919610939	-0.00021727871138317242	0.809038896717682	0.8132613848072037
0.059593744496341444	-0.007846045655745489	-3.2670218922604364	3.26757479169559
0.0039105409359621625	-0.13057184137451838	-3.2521292738550502	3.2547517742456664
0.2722831759886505	0.21894251562887254	-3.3691763968022794	3.390118483290217
0.15108890990360918	0.015701869747215158	-6.587589417218291	6.590818501685194
-0.01382935598693183	-0.09239373963701228	-0.28082174342977706	0.29595389133117483
0.11944499683248423	-0.08529053133376083	-0.2604259165946346	0.2989368495814174
-0.33821397646394163	0.1310647714513236	3.3101783848396917	3.3299921332716456
-0.3435381860922037	0.19232587134726314	4.989484905962569	5.004994241047767
-0.4690560427899402	0.053107036622461246	7.728425399197605	7.744086315665602
-0.06574409213149408	0.00606255069334731	-6.106164926167542	6.106521853373636
0.029632675427961733	-0.03303420808027391	-18.597740194067917	18.597793140058474
-0.0922781861982514	-0.1370135810795801	1.6510930878413255	1.6593361232028
-0.2575450431764276	-0.0891365098301688	2.577160386142801	2.591530517387973
-0.2777398286128144	0.16871926221296799	8.309383795208374	8.315735966101329
-0.15364841220190786	0.2248083020284456	5.895708545226487	5.901993379993725
-0.012734212872649888	0.009268229273465718	0.0047788776736807995	0.016458976978278233
0.266010267632733	0.35004614504629317	0.550725414130647	0.7046930167932568
-0.0756996979637189	0.1900134280295338	0.8566479581072335	0.8807276941442375
-0.005528792350382748	0.07070415911630387	0.8449589274618087	0.8479299704330585
-0.013546672369068348	0.004481017598994962	-0.025060817481617273	0.02883810714738948
-0.09976044722347194	0.13983594121246348	0.16686360032627917	0.23947797059197512
-0.053713913392232235	0.10578940771000675	0.2636577309076885	0.28912278074017855
0.008000776536494836	0.43408297925103145	1.3946751769757506	1.4606885001850944
0.024050030603511748	0.21620439717779236	0.1593647255773083	0.2696662030907344
-0.04034766686157896	0.2045988856408716	0.027224076445475455	0.2103087933610207
0.13004600667397845	0.592153000058038	-8.807177012362478	8.828019260650468
0.06138401943407293	0.07556193681392523	-1.0386760281162002	1.043228400457062
-0.2794626270541224	0.14490206813022866	-5.110643858507001	5.120329737210654
-0.08100480577068901	0.11047529882728087	-1.4028062250517592	1.4094792922398294
-0.02290003366592678	-0.1329567749469906	-23.082039232890246	23.082433516945976
-0.08122518604821805	8.51452996356028e-05	-13.843635904360891	13.843874190074407
0.062131628364843886	-0.023701463812602453	-56.45466642757392	56.45470559260116
0.4105707848691698	-0.14736417179039174	-170.97156777981462	170.97212425906238
1.0794280060649282	-0.4149285959754307	59.19541422085439	59.20687354626544
0.1530629104204815	0.1541763884265486	0.7937271920979203	0.8346743398896911
-0.05496414415244758	-0.25944952339529603	0.6039600545499548	0.6742274428740215
0.43476468423393244	-0.026082372769807464	-28.846860050514536	28.865443477966824
-0.32520772274781473	0.49848273691659734	-55.45358941850425	55.46474210057125
0.006472765500776717	-0.21865493771758654	-127.92710082527724	127.92736398919516
0.3028113592438379	0.40488262923264606	-452.81933139112687	452.8198827636793
-0.2606540248136917	-0.007210411919678979	-60.90398373959966	60.90654273398313
0.02623045434952463	0.5326130124925947	21.622863390883893	21.629888248984063
0.12102933200652055	-0.1936589139437468	51.26261692295709	51.26331559164804
-0.6866337712423721	0.9738440455908102	148.44938416249363	148.45423192408305
-0.2658325903303017	0.896031391825624	139.02780917983847	139.0310207987833
0.3231520456985644	0.5909192911942119	0.7354602631711784	1.1127598997306003
-1.2003528468645353	1.2486241080937617	2.7373958709823514	3.3724762219562
-0.38963366356494133	-0.1071085996884745	3.1025072744553372	3.1318234012885435
-0.8340311480563503	0.15699265143296987	0.21344051398563646	0.8861666245366049
-0.020837877087490145	-0.2586129266277539	-0.1715583370663935	0.34092068118181346
0.9893662097972638	-0.5719894011399327	8.80725369113994	8.930650969392044
1.0058531145597611	-1.873975005258289	19.27446848229697	19.39196065044382
0.12720986772185264	-0.7680535748793591	13.057128168283334	13.081061288450908
0.014574692567223976	0.04417580887005482	2.85998562169504	2.8637670060525484
0.602956763216955	0.7673804983209176	12.421732936144858	12.460792856368261
0.061338705648363606	0.2154219420973019	13.532168061737242	13.54302261105138
-0.049662011539786985	0.015225869275003245	1.8027369230039763	1.8088776467597807
0.5166030003924924	0.8881282343091844	3.5214090504534035	3.670892521731849
-0.4337420097187511	0.19877220187847988	3.6985542113097662	3.7318126370614713
0.24756613425610652	0.7639113039590129	3.0439762018899357	3.1512093509824366
-1.239018774187818	1.2508150546922208	24.982308708500394	25.049212960545272
-0.21909782658341875	-0.14638206083080835	7.459379611382499	7.465336933920369
0.059464317017490415	0.12680138160031484	9.679494053690444	9.681513286449738
0.1041850972793152	0.5765118161719093	65.78073963083511	65.78349646053563
0.149370892006452	0.48764463789745033	13.753184766047	13.76334552171732
-0.008512325797773468	0.17046387636437443	6.621904289422323	6.624103472252336
-0.14084924766394832	0.6280232114792054	36.07414190046581	36.07988311399675
-0.034837587757728494	-0.1652173955196827	3.2902591075387146	3.297543816986296
-0.16619148509396517	-0.2835421763640045	9.545601281920785	9.552277183677344
-0.4985554365378656	0.46389640052044734	1.0027720015355583	1.2201593607725674
0.14854649770806913	-0.04396310580351524	0.07705449374459322	0.22229709075797646
-0.24326772594903207	0.02969752510074742	-0.18585633231923626	0.33776247667359566
-0.2337794836626659	-0.08011111988214102	-0.39581507185826453	0.4870523529565549
0.0560703266481275	0.4562979025502662	-4.286102273992532	4.312946109728957
0.02057295788748118	-0.0855012249709326	-1.287067319427888	1.2975961527790756
-0.4660323888280616	-0.6271656301577879	-6.637393284391464	6.684683411476784
0.6874375693596201	0.11529330953425874	-187.04065667994632	187.0420075651709
0.09489234577164496	-0.4965529227670628	-186.87851286565737	186.8792487678259
0.027857229542568043	0.08027484525559138	-6.09577926431417	6.096371454829606
0.582679652525473	0.1010796386931127	-288.2820001486258	288.2826067288192
-0.06607911643036049	-0.27836054401151117	-68.31899622899014	68.31973782563688
-0.2279507948229963	-0.11903982523838559	-140.90055014216122	140.90085394415973
-0.046700509147143666	0.15346280365580056	-6.052481659231712	6.056215467591681
-0.36043022698080934	0.18523833594652828	-30.200378233329342	30.203419482083124
-0.5215814514027639	-0.1389950205931598	-21.200255090416356	21.207125753503743
-0.033629755825077934	-0.02342364478535364	-3.640778224134092	3.641008885589389
-0.04794726238703062	0.2478219940379951	-5.532689900836808	5.540203245768246
-1.351405499699383	0.03649356134580284	-38.82616353332397	38.84994315447519
-0.11115836460832601	0.025041205463951777	8.908022541645282	8.90984447851667
-0.09811943600403356	0.43646490073984306	12.564687845457692	12.573423935905126
0.30265640869348676	-0.1516651140683988	16.056043912580638	16.059612365535678
0.010164081971491823	-0.06356514695761817	3.229864788131163	3.2305062120478327
-0.34400712551378315	0.4281474161069557	53.358651898402925	53.361478460845355
-0.19639311207265214	0.3745215029090321	50.28482653980212	50.286604744689214
0.09569496273174617	0.052611630029426884	10.873005866856683	10.873554252874559
0.6672696852835653	0.8310507121293231	98.77327323036315	98.77902307048295
0.303376976501253	0.5578900575827266	140.24524287222806	140.24668062808638
0.3353847886840195	0.4914154339028872	159.65143490969584	159.65254348368524
0.17689541080091642	0.035457217285828124	25.624770500476387	25.625785689176546
0.2556080506584433	-0.8627840533448765	56.90466005618345	56.91194556235948
0.21199402019903213	0.01930145551227591	2.7189584159685793	2.730847608976239
-0.36155319888781223	-0.11619372698589142	59.244722354675304	59.246103908740544
0.09462852680301613	0.08297826817024487	2.9049046025971688	2.910977582559453
-0.7879961305699106	-0.45915452224075415	24.27144884983856	24.28897836123036
-0.5949063399214771	0.2602015535031539	8.263111061590905	8.2897588989554
-0.5834829838561262	-0.7405869303743182	4.039043321661275	4.149972546059487
-1.543765533358125	-0.1621751758443903	6.728754094536458	6.906889622636648
-1.9145716307123453	-0.829477376148694	9.33849239245907	9.614645495471322
-1.4799183219155552	-0.3784887557343417	6.968617477109784	7.195681573342347
-1.3790146783215325	0.02720029086762299	2.617486323915813	2.9619479704471243
-0.19993804044221636	-1.0184187925339	0.8298351231220965	1.3361355370878902
-2.0459615636921824	-2.3184347208495195	4.10739292141368	5.143078326326127
0.23760983509903771	-1.0493075058631027	1.1048720741298448	1.619248874691109
-0.3102103957771081	0.1712463107653749	0.619523282385889	0.8678046026710895
0.026996965966767483	1.8131100511957923	1.4011959920958312	2.344177263899648
-0.933481928062212	0.6129490597550421	1.8092340198359738	2.1307047151834935
0.3874780828767086	1.6361461418574863	0.5033964792618537	1.760682044679895
-0.12714193381815528	0.9507908676058261	0.9792126255236973	1.456964534105986
0.6556689555844946	0.8974937669716945	0.9635927174319252	1.5516532178802533
0.9722445581198045	1.02080044891837	1.6881213668739987	2.203752838115485
0.22763262236659318	0.3019195612066346	-0.13219096113383874	0.42417716500324115
0.37066427884730224	-0.9623638766122136	-0.6862908504284625	1.2465998375193625
2.2177900902920116	-2.5372204150020257	-0.8566836020245694	3.479865931006292
-0.25695393340726724	-0.21022580760612047	-0.07062919782571873	0.36699929504375944
0.2812293089916608	-0.37707677227068925	-1.3078085500004195	1.3968249012586393
2.4038962063753178	-1.8716612562862542	-14.85872143529873	15.16848427846417
0.102933544728257	0.25160186078171853	-1.9869248153823291	2.0653060246271604
0.09943645934721979	0.5136244968857945	-6.608438842237765	6.647471820718424
0.9673977818069173	0.7159801862508615	-70.77859397939976	70.7905471919696
-0.025158533738386835	0.048221655151529444	-130.93985356986582	130.94079551889146
0.27180046868154584	0.0317366264918567	-0.013987386703909303	0.2740042978192062
0.2964303923661265	-0.037214280353564874	0.1074636340330469	0.31749694930842726
0.20951214971308516	0.48194461750673456	0.5875269581785934	1.2264361649542552
0.15173514020309994	0.3598411664729083	0.31862761533650974	0.5229842827619855
0.17593800778780785	0.5956009494760891	1.1739348022685752	1.3354015794803153
0.08229327255308798	0.016986427423414885	-0.15557831245498904	0.2252667699205765
-0.2835087001127684	0.31813477621317	0.8097207049075104	0.9255886363454073
-1.0944307006203395	0.7776278690618554	2.9116382007769066	3.2092990602817597
-0.4327668531260668	0.552001469267996	1.687297506038655	1.8272836794331992
-0.3906444425331016	0.3706249896633948	1.2026627921618602	1.3177115599005536
-0.6575375059191652	0.7392450423050043	1.8401749132998597	2.0892779891151565
0.06875254306647541	-0.31563088603473166	1.5208834623807754	1.5548106876853252
-0.013769046354064446	-0.0029706007518194247	0.015206496407705883	0.020727967563768896
-0.22690022242090202	-0.6744155807811341	1.1783400311813255	1.3765192754260351
-0.40177287424819697	-1.0195313999880407	1.5271667967028024	1.8796553255835842
0.11026410065107668	-0.11820687420829001	0.4047627280220284	0.4576501807039082
-0.09799234262778185	-0.033366643486546305	0.1113907155332626	0.2064061736437432
-0.31994243546548295	-4.891077675373727	12.487633318999412	13.415140323467933
-0.07556220134440514	-2.0184792616152807	4.96865414028868	5.363533549969726
-0.47657655014252526	-1.252381022033024	6.573837185862563	6.710469325138419
-0.3062390418493999	-0.2576938442239543	4.689324616528458	4.708442801201214
-0.383367510714954	-0.8851686209327192	12.375433860132794	12.448479792616322
0.4593122508829015	-0.22889710081355452	4.300197901298558	4.332960120033935
-0.07221351967039233	-0.8940669819445304	18.62641017846601	18.64799524606033
-0.1899729880097868	-0.7936686194518707	17.52256232794002	17.541556092611017
-0.4184210472695393	-0.5403412769728386	15.890369317963785	15.905058375550961
-0.0391997539555603	0.14142744637044943	2.6029891434592853	2.6108562980684975
0.1863574006305629	-0.12641540249835426	3.9498500445621043	3.958725185484065
0.8828154215639185	0.33173317124038304	3.5706891933107836	3.6957693469125883
0.3539465505487901	0.42925645445638405	6.325479362238812	6.351433555611439
-0.16710430464281253	0.6331281622167862	4.8334159213898875	4.877569536927937
0.16381149120582508	0.0700039047156823	0.52298199214945	0.5524897423836264
0.000329952672609074	0.204220857213091	2.7174623258509127	2.725125274149552
0.017433041434705573	-0.01886582088345349	0.37044059127352613	0.37133012508326124
0.1877682804741811	-0.07276876521198172	0.2246455226269766	0.30169161602380473
0.5963258490487593	-0.027054681751137018	0.8772126059223935	1.0610553378771235
-0.10337171036348682	-0.14659679764388917	0.15556478897087284	0.23743785534423148
0.014802472172247356	0.015390055416401382	-0.0015438848932366536	0.021409123491951468
0.062276531688888234	-0.06531317843038517	0.14119320884639605	0.16756998508151288
0.12440611125691096	-0.15484480076898227	0.05294765972456223	0.20556567688590613
0.05318875140666565	0.003468031118707679	-0.15897479386721153	0.1676724652444842
0.07751612734434879	0.2395748191532726	-1.0348755512229042	1.0650691294416987
0.008024195079290274	0.031754105171431346	-0.6257543192352898	0.6266108672402114
0.43940705234916955	0.06939490908425455	-7.012372182751438	7.026468376110941
-0.007384300868934412	0.19683996198635484	-225.87888772681424	225.8789736146357
0.006567033012476275	-0.001644556329634242	-101.13673570478983	101.13673593136666
0.06327755000418459	-0.04470962958693659	-8.700902458065489	8.701247415404437
0.5042408786732939	0.023963412585506008	-69.66326572555153	69.66509473658722
-0.043954308150294975	0.13371616785064686	-46.56698429736999	46.56719702264945
-0.030423940472555536	0.030163418916952955	-3.09155468984987	3.0918515243017985
-0.03308144450307801	-0.23346946528744386	-56.21255212464703	56.22087663254859
-0.049141112062536976	-0.0024874072970172308	-4.480636645452004	4.483079920050185
-1.174238245181212	0.5608011905092456	-67.31007697195999	67.32919237593602
-0.2153059357018252	0.21309834885379877	-16.924877376842275	16.92816356130458
-0.8826553643638622	0.11120522353194308	20.600473201782705	20.620146047403463
-0.19410756742413976	0.12930608929236564	11.313246182717846	11.316510804490017
-0.2739325448167965	-0.2321194121722287	4.0515181509400096	4.069790851249403
-0.03341023853311981	-0.34192683787925043	0.22432238780706737	0.43339419132287343
-0.1685646660468297	-0.17242772619129618	-1.4449361502013507	1.5458673254706172
0.18275095452513196	-0.40598778884458253	-4.966049868869258	4.987920917683754
-0.3499178821753258	0.3696895998966667	-4.210408931857916	4.269704467572286
0.0655772769374244	0.07851496095852634	-0.51393400275188	0.5422849089080535
0.5938898240448347	0.19439704634702884	-1.2426480650122618	1.3979089144544332
-0.1308801260494493	-0.2760713300406761	0.3587115591228187	0.6824506661389311
0.0710912272200392	0.005047697336533395	1.3005202838088783	1.3024716697242893
0.09654974360996231	0.21072475324898127	3.2935353174289856	3.3016816414934755
0.029388437217642144	-0.00017444023048519136	252.88736041096334	252.88736211866168
0.047380908330089594	-0.04781978218309883	55.0082856902702	55.00832688115887
0.0687251717331044	0.0631463259014792	72.23580337999702	72.23586367284118
0.03228835240162683	0.00766475308936451	3.427069945270144	3.4272306160972907
-0.14243906113711488	-0.23699065080901616	29.336869763427462	29.338504746423464
0.7538761780199191	-0.017725007631802445	59.13978669787865	59.144758803491314
0.22519261255216205	-0.17420920500996734	22.582590190266437	22.584384876754477
0.2661106486128899	-0.13210499550343247	35.75977276904032	35.76100690837075
0.9822876732813584	-0.9319024743779545	74.63110266569416	74.64501682185231
0.008619912582259248	-0.008141332998735908	3.411485649905216	3.4143600730744716
-0.06844662138469226	-0.5711298308023512	99.16911373151936	99.17203037263447
0.16136022785089743	-0.20821403667300084	22.418519603002522	22.420067158650713
0.008238050271579672	-0.1458836455767817	17.57272770661076	17.57333516877785
0.07407898350516312	-0.0806856829351387	2.544743359502057	2.5509207016012247
0.20239775474057736	0.043455059721091774	1.7805467823004015	1.7979654674658534
-1.2990780941468796	-0.7082222465714721	31.148017969460483	31.183452115761085
-0.4937531509392457	-0.01112382596700709	6.858241548521468	6.87741759938516
-0.929463524738789	-0.5206722762170942	9.658222291042366	9.717805290863186
-0.4360782327617719	-0.9003377644815901	8.14236797700938	8.257222315837703
-0.18658455013541564	-0.602271492824265	3.517459897898789	3.5762478470659946
-0.3805649426691669	-1.9994173976941787	13.972109724574892	14.1508000320212
-0.01996717643249741	-0.023519770576948124	0.8946202095816417	0.9059674232744678
-0.1974910983003689	-0.08736959165155996	1.0221388066580066	1.04470279004581
-0.18465306917112181	-0.24383228247836536	1.7009641838924703	1.7282448011835307
0.055212481945077316	-0.0400842236762296	0.5988187035810266	0.6186426980161672
-0.0852712273030825	-0.10801778532777742	0.659488373039191	0.6879997988566356
-1.3191982859401312	-0.7302995560357642	5.172878160352877	5.4694681465320905
-0.47075749369533204	-0.5104634523034828	2.1620780020208223	2.2751366169375964
-0.6041736903197218	-1.4515697751682246	1.8515407202250018	2.433056407855724
-0.24263390243384364	-0.2267893532086055	0.4012477064153431	0.5392440339425434
0.03931366650804472	-0.02358820733449047	0.07090567171184045	0.08443685321272903
0.09212381804823412	-0.07488746049029107	1.0288471684579903	1.0356743820499246
-0.8701463731495627	0.8008177949235015	2.217829540366934	2.5172825638763086
-0.8222599100923613	1.2540430861805159	1.589163641455331	2.240066169439157
0.06858465496979305	0.44385747216835525	0.5450247130548254	0.719892376149034
-0.3786440096883348	1.1575403815519727	0.7543241638830032	1.4393594930086573
-0.6138602191355882	1.5659402236765894	0.9832827003255528	1.9532838519849054
-0.15460192157460315	0.4318773800650466	-0.003083125656108604	0.47948838998480436
-0.19771666697138945	0.24428033913453934	0.356271728768815	0.49515057720443084
0.26212474385601875	0.40137391196620315	0.6644676247170864	0.8311482465516028
0.1202828439134005	0.11620648795818367	0.21585469638574312	0.30666748317233167
7.016580913508282	3.7930850918360752	-18.95181115179034	20.56780902539798
4.716273689989027	2.9643926122786297	-10.403712967156652	11.811512372427092
1.3008027739950307	-0.5249254690115769	-3.5047738444681613	3.889913225075635
0.5082926985140548	-0.25599701202088027	-2.180790631239935	2.4413304380460654
0.3087212889755456	-0.31270184413608804	-0.22729307535663945	0.514036189969064
0.5901275622847162	-0.9784917084688577	-2.6667229744370418	3.0495737030937207
0.6490466025615256	-0.5297516653620113	-2.884196074768436	3.146559376503189
0.33683116263786533	-0.5720231872677701	-1.1849704284506868	1.3653938845983449
-0.8337343159562278	-2.9909527814645367	-7.4109626179711885	8.089723664527721
-0.11039221870869917	-0.5197382302828145	-2.036914964139875	2.10969586102023
0.821930913605978	-0.2947655030410065	0.354799423592225	0.9527956467184086
0.4694560560001472	-0.20286477713870796	-0.3334894056799094	0.6262891304497391
1.0921381640716041	-1.71427608160237	-0.1570567742846015	2.0434419171154232
-0.09203366821659842	-0.4329291181036188	-0.1076147163982091	0.4764016472188642
0.08813123967705724	-0.12583664332959194	-0.07748081223936386	0.17206176936421813
1.2074959763286603	-0.9903714674516686	-0.7115719342050837	1.7161633937188612
1.001089370589345	-0.39681810541546225	-0.11121999564962048	1.091555866195033
0.6747821070592304	-0.7435174100049424	-0.28022270452207687	1.0517383610087727
0.4342740252836534	-0.6295067145566723	-0.40921090969143803	0.8673673969653788
0.46102288834758387	-0.4864706072429345	-0.44296696508325845	0.803377549752749
0.30175270613660976	-0.4117318243960162	-0.21940199912992692	0.5728828964137852
-0.4662758508428446	-0.2883057540184416	-2.3562079830053113	2.423165124575153
-0.0424203799975666	-0.1052433724420836	-0.09967516085094198	0.15103242622954255
-0.005326101137718659	0.027274805024124146	-0.11625538671651175	0.11953073781684312
0.400637785130081	-1.1200606364427028	-11.445997579950324	11.545832913103807
0.30858327261625285	-0.4486649778777673	-2.1038635830592325	2.1776697774307863
1.4852650337122872	-1.865944316008871	-22.737872934053716	22.88184818953415
0.04522809589111906	-0.17602867736985334	-1.028984733856337	1.0541921282782916
1.1153021975806532	-0.718788605433322	-6.783023437677397	6.91299087170017
0.1024925143566313	0.10712237817235533	-1.2919325460839237	1.3078797375658564
1.0109199370374118	-0.5817261530764462	-7.320632585717974	7.412963367732817
0.45982269947531074	-0.16876908502508914	-3.2472952423944905	3.2840289752514162
0.6121874902806796	-0.3551434114696405	-3.8650480491715635	3.9317905047537014
0.3446891577762472	0.09283037685574996	-3.852109080851019	3.871130616503474
-0.2739665771191153	-0.3592070819143511	-45.34533420358215	45.350314631320174
1.0375118229263167	0.22442282504344022	-220.8081829172555	220.81128630473052
-0.019250976861749744	-0.042485573804342515	0.044194759857230745	0.0642557459722798
-0.14534547724570346	-0.5902760043513027	1.4527008422504963	1.5747669053367936
0.019361896930205548	-0.5322493041133076	4.683450692389165	4.7136370875177045
-0.02845691662482259	-0.023714122193069034	0.22164739636435585	0.2247214364725311
-0.04743481941695108	-0.2769757437315516	1.609655349499789	1.6339999904779836
0.03216489186985295	-0.013491951224447192	0.3479979273894068	0.3497415767165306
0.672378145362444	0.8505251105932264	12.926132696930413	12.972273186210048
0.3252568289685133	0.34088760686277303	3.4255046490386243	3.460571954285665
0.004918532393748749	0.004570531653839235	0.2428765303562868	0.24296932052918838
0.08552184208283169	0.5585761756645286	3.268818681899465	3.3173026549635494
-0.01799483152614642	0.14631826999732364	0.4288615435201794	0.45349208770073896
0.13950498563205194	0.2499302781102224	1.0420172679340867	1.0806140715376926
-0.010114290708075697	0.5302892948615558	-1.2747562144256555	1.3877291617019947
0.45524667968557764	0.642971377845809	-0.17174867075284483	0.8183148067211359
0.22158657766953427	1.463044941937186	-1.0874087347334658	1.841613057839762
0.03729171399997669	-0.16190669653567383	0.0054415863633303085	0.21705724147860267
-1.8772936723006306	-0.16850331614053005	-0.6595388477163224	2.0017732579284084
-0.7643530755142005	-0.5567114366841959	-0.740774494207469	1.2092931340048736
-0.6622141418558644	-0.30082406999218997	0.3001241663855373	0.7991101243941153
-1.1283105559712812	-1.1250955437273706	0.04448297125346898	1.6687190807211818
-0.5128729383285203	0.23052886702019554	0.8043219327818265	0.9912596863855799
-0.27360831035153244	-0.2458763663753199	-1.750425968521883	1.7940979770377816
-0.23404215955722557	0.48734373678880316	-3.1091755814206152	3.1589131408191173
-0.6045781654437778	1.1133820815160873	-4.191099130405415	4.406150959835294
-0.10957890606568099	2.416072223379787	-8.746400178871125	9.08804976640196
0.3781341360545937	-1.8393010920992583	-63.81867572875185	63.8464475557468
0.21797929406353178	-0.5356850610250614	-30.534794534855106	30.55468051438213
0.2367653713234918	-0.22507554877267638	-7.955204945830964	7.963132697549802
-0.0528273469546533	0.6666362040059339	-15.870258747177665	15.884954738504822
0.547521043677076	0.5178129111784143	-21.450228939327964	21.463916484153934
2.7415606545578726	-0.07887555246985775	-125.73800682367755	125.76799360708384
-0.20087684308534604	-0.38563399291809114	8.767070184298374	8.777846244893757
0.01650061633511216	-0.040691321878794	0.5387126063011051	0.5404991454233871
-0.28736123412018955	0.4821854497165216	19.05073590117889	19.059514617328514
-0.25288001140016353	0.1735762458043888	1.3600055067267753	1.4011323194118552
-0.16032256178510657	0.13786448369657545	1.3601477881891364	1.4623378158955143
0.08617700516134436	0.0219480176866724	0.5160474628886663	0.541934461492146
-0.27102413067356335	-0.16725681720396873	-0.29990353763943056	1.0364182742007244
0.01333483096806451	-0.1435961128610849	-0.303724325476749	0.36404108577476035
0.016188410848992207	0.22904500741243827	0.5767524296523955	0.6207793852700981
0.05269711001397507	0.021405654628952893	0.24622315734070355	0.2527074012860404
-0.011286989393145132	0.3073623008387772	-1.00536823180199	1.1631766734779112
-0.6507958628403115	-0.10154772930604644	-15.531096396298313	15.553019583978793
-0.8190724336225367	1.0394842838313307	-24.209970512871855	24.251220488339907
0.053986399200541574	0.3880456171330268	-8.336488149238006	8.360278017928621
-0.27486830286921593	-0.10053953527472267	-2.7531892383641328	2.7722178033515936
0.1681658963994602	-0.39237572952973987	-3.896646701791204	3.9199609692465174
0.05910855222864201	-0.09857659166431412	-1.888585336883675	1.8920797393510518
0.3682068705706507	-0.40104760964152636	-5.420671581091046	5.449731705293639
-0.25343064033056895	0.02525718706902469	-0.947435479026588	0.9909484279090119
-0.4492809905598748	-0.6258729955865859	-9.828033831881068	9.85917335280103
0.16733381220037702	-0.15913469411256898	-0.937247162734558	0.9652754527231026
1.1551355914465886	-0.8420083489682113	-4.738983642107753	4.9498769938780995
0.09882122103767989	-0.18293304121177756	-0.5634091880627674	0.6005497851868026
-0.3056259784948043	0.19292694735250843	-0.563169728002671	0.669169775381604
0.08403884509987031	-0.12168878300152791	171.37803624112857	171.37815688219388
0.1976532888897659	0.16767167558701246	229.91966131088407	229.91984976880516
-0.1183575394319007	0.0292356627393642	7.48963520286274	7.490627390484525
-0.008525697877385566	0.031327971833560765	0.3693604485553873	0.3707846683730836
-0.21594729471934826	-0.517208174699509	9.21954940353275	9.236570182392036
-0.24009440894193532	-1.0552333626113342	18.241569840447692	18.2736431238739
-1.1297769550904293	-1.0027809901865614	7.717274530717863	7.8794611222531925
-1.7760043937017718	-0.5084472746069855	9.285777126326384	9.514260815334504
0.03664941846708533	0.011571880319506546	0.0866633951224699	0.0948031241165493
0.0035367108866448914	-0.16239339079331458	0.18159832238520826	0.24364333028090038
-0.35506458376679395	1.0540048833336992	1.3163763705430678	1.793727853873299
-0.7388716872149884	0.941408827276389	0.5480905575867073	1.4071961205381212
0.022781377673569195	-0.023697692515835776	0.02610635720389689	0.041977537871322995
0.0796256280984787	0.16467771751776747	0.3104722572687388	0.36034984921668106
-0.04949546040877866	0.0024506065355687622	-0.09250317637378097	0.10494114404135295
0.019971610905724312	-0.026856243572371666	0.03342365957689584	0.047299726008724674
0.0006138860394019497	0.019478866894804152	-0.02980651666992144	0.035612238732901584
0.055856975373419035	0.18728232639990078	0.14114339328169756	0.24107287061529278
0.4241914116183863	-0.009764363547826962	-1.1224354959190446	1.199956307115107
0.9079982589687825	-0.21156272424100284	-2.308154616533617	2.4893367306180303
-0.08251558842964378	-0.016217133737653572	-0.26845914107895863	0.28132210753761844
-0.056001086286994184	0.02363292103607703	-0.016200554120002902	0.06290544154376422
-0.014931709861042766	-0.1727581254767023	-0.13637174599603086	0.2610466699339493
-0.3489541652385616	-0.9668737616168688	-2.1434188189696237	2.3812471309701624
-0.508313210449259	-0.7243361192249353	-2.43590276776592	2.638992826750528
0.05623997857309127	-0.9962229813727366	-3.618741586783747	3.869271821496034
0.07768167369672849	-0.3374261210133648	-0.9047632214617706	0.9787579380931385
-0.2389229686421791	-1.0554927275277528	-2.5182970110515037	2.740979554589873
0.010071386312047757	-0.23423039988117858	-0.5216029207902908	0.571869670491193
0.5306484245224524	-0.056279698634264075	-1.3749949269007842	1.4815012618386179
0.9677714733609202	-1.4494032060178945	-11.200187512702875	11.33582954101161
1.889303057400133	-1.385644272672232	-10.795311711354195	11.05784096243439
0.00928923975858817	0.001203787611578834	-0.0004597462841325912	0.009378189940073589
1.5439504967311055	-1.6513257687994425	-0.4873714498786515	2.3126155887250515
0.17060434980976935	0.10907211526878768	0.18443497487441177	0.27389565615421274
0.12145969412011544	-0.025754467723130524	0.1877174271015065	0.2250635073508434
0.04687557373295021	-0.09110922835524744	-0.17596019806417268	0.20361778460405855
0.14867715596702952	-0.28055426491692886	-1.2020349718196852	1.2432633131187754
0.22085610026357771	-0.3516570073990957	-1.0260888996214044	1.1069320204072097
0.020678791130086277	-0.035162824383667586	-0.2819326789307048	0.2848685171623607
0.46709797311766804	0.20666708874729184	-1.497331055079731	1.5820531250776932
0.09653903856764721	0.04393720190740638	-0.1648710844877448	0.1960426947865769
0.03868901349199706	0.13617763001778938	-1.6283240394200853	1.6344663851041994
0.2301076487531639	1.1244029554875248	-9.522220846862519	9.591137648514225
0.17438912406183005	0.15826779695874105	-5.627076018480692	5.633730963119
-0.1302669300440921	0.5572444543983572	-16.750651745038923	16.761005474717088
0.6510405863170374	-0.207579414800913	-127.06057174897585	127.06240921781358
0.5528833436914511	-0.14558136770509536	-131.0747448625441	131.0759917555743
0.2678641673124174	-0.585822971005472	2.2320712179511704	2.323162001990751
0.29934645926269704	-0.6562382028994879	3.065978572329214	3.149679584910146
0.17947620691200936	-0.09751402667234707	1.3261559210602016	1.341793658208448
0.1465797765360688	-0.21188744619514382	1.1594372260667358	1.1877190753430675
-0.022368778896564745	0.2661068546633879	-1.3460976503140958	1.3794099787406544
-0.406621960631089	-0.30837755464222405	-6.9202889750965335	6.940483947018189
-0.022846187896410103	-0.008371506645878067	-0.12338498834785101	0.12576122524259767
-0.27042410814953516	0.26757192024615334	-0.7658529482349831	0.8551342988635767
-0.7194670719238943	0.35992618111318775	0.1067731694184127	0.8234439981207698
0.3063248927931418	0.7328785436187779	-0.5455563671064849	0.9736824093265404
-0.2503816704245013	1.1441821382370312	-0.47343718964402526	1.2633236002241315
0.004453897468823291	0.6701987710639432	-0.772260468963319	1.0225323769258987
-0.06933455323567134	0.2059946868492259	-0.2100599839240634	0.3022685695349065
0.12310624145495287	0.06232636380246032	-0.09571234275942629	0.16793026786883805
-0.005502260606336136	0.05342358123243894	-0.13969015773357285	0.1496585917049519
-0.1369635627798957	0.8990998144159055	-0.5848826058088775	1.0813080765396426
-0.025524322843963054	0.09641356550660801	-0.21907013710906145	0.2782419388649434
-0.5377889008835368	0.07734409738402412	-0.8080635395059359	1.3531287743938243
-1.4456794010839604	-0.5165459813494493	-1.60992242265188	2.2289321823294763
-3.297241534859312	-2.581368492099391	-1.3512828992355435	4.49906446918371
-1.9193658556169286	-2.0316526363847562	-0.9316500416585691	2.949411688398154
-1.5603931799485447	-0.2776007718757756	1.053854399137134	1.967260499084106
-0.5441280367141536	-0.22656185610149324	1.5255875700400996	1.886164047409294
0.0680986831572949	-0.17221342816134957	0.28639710242795474	0.3685077755841392
0.06393434744836307	-0.037590356675156415	2.5443907475042415	2.712890617880457
-0.06078894577912574	-0.03512677933914891	0.7485423735240126	0.7646729081225785
-0.6281602060532349	0.2872217303541236	-4.463421594980975	4.516548892838309
-0.7779785380011477	0.1993739400981098	-5.007475541960211	5.071470386082359
-2.0760875576830644	0.6875437688218291	-12.82232889871759	13.008245621643228
-0.8052948101026385	0.38550468970236507	-6.367006676097508	6.430813898359288
-1.1539171782179756	0.5782116653976227	-7.483514260302125	7.594000215191837
-0.6716902425816035	0.640429185077918	-3.5707135550195543	3.6893512458261934
-0.04113118188000478	0.03492154233162519	-0.06705164917259879	0.0860651607703754
-0.0676644481524127	-0.08369504729243638	-0.40870942424642304	0.42264255814209484
-0.6566990917934143	1.485061237369619	-6.95717571591349	7.161464251820046
0.19066892182801543	-1.9907664113130084	-55.59871714075574	55.63484818910563
0.026522866185664018	-0.000779360733786115	-0.6191275363314478	0.6196958738588657
0.5072786046447011	-0.7042458994888956	-18.598570431786687	18.61881080992574
0.19395303232061523	-0.3604299752397454	-17.888313774108312	17.917579295754518
0.0912374646053341	-0.23970914155874073	-17.12983412009566	17.132322712183186
1.3914829470371648	1.9467035508427746	-20.625978540440634	20.764317235523944
0.2457956314824887	0.33766146948150955	-4.12214496747177	4.143248712457547
2.2911268525642408	1.4879465695259058	-46.38741868108454	46.46779378389441
0.06905172344720728	0.030150038936525545	-1.639250468913729	1.6409811897742108
0.3944736609490301	0.12895142148976824	-3.31409963243582	3.3428990557445792
0.6909035551405863	0.08290995457987949	-6.027245006174224	6.068886547994325
0.07477324537791338	0.2808195048347973	-4.3033061519226	4.313107287060561
0.5215396489970447	0.08757987844512574	-18.46828501847883	18.475855199810212
0.15479359188731606	0.17714763758914076	-2.8543898369790943	2.8674663847972663
-0.4959763216225662	-0.2439095994251506	-4.965310022993437	4.99792635136226
-0.42878609904182347	0.058207510044591335	4.6889257938345565	4.708850255958892
-0.0505533663747838	-0.03819312078443884	0.9167490497564297	0.9189358941495289
0.22969681121207014	-0.099674720188683	0.6597565935646108	0.705673038791808
0.04422887813757877	-0.1100332073245422	0.25398913877332374	0.2803105117369828
-0.6216603074630517	0.08353110434977273	0.9731498354120942	1.1577821839325109
-0.13072410915929128	0.006440480098433347	0.3398097551756856	0.36414412285789816
0.12545333255083302	0.10279996595735974	1.0460343234048148	1.4153748486849385
0.20307979324598752	0.5847413108730074	-4.008799029571647	4.056307860919939
0.005627862425439355	0.03096018927432506	-0.07851530001154416	0.08458639660893777
0.5836660653131169	-0.35354329180297306	-3.3807132745309385	3.48460857079625
0.0787799060446511	-0.00979308191802869	-0.046624236776289914	0.09206518074076017
-0.03224708092159009	-0.08409306169718272	-0.08215933229620898	0.12190846212190799
0.17524985053076092	-0.2234126130336474	154.2266304042905	154.22689179117685
0.1788593382834166	0.2997294472820154	328.4280471561981	328.42823262813187
0.2829934911137637	0.15975185561476182	52.77327548544809	52.77446059619446
0.2802369206789821	0.16419647726052056	159.65504579090253	159.65543717485772
-0.5546912253193259	0.0961656659273443	29.851955244753803	29.857263138565354
-0.017402176893317294	0.02888880624906586	2.9874931186607365	2.9876834726811965
0.01980644128930401	-0.07314401362715325	1.9210778829170774	1.9225718644771623
-0.015744022422132593	-0.003920586545143025	6.052904445694465	6.052926191021057
-0.17903543222804322	-0.0475632165864898	0.7643119870829058	0.786440563020344
-0.07553782030932993	-0.13256209315802736	0.5021156840788624	0.5247845567825965
-0.029939509825073162	0.11995067958145494	0.339666582952704	0.3614663571556622
0.06815473482872818	0.09825054681303741	0.1422455285712337	0.18582795329859506
0.3633204152973687	0.2371137169231328	0.3738519140775132	0.572704018306469
0.18265772194606783	0.2499896308464341	0.23510278881647795	0.3887569680745914
0.3916193629758298	-0.9411456922419293	-1.4839558252092562	1.8003460308106385
0.589445968009549	-1.826608754958653	-2.9694248042344773	3.535736098876341
0.03127563625408191	-0.13713252355695732	-0.3944168465152499	0.4187459172997765
0.078089113589954	-0.3463000339824322	-1.8439763525131185	1.8778366307602696
-0.11545773595620361	0.1302997077176868	1.0647053975284073	1.0878354062309112
-0.5487458613028732	1.5882207955561478	-0.1174013701311389	1.6902160164732507
0.14956864853972224	0.4684518189979816	-0.08265137820738008	0.5178116670837923
2.549867610932522	8.89097840425963	-5.01989333231057	10.524738983507856
0.946645252152807	3.741849934692759	-1.709027751083896	4.249949877770152
0.12271685862203234	-0.06713151188662173	-0.3483168464468849	0.3753540898897285
0.04953010162922486	-0.12020499035546509	-0.6921646584647874	0.7042686881449685
0.4583563490442516	-0.15228530573160978	-3.7430464522445974	3.7740797687266516
0.26076706092634555	-0.02654620498349281	-1.486629193172938	1.5095597103318612
-0.3224326886796791	-0.1596922349832508	-2.161946640578432	2.1916837649057674
-0.007955070485739693	0.016913551147521588	-0.2504368090480463	0.2511333245211008
0.003335046169085941	0.07686410115588568	-0.0541629580313487	0.0940895244018047
0.4148447327871324	0.5717156134241203	-0.4477415333715811	0.8363177480240869
-0.06911993205927851	-0.012730551012290897	-0.2207074446237873	0.23162773592408573
-0.12018522462100378	-0.0699739086741302	-0.09211344810956634	0.16681044162452907
-0.6091232014714649	0.07332176082673046	-0.20575236852831288	0.647102149846985
-0.8944304778043898	0.03583271507609875	-0.45935713755054475	1.0061306291499845
-0.03864648075383967	-0.03352710828485554	-0.07672771718676231	0.09222125595161404
-0.2912154154748871	0.12379913944460597	-0.5062225214295636	0.5969873418590556
-0.044732891580575584	0.107834501597115	-0.05453137860085919	0.12885256138691215
-0.016147320568784602	-0.03261444672842237	-0.0694390473866103	0.07839782776909128
-0.016800498950363875	0.10386999207935727	-0.39044674769173204	0.42778461835671233
-0.14140242572401374	0.1399321843442265	-0.3836374132624095	0.4541289596256273
-0.3276242102167294	0.14808070197948858	-3.162263450573045	3.1826365875244087
-0.41715871145728756	0.03275041849181928	-3.500644351129346	3.5255644730383087
-0.01333653938023097	-0.014149034702326167	-0.638623053243896	0.6389189796838127
-0.2434351889352369	-0.3260386034498517	-3.2942298745934355	3.3192638233221756
-0.11787195450404132	-0.18964763085034606	-3.3422955835745123	3.3497462276309
0.009715737469680175	0.006159405970567757	-0.03285179362889172	0.034807674170006096
-0.27404344338058373	-0.08095540933673759	-4.826013992212934	4.834466324238465
-0.07627982263751111	0.03493720070768377	-0.8479104230570982	0.8520512337082591
0.17590459918413687	0.09042177069474895	-1.5843300756459988	1.596627794204448
0.06622537880949295	0.08757270162856158	-1.925964027464191	1.9290910330917697
0.6021883013786129	0.26892123180946004	-25.34387672164373	25.352456225405657
0.2861902309285284	0.10556987096725647	-13.47024714847222	13.473700618166447
1.5245545218927838	0.5861569674881134	-68.86294292020695	68.88231089600262
-1.0186221178595767	-0.4390918646368277	-22.249162256897062	22.27723262892444
-6.9793530967453385	-1.4156421751037718	-135.99906755035573	136.18546643004206
0.1558173413598923	0.011574499984418405	0.18606830339683875	0.24297001141567354
-0.017687014325243874	-0.005275339134389363	0.10362693422702615	0.10525778439629346
-0.11522313194960053	-0.14901253522211416	-0.5240756843950233	0.55689893945285
0.022072873449308916	0.006736884866071879	-0.13663728817065957	0.13857252930736233
0.22241308140947952	-0.29470852973800865	-2.502633541343568	2.5297223836896108
0.0114885504768611	-0.15196167678734496	-0.9521424773805901	0.9642611862128064
3.3890279479789354	-1.6355457417855146	1.863450677961635	4.228083333763743
1.1870530504303534	-1.180813009487422	0.12637172530292706	1.7501725809950255
0.019409776574731773	0.1898964893481797	0.14467436150023874	0.27721448711953367
0.2003688395489912	0.005894880012344783	0.3563344830562394	0.432014432846319
-0.07519530670117112	-0.007827813752709453	0.18678002602667296	0.2015003398025793
-0.6693348587341518	0.3966299405176334	0.7438676069783247	1.0764123185579715
-0.014584065723289283	-0.0051624932624979095	-0.00022725189074114527	0.015472490204501746
0.5425208257817153	1.1563963379464586	-0.13889038353616565	1.2924208526488876
0.04164353475139989	0.12302988373803908	-0.12210714619700186	0.2264077656167351
0.04053162548739725	0.0036058789058897034	-0.10430137866274053	0.17892562007237245
-0.12387199321329415	0.9867630714804461	-0.45039637786845954	1.100628144305417
0.08148020043411378	0.14428511516966358	-0.15088685146140124	0.22410724991896488
-0.03584141565324071	0.08514075990085321	-0.1859419763163846	0.20762460024998494
0.16040366683562596	0.7405416006218555	-0.3507817977257102	0.8349724954760936
0.009440730045325472	0.024395759236547257	-0.04769573965679176	0.054398198811401385
1.3688317150536964	6.089851252761957	-3.1784599873261263	7.067205120897259
0.6361730124589129	2.027505123032962	-1.2640298419131062	2.4764378352490155
1.1921636227422325	3.770983055151892	-2.1281671090933827	4.588404334271279
0.36119656815151513	1.3994692286484542	-0.39872110407872474	1.5058005799295233
-0.2759940887835256	1.6616507808408778	-0.49579282871495345	1.7558663341831358
0.20331664354896994	0.792257038495927	-0.43325722993583354	0.9255920807148402
2.5956531462462604	0.008275073909502426	-2.478072725639628	3.7095983543943585
5.158517143592244	2.1332419523763813	-5.106608500991375	7.566898341818201
2.6643890329875086	1.2858011021316516	-2.4047363008995832	3.815034712176457
0.035714456439283344	0.046419297829523504	0.03923971855266695	0.07049843347076577
-0.03484123102298591	0.03513160326046122	-0.07722622560670894	0.09171712407345661
0.17056302860583125	0.2195868021243276	-1.4588861395885635	1.4916898684304312
-0.004247726826510706	-0.04515310274430049	-1.4874659416636187	1.4881571736479526
0.033528775720660695	0.09549285308537724	-3.9300531516600703	3.931356106824328
0.28884407429152387	-0.41182499955906465	-12.009418212604292	12.019948275044554
0.0314953276043714	-0.059228792682449315	-3.256971854507772	3.25766260785234
-0.0026478969849678957	-0.3593243693480105	0.15736726702314308	0.6305596029687611
-0.4741612065178975	0.26613038279478457	1.003486629164644	1.1498345229750353
-1.7451415565934432	0.7981804936542923	4.622604256693338	5.007051133341757
-0.1911426413259869	0.16195493699517308	0.7506029757107269	0.7913088765431511
-0.4977252610604257	0.20273696164270655	1.3148294982152244	1.4204257532481888
-0.0953699504871684	0.1446308912548356	0.1830625128833408	0.25204246821568854
-0.09092820704461065	0.03248928553412257	0.26323354745109057	0.28038436656588206
-0.08807472085186034	0.032876986227080136	0.27239864421096543	0.28816501183259735
-0.5252572053229665	0.05541498132024009	0.8373447687915782	0.990006168526761
-0.057445888096483766	0.09834792681844308	0.27832962105181125	0.30073197821901887
-0.09395854233829767	0.02404662623394514	0.06634810546866193	0.11750965496865963
0.8143733253043544	2.925761495137808	-0.8016440507684343	3.1801781609888966
0.07577973663032547	0.019904081592537995	-0.03996158654932504	0.08795265400966076
0.21446075625344013	0.35355088370743787	-0.2114462378005102	0.46443638404317295
0.717117539299511	2.9997802817730914	-1.631451702247973	3.52451268588346
1.1856386680215458	0.05675066285494401	-0.5869821994607629	1.6229166288587271
0.25057943192613474	0.009078769418871984	0.007144314588272638	0.28705975316912963
0.23410840098939437	0.04491952051443675	0.1555020714514992	0.31699398395358397
0.521062331748417	0.32667881142024147	-0.6666262038465113	0.917657495993385
0.05285492827547217	0.09533067729069819	-0.11563750282962415	0.21150271496219572
0.004192561096840668	-0.00947084366560888	-0.06997859404110435	0.07074092218976809
-0.09626755994136002	0.4214268675051097	-2.101078014434743	2.1450866813472307
-0.18208116303464478	0.12468592862072249	-2.3638135379177916	2.374092368205476
-0.023401292443022005	-0.028244642654371214	-0.7515841189741035	0.7524786164541526
0.6903844149219247	-0.5565436355241988	-53.100145907464565	53.115860706925716
0.24557734269784515	-0.40587907367741993	-24.807170557987085	24.812098599910026
0.12651025634079605	-0.08769737035264923	-10.357986546379683	10.401652404959925
0.1573340876196011	-0.10373611017018827	-6.930801075647937	6.934767373948667
-0.010932189198981559	0.07568945136855591	-0.740151830976975	0.7440921574023766
0.07415536067406789	-0.01804904981010083	-1.3534768359474008	1.3556269144428843
-0.03371157518635409	-0.20789867700547163	-0.13630188963863749	0.287082427573047
0.13588532119327168	-0.30459876297418775	-0.28964768940047186	0.46327183790538795
0.2501855337941903	-0.32953459883151626	-0.02064700705190744	0.4142609709435995
0.19727856235994157	-0.38936682010008056	0.09276955723190189	0.44624157416208654
-2.1267213057950127	1.1977236561332403	7.864645534909665	8.249712150787941
-1.139200798249262	0.4406179933225695	2.858645931994892	3.10866196928555
-0.49627267538971875	0.21761042333195357	1.505698510663627	1.6002402537418705
-0.3863598160383111	0.11705259423123324	0.9108463008989616	0.9963012602254107
-1.7027851578121944	0.8198091230461813	4.231166728602885	4.63404102022536
1.7351380986493061	0.3731493829639161	-1.4480299095146716	2.2905753212325823
1.8077735456055302	0.3966737312012468	-1.6919284157661207	2.507591873749228
0.19483670303253348	-0.3019698880822042	-91.62013294745418	91.62218903832978
-0.02940118778169104	0.018673254743608418	-3.9274751473524354	3.9276295845403664
0.13797023146585535	0.14681813043411668	-14.247999858622734	14.249424245193504
-0.005532492927270406	0.01223787689030352	-0.06919598896177931	0.07048729670778411
0.1715437817016093	-0.08839922800768912	-0.14140483142890198	0.2392425942516945
-0.1580987137733675	0.04449323638553934	0.11970594931159752	0.24654441908395214
-0.22176260452893085	-0.060454161762636585	0.14377465474293702	0.5632268212614957
-0.3621067834696859	-0.02625398802877229	0.41359142971818474	0.5677572105737708
-1.1863827511396403	-0.6945409524991744	165.38347952733238	165.38992989803478
-0.040536189948558954	0.16948402021678102	31.257429607792304	31.258226972859397
-0.17386957168337944	-0.2572578145900407	2.3619281794381624	2.386335416669056
-1.004612498687858	-0.9349859230793706	124.1161175228488	124.12378319113301
-1.8910497525556718	-1.2720221516756551	248.07777535491857	248.08828310573506
-0.521173305886157	-0.4308180447783505	62.16275375180496	62.16643129382623
-2.597334583440058	-2.4692872387975364	347.06587504086446	347.08437755722593
-0.04891454302987367	0.018852706505527384	4.498976350821986	4.501445995146218
-0.5498562181638906	-0.1183571064474948	39.41119781863208	39.41545818012966
-0.16677734548651948	-0.002170370037174074	1.647757081361342	1.6620477061595056
-0.8458974302343344	-1.229695548460564	5.573596418382767	5.771667906618501
-0.3501512877452375	0.09688416674432443	4.950191239093686	4.965467304753429
-0.12055246036948494	-0.1699821165048953	25.577137081834056	25.57798600591071
-1.0152656384229162	-0.8595275135601128	154.77470251456546	154.78041894999305
-0.19404416642308897	-0.06773533725557529	24.549231931333725	24.550092253041555
-2.2131047047399988	-1.2192462330103593	328.1880664837253	328.19779307018047
-0.11612734068471207	0.04082407595096575	10.324707858016438	10.32544161369468
-0.04171299262628157	-0.07692729463172587	6.723107621446412	6.723677109436762
0.009910547910715575	-0.02528424333118411	0.548995564263746	0.5496668459184971
-0.21468980400274612	0.024485360846691704	6.570139164614951	6.573691496202542
-0.09749607317581982	0.08051117042080902	7.52480860852303	7.525870855107024
-0.20532570792266408	-0.03285162970722215	13.96082583847425	13.962374295517144
-0.03959609250567592	-0.006743725629983432	8.12404128155435	8.12414057441009
0.09758434433359933	0.02086043620708622	9.785432109900515	9.785940907216323
0.02399876339361523	-0.023474630692457893	0.6142911615171449	0.6152077942034323
0.02201454148551363	-0.30902937687380416	16.47376062633878	16.476673601480297
-0.6995649391874807	-0.5082895752485899	6.073922318917244	6.154998105205865
0.12633960456538695	-0.10526985732515941	0.9279078492275776	0.9526469440989911
-0.2627161840365627	-0.13676582360209097	2.256905880549168	2.2762576386511486
-0.011256943300677134	-0.028072653879306596	0.7502915857351782	0.7509009630392747
-0.8351763320801671	-0.5021527133404479	2.7066721675066314	2.876760517585206
-0.16777821025152925	-0.04254283295211493	0.5635453988604711	0.5895276389174685
-0.517973675240028	-0.535913609831423	80.31102525864492	80.31460488606693
-1.0830167526824943	-0.7134482882836513	194.5756250734234	194.5799971380537
