-0.4078184049229331	0.29774323419686644	2662.480517688938	2662.4807308956492
-0.013799507597052363	-0.009369452261781713	12.663966782596548	12.663977767027065
-0.22790299888710763	-0.045320688000198006	1126.6794573422726	1126.6794813037193
-0.09337499161464753	-0.8390207559252073	5.7202854582185205	5.7839277507882665
-0.05315579917141382	0.8864401037353672	18.630613764744282	18.652288080352907
-0.1541544190854219	-0.48859531758917746	0.8798389779108621	1.0276601487091261
0.43525106134600205	0.10384194409434687	-4.880377001407336	4.98985539915956
0.028379490469375934	0.15160643671791418	-12.110155212185417	12.147528182937283
-0.027723561123966428	-0.06554831573689993	-4.85743853124226	4.859964408021354
-0.43637401201500015	-0.5784085456522048	0.03807051261364458	0.7388557862507693
-0.39870921559451056	-0.010747646915964304	-0.2983791251932302	0.5172953100167229
0.08401689620624606	-0.5542909335817805	-3.3763782401081053	3.458026495065445
0.5807494085597057	-0.21176186978526962	-33.602115142551746	33.61142625597347
-0.48650756442671483	0.5837549715056486	-24.160582216164126	24.17293263726866
-0.5330370460135583	-0.12241472493455255	-51.63740363163871	51.64048845101079
-0.1446693048861652	0.3593790495402202	-65.70704703773738	65.70833731508777
0.07699896436080898	-0.7049959987303904	-10.623430060698837	10.647990150173799
-0.09743403634749179	-0.6084242433163124	-3.870062055827912	3.921292331891739
-0.3279453118907265	0.06500430605937016	-0.13902763102681576	0.3880491650374921
-0.16268985315645945	0.13633321429615927	3.5859958673890153	3.6260365465576165
-0.24216231150091239	-0.37705542683766413	10.316168764121224	10.326840326777091
0.5016316324550922	0.15664468292834466	3.818044749347673	3.856568078524042
0.013679633316033654	0.1386176359896952	6.777816270612499	6.780683974677964
-0.24064654871189028	-0.3711631072634353	-0.586608246287835	0.7478381062190411
-0.16426739775002588	-0.19891006918056597	-0.7889144401001495	0.9657406120607723
0.3244220154925478	0.14797377626894098	-0.17225974087543477	0.6328816977334779
-0.07585895051541292	-0.5512019139553516	0.7117025130805238	0.9140997660794341
0.8055119078742476	0.6035301134423949	1.1287611789982301	1.518775696300305
-0.19912791946405417	-0.9113429429831233	2.413695154008219	2.5914478519580486
-0.07063658011005194	-0.02197750168095282	5.012537832835047	5.01502620606637
-1.0839412887822486	-0.32473298907477316	44.32709723303569	44.34175694673837
0.14223615017061098	-0.1443767593964822	40.31288641219767	40.31363747466508
-1.3133637344997882	-1.3071198197176124	53.994578196746886	54.03453296690656
-0.26582013588845194	-1.0245798543328055	31.91596162881375	31.947328882073382
0.038823164188896475	-0.5073450976343055	11.071037534050472	11.083603121342156
-0.3582898420329432	0.29749139610321346	8.7469744082286	8.76047452052487
-0.1240534280558277	-0.6350694768656254	2.9155603884140495	2.9897616388013057
-0.05998832037161232	-0.05335557933543808	0.18489855850352735	0.245178869937664
-0.305857910909569	0.3135669922239783	-0.732159014220189	0.8645287313225842
-0.3088973241330167	-0.3571744896273644	-4.012089233724406	4.069836745456062
-0.44726900584688045	0.15631679917093538	-31.94682075740462	31.950638816711205
-0.41229214846975204	-0.16505218822459602	-74.79689523742438	74.80411456586907
-0.31977707473470335	0.6438084016228436	-197.74576622263086	197.747122066026
-0.27059110740497716	-0.06386919584848386	-120.57505877496371	120.57546009529648
-0.3582260672093222	0.5719123027929682	-822.2698127121952	822.2702378338207
-0.34911026910172094	0.08139451673118808	-31.69786948298669	31.70020366800038
0.44805291509755935	0.18838913023729295	-27.54244256303429	27.56270550599236
-0.2790144789207322	-0.07564736961173156	-7.2375699284543185	7.30402504501065
0.29547940353854374	-0.41739892751825847	-8.224012146146816	8.241079147021903
-0.19152925196653658	0.07254509828075635	0.0281507370636709	0.9607753652861081
0.17624658123343226	-0.015514132143534295	1.4928904184776965	1.7727992362856997
-0.20562063931547492	-0.31629833068206364	0.48199334136552874	0.6277912450213629
-0.18618639526422753	-0.48814613947869145	6.461895773650674	6.484483695846109
-0.18081872632700385	0.1521899449656966	0.882439838154581	0.9241412467807438
0.0495970873003945	0.23226024743434948	-28.739561191866663	28.744782172370957
0.26804482091891946	0.4095147110726431	65.34446821039354	65.34645021582
-0.0032585262331395913	0.20629252028966508	4.632336786383645	4.6369290833917045
-0.007010841923406323	0.028673886852352767	0.13862687871214724	0.1417348058635173
0.08723500735956558	-0.0797314371832454	5.230959620982487	5.234155652044901
-0.09828114441311377	0.24029368626331504	14.863806042166498	14.866728291155743
0.21708437584088125	0.20682065879046474	0.009489231782741608	0.3308628742493988
0.0138944535741867	-0.11365425131386371	0.008896795701245769	0.18074645931688366
-0.23376286965365484	0.20448929528622573	-2.174926726698403	2.1969904910177482
-0.04676880842381113	-0.139791902224243	-0.15626995828069054	0.21482410765532017
0.07253585864922493	-0.11582166806565712	-39.563421598233774	39.56390380705718
0.09102392295671036	0.07495366711651444	-26.224558544708398	26.225195024184334
-0.3039522649184856	-0.03285093380725773	-83.12875130516348	83.12943064585382
-0.4315092119817433	0.22117807957571037	-251.96649677531246	251.9670020001654
0.08961643467647532	-0.24045326233622452	-36.00848421006736	36.0096690316407
-0.3445573962615016	-0.5979684434463873	-90.68247113828347	90.68509722001893
0.14787338434447303	-0.037492289014685105	-11.578548247138695	11.57955317449044
0.06350254834020848	-0.04215180772872498	-18.853480618898466	18.85415128242639
-0.11265323640261281	0.05959513169072514	-5.6377359181371345	5.6409031545442065
0.004125820957354531	0.04334493863338826	-0.48919073175652	0.4911246055128822
-0.2255376337362628	0.07753918184709951	-1.6736496774308	1.690556947197311
0.024300804732536402	0.049329801587715286	-0.8759017974044485	0.8886549960652207
0.2780810682743361	-0.33602013626986477	-2.2018670312294324	2.248985731530224
0.01678975882846161	0.3013222375598103	0.8443614614099473	1.0254945033806426
-0.011506983243541352	0.015237482446947465	0.05128355475016329	0.05472288847001022
-0.26930091248009197	-0.10313307212052866	2.8622410090998196	2.876731305874843
0.21298354028077843	-0.08776398133932957	2.6799616512620976	2.6934622221198006
-0.06803979052243997	0.1483288296459744	0.8884618994542312	0.9140433176170053
-0.12765745192012426	0.04517932597652228	28.860092713978826	28.860410410387093
-0.04005482877897341	0.14966402677784912	32.336346820879236	32.33671797555228
0.2104609448779352	0.25204320658520935	82.4077570876867	82.4085294590031
-0.07356248031353368	-0.27811905775134593	15.519382290265822	15.522675932490207
0.28501778648513576	1.13107101648464	-1.3401885992144613	1.844012528918636
0.09976716733966998	2.2684180122891724	-2.3850342620562195	3.2959887715583918
0.3086873877030534	0.1532410537434752	0.11143158189043544	0.61229703879894
-0.2210176426388825	0.3252342334082485	0.03286484878883078	0.4185522525613887
0.3110357643950038	0.2598436629029782	0.5772715912592616	1.1748600984196462
-0.3791912233667182	0.4204885259078218	3.9288821752165513	4.078855516432622
-0.2370262601311538	-0.05057844572306773	0.6738452924102462	0.7295799409022791
0.587183092893712	-0.17495912742788786	5.069433762649206	5.130133847877485
0.11336849345177369	-0.4226078404853664	12.434311676191301	12.442007742435084
0.07386628517863786	-0.053524179522115675	2.858330205588285	2.859785416785318
-0.009503018672374611	-0.012686872731399451	0.36939939506519237	0.36973933680110466
-0.10765109573098162	0.33065182523586545	11.978878105263203	11.983924234102034
-0.2795049011736948	0.43859497685169824	-3.40662262004928	3.4812765131961405
-0.04791435007979763	-0.10711679128006454	-0.18876894389386234	0.262456264921435
0.09629021603863683	0.39795931488897	-0.5196715187954579	0.6615904393647506
-0.018136261399577084	0.17539730518874452	-0.13171518869191914	0.2200955010380159
-0.19065336985753614	0.08176655258433674	-0.1973322232308978	0.31851886566545856
0.5171975291994373	0.022630318386532997	0.14730423395042974	0.5382415376575852
0.308666703675729	0.11366264090664849	0.05631791702646349	0.3337155040960993
-0.06944145743104813	-0.19575517546147275	0.12482003235060973	0.27964625888094286
-0.01827005973283921	0.13561755558745858	0.5310148989377285	0.5658467321280605
0.08295207648452063	-0.07640965268476202	0.1260088670693709	0.2192658238226061
0.4142743590031551	0.015427738248164846	1.1923724489207777	1.2700760219294986
-0.8829242262742689	-0.9923135727693407	10.789522715326111	10.911500063029024
-0.5644738517356572	-0.15860514177213364	3.817134863025362	3.8644255288093596
-0.2980293797395752	-0.12683337291567084	7.614157368969068	7.621043278652804
-0.6569807380502856	0.2513319815996725	38.48519224631713	38.49162004503229
-0.16233357043769053	-0.0903478067766563	15.905867031743993	15.934676423784099
0.06517343285958575	-0.0332429420858088	9.947993748547994	9.949241783955156
-0.8851708929182466	-0.6559185256351472	26.649700941176544	26.672828808751934
-0.4066489911860538	-0.5922518501506376	19.221541042896753	19.235468424363987
0.0010690303647747708	-0.9473275022092678	9.01115895248188	9.061892517077345
-0.5102893658735108	-0.19330186957842238	9.850033202883772	9.866123591994924
-0.7911820662970699	-0.7665426153115147	12.835231657599511	12.91654284010483
-0.683078817859146	-0.20578651307888554	2.0574351541099	2.182077899306127
0.06834908117397578	0.158388015986716	0.5363391350758462	0.5804289906779653
0.05234614678126967	-0.06801547625643414	1.351835358750169	1.6485195922889242
0.18981460374435652	-0.05738696015073996	0.0005115619098104984	0.24249307945910004
-0.061776097465480406	0.1029411516993871	-0.06146540607002014	0.19409005119947118
0.1426985123649901	-0.05218577668407346	-0.8364343574376677	0.861503592518026
0.8629380832536406	0.2089835847931997	-23.61695355040006	23.634049823525725
0.25626431658492765	-0.14806046493738415	-174.3828000071676	174.38374996421953
-0.2767283896393274	-0.11444459219423492	-175.79317613514468	175.79348660184544
0.029828524677538718	-0.08545386397089001	-3.811770767356955	3.81284519573363
-0.03922422600750918	-0.04122521698920489	-10.099736614751306	10.099896917581379
-0.2316262472439764	0.48523018686203234	-3.134669163454114	3.183509007661924
-0.2547545876676806	-0.0687142120937714	-0.1724851956020449	0.34474986654569323
0.11148054120952183	-0.23702449949280138	1.1495046746566406	1.1872023022154454
-0.5078477321191537	0.000729401994286949	1.987627259946856	2.0562226923243756
-2.236992872702487	2.757613228058299	-243.12095036778297	243.1473888226525
-1.0467047441284043	0.39159414385862734	-62.861655233192174	62.873557646785784
-0.006467447282271693	0.7788344100018154	-3.782408253455527	3.8642873659687518
-0.09428589660578623	-0.09228450027064439	50.505574893433874	50.50574721331769
-0.05697991262318661	-0.07307854067165354	111.93692619964911	111.93696455688462
-0.05339671872835082	0.022677344181954967	41.51036557283422	41.51040611053874
0.07784437700600384	-0.015373226233669992	55.41328387161127	55.41334068181499
0.007288895936217933	-0.15300095029037072	59.99297219107063	59.993167733812555
-0.1135437855480944	-0.09302779462891236	60.618197183312674	60.61837490494765
-0.019302863160877138	-0.06228173564602931	20.37061749703611	20.370721853328504
0.07917591346031522	-0.40258907266933125	66.7432162101004	66.74447735097579
-0.10606362249333617	0.006140486170006128	1.1261234569691432	1.1311238826596082
-0.040259656224935145	0.12201715546542583	1.7750169334500834	1.7796612430970569
-0.13416693712524083	-0.0631431236733311	0.2609933571781732	0.3001755379372668
-0.17206706556260015	0.05667795546846423	0.4743312895959964	0.507749581956707
-0.025059628350014945	0.02290670350007764	0.06517312053489485	0.07348630946330947
-0.011142605037199209	-0.13500721852098727	0.6301441938254424	0.6445407758332329
-0.03375731584563292	0.03704088204651039	0.11015601918105426	0.12102037794397331
-0.007828670797167151	-0.08334268451424542	0.5013732852395096	0.5083133505037521
0.35814590662991014	0.15200683232820428	-0.27261188750645626	0.4750703197633461
0.14460221774029286	0.05774732379537016	-0.01745509445762053	0.15668195525797748
0.2780523817728966	0.08639141848076567	-2.13749117296329	2.157230891372708
0.2887994332914612	-0.01714006509929222	-1.5752583839015855	1.6016047797610107
0.366891773246355	-1.1619351475829722	-1.21530823097453	1.726602658876378
0.15963638550165568	0.04345944781839589	-0.56097293182973	0.6012843872298366
-0.387763265051779	0.04099450931423069	-52.8710079047793	52.87244573278932
0.0009855595450614198	-0.003450998054858765	-0.03984459483029154	0.04000590521887328
-0.040921911467495	-0.054658064437454155	-43.82676846778917	43.82682165564878
-0.17595822631894292	-0.1624410851878932	-56.67216949776669	56.6726754616999
-0.20920073796476707	0.05398046045920518	-71.93625517570085	71.93657962081895
-0.7660675689735155	-0.0021622188996459415	-315.39074940063557	315.3916797756243
0.07615171192633527	0.33588533715321556	-20.92604501315367	20.928879041541556
-0.04011994977154133	0.11967750055138063	-10.946250514886069	10.946978242837218
-0.09326454511174373	0.09575828097906545	-0.2218367135348802	0.25899701006560466
0.03695721982255885	-0.005522483463643646	-0.08095584908698904	0.08916380107428441
0.18461614558535144	-0.0921357705577928	0.46410309061951627	0.5079013685250875
0.024938728182962035	0.028024222734948853	0.02590681299578009	0.04559013251658746
0.030896701418933914	-0.04216047511755676	0.01503128045106461	0.054387969374737964
0.0407084546089168	-0.11198527916550988	0.35660658939625645	0.37598688890339466
0.07421644194083774	0.0210821919735416	0.07649593454387038	0.10864698373405081
-0.027424474107967216	0.07873235665095123	0.22009101377805185	0.23535279923927346
0.04411779030722035	0.08429581934285066	0.2829227441028024	0.3295105895277634
0.013558581250757054	0.3935736836839198	2.7403739511262732	2.772041351878699
0.03212633282431148	-0.10481207061501116	1.2402057894291723	1.2450413935050435
-0.025356345404636733	-0.15649775997688287	0.730804012207025	0.7478027797407192
0.026533849397457704	0.007382282396827679	-0.008913385246401406	0.028948086185173673
-0.1438041138356475	0.1646506029993803	0.017954072119271577	0.21934400591258338
-0.06676346431139127	-0.24882106203849344	1.285294907850659	1.3108593674485673
-0.0778027498275306	-0.028213604226301654	0.42048771118844863	0.4285547696673835
-0.07533625085054729	0.5968456044052102	0.43999889430071093	0.7453182227584975
0.00998478297937175	0.1046947430251209	0.15177826835407984	0.18465461774026748
0.4136584417784427	0.29768062513647703	0.28865107738003365	0.5857017205957886
0.04902365919191532	0.08954404001527652	0.015293706643388527	0.10322476314197351
0.039277483079254286	-0.20851927448387844	0.6928819096262765	0.7246436015005442
0.13229234473462065	-0.11421794849774783	0.4445303402053784	0.47765492523109954
-0.284241435832378	-0.7157857226783254	1.4600924897180056	1.65076117993037
-0.13713891638198875	-0.20803439919024935	0.6088653516420327	0.6578771998352353
0.03096141885263165	-0.005205634166349664	2.69703749116921	2.6972202240189342
0.07029057552103467	0.08571151023762909	1.5682260870557534	1.572138762360528
0.05251989886158903	0.11661999384101898	5.913765466826952	5.9151483970712775
0.006138409598113537	0.008311565131095293	0.029601109808097256	0.031352637675220785
-0.011706545352036498	-0.04341635302017631	0.11449985682823244	0.1230131705442051
0.011973774868129972	0.07572941306410964	0.5964863487478872	0.6013936144740933
-0.08848465675381724	-0.18150766424676473	1.629060778404765	1.6415278207809627
-0.4924797014512224	-0.8752712428229903	10.877420629349666	10.923685987461193
0.08068189127649994	-0.07886061864165549	0.4181865088040854	0.4331379929055485
-0.036192015911290995	-0.023830151992702917	0.4835442317317371	0.48548198957402555
0.0938504295202655	-0.0330470926628364	-0.1320549400562246	0.16534364411085664
0.012624957523979869	0.008374185151692594	0.03178024266887563	0.035206538505365356
-0.07495719766371374	0.016791924324594032	0.22180165258312096	0.23472648613380534
0.009600226431709345	-0.0851842672083316	0.1719728402882715	0.19215405674660094
-0.3197797190227603	0.34681938255922945	-10.278437134069717	10.289257148688643
-0.02224510682850446	0.02468858426391146	-0.2571429684832585	0.2592814633003098
-0.28831105303263366	0.0622799410309708	-1.4276277601198362	1.4577801877582184
0.008734860895348535	0.01632695080341273	-0.2135965211705454	0.21439762352590885
0.00036555853376301554	0.0900892154239748	-152.40594086915257	152.4059674960662
-0.001311207280747747	-0.015263863689394641	-288.1347459478265	288.1347463551095
-0.13553563896625628	0.21409528278558584	-628.7387217803212	628.7387728402405
-0.02082078457611833	0.02108225864213024	-17.762807277706294	17.762831991313682
-0.024759040177591986	0.016454310496526535	-108.27428685721829	108.27429093830905
-0.13901377164786527	0.3193482359215356	-406.73336918398684	406.7335183088331
-0.41643693975054974	0.1573987729214637	0.819581408457207	0.9326884708168568
-0.04123292861275065	-0.019888358890829804	0.1474078823766256	0.1543527939757355
-1.9535851231950883	-0.9930629042410761	16.07454111344949	16.223240760505522
-0.151099885328199	-0.10838006039206637	1.1755299313218353	1.1901462230626574
-0.07858965599932671	-0.09822022038654275	1.5657438445664158	1.5707887612662954
-0.32999866771183484	-0.13462970570107646	3.000896846789598	3.0219871216503433
-0.04963963921614766	-0.06967689103607677	1.3518009486146862	1.3545053590154357
-0.020502017643714687	-0.03044664368291458	0.07123480278528978	0.08013568472832021
-0.2839454336027353	-0.13288258589920104	1.8036169020334714	1.8306601869817156
-0.0765296754485416	-0.13591702251236568	0.8924455946361933	0.9059742643245653
-2.0964822637473586	1.9733228214258847	-185.49359500643678	185.5166047688558
-0.17149992226055544	0.06531994234638254	-22.819955695623403	22.820693610589892
0.025299633448028453	0.01767396390022103	-2.8348264547305	2.8349944389526485
0.061208078014106965	0.20923185262514768	-5.3655981403071	5.371838380399594
-0.07171121612236984	-0.18114765371171454	-4.989767438551555	4.995519577250433
-0.044073061398688905	-0.016284396806448706	-0.4365258461988946	0.43904718507247414
-0.20503390684870737	-0.0637421130058398	-7.0386259730199745	7.04190013760487
0.0315247510117276	0.035312503561590054	-0.3898942295157695	0.39275729534132686
0.0187088901466188	-0.060695474325907536	-2.5298761137590353	2.530673253136936
0.044940552640690926	0.022573086880495707	-0.3645113561455406	0.3679643002820059
-0.02684394086999385	-0.05765225481405561	-1.791768186284256	1.7928964312048117
-0.03193779883252466	0.0021829883105344942	-0.11915647780928836	0.12338174352855513
-0.3599389322527087	0.050061454608146254	-4.472147486596552	4.48688815617913
0.31790069660240405	0.08641316388958363	14.079463687811868	14.084008861439516
-0.1996470683945616	1.5189162633722315	83.27093646879537	83.2851445681768
-1.3617021521713524	0.8964901439668213	22.8177042719881	22.8811991712795
0.30297904004764364	1.0694489659016015	6.446808515453512	6.5434193820356725
-1.0977843668087393	0.27735855565365547	20.583914485852006	20.61550566030753
-0.008825363497486298	-0.11844249705055726	0.028714948439801213	0.18550160460851678
-0.15550068447945517	-0.1129808091963855	0.06215984583035408	0.24553769049557858
0.3657951591813212	-0.2405180419616835	0.27062965063692157	0.5332684311802384
-0.09222310073423773	-0.12118098995980832	-0.09208228480048808	0.22616114765970463
-0.06997439318233821	0.10262199072442718	-0.03971017914667561	0.19100882678384773
0.07271691991943662	-0.37625496258154734	-0.16595424800952283	0.44031368891077816
0.26750980126225143	-0.4197820678505776	-2.1186285052048532	2.1807899959021335
0.19187095286875608	-0.09714924764940273	-2.551300123287529	2.6075092905607398
-0.7204321617504074	0.060201374442946785	-12.018464838468407	12.040997614964077
-0.23935567758760617	0.3221694112109633	-8.292282214568832	8.354841661507896
-0.3614740627143179	-0.11554419058929716	-13.491305138196834	13.529305971661312
-0.11103855097680221	-0.09981907581176745	-3.2425347999870806	3.2832979272716343
0.03964048663234989	0.3595736351189839	-1.697650418868351	1.7413676512549034
0.16576181810041563	0.05326551874535615	-1.2930952936939473	1.3122078415024823
-0.37085917288119485	0.4318004381410018	-23.89797240962841	23.909847205246827
-0.2173644043209152	0.5901818792743744	-23.095592976564628	23.109428742754137
0.14987805459010933	-0.17937246984112645	-6.251810001613013	6.25773489334225
0.053351243306688334	0.14416668981016578	-0.05213606960778838	0.21407555737948702
0.10027331118024342	-0.026022579422803276	-0.04013282842242623	0.11109705438061779
0.10807330547332084	-0.04797028186229642	0.09979820584476434	0.15472772598248785
0.003116214625649644	-0.12677437269715391	0.07478626318953659	0.14722240837659412
0.06505735605687293	-0.2827075519099478	0.4496557582842277	0.5351133715785753
-0.45386312544262425	0.3061561799523093	18.29514849827577	18.303337999313722
-0.08322784876452152	0.06530000385046786	6.124161714764396	6.125075319855163
0.06818537848267897	0.015966354320475228	5.944836031987229	5.945248490813718
-0.02698345078236761	0.03225007618392355	0.7005700805402864	0.7018308997032094
-0.021893219739402982	0.2920162197836769	0.4857054291492313	0.5840739118402273
0.8880347973714653	-0.5699171499691874	1.828467815578519	2.1156998125154862
-0.23428645592406655	1.9634240586909764	5.808950906258879	6.1378591213795275
0.060755148165537086	0.16451924951984404	0.40407004646731426	0.46207159493230754
-0.27867689668820494	0.5347144111930833	0.5328990479825516	0.8167260829225695
-0.5976617078751317	1.3906696735165573	3.2966522479859606	3.630228296808585
-0.502635244775326	0.5866016002654059	2.868720410036934	3.115549872909556
1.3260662659668108	0.020468152632434497	16.12734272965433	16.209035936527556
-0.3303050725548539	0.34597413318493664	3.2199281715398147	3.2924849147815802
0.195483551313589	0.47365595900181057	16.69819860232424	16.70664179701879
0.4018152514431958	0.6657017777217769	7.641700749802994	7.68242699201196
-0.1344081653195162	0.09623938270963983	0.5731865364720405	0.6126582768409355
-0.3033953944633915	0.8901457356711664	6.858764235234242	6.924343637886806
0.5445696553575854	0.47849705840619694	-0.32518060435258767	0.8066831811726193
0.7854128494893166	0.2371268660450277	-14.539169005326073	14.56296733653817
0.28050434584895917	0.1823275304938834	-47.96783828393221	47.96920799257363
1.8210027699501712	0.7383377950191992	-84.63445599774849	84.6624776840806
2.0487201528547736	-0.7193917190714508	-121.75287407091827	121.77584930449868
0.03465689997339322	-0.022470975560741152	-16.050102808658778	16.050762785577348
-0.042059357523579005	-0.4048267192111702	-12.009874772257183	12.05334378089093
-0.1161611160317444	-0.10551124441189852	-0.01874692546646483	0.15804263598641022
0.011874250276278642	0.02734627353025863	0.004397144080119785	0.0301355499647304
0.23328439532511475	-0.1032997620238777	-0.22565834395303525	0.34060848217861595
0.03775336268033044	0.009116274434368084	-0.1309721622664402	0.13660940722359508
-0.11463386979242035	0.17097661940741135	8.801785333294188	8.80529833491065
-0.06426509410648905	-0.03633656271391533	1.6367427853468552	1.6443409252327683
0.0805561127241896	-0.23339375927152406	7.0553443912386316	7.061042854851295
0.21558983569528334	0.29051938916777487	3.077359152612086	3.1016930266876686
-0.02212860910787464	0.05516315586742858	0.7913205747729027	0.7935495581028449
-0.05715026556423018	0.1233044106331982	0.4424509667968795	0.4628530960846602
0.5921499868300943	0.12210635488756232	0.8096321480597366	1.0200664531679453
0.0883399521451032	0.008703940928904981	-1.7148318004495302	1.722790641507455
-0.05599334173397111	0.2051237928986905	-0.6043268173575285	0.6556689041041687
-0.2090721550126421	0.02025549696305215	-0.22804764990842127	0.3400102449744777
-0.0307462919659581	-0.06896564220490599	-0.034505805194131184	0.08301954508720441
0.1446156536273379	-0.07032678613860552	-1.5784489118112004	1.6616499191227405
0.01825038477282486	-0.3058283698904109	-0.2628779083942878	0.4271400800626626
0.15664305153858088	-0.7400266740098269	-4.218352775279229	4.287908166629427
-0.006753411544782541	0.11577846872415687	-1.374892381231052	1.3797750984688764
0.05472306532201795	0.10103217012915613	-3.67876340923816	3.680557340190316
0.3494270442262314	0.7031845143385314	-3.6091672727108968	3.696232664179788
0.028550910227147924	0.3976328669116443	-5.861029024732841	5.8762290684574205
0.04017624281575097	0.04185888831158427	-5.818993213424901	5.840185635517293
-0.20061991960204054	0.0468218250198745	-1.6634868480502756	1.6819955154445452
-0.014095068060532727	0.07493946022750353	-0.7782470406371474	0.781973816635377
-0.3998801055505452	0.3396204300883369	-5.9072564034103126	5.930507933641152
-0.5536689141952715	0.3699337744628907	-17.46461596639769	17.477862881447713
0.035291973965940304	0.09154574953898757	-1.5026950971313109	1.5058946519021663
0.013174522483599044	-0.09162200398579363	-1.67340195869298	1.681761594256019
1.0203260706325628	-0.7962959579765101	-8.47194134247009	8.584443056818312
0.4859670258786542	-0.6051168829737384	-2.3419190268278367	2.4671674285543417
0.7082260913554457	-0.6852595029637525	-3.269029550134302	3.414340197246024
1.6154397403581302	-1.4060973055961865	-7.1262627680072725	7.457485914744987
0.0324422517423508	-0.012936306288333754	-0.4770673350064962	0.4982899504793369
0.688731885940514	-1.1246655940633261	-3.526419460049898	3.764951330017375
1.0925948680933166	-0.8585516431962635	-4.573707221658661	4.7801330754772335
0.3088710506998185	0.3322978293149525	0.9598398392612567	1.0616570493153206
0.022922181167487232	0.045113597058395585	0.03657415712097786	0.062436623852770455
-0.2814743192403284	1.3148294704785026	2.3634366741438977	2.7636130669684844
0.0002593364549117322	-0.005324887174293691	0.5606235915651091	0.5777603465089813
-0.5345446866448864	1.73282236053385	3.4884018716138208	3.9624586957424794
0.36905697603977256	0.3959157885306826	2.9996199298385324	3.051254147323033
-0.9365216811937371	0.6991173636207662	27.497761912353337	27.538619063432208
-0.048583223094718866	0.24187786182622817	2.3207882484391895	2.3380340263993884
0.28261940854134415	0.9897185885597359	9.362357030408852	9.41876561867164
0.04946762791074586	0.23270953176515322	2.819119242840051	2.8291401657988837
-2.199452035812309	2.7092579700255253	45.48781456399646	45.63114872101528
-0.8615959840727093	0.8594447366230167	18.243146335711533	18.284224372561294
-0.30951925512400225	-0.07201023163997905	-2.764480024800051	2.7861832737944305
0.10954971347805754	0.300339277795734	-1.298534334522981	1.3445728036610842
0.1989995683087211	-0.26239591054414685	-1.3354947937230464	1.3825623208444209
-0.41370042475700597	-0.04264224307675736	-0.5569223606506939	0.7089490129984566
-0.592317640718459	0.30891271591155856	19.288043368490623	19.30011305726558
0.20985358289692743	-0.10716817469272133	63.432108346568135	63.43269955330278
-0.09683488988430408	-0.032202092276430005	17.37856583975131	17.379425893915972
0.15164852018008335	0.48195209734107797	41.390154564510894	41.39618206929604
0.02739338297571764	-0.46962818409322055	182.44271094967723	182.44573678625957
0.9061556764242649	0.8352439463759311	413.4209150910549	413.4238195569651
-0.24060484158265827	0.5653431796677372	3.2869630180334073	3.3438943587543433
-0.1798955468181823	0.40066186888924854	1.8039596890984817	1.856653683603683
-1.1742209282694647	0.6233057784085424	6.227746006044139	6.369584364970934
-0.1352381624655875	0.2404553334798878	0.5268571760868256	0.6108734704340797
-0.16070618143672943	0.17411344965241282	-0.05585857233068006	0.28060993408049556
0.06254040850794065	0.011798514063069726	0.4366820011471678	0.4628406449916986
-0.5171744294742271	-0.1596169394140861	0.1857969457841802	0.5722477286216536
-0.031146706074251976	-0.011478257483983708	-0.022345630132800755	0.04001493321469374
0.3811740705143891	0.3019773306493223	-1.918358870844465	1.979036315383386
0.07681387089550673	0.08681606385024163	-0.2599511162919822	0.2846260398590551
-0.5224359744745496	-0.2345501370749874	-2.1687837495493545	2.2431174883488434
-0.22318859637154048	-0.01029697452062217	-0.8933506701354678	0.9208662210473715
-0.2748637848668831	0.026745100671339894	-5.651084107930221	5.659549167596548
0.23531532163311358	-0.3226808003825137	-6.330379165014959	6.344499693221389
0.24634217871677247	0.3779742390371885	-24.81568302359483	24.820176323040567
0.15995875156652828	-0.2861527245877061	-7.985930606874713	7.993875006948132
1.031807664667752	0.29491674505348625	-26.126093214386778	26.148495738284968
1.880826974272108	-0.1072878239905994	-97.06232593903557	97.08070672005228
0.21921542343158526	-0.12909849231366297	-17.81194685571338	17.81431032620252
0.5125691246018282	0.24182381296043942	-6.828258849814188	6.8531601884806115
0.39850442595729685	-0.9778305315276797	-19.19623549493104	19.225254627774
0.2675807649608177	-1.0037150662116694	-19.36928101499625	19.397115518494275
0.2613480970199935	-0.792370419212013	-12.071687621498489	12.136809561536262
-0.057614192121287995	-0.0925793484750753	-2.241085603595606	2.2480735749617575
-0.02774319170088744	-0.006074136272242346	2.0389598081468	2.0391575905395944
0.12221517151666063	0.11768443000493234	16.065808840288604	16.06670469841
-0.03928473591415765	-0.15743755993737973	8.828154014907664	8.843655855967327
-0.054870662395983635	0.07295638989198351	2.189060034951734	2.190962633419551
-0.09820241501023097	0.3283943682513713	15.980009009493397	15.983684635243
-0.02202854069081945	0.03648432483208419	0.21966815027678638	0.22376429297241537
-0.1345248130112814	0.02945560531316414	0.1406859733916097	0.19686823285951915
-0.005425830384587108	-0.01365933866341304	-0.139149395426375	0.13992344841237225
-0.00552584267457652	0.03939494656421941	0.017936182737325876	0.04363717913945195
0.024534831183492374	-0.004129244109164869	-0.07105503320639209	0.07528496757040558
0.017170738305543398	-0.14102377979004632	-0.008456964497474476	0.14231676278197333
-0.02150814609783064	0.04482001500963344	-0.05768438818584675	0.07615065813507357
-0.05960538147134522	-0.07502276914016988	-0.3233398238186789	0.3372385788383323
-0.17950623298584928	0.07616385069690927	-0.2277341822713425	0.29981040276906346
-0.212157338896851	-0.013531791028935022	-0.4366401136699975	0.4856422908705462
-0.3969372867447293	0.05391420272979831	-4.477525966907045	4.495409295624941
-0.1358072268308429	0.07857920334343638	-2.5469571308159304	2.5517854377419136
-0.2176156011789987	0.21435974446339684	-2.710318674692661	2.7274775834662126
-0.14773794598502393	0.18513784981207848	-3.41229944043874	3.42051019518075
-0.07049125931734748	0.15463837130133423	-1.4983790732807114	1.5079860379872354
0.0433146073095905	0.13625027399658898	-2.036996330728998	2.042007429901746
0.006397767998310476	-0.011975697242653828	-0.5513167307441178	0.5514838949218646
-0.11912310341464688	0.2370370040427384	-4.005578165670325	4.014353409497917
0.10796307006330909	0.22833808204281192	-1.3241663118855986	1.3552455536326962
-0.18162582566733645	0.08863398370696977	-2.9288173578604972	2.939097620737027
0.008678891801838458	-0.013417678930464846	-0.06372103703112245	0.06569419937186792
-0.1965838674371737	0.2078716411716715	-0.9905693417350738	1.0310593857413923
0.2928008893836959	0.35038800376033974	-12.290666210605618	12.309207761940884
0.05562739359769424	-0.026384017858516524	-0.46230013751201166	0.46638175399607584
0.03223201099637122	-0.09664181909717022	-3.1049807633368793	3.106651587227534
0.06404684996624066	0.27662031334910286	-14.301771221263511	14.335328090246454
0.04577236902214448	-0.06414513886800018	-2.1547635862575483	2.160716456680002
-0.31940900510892506	0.32856449640229424	-9.97084284382088	10.025369536825805
-0.12201835353927731	-0.021654976451419894	-2.4322670405880866	2.4394179958007767
0.04509086891231596	-0.16365211634236154	-0.564898670053637	0.5898522773296456
-0.04898848905640892	-0.02560232991937803	-0.09638411417013673	0.11110917523630762
-0.026552454320872478	0.09448071782179387	0.2174070860395902	0.23853192643922788
0.09010022455992793	1.3005274815952022	3.4358893218676405	3.6748911838276483
-0.08723695748324571	0.6995910227297122	1.8583158583223556	1.9875552105859324
0.019304423042445562	0.012874259643634367	0.055220764830044476	0.05989774769378627
-0.053100406927618006	0.15246023164393993	0.27177530953201273	0.3161100984151309
0.07477637861478584	0.1738448358321128	0.4298817113045289	0.46969332490290555
-0.11753037042513184	0.051966511711583764	0.11205511167388814	0.17050001279761368
0.019199113713957393	-0.022585333716713573	-0.0049561748544860625	0.030054399606131307
0.33805900633510527	0.008865157175175728	4.127867249762486	4.141696574404954
0.11476223358846674	0.018129696389750115	0.7322086928498721	0.7413694261529241
-0.1349113023304269	0.14014670038590205	-2.4586558083686176	2.639246545143194
-0.26554382453198344	0.08824545865809894	-1.1040480823938459	1.1474766824900537
-0.04933996666700405	0.014462154557965894	0.10260402938567681	0.1806957608006795
0.45826248155155946	-0.020026007483372146	-0.31140628188447655	0.5717160136559336
-0.18204517603348996	-0.23409773038977694	21.49865937868829	21.500704576230817
-0.09445309067605456	-0.3580923866668355	28.93817366445753	28.940543301362368
0.027543589519514564	-0.22599210823038077	-11.517517999839137	11.519767877823087
0.18587337894064274	-0.2564993033112748	-15.288408815316266	15.291690060612604
0.2965784976776409	-0.0233259601511892	-15.948198983557669	15.950973441293526
0.520608877249621	0.13806259526654657	-29.66760776137652	29.672496443106553
0.05067255315637261	0.04957895471527474	-2.35950283995091	2.3605676080405873
0.2042919623299534	-0.0624857867390223	-10.59303496106241	10.595188972628454
0.5322000288727693	-0.10828567662483213	-32.19896851026282	32.2035484967634
0.38465320694981403	-0.15460030189422921	-19.7458195025888	19.75017081373675
0.42916709493922844	-0.10496221518094917	-24.451220562334075	24.45521188724201
0.6852565287902467	-0.03153423043369342	-32.6638884481065	32.67109088274042
0.860432116108469	-0.051584748529681736	-22.81660232034256	22.833305184363336
0.09648587396287318	0.11534322450573391	-6.280207526595573	6.283557904986748
0.17963973711927692	-1.7100709632136373	-27.76746672456865	27.82503443621959
0.4817564173816384	-0.41149150159939163	-14.977854990406144	14.991898959108251
-0.29274280697745136	-0.5139803072418118	-3.564057027619679	3.615502231819896
0.3039464717115672	0.3346075922064169	-0.2644281966929842	0.5419850132009094
0.37509488867278007	0.5411806719363876	-0.023592866052239446	0.6735050878905996
3.0059469883975813	-3.6014571508177267	3.6868038465130564	5.968099638393792
0.10078130746232848	-0.04053748731698082	1.1850268890686335	1.1899953309267537
0.6027773127851717	0.09003846370032809	6.715377395325103	6.742977159637824
0.026379050053072988	0.06112368811813322	0.1564450589397502	0.17002063403459963
0.13466275612003079	0.041839414256427024	0.9967916024987122	1.0067164910157747
0.1466404335661946	-0.220496260212633	-0.5728892784210927	1.1307850086351865
0.03060482589651023	-0.0075823498362249594	-0.24037195742470502	0.2797366801357641
0.04520133498618311	-0.08380158531322887	0.13101029261971958	0.16195543571565627
0.1483245318220547	-0.018623758956937846	0.07307282549879998	0.16639305563723483
0.07389208768525328	-0.00860160374610381	0.04808172129405768	0.08857697292236616
-0.033501769001224736	-0.08692642645521038	0.10483883518610682	0.1402488984115889
0.030464303784267427	-0.01226268292452027	-0.00047255446904400505	0.032843119603558735
0.1181037553793822	0.14430464697360473	0.27122226019271595	0.32914106792822884
-0.01680329355347241	-0.04138097636715378	-0.09870608867122618	0.10834033330258443
-0.24618612243518684	-0.18209035919142752	-0.17848527137777825	0.3544312315371419
0.12538633213688838	-0.2096187766437038	27.5732113980462	27.5746464773359
-0.147882808525144	0.041997473822559486	44.2914537245173	44.291940417290604
-0.253946328003168	-0.5266728410698078	-13.477075045168867	13.49047458679791
-0.09211436502125615	-0.9895657542140901	-9.219928225443308	9.27438848147859
-0.35961972596851927	-0.14040738345306275	-3.0382613212321634	3.0658689178810667
0.10168140620666774	-0.16864809909265127	-0.08579570487286114	0.21480733849280195
0.06762867223030437	-0.0023835208499154714	-0.08909006545964288	0.11187653124261307
0.13916277409848682	0.13691735528332072	-0.6580621170421842	0.700455690717555
-0.02684994392786003	0.12416028044092686	-0.03169869994171623	0.13092556017101414
-0.059065310905866766	0.2106390660852939	-0.2687199177629458	0.3465081836208434
1.5905916604570596	-0.014370893903520754	-1.1423685610620284	1.9633323883413276
0.5266174770284995	0.40551723430525494	0.4291715042576793	0.7911753121130893
0.021668225777688316	0.013652797074098742	0.06064605748703672	0.06583202233731206
0.3511529539288761	0.12163846547508858	-0.20949953921948045	0.4488587251789637
0.3355396563343484	0.33980625376804763	0.09722513442188166	0.5069395059927766
-0.2728627273152521	-0.21595936288529333	1.6731159929235708	1.9501798442842053
-0.21127863792405835	0.01548028379473932	0.14318342982228285	0.29130667947213923
-0.0659929437893224	-0.6010840279903866	0.284737091121088	0.6683803471042723
0.27069534585689103	-0.5017567724292521	0.5696490784800865	1.2368858049393294
-0.12145408604057797	-0.3134885639597532	0.21019866251645453	0.420344427075234
0.12736682800448318	-0.10747497249907115	0.5890535860868867	0.627883023159108
-0.08284783120338654	-0.6471503857124734	0.8313565386418454	1.0659741385725352
4.70033200095918	-3.9321896022600864	6.877664079055409	9.21287028870983
2.638560113471928	-2.64310012413864	4.717679033646039	6.037233898527547
8.997852994455986	-10.47218272132547	13.369711174987804	19.22562774198445
-0.05462777017104313	0.1025725301719883	-4.908974715233988	4.910350096686218
0.06411381218638587	0.14827466841713355	-4.296460846113181	4.299496686868229
-0.08525356422883355	-0.06479173797403723	-4.999105366933741	5.000252054569764
-0.06121262367975411	-0.07044914508860126	-1.2450920993600123	1.2485849603572026
-0.022411344536859258	-0.013179874232878934	-3.1143515707306455	3.11446009503432
0.13867302705233492	0.02222272438934017	-6.082615621645195	6.084236752345631
0.6528239205817875	0.10605535003856956	-0.715519321155006	0.974368876505043
0.6984544280125636	0.11368454979392328	-0.5737785556229924	0.9110349037029327
-0.03282614202997501	-0.03215133422466553	0.011746230869938179	0.047426130272752894
0.13148388457764462	-0.06137818398271779	0.011644950048842355	0.14557093883836758
0.040047141990022135	0.03982742208325874	0.013559181737502844	0.05808483916442968
0.6322577082461253	0.5247984139423854	-0.19719657589343179	0.8450147546511716
0.3992336628895584	0.3299257096598287	-0.12699130992164867	0.5332593603448245
-0.13329138897952048	0.42303039761589323	5.290305482451466	5.3088655482446745
-0.48179636918875773	1.5660584990853073	16.67578829185759	16.756090896112248
-0.07100316875818796	0.016640909089096635	0.28108948517005367	0.29039571019934357
0.033374038874919146	0.10037926765203345	0.2615756534565959	0.2821553584932038
0.22807246866885392	-0.36018351081928124	0.8139971038985114	0.9188800234992448
0.01665083993064901	-0.1897055523164275	0.34943748664632107	0.3979598021456121
0.39155259991571645	-0.5617851534015748	0.7410815591137565	1.0090182725509307
0.7267344464666498	-0.8000337040393312	1.0312249922302368	1.4938613951368893
0.01609010245977969	-0.06026436692511479	0.006449349530532056	0.06270788967441061
0.1707811902617064	-0.33308453736031196	0.4039967416136789	0.5507493905672597
0.7858258939394209	-1.1064636381786406	1.2272524011345975	1.8951655644528365
0.48406312425442144	-0.6929003433498349	-0.22605798516874023	1.0046144280945903
-0.07017211959984618	-1.020847169061169	-0.9596897471700911	1.4098004343426525
0.1681378012428409	0.17150471800009523	-1.0220859280820989	1.0591617524186352
-0.0433624556074378	-0.19171074589559703	0.10964624489547792	0.2648308829570908
-1.0784343866379862	0.1427638948741154	-1.5421979451995766	1.8924208155272109
-0.575522398085544	0.7551772469600686	-0.7703852153783742	1.2306469314949384
-0.8931856156903006	0.3035432866142285	-2.528684626175793	2.7436991365640737
-0.42242826324283944	0.24207235903020116	-0.6024365725108044	0.787054174368813
-1.8754534815177846	2.2556050524263007	-3.2672856753648687	4.418592031486128
0.07916293659505562	0.11483481981826071	1.3095226272085008	1.316929503634914
-0.03360064986732199	0.14081113004774604	2.2129067950373673	2.2176368642181674
-0.23688273464279988	0.29231448767287566	3.6613726579304506	3.6806536009132964
-0.22630443231803452	0.4481842088169463	3.8936838530883504	3.9259211312659628
0.1609033082448967	-0.03639437431646175	0.523979997584321	0.5667885389230308
1.951804053422439	-2.214900043209974	2.3709919580581844	3.818460955927714
-0.014616487580925958	0.06012236915196428	-0.2409198954167214	0.2852201288290369
-0.07141212688663565	-0.032037876112094556	0.06114018756672711	0.09931887991686895
-0.30427047678274655	-0.2228997254736767	-0.008331590218814036	0.37727208491142644
-0.06491590202306174	-0.0037488570273486455	-0.36974363071234817	0.4005224907752729
-0.4927449317639134	-0.32263195274169104	0.2080140825648183	0.6400301462854884
-0.3065586271335743	-0.1955382531196906	0.35477502078673095	0.7111219500038988
-2.7598912581924226	0.5410727026724091	-1.023293369134737	3.0338926246720237
-1.1479921726376254	-0.048603065533891744	-0.7661840926126087	1.3880800175383095
-0.10570154846849171	0.19103393227374293	-0.37901362348883255	0.43739925402170093
0.0300940527020988	0.12675574816286206	-0.1481040296822095	0.19724977898206225
-0.4300363198789093	0.670323795363195	-1.0764866666850021	1.3463166624147906
-2.1218518720046458	2.119277447602779	-6.5697609975465046	7.223214770199665
0.21335107218391502	0.3554166597368872	0.06619471288226159	0.4423812913473142
-0.265273883190635	0.4153415798473182	-0.6557587699345759	0.832092669297845
0.901731561407687	-1.05822086051041	1.317692903054878	1.9155327679837093
0.16499144574674218	-0.11518890331515916	0.1872796978300905	0.2748896975804645
0.009694469078416333	0.010067817261593191	0.06649986245112224	0.06795274373521185
0.11427749363820713	-0.06418826442694882	-0.009635910637382644	0.1314242352695498
0.9318563056651809	-0.7254404769067428	-1.0714098863759967	1.6703756812965362
0.23618414707667756	-0.10113700082072918	-0.1115404190519943	0.2800944650428572
0.011861645601955295	0.029572048829995392	-3.5399479738306566e-05	0.031862296864996774
-0.31562925321476837	-0.14435536655571168	-0.5273265897717152	0.6312952000598555
-0.013149513448236172	-0.05896089253589956	-0.1260453931267647	0.13977388053937656
0.016625694621491337	-0.053143943821698944	-0.14233612149187233	0.15284064893842883
-0.0458203173268857	-0.44036599253212627	-0.47127806370402714	0.6466256430016974
-2.6182244906347485	2.6065770300914837	-5.557976066725216	6.692096920835085
-1.0667728544539914	0.5935270186913105	-1.6179748934950662	2.0316498679144703
-1.7643178377769135	1.9462964041367676	-6.5612866665293215	7.069006268969418
-0.1430836568479223	0.22864514399592625	-0.6910256809917659	0.7548164090823846
