-0.11709900417746688	0.20824899329473645	0.152010136131139	0.3157003110138364
-0.36788954850315747	-0.2846801929618046	1.411860316500679	1.4930555483209673
-0.12583684788363403	1.1137368623670731	6.0181104376861185	6.123183627490453
-0.03313422526240839	-0.21867695774625728	2.2259256516235837	2.2412367746824016
-0.38472399403527524	-0.18101623534358247	6.368937241721596	6.384639441889629
-0.5457730888279761	1.0818644747208692	18.009596158532077	18.074751577392846
0.4054427424711846	0.2151774172386436	5.025379220343439	5.048227533647
0.2075868220635565	-0.6110789758602134	14.929872883854841	14.944467000077214
0.47419049890566667	-0.7508452633391807	17.31193970158165	17.335263518470963
-0.5162114299978126	-0.44449867265296084	21.862443764971204	21.873499502180234
-0.1542287378407543	-1.1808835794592012	28.103225729760197	28.128793943832147
-0.04242827367487001	-1.7496874532471072	50.86775194232996	50.90650002309892
0.6400963401712272	-0.8627543640910855	75.70118070829221	75.71463280523702
-1.1404687887196783	0.4376651578063476	523.9867911750113	523.9882336708698
-0.5309961870758493	-2.5021100368737663	-4.045391889919056	4.788234216831546
-0.028342907185901267	0.08373779535225134	-0.06554330765625815	0.17773870944936787
-0.3603269687356308	-0.4464506526174704	-0.6464673856893521	0.8755304536569809
-1.1172893164625526	-1.0199430201305346	-5.833904659825051	6.047047436834177
-0.527753070839666	-0.31440020189684903	-7.6551457914259355	7.681022566274603
-0.42997639274735183	-0.19613448033602598	-1.5109229164715314	1.5892502248279046
-0.9838224340581623	0.7894695134769075	-9.26013596064265	9.358686160271258
1.0967697182632719	1.6444880649583142	-8.731094923443456	9.001089598808008
0.1263120292116698	0.2780749259128544	-1.533775787289931	1.5701045645821987
0.3711238114218916	0.1250753603352659	-2.327329498669671	2.364174086112385
1.9887846481127247	-0.1747345328029725	-14.4420346976219	14.58004261055974
2.157378032461701	0.879278479557934	-32.00206174187134	32.087051066357084
0.9965833914226441	0.911144770350383	-124.91719873385524	124.92457477432924
-0.22271456465383052	0.575371739392846	-24.892252061862287	24.900288088935604
-0.34358122985000783	0.636655119546377	-13.282556116822523	13.33529247493993
0.39725042958749623	-0.4339886577226285	-4.750105738885314	4.811795769962661
-0.45639439048857094	-0.021649266053042043	-0.5338254844183976	0.8587514894337052
-0.07743928249654217	0.31764200257540537	0.6578067776976602	1.1916180738637157
0.10705305808229786	-0.2724962482105671	1.447389991968882	1.750269732437057
0.09812350552568425	0.5358052640767211	26.111319648670406	26.117373701873056
-0.32346943948517665	-0.6064799972299493	38.59325057172864	38.599623313478766
0.5536938184141371	0.1626295339289462	563.5901113539938	563.591189988809
-0.06378041642646012	0.20486243588214686	77.0276786956742	77.02810397243384
-0.7164385773916242	0.15623827943774313	-33.32879432741606	33.33715203401812
0.43476544429425235	0.05720937061935472	-0.8805800861060458	0.993576859928598
0.4439769646697738	0.13431773791592536	-0.45644064029219916	1.1418605216428974
-0.48069208665991653	0.42233208737315836	0.9006406149014011	1.45030154668345
0.07398087790575303	-0.2971763591119305	1.0391320773115733	1.0922738748631662
-0.11899870811768656	-0.0892367053065384	142.97615169016856	142.9770813660518
-0.4338202258504007	-0.017840692394554852	2.9551576885408015	3.0274073371787655
0.5111753218339821	0.48453042630644366	35.80721328461678	35.81754197451448
-0.14999049999091651	0.04591183489566873	61.484205455887064	61.48456396017869
0.44871559436718056	0.059942149168541126	2.2525943067778735	2.301868728164863
0.08515006337841226	-0.1492387986762705	0.3083247833437557	0.3795612061942812
0.6493859998524434	0.5644838997683362	3.5468728238153022	3.652414388198793
-0.23994525295767186	0.07304431451483537	-0.23327877446300588	0.36987561127333773
-0.07586378495958998	0.37775218041911407	-0.5447193051286985	0.8299946309824431
0.4154306377415341	-0.22828351675995545	-4.218320858668307	4.273481810874449
0.06584134732119419	0.4150264303564726	-137.723909884556	137.72462167562895
0.34817886299257833	-0.2759355314752228	-82.97256013650902	82.97521813461638
0.20789547799125166	-1.4486403433256194	236.5703880319658	236.57678048522396
-0.4455195924827529	-0.02158906321286457	8.998026433011669	9.010156117904568
0.08886449155503229	0.3708096993349546	2.716122298111693	2.746306037968049
-0.12768823555727507	-0.44109442319511794	2.5952207169458843	2.639226956939981
0.22416726957702493	0.06580020815235783	-0.37017522448191076	0.4594454416606371
-1.0270968893043435	-0.20781289329784824	-445.7382959862836	445.7395496282099
-0.7206694223515868	0.314913080501646	-3.2415099310841424	3.371889861828338
0.5285068871086638	-0.08254109301702355	-1.3700358358316842	1.4773660812813985
0.47713148298605623	0.19733475686464655	-6.784928952043413	6.868930552531466
0.3709534883464525	-0.030227114035887098	-84.25560093981414	84.2616615174603
-0.5257297276269831	-0.4108308027691016	0.11373509726641728	0.685035329720189
-0.8368114734287859	-0.8683887044530851	1.8884312372535765	2.2406527892377337
-0.9625346999221149	-0.6708794361816146	1.3725767936151165	1.8056908153989903
-0.17783902344265612	-0.1091236352939829	0.1664275427435135	0.26689476020045033
-1.690136997476365	-0.9702932260000188	3.590599624798254	4.0877765918848
-0.653551498399453	-0.615281107603036	2.020637088270339	2.2110347453007204
-1.0952051650500736	-0.8532516548327705	2.8716095176308247	3.189616585386896
-1.3597185534414735	-0.5757860459995833	5.48394426180489	5.756457293059994
-1.6547285421969478	-2.0329372424315713	13.62589457400485	13.90741938372541
-0.2088782765480292	-0.09204506627747594	0.9251648523129592	0.9630743571993595
-0.11769262186385929	-0.10095961260578502	0.3562535243734902	0.38853696123693615
-1.142271838907148	-0.5816108450711922	3.6026198622886723	3.823862706900131
-0.2780667028975704	-0.23425450382807791	3.5046778826109146	3.523487381087974
-0.5936554932330009	-0.3910038246435973	2.4122189588742255	2.5147785471257484
-0.6508054238049031	-0.620969379476892	5.257788952972561	5.3360074146127365
-0.4863181276246914	-0.16630282475370636	1.9469378311783871	2.018466906875376
-0.19741267219006609	-0.14580262010437092	1.243556011652568	1.2752025353596832
-1.3774853547888428	-1.7116173157659227	7.847646256531579	8.150590855320957
-2.035067495568723	-1.0422229761910824	8.08983224083417	8.40673028760058
-2.440732016259533	-1.0903162105060902	9.580562599990714	9.946514060032666
-1.5787977037904284	1.692769565215198	11.046798800421993	11.325642821505431
-0.020809694756254715	0.4725497494470581	5.299157260948101	5.322056347903252
0.11115126453536744	0.33848557936824275	6.3842598151084475	6.394192715101464
-0.029608528866268535	0.021076609260953727	0.6690493751084021	0.6700357861879519
-0.2856946653788982	0.5060775084898164	8.01866287112371	8.040906038007355
-0.17236003032000735	0.10209356421174462	1.0718888775018038	1.0993437253732103
-0.1495856509943433	0.5111048157329801	11.857393071025875	11.870166562662936
-1.3537228170049411	0.554619183089	23.123537070871397	23.170188051813344
-0.39089715719183166	-0.1279490652403335	6.223554797617098	6.238692623830679
-0.6328411391347385	0.046759429185365756	11.561940788644566	11.580182595133035
-0.7776040688338931	-1.2168467505042941	26.43246145419533	26.47187946915749
-0.3131066739089702	-0.6116463518841306	13.848084453349035	13.865121350933311
-0.2941686588557064	-0.032125355317593474	8.968391584667666	8.974357617074608
-0.05476249967051691	-0.8558731249056684	12.46627614077031	12.496521049481933
-0.20143654631049843	-0.31594197047549705	8.693326562476944	8.701397745923622
-0.2625181594023942	-0.4804393853027163	16.966609110118167	16.975439979055356
-0.034716323520025946	-0.2539441629744463	5.842720601262243	5.850004843616949
0.12127491731686293	-0.05105996621204857	5.052414201437413	5.05605417034927
-0.15019088481731183	-0.04196309077669592	38.639940549524454	38.64025522526545
-0.26877899119125004	-0.05978023746801311	36.03598740962373	36.03703934023239
-0.06568072977231161	0.0022745815032224163	5.1116690978327	5.112091558033971
-0.6240514476640135	0.19152941910086801	211.67141223069908	211.67246481120586
-0.08707286727067659	0.012389061611999708	155.58343373017684	155.58352119112834
-0.16599158322881571	0.07187521059799115	131.59102581376564	131.59115013545073
-0.302994364106297	0.025113317002906775	354.2501296208373	354.2502600883214
-0.08813319619957577	0.02683642691347665	-0.3850785067650645	0.4198248388962318
-0.33140243095457017	-0.3130934733066148	-1.0505086639512924	1.1536478371697871
0.06031657391692838	-0.4847068502514281	-0.37503503908402125	0.631434783022356
-0.6213164035103844	-0.5892490151337362	-1.3103138318836889	1.5715122010448639
-0.4940916550690153	-0.8102400846692455	-0.31918580667505564	1.010927753351579
-0.0054386721398891336	-0.5857861234274125	-0.3204667250695732	0.6821683577619079
-0.971213644076749	-0.7336145851514454	-1.0999521359374091	1.6464570411161763
-0.6008592653657578	-0.960101561346639	-1.4775220763874104	1.8669167458642328
-0.39220762590886826	-1.1487906724133539	-4.69478829519919	4.8742490611359095
-0.5381088180034903	-0.324561905641518	-1.807347861356062	1.9185639440620936
0.028535048348058173	-0.11175077144479789	-1.3723629562371475	1.3772009902533093
0.15604227296748474	-0.07561647879889338	-1.3187584407361594	1.3301093443140943
-0.3015642269702918	-0.48311117816785765	-1.9116171017413568	1.9995242239165174
-0.11582123831672435	-0.2658670559953722	-1.0414233823856636	1.0900194021156053
-0.21620929231566988	-0.13464049094131444	-1.4370005964493007	1.4660576451764125
-0.04480260130392867	-0.22246399625282998	-1.8004979003836146	1.8201016391669402
-1.5304986344136382	0.23817896304537617	-22.12750887220903	22.18209376869029
-2.097082044247027	0.4494166942477761	-20.674658841576136	20.786070491216805
0.24431563945683676	0.9853575948884863	-6.452445477262563	6.598865277563539
0.11754817626392655	0.07191358476540921	-0.9949873008311069	1.0141344344474053
0.10874813443924564	0.09908344101548688	-1.9973627954321076	2.007630844180236
1.5392226318015958	0.8042136248374285	-6.309192349854115	6.545330683547018
0.6757296168615683	-0.12215160062250213	-4.17271778165501	4.257560939831446
0.6366434524245191	-0.21816016562098983	-6.25143848119945	6.289107378038643
0.11751330205275713	-0.13325247977116977	-0.9749015648036707	1.0007389497172352
0.5300627398434608	0.11682031962011513	-4.536662884342583	4.5690177961371585
1.5381920633240365	1.3839589802778463	-18.823901328070903	18.93728170809407
0.983568317538717	0.40348566903955985	-17.715231803528045	17.747651251870426
0.16767620985547768	0.9729397384077765	-7.836319815305025	7.899500938576229
1.9914820856489208	2.1009325833600143	-128.15098648222826	128.18712122038798
0.3707092758025129	0.2393226304892825	-13.522096304523936	13.530013634226323
-0.1467984566557216	0.4242724936524562	-20.963727844180443	20.96899906637207
0.4584471581288674	1.1585012742157823	-64.52849530461194	64.54736088378348
-0.18791219023229122	0.28456927243398655	-53.72657654324227	53.735873580912624
0.1390676858153883	0.6706810803721809	-43.410661173956065	43.416288835847354
-0.06138365657661727	0.10338174323569238	-5.013431417808115	5.016814736871863
0.13570029235780517	0.22127327680827413	-0.17866254225636027	0.3151138466982539
0.22259445734922026	0.30161223916789953	-0.4785436766075618	0.60788344744659
0.22843570704728638	0.2793763604085386	-0.6143523010260259	0.7260458371792298
-0.2470464466733626	0.004344134238860049	-0.007925022126811176	0.2838897835286265
0.3746858517821132	0.2068465409701718	3.1591508290581616	3.323582513595215
0.2457383942312723	-0.08280750158814518	1.4895449475883968	1.5183768888206763
-0.5915325743123293	-0.36077837835256604	5.145253666594044	5.276030601054049
-0.19123071602976338	0.15217946021641146	34.21366835615214	34.214825879208156
0.42193321738607464	-0.06948707855118834	115.12047241157522	115.12135120881433
-0.03107213320517277	-0.22422071432706514	-1.2997179326669368	1.326644977223099
-0.7120758366035038	0.12946781156286316	-2.227244179335063	2.3460414170656443
0.029498703312542396	0.05646967115275302	-1.8505281310302155	1.8568772565496638
-0.6822204752773255	0.2611328119852232	-1.1613822027136123	1.3790951845550232
0.02806380728300972	-0.1286022676424424	-0.08732906904770318	0.2107896385563932
-0.08837898814838682	0.08660699011411999	-0.3247952202541893	0.3745441713372769
-0.2914975969955677	0.052432167112317046	0.01804358085391511	0.327910562367723
0.4079653504235009	0.15315119200521854	1.3721188498265822	1.446402757778142
0.26917073152186577	-0.40490197304576103	3.4317187820600634	3.4687998031780642
-0.32003418973793957	0.6276964681467153	5.271264985839021	5.318144346448067
-0.07015767550318767	0.0465001303601157	0.7863036469298925	0.7907956668639298
0.11740974510265413	-0.3314706975463336	23.42596416261805	23.428603347614263
0.010633827600214488	-0.02385079918515989	1.3250369497076893	1.3252943515019062
0.20696252182871172	-0.43882132526759265	23.88222101508159	23.887148815111377
0.18279949795903871	0.10540010322801752	20.690347687462463	20.697312197691218
0.20479360897646087	0.03942775437886153	0.061199032495921214	0.2583022968759671
-0.2707400257647512	0.026244940445183204	0.08256310287587573	0.3166787162197073
-0.0017817856093613332	-0.024890895258606195	0.024369085131999903	0.03487956044595874
0.3970174207051135	-0.500870367355204	0.06281066599100438	0.6422142454042198
0.5373414960530389	0.26119308652997575	0.5832654748971622	0.8465436261283795
-0.03660204895931186	-0.013285663082791601	15.924642019249022	15.925301235611311
0.02020276390214732	0.016030027549847392	0.10515501420648085	0.10827137417295471
-0.19897350013680332	0.36204328443661726	1.3525968214973567	1.4142785988224158
1.0472244791919243	0.18695665651696705	30.031072749495774	30.050231981993743
0.5073070430597211	-0.19539899966494473	5.987331511961742	6.013581264441183
0.840263260643188	0.08340996939710053	23.83466515730579	23.85002604853853
0.07726498055481572	0.31117647223228234	1.4085252293726476	1.4512834942802622
-0.1456013753158478	-0.006845289902991769	0.10769732814733071	0.22874684233404333
-0.3149626102275558	0.24929997485421854	0.511638418461215	0.6652860884229888
0.14610217508112958	-0.18081944932710853	1.0141545721128966	1.049776547583286
-0.5614351112259095	0.1966627282937268	-3.145566125638553	3.204364468733531
0.36417038740458507	0.22348764135015856	-56.26615419671776	56.26794962205944
-0.3341778236279261	-0.37363776872981935	-166.4641977020896	166.46501096742608
-0.37736447372722676	0.7098786038071164	-362.9995663500285	363.00167257696177
0.016424684197486376	-0.04750386364417742	-662.1797300965038	662.1797467129685
-0.1395022329608105	0.12575967391503243	-194.3087473857974	194.30888828561373
0.018781373852166765	-0.014431852500469022	9.563320531294584	9.5633498630266
-0.057425299093155996	-0.20353896894244372	20.635876107369	20.636959768714405
-0.20386555462829375	0.1697366395163896	46.2801105545765	46.2810812797182
0.34601782582918117	-0.11827310097765943	7.240281876942083	7.310142974298272
0.02588100525232681	-0.19767704267066843	4.580875002643656	4.587334914127962
-0.03494767209824903	-0.21769442465965816	-0.9539757676635042	1.0965408838716943
0.40161486848125705	-0.3166610665847215	-0.4269870401067726	0.6807102548037001
-0.001339176654125196	0.10852896773851477	-0.10431400973670926	0.15053817741639097
-0.22571366698178214	0.2647718426964905	-0.26872600956285364	0.43961853505378146
-0.3740845480311036	0.31446901381741366	-1.2467539694066596	1.3463674293662165
-0.14411213747184135	-0.08866051864950408	-1.0492561181272417	1.0719361837634505
-0.20294251561050894	-0.12328322007547325	-2.6127204686912617	2.62719859344755
-1.3297130717281846	-0.41722045680637987	1.5150233284426229	2.0585202084089174
-0.7008222677702894	-0.5738900547762061	1.2019785143083836	1.5050761628415092
-0.2549406993178034	-0.21691585563163795	0.45587453317062954	0.5655697125090728
-0.01172838234271159	0.06839516474411061	0.28002913233914484	0.28849916546043103
-0.11542438534432191	-0.013868179236316832	0.2510544538847743	0.2766648765977124
-0.12484522033750561	-0.12477955780248848	1.051139171572059	1.0658563810850408
-0.061758998527430026	0.03198976036326255	0.3054868423312106	0.3133045315738411
-0.5280959641134977	-0.9324590740827902	4.049815070406535	4.218647068521398
-0.11523139298443151	-0.17743152256897401	0.8237049285953185	0.8618177379367958
-0.9545618269308977	-1.3367985627206587	3.493862516931628	3.8632594723685703
-0.18742703207929182	-0.11160696792845391	0.32512992987361067	0.39152838842650195
-0.1260938107852051	-0.24472667399660358	0.40610980079654985	0.49062813248609
-0.18944360371594543	-0.6747904101237197	1.5113899831132807	1.6659923942320336
-0.35279872688738634	-0.9661017508353543	2.581097131498158	2.7784675518869233
-0.03777703968017204	-0.018048468451673187	0.26569271501718783	0.2689711336810197
-0.24553129634329873	0.233159715942835	2.1239595743900512	2.1507797061218827
-0.08793728936782845	0.12780279301835198	1.198812338659691	1.2088083156925138
0.03875024209911246	0.002555885389369992	0.31177462056794236	0.3141839076769336
0.0019071162068455079	-0.018642095159080656	0.111195499217759	0.11276348633504224
0.17283714529463923	-0.20873423376446906	8.178974226567759	8.183462718067366
-0.3526768633412319	-0.6824688392962075	151.51544173567473	151.5202942830962
0.005993219184383974	-0.2236770100309202	37.95354998192869	37.95446618435242
-0.0660673336317536	-0.0024369730672439485	21.223286160643017	21.22338913293425
-0.4326787327724981	0.3493601314892136	190.5654340743938	190.56624550887653
-1.3134535371542608	0.21784938143745172	847.4233563359451	847.4249230899517
-0.45864703264966716	0.06257634745766918	397.7730538393083	397.77334766589627
-0.0193866761252113	-0.02567336716438239	4.804854465956418	4.804962164680812
-0.03635989157328308	-0.024336133339240746	96.48976488896403	96.489774808612
-0.3007801949017427	0.2473990793429965	-0.69005043335583	0.7923664749845624
-0.09189960912758284	0.002514732805048145	-0.22601633185684786	0.24399845143956964
-0.2671502901151938	-0.17438128292811073	-0.5496254909956003	0.6355047519070496
-0.07472860468399331	-0.050162591798658514	-0.3579463281029155	0.36908836851943105
-0.3545127076618352	-1.3218007180641893	-2.6767578627703665	3.047209340720081
0.3516539103019952	-0.29669457548265327	-1.4339496778703347	1.512408545108084
-0.039689730017742786	-0.18426286114181797	-0.30290465718025555	0.38309149417148153
-0.2206357343923686	-0.25743883335320583	-1.6854254089363567	1.7191898351541652
-0.28756217410425466	-0.5532836421059313	-2.5679635489436134	2.642584261911179
-0.3750075727195917	-0.45224538238673284	-4.415015721394852	4.4539331366389945
-0.1298582162569375	0.1512668094548527	-2.4059237324321354	2.414169383090645
0.9532297522729793	-0.26844514800445557	-1.7959553133732569	2.055637378196644
0.05100162670990241	-0.007023788764955942	-0.36612238494413335	0.39519094776177643
0.10373809289942929	-0.07987167380306295	-0.49076992791851715	0.5079332617024209
0.5284202469624317	-0.6328579731246364	-2.148009191710197	2.300800004176538
0.5174930741626894	-0.018394294852558245	-2.778057008660591	2.8259048418617536
0.19744842876232122	-0.0023508489566024856	-1.6176014805170484	1.6296091427954353
0.417793003598038	0.2105556325866386	-14.357536982482165	14.365157599957351
0.4543343469433457	0.20250798546568055	-11.59412194326678	11.604787495612749
0.05649956416521837	0.0711731476611423	-2.0688805187522283	2.070875278371765
0.1735454946003065	0.5265764482561655	-14.56180256443881	14.572353790015248
0.2477524947851787	0.7775647750082886	-21.07635868333036	21.092152187188532
0.10797226230212999	0.1149653799290749	-2.58286653915633	2.5876774542245946
-0.008648479211083221	0.07158570439312353	-2.9335547768755514	2.934440822063974
0.7615010845736151	0.3126263912205236	-59.31905485063966	59.32476622402733
0.264741787146594	0.11141542036926053	-27.29321351100966	27.294724863374583
0.0027571898013862284	-0.37659576398215655	-1.1029256316575047	1.2672381909538601
-0.13392029109495662	0.050372536406993525	1.0255547506630762	1.0354876065886236
-0.04749431781928875	-0.019175973360417972	0.09349647629599399	0.10660684433565433
0.1396821722254319	0.0436035959522407	-0.5670115174182251	0.5855889716366761
0.21225367421901	-0.02900821197918564	-0.43033728804591864	0.48071122315212794
-0.09709140400339714	-0.14021435301965834	-0.26632354151799975	0.31625153642435017
-0.39267790940340885	-0.29453702154143585	-0.49742463365268746	0.698841372384637
-0.5495705302679432	0.4924576918800879	18.708484968725614	18.72303266490403
-0.11335705617851355	0.03166072778996366	2.814613265316252	2.8170729591481756
-0.5064130279302956	-0.4554822738242831	-1.918762724044089	2.040845029076623
-1.1570044507012	-1.866441873341068	-6.872858689979436	7.216504065184828
-0.12745778916368533	0.02505262184805467	-0.021211574873335852	0.13161706875843734
-0.040534648407265506	-0.062052753133657865	-0.08085653283947063	0.10968765106331577
0.03827224473848246	0.39828067292563574	1.2740140939338205	1.3353666802363438
0.03571873986081058	0.0216382107740509	0.07487041654319823	0.08572992369119742
-0.11406168363512913	0.09507175135986642	5.998921536427953	6.002381868116974
-0.2982274987703662	-0.3128956274655358	86.63678180224034	86.63797253022841
0.1988974129072391	0.405322986567626	52.177936020656766	52.18226202448637
-0.03536262428076748	-0.19719325384009667	22.221589998592567	22.222493059063048
-0.07657501050588128	-0.03600522062695856	15.123048971813427	15.123285698287049
0.12173266647933664	-0.007761689230326177	1.754726132310433	1.758960740130663
0.2205711450846914	-0.035428795932488925	1.449849354084842	1.4669594333741587
-0.0033792335607908883	-0.041907719326026716	1.1006473501560436	1.1014500740224626
0.09905914208524888	-0.0608140527085865	0.6857985457672909	0.6955794045355566
0.04493408127798212	0.02435449518245098	0.4936293059079424	0.49626817825349767
-0.018977509196122865	-0.04464459125257579	0.07679277939696309	0.09083180253033153
0.8066988943160467	-0.4587952163250379	21.238162019979278	21.258428496563482
0.10399537827908698	-0.09063872195580418	4.343636305898543	4.3458263626773075
0.12652118552193242	-0.46653927345540785	1.8952260289869354	1.9559008678897187
-0.028348964520318147	-0.06742436707282937	0.3906308271111121	0.3974193656001893
-0.03315114839946397	0.07251442989987111	0.8044813485794192	0.8084228976198442
-0.0019990405780385516	0.06992900461513385	0.1357930671552105	0.15275411266841687
0.21315030507284	-0.14147988451700416	0.11010446440546126	0.2785185870953724
0.1509251356133925	-0.2602498060901821	0.07495929143754981	0.31004395414637126
0.021952435089021595	0.016433945640151555	-0.9224677508008317	0.92287525443214
-0.013650467730338048	-0.19612634127695036	-5.05452762322489	5.058349668711665
-0.11632671093307224	-0.2328431083404771	-14.114383095841669	14.11678284854447
-0.09194966499227708	-0.03155378400779877	-3.6042641364011194	3.6055748982824802
-0.13534320421988175	0.0942579894767169	-69.38715119341254	69.38734721178639
-0.08187004245427454	0.2557764122545128	-111.23009924970326	111.2304234612804
0.0024743242961232648	0.05966375667563955	-5.639738730646801	5.640054861089467
0.020301424867073432	0.13743902058740182	-51.57620707023057	51.57639418749175
0.08450041927040594	-0.06834022184038371	-70.64522728205712	70.64531087368987
0.07673679408566947	-0.10199977752439891	-241.42406174569973	241.42409548817116
-0.007346808411799372	-0.0038693584073411893	0.8398403826610785	0.8398814296533922
0.6013832259665476	-0.10969158701541797	54.535666821966906	54.5390928577412
0.12148996050742672	-0.13217280185254437	-0.40416170402911256	0.46374122952069313
0.09226382730185771	0.33871750041720994	-0.8874425021123435	0.964508236549946
0.013589746308136226	0.10033413828776452	-0.14444376011588525	0.1763962027569844
0.013022993527294574	-0.02162689087231534	-0.21456221401227404	0.21604227468498816
-1.101810876941041	0.06212177246756441	-309.70712643086785	309.70949230545205
0.00579858081920158	-0.06630541408609322	-12.59623157757618	12.596407423841296
-0.01837758956769177	-0.060118193784188596	-71.899270626088	71.89929810851052
-0.4644193036512929	-0.30289861836738163	-0.44566018051746226	0.724931475390383
-0.107286778347741	-0.5754248048027604	0.09369393880890023	0.6090012297689209
-0.07016723053913373	-0.06207631253657243	-0.035948768911908964	0.10034551711936113
-0.20736777843697624	0.054567293293721016	-0.0518567911976877	0.22060850351836037
0.16408333339882922	-0.09217989080486583	-0.24285979627518164	0.3072480320765148
0.02786007174189034	0.015520457131300392	-0.1766317540486397	0.17948772862044626
-0.47926795919696297	-0.18781546905632918	-2.5313098854682035	2.5831186893750586
-0.0011988234674221374	0.006639610536873487	-0.15556377968289092	0.15571002265433803
-0.3412194611342576	-1.1538303877544227	-153.8374464330439	153.8422151430124
0.6991649819035872	-0.2744223784248539	-13.175698553085182	13.197827528058227
0.4331158610991918	0.112284243909715	-11.115732510899653	11.125609472713732
-0.04871515777131795	0.03188704444519562	-0.2512395206272969	0.2578977450951601
0.0290173459523327	-0.07823831899966241	-0.5267965303065496	0.533364626938298
0.062247524360171134	-0.038993875581144546	-2.3354179994127975	2.3365728126046235
0.19018737506475994	0.10150465514721005	-4.687243837629015	4.6921987624185055
-0.12064787103804375	0.06759637471256583	-0.4281859711113796	0.47111377544802213
0.12097182021652897	-0.2561192226306874	-0.3473933812617427	0.4694605241465085
-0.22186027171365963	0.0034155873032570006	40.95369653951034	40.957273027376985
0.29949270048403753	0.21991399311432278	26.234556937439464	26.23755925254222
-0.04037493368017647	0.3429045518354682	-0.7140904578222856	0.7931827336068301
0.03819438432692121	0.17417548234090924	-0.5838207727141372	0.6104445955984322
0.0811300607760901	-0.1034545349011437	-0.1996774728306957	0.23907325385579484
-0.0174300800938971	-0.10842001042876497	-0.38744434986013315	0.40270563764615275
1.4674720957814633	-0.7024743092749637	-0.7310859994715602	1.7891090046757652
-0.2940960066761886	0.30795997876125014	1.7654442562923516	1.8214293883203831
0.30123197551856135	0.13945719773700532	0.6359934300625091	0.7308600694101088
-0.6845401472838795	2.484713859681264	0.7237219652329461	2.836639253341221
-0.1533326819574401	-0.13967318522718764	-22.12113663193293	22.122549246946488
-0.031591524520224484	-0.7921443920683318	-149.26985650543634	149.27491866921503
-0.9908327262861703	-0.4375268504568039	-96.38111895331703	96.3873059573443
-0.018601748719051455	-0.062288381965255435	-2.8570955337640442	2.861241084134245
0.08298747320173731	-1.7976973887401595	-21.62130502580682	21.696518467857253
-0.04838479841184379	-0.21845836876360036	-2.6955429379305857	2.7084122032526103
2.975332944015821	-3.7201609092682957	-86.24246120581736	86.37533234725008
0.1344290914133397	0.34990132712786	5.030304783295199	5.068351632886832
1.0838501540106893	-0.3956122473185195	2.714247958412681	2.9526025759022856
-0.5913527484415226	0.1492103671680759	0.37032542587798234	0.7270368028590334
0.7753638798383302	-0.32508743719878086	0.6568805093338815	1.0760310294899305
0.24435098160302338	-0.24345074872717215	-10.357205645016913	10.363887505532682
5.583748337359627	6.335108144418452	-5.7772624584143735	10.27479410960373
1.56663186024796	2.383732463417527	-2.0851633254395887	3.655786171174795
0.9121793177821858	0.6716619544324595	-1.3479040401753235	1.8285967660319664
0.9860734686576601	0.6245252744948123	25.329043778568774	25.35630712910749
2.9293836406376133	2.1068559777724962	73.70511263751675	73.79503695694272
0.35112240326162947	0.09011755501345076	22.90948332523701	22.91766904132065
0.1190758860892766	1.9269659277093947	28.28507854648602	28.35518938530449
1.4762228351412263	1.7108641031468772	38.61752285560685	38.68673004124471
1.6191961806797612	3.430929065578773	38.334060110615084	38.52158764736613
0.47680278227153755	0.0072751999390841815	0.07454334698380623	1.0562870429933247
0.30880328373800303	-0.1069008186589492	-0.19609406863981155	0.40585702129326573
1.2651127507513642	-0.5742310906493517	0.026166142885472476	1.6774170827541761
0.38590400978728157	-0.03805954006557978	-0.20081984595725036	0.4584526461808237
0.0022692945356798944	-0.07790685551568503	0.04847920090738347	0.09178704023254013
0.03984008366423829	0.05191904046966785	0.02982352206544393	0.07191843642663914
-0.07021250537647694	0.032876948483155435	-0.14787566120564796	0.1669667656445839
-0.02410110176590831	0.026720187206563058	0.48410725978632185	0.48544275716968494
-0.06232372024786553	0.08659857479123201	0.6672614425481384	0.6900008528058712
-0.3082423325637598	0.06607860968509117	1.0030308601288973	1.0606273660023948
-0.1909459352509146	-0.27533478351792295	0.37408159145112174	0.521235469980998
-0.37784664086815944	-0.26116224568337865	0.3167947438624481	0.5751630179563108
-0.0841958425402573	-0.0715478010206603	-0.0031802367503579176	0.11053570300018062
-0.23173783948841606	-0.15061361715720964	0.21511715273288962	0.3502317480238517
-0.5848378093513784	0.3050911513010398	0.7249964386106109	0.9801712655690243
-0.14502984864116286	0.008135785509369803	0.13657015584615495	0.19937716887993004
0.38197394473382235	1.4899546860055233	-0.3397513381797126	1.5813854108028944
0.2898986298081323	1.3211575777770428	0.1645238593125569	1.369688448540555
-0.00044307401938786795	2.2663277768266417	1.1619490160928663	2.7141698357379473
0.15840498741283493	0.6088970992338896	0.5493856861248047	0.8468484129473987
0.9559463727957889	0.05118090559506925	-101.4749294855454	101.4806650685798
-0.11848491348412657	-0.8359215042929447	-123.56373249377688	123.56669563848754
-0.8608172139781884	-0.5748031138232235	-350.15575334611634	350.158540316918
0.06791304422507866	-0.1508340925368312	-83.31920960123357	83.31949070574208
-0.11084573608102746	-0.21097012709488894	-55.44405716097439	55.444745011822626
0.07266867741805272	-0.34152214025152183	-49.747155816465586	49.748576961774155
-0.2960706266683005	-0.5833098875877308	-103.81928822442619	103.82134903606008
-0.30017885408438877	-0.607317459643726	-87.83962934661021	87.84224169265659
-0.07901505211919196	0.04156122201653725	-39.54660969564869	39.557839421870774
-0.4457374925387757	-0.1707686644860906	-26.702975814029188	26.70760642510955
-0.40803114668081386	-0.8578746140279085	-97.2383957020694	97.24756237343527
0.07162513000949539	-0.7169491202904026	-52.00606052939027	52.011238764057886
-0.9053214240408843	-0.7048056154064152	-65.32181337434241	65.33203762422883
-0.0834255484100457	-0.4917108140626266	-20.56362624108173	20.569673393850927
-0.06971873304458029	-0.1906910718891109	-12.251593662194177	12.253275931364316
-0.3926657483921067	0.10309479715648565	-6.686198086969296	6.698511758991913
-0.10022552574210616	0.09384677773567213	-3.0302850387289086	3.0333941039116423
-0.805152426064732	-1.1078000780862787	-18.000845103044437	18.05340399068565
-0.2297761530207626	-0.32061330797549303	-2.1833615869412197	2.2187063332217862
0.310591502090814	-0.24833543269931732	-2.5280634542973734	2.5591487641907262
0.08018142217453807	-0.239108006926439	-5.523203358267118	5.530719376456505
0.37725439222927154	-0.7430807644939855	-7.919247257488958	7.964197813286885
0.05704377863859608	-1.1206350156865228	-8.418582673279863	8.494179821666835
1.7998571272884052	-2.2376310029999615	-56.224475721954285	56.2979362692609
0.41009946362759747	-0.5927802520066159	-14.60232312650933	14.620769147795396
0.7341781738131348	0.32348947005731615	7.8889738095737485	7.9452618904842955
0.1474472017727372	-0.14246201625131025	0.12671862723965688	0.2785201945541867
1.9442045624605337	0.22507341350886845	2.57493879415051	3.2343313398262348
0.8941407141366641	0.1049771065290764	1.0391005656856005	1.3748591910374586
0.03558755634259477	-0.030395786161232903	-16.908960681462972	16.909025451079174
0.3542924382446725	-0.32051822784657386	-72.016545678769	72.01813040178423
0.31840424424544334	0.9261958083682656	-0.9254201176896888	1.3546594100796165
1.0666527677845017	1.644442132559206	-2.362972939822656	3.0732814634511323
0.10294864932376085	0.11551070288762312	0.02758862455916876	0.1571695870206646
0.05037430276838045	-0.03771416262492486	0.024560309384977316	0.06755099732043615
-0.09245576153906229	-0.10835049602488545	0.29753262415467085	0.3298690047078862
-0.4406642994144932	-0.17846503285473733	0.7840077084809046	0.9168985111165733
-4.212316422382608	-0.8896001735505008	3.9915175645462555	5.8708781778484
-2.2154984819171837	-0.3876984243403525	2.006912760674131	3.0143726412920486
-1.8663260331299232	-0.13277097259616144	1.340068571333406	2.301431083065309
-2.25254361159664	-0.9554680403216618	2.4035290205513355	3.429843094203205
0.44297630837530655	0.5608367248160762	9.121091183260422	9.15011202116866
0.8426033561042778	0.3313602906107578	52.307230706730515	52.323479575215025
0.35389563011481384	0.26381535750046675	9.769233372398398	9.780196374774386
0.4226553452041709	-0.34466266619115277	16.620753386016826	16.629698524419666
0.28222128154358356	-0.2502669360834828	8.568532908699867	8.576831501115395
1.7243890034688327	1.5279994464006186	114.19084349276248	114.21793811798986
0.2735036542040615	0.5034405755555241	18.210329778202798	18.219875056590762
0.7723818477353983	1.5299401708342528	37.41304588753815	37.45553381238184
1.896715350064279	3.7559563262708773	55.10760113826174	55.27599146141724
-0.009775432648054229	0.0174720859351647	3.2340799882703206	3.23414195783069
-0.13836352358972165	0.1384597305022605	4.924677088605794	4.9285657131329526
2.799477489409957	4.430989477821122	69.51785132251946	69.72146545404145
0.4116575000739852	0.0925481077049662	-0.6110697787030462	0.7425855668211734
-0.0030655012023894923	-0.01215827384738383	-0.00577384541190025	0.013804282357672672
0.021001786508046967	0.00622571709908107	0.0002326765032882802	0.021906362735117743
-0.09125436893601423	-0.06268902566748287	-0.28688064130114244	0.30750248152235005
-0.12840602347912017	0.10950870780546725	0.23919205413623223	0.29273384278701675
-0.2063811342188448	0.17126917883396636	0.14701318377538142	0.30584175709620176
-0.02044581585963215	-0.014903635117920994	-0.02276074132759049	0.034032353307927324
0.12351788604024266	0.031659802974757525	0.0586793522316907	0.14036480212140662
0.022621103886049494	0.012854884298761998	0.050312905745236586	0.056642306413908126
0.03068670108109178	0.16708145772073635	-0.04085047309878626	0.17471876913978396
0.10171799262527892	0.024587344510772893	-26.926391384354588	26.926594735892223
0.23950051311943377	-0.11260243610982003	-42.90463250153281	42.90544872036636
-0.06804411385082633	-0.24705487908746376	-70.42849697318832	70.42896316159359
-0.013174288689341269	-0.10648647106549182	-13.505738366399521	13.506164583331515
-0.02178021746829415	-0.023201976528458304	-2.0978651464903457	2.0981064993099725
0.15725987900028102	-0.04673093285658417	-5.096192592311983	5.098832551434136
0.070039527130777	-0.3691427062775986	-7.779176209004447	7.788244626595868
-0.002154686027465609	-0.3020313417297284	-4.410194654836144	4.420525361040723
-0.06270696699692536	-0.01027646102193698	-0.24116501238577392	0.24939593533199245
-0.006484440409147828	-0.052714036494156125	-1.185977712079028	1.1871663536165151
-0.08107828630434354	0.0763494861562906	-0.9029971477258874	0.9098388765861054
0.056119245438187415	0.05560848615821973	-0.6665442029599115	0.6712099879626523
1.6728363956513168	-2.1955296751366107	-45.17279739999099	45.257047595945245
0.18238957934318026	-0.2921334824897507	-6.24614406599151	6.255631352898405
0.5425267339635527	0.053230521638177423	3.5213988576296145	3.566076057084899
0.3599079654723022	0.10597337343834273	5.714022351092482	5.728027174618916
0.18208252078124576	0.00438476898865766	0.8646878987836502	0.8836619449065465
0.41924510661286196	-0.17570938179018514	1.7342485038112956	1.7928352180944112
2.1212312534515423	1.520807065896392	-1.4067999371846056	3.0065225656333614
0.9989461191666518	1.0286587077184657	-0.9697911044446529	1.7310479115908721
0.16634369764533785	0.2594996204332769	-0.19639242360426434	0.36548633736501723
0.2327279893689889	0.20819156062891397	-0.20145677710338047	0.3716058072658662
0.0501674481442694	0.06291784744597173	-0.1566416760216836	0.1761023652522152
-2.9072852539092118	-0.24320280311584624	2.314179766402789	3.7564082691674265
-3.9936955406574755	-0.8320882670023766	3.5287804956207496	5.395715571332855
0.16142648338534757	-0.03306998560107402	3.5042532299397724	3.5081252590278393
0.6382384068245175	-0.12595232771101716	9.181089836618112	9.204109019392051
0.023341604692378615	0.12190059705033991	2.47599385764878	2.479102694360469
-0.13106493534484998	0.21980722680731155	3.9336523214206975	3.9419682672558545
0.029719817038985408	0.124222324511006	1.252522520708494	1.2590183153209922
0.4226119085249347	0.9729329287200624	14.35710495930016	14.396237776633734
0.12478973649938699	0.06200330617230558	2.4741865049166956	2.47810729174985
0.2241511369030348	0.3609549167348581	6.873787481790283	6.88690689126162
0.4536617248109105	0.4806888442714664	10.006809499906065	10.029585578570819
0.2833246337512098	0.4374867585704483	4.178276836188503	4.212973370049251
0.19143583437752984	0.30820598430919416	-0.3366223742252763	0.4949275000208438
0.02059481427782721	0.009023246437286116	0.010530996292277425	0.024828758211278987
1.5206271613089801	2.119526213456742	-1.5742592126176265	3.04680002654463
0.6274294146397436	0.7338498809956701	-0.5853004910047274	1.129061549678717
