0.46760842319760826	0.9335852777026936	3327.22270208833	3327.22286885187
0.2086575709848416	-0.41421017287381195	244.80284265701297	244.80332179279836
0.10146831279572542	-0.23398788233032286	38.27269327809635	38.276726830402055
-0.5220359900080412	-0.03315584463003478	3.1584873039343258	3.204550314616878
0.03667718180096221	-0.22286923020482444	2.280932894076523	2.3446515133633947
-0.09733854711749171	-0.038125003785834874	-0.17439276407975376	0.24661899710279966
-0.2468896350607064	0.08501525856679315	-0.14343373542123208	0.3289910446296
0.7415801346509254	0.2361949964588431	-0.9770496374848905	1.5622758269494001
-0.36324393710569486	-0.28389736418712536	-3.1949619099401616	3.3620108955958075
0.964388241379043	-0.28579422737073074	-55.17659666188393	55.193739616025546
0.273614204302712	0.2359205490817723	-110.53252766458155	110.53710031366236
0.07865646688896848	0.10953203394130422	-13.230168763553491	13.231592096314381
0.2255084227066166	0.14097206666835063	-167.47441443813688	167.47468375355726
0.7875976091378912	-0.6197369877426435	-952.5962500241781	952.596787430988
0.18465229412268822	-0.11130755110038106	-96.07498393785835	96.07532724006354
-0.03208009691981945	-0.07112442119747804	-0.6821422774658468	0.7006323483221094
-0.07730531550033878	0.563130804131725	0.7567185746724705	1.0674433746203835
0.5008887739099136	0.011372508218669058	5.823660035380397	5.846838024980593
-0.3460857104652848	-0.05890585189066275	4.4861515370559175	4.502030721430533
0.8263404479416439	-1.2466424649201646	35.50211226260028	35.5370321076468
-0.1308138982057712	-0.00598634033750578	39.75968762199676	39.7629680463292
-0.03429686101796131	-0.3212678400100649	45.071139507522936	45.07251363737323
0.2716859730827107	-0.40511713218470635	-129.10156167258577	129.10255860843398
-0.41377225052917277	0.34858678561827805	-163.79605977026594	163.79701278189373
0.33489937185245633	-0.04863193333829758	-31.58912088734408	31.591241838116233
0.2528827203790951	-0.26453021618465933	-12.384822809707067	12.391014555648036
0.1848474713771936	0.15422284364826894	-2.2924863563390274	2.3093130476568327
2.383697616632377	-0.6545657631551529	-15.54106058807435	15.744165738788183
0.20812498771402577	-0.18590419931824254	-3.2799592198922363	3.294766858351469
4.903618597670761	0.9791717369828317	-24.955188254000635	25.46857799759226
1.2701007200014247	0.7127864473284753	-8.466228255457949	8.641677604774307
0.5256452144394411	-0.22119288991018302	-51.94496134334014	51.948279258624254
-0.8119628840001211	-1.0609089676379175	-729.6658623064361	729.667690266427
0.30565996593287825	0.012569022701600027	23.951278364707193	23.95363857712845
-0.28671990156227045	-0.44245357189478873	80.69672774645912	80.69857075708515
0.2504941050090882	0.1000207627638322	105.64712892875755	105.64756543396567
-0.2339011280432279	0.16322404409200192	59.355764595830976	59.35661397322856
0.0515318884731632	0.1918700473617742	4.353189707335702	4.357720766485357
0.07476348974433869	0.07525388710910318	1.0886276789355562	1.0937837767440135
-0.2163897660743439	-0.029556148815849403	5.9888280258252555	5.992808959052891
-0.0810842863171005	0.03286013519204019	5.381281602526648	5.3819927662218365
0.05466545851162198	-0.04528337114607865	-0.004319478433037607	0.0711164815677269
0.3518472186421382	-0.049877925529218665	-0.2707551808820247	0.4467579218052711
-0.49368983917798437	-0.1545952295983225	-0.29017576926326144	0.6093530210720772
0.04241230702987977	0.07976718632159231	-0.02826153539217517	0.09465897835907368
0.23202626936016882	0.30456705607960166	-0.45077467225792867	0.5914347694136993
-0.46928422350030574	0.1268075470281053	-2.276848028346616	2.3323431491732602
-0.20760163059004436	-0.2197655599629264	-6.374406162346029	6.381571065256929
-0.22718238349694173	-0.15507142480200187	-3.8343063568805484	3.844159754819777
0.11260594930066693	0.29214276963497265	-201.49572264954503	201.49601423687002
-0.3609782611357426	-0.024826776757587918	-322.3243110256139	322.3245443331852
0.4326176047680884	-0.2723336117596957	-539.8075006778319	539.8077607736113
-0.03043495836459898	-0.09357133428640238	-8.474536000404111	8.476256372263418
0.09402562201141591	-0.1615538706481608	-57.2310663683213	57.231541809659596
-0.5935541214537778	0.32885943341984036	-39.08089468504201	39.087034476796646
0.1098079338428934	0.11606575592152987	-1.262889047833147	1.2729563186415287
-0.6008513189371465	0.13817347073808542	-5.847753614983732	5.880164670911829
0.5469766777283355	-0.41677547419072847	-2.5973862893213773	2.6904982071579804
0.7125359224707624	0.16589831351501275	18.934657676161297	18.94878600345289
0.42861937693827334	0.21036702281113429	12.669552955703578	12.678546484197252
0.9338942275304224	-0.4798525342561507	31.244130493688488	31.262079057132166
0.21840562413543257	-0.5815608088722648	16.00603334282795	16.018692117263825
-0.3885190409236226	-0.15745233801160446	6.822911038289297	6.837202140145884
0.10538718220540921	-0.232116000514293	5.922102736804576	5.929229705959806
-0.011828605646013858	0.04729369584707749	3.4736153388617805	3.4767599740065815
-0.549343035616094	-1.4113136993593458	33.22496872278125	33.259759628468025
-0.7397931006783407	-0.8283465023498001	23.437976951120415	23.46469039015683
-0.4047565145617593	0.04987403498708709	184.1696256865859	184.172473873208
-0.6138633791304594	-0.2675928427200499	152.371230291379	152.37276572429553
0.3056017068041662	-0.03749654388847429	79.93065848785407	79.93137334289251
-1.071094928138905	0.4279506271743931	-938.6933853869348	938.6941043998592
-0.23518569837129744	0.4978722598759785	-280.7066143306107	280.7071890740224
0.057053499813454533	0.321842683903048	-53.99238649448947	53.99337586394605
-0.043915129407701134	0.3036987884329782	-67.27957739041403	67.28027716445139
-0.3936114745421188	-0.11813296781541775	-30.065525412469533	30.068657826775826
0.08017829328185694	-0.2620223500535252	-27.03114216872772	27.032891280836218
0.11686557307317888	-0.05055533238064218	-2.050136441552326	2.0588231147144893
-0.165324082806463	0.14904429392426316	-3.1723070095302877	3.183167887737336
-0.000648481304420561	-0.06976380529412993	-0.42900777600541146	0.43464362520371647
-0.03774462323151497	0.05089774713549055	-0.18757720324019003	0.19799102106350408
3.0550456906931913	-0.23622578167977387	-13.085673201272698	13.440365683550427
0.1865833681718762	-0.12728551216159673	-5.555939594908541	5.562280065050401
1.8349476631101824	0.4459132892561947	-13.819468825973996	13.979411318537553
0.12021013183876453	-0.06783063646263228	-3.7143082375611507	3.7168719583346217
0.09625795096427688	-0.18628029938240775	-9.715256972183598	9.71751943546417
0.1417573221439332	0.2909633273970434	-20.03417623462584	20.05874679009678
0.07588047158489411	-0.24074167721801115	-10.367500183316317	10.371511665956968
-0.07717602314421486	0.12099811703670693	-91.07335309885414	91.07346617622191
0.018789073471401276	-0.13559611900850768	-6.489499589813275	6.490943249093978
0.1105343282434891	0.10550827552667962	-54.22248580741636	54.222880749313674
-0.0167413846828966	-0.3156218805430632	-150.79614323500735	150.79653905770908
-0.29283417402011935	-0.04930505912797638	-366.23976713757446	366.23991412134745
-0.0050482599845745706	0.03332048874126621	15.706182544200464	15.70621869998143
0.09189108335784747	-0.01581719888894561	215.80200551603727	215.80202565985982
-0.040182950119941926	-0.1250914514057218	182.63140175022457	182.6314490108224
0.0769578397006151	-0.04630341959625163	129.87344621437865	129.87347726966757
-0.07689360396106523	0.034385603730826976	198.75331020258963	198.75332805133837
-0.032828729590332215	-0.0031094031935255785	9.514631364631471	9.514688507707632
-0.021213858646146222	0.11076943554847608	44.226053645925425	44.226197451147925
-0.18479790620529501	0.09325511217323323	78.35752911373501	78.35780251890625
-0.0565520623683316	-0.03458291216730655	11.981930565131755	11.98211392790148
0.01575320842799385	0.05036792401446177	32.526019282229285	32.526062095484235
0.0036927441665369687	0.09291843066924199	15.474809955470166	15.475089357707635
0.009079610547553525	-0.04710653225677917	5.526591282171066	5.526799495628385
0.0657140882488042	-0.09003376742893285	26.284216652548288	26.28445299904049
0.030775278123165987	0.04911193445037076	18.036347555139773	18.036440675189922
0.37443824465377545	0.07541058598462885	0.9887883060032412	1.0691458527846913
0.04377504158859463	0.3252922205689719	0.8182007188535211	0.8925600731946253
-0.009279946591204818	0.08544966416854712	0.14210909020344648	0.524593621895753
-0.064044972278081	-0.023651701551834985	-0.007403187372293445	0.06867291055188006
-0.16788260914594372	0.08012577003609231	-0.21576991809432877	0.2848883413408836
0.013575956022486332	0.06882921257566377	-0.047022443547069796	0.08445636318743396
0.18439177154882297	0.07821209718458802	-0.3264610287980288	0.38300686793423444
0.019116339374693918	-0.08594291562411556	-2.093481451849113	2.0953320043404413
-0.12303020115014379	-0.06398100334177202	-3.6014417846480127	3.604110559818099
0.061945799779701265	-0.4122351420475535	-170.75337161722544	170.7538804646756
0.03783007504652143	-0.01336833732402467	-19.45415723691984	19.454198611760418
-0.10392197390470526	0.11508503316609232	-50.88907425938788	50.889310501509186
-0.020321543549413488	-0.0015755157540195898	-0.9778373837730955	0.9780497924371383
-0.05566056035980109	-0.10712858694363747	-65.49548089525504	65.49559215957088
-0.001731447549212511	0.034430670897704574	-8.516080136794377	8.516149914445663
0.2292221501744402	0.13365797713939734	-1.0590671833337908	1.0918015148359879
0.18404620242449254	0.19849134298936677	-0.7059332583909612	0.7560513098798779
0.0008583611147984574	-0.33608725679767426	6.676521636478193	6.684975433262792
0.04231474351681126	-0.0802984499823427	3.281904533793993	3.2831594154908212
-0.15078964026529346	-0.45756440923009395	8.10054653439983	8.114860248961932
0.0011332519649222134	-0.30374474879341656	5.9177373185830895	5.925527582285865
-4.261505130564113e-05	0.01510773963705009	0.059616188265886105	0.061500695250843014
0.056045760606367546	-0.07590208120293437	4.189621939526118	4.19068422210162
-0.12990156511834536	0.027187099952983802	3.5889042586710698	3.5940683240349487
0.2554349386333736	0.060972658326918484	11.398595508414893	11.402474469267373
-0.005982593458237595	-0.021065491922038583	308.6534370006577	308.65343777749393
-0.0469047291091482	0.04208315613645448	72.54625287292158	72.54628024197743
-0.12932014597371516	-0.1496230206160155	-6.333600216114972	6.336687024465116
-0.03223397501342301	0.020918547587903617	-2.7331693803338997	2.7334394956488697
0.010621893975622784	0.09863636683387006	-2.341320602024531	2.343421455683617
-0.1284559188267541	0.15897345859819126	-8.366294094640063	8.368790256759302
2.159873098165976	-0.5867934993045477	-8.956306467960518	9.23278309849953
0.4678264211335829	0.02281359463084938	-1.761683830728554	1.8282209179311648
0.527870241008984	-0.17502020210039604	-2.7273290736508904	2.7834516231591984
0.7436307305776553	-0.38338891908333644	-3.621298091420528	3.71668852524143
0.6255467185698551	0.12810589438445805	-3.714767152013599	3.7692459207338516
0.21734741113484712	0.043716454337838474	-0.8958060753819094	0.9228323521626405
0.02123774308650184	-0.012154583917708404	-0.2755761249426112	0.2766603988286116
0.8886198942525588	0.28300760453994234	-7.12282709214189	7.183620563841004
0.002520181184552288	0.05700699740258991	-1.2560501871340943	1.2573457049139884
0.0967264552289137	0.07249149830957176	-9.677156521092636	9.677911415083008
-0.16316303682725183	-0.032873511897982724	-6.393453039244854	6.3956191732623076
-0.4907505681237068	0.11402407253663815	-23.48870696227621	23.494109737738825
0.11100797750736163	-0.042391782477962436	-9.161652489669097	9.162423051559662
0.03217486920868693	-0.02935883458488357	-17.425292180249436	17.425346617225117
0.024259676983289423	-0.01982663396210967	-19.828169730536523	19.82819448387337
0.16399260475796495	0.12933256867295706	-74.68655554554202	74.68684757041359
0.0775819318262243	0.03020590364554887	-39.42188401801104	39.42197193372492
-0.10687253900877286	0.5981446288412184	1.5740425607777295	1.693011667013991
-0.3310333124674928	0.23904329696788165	0.7390348927050099	0.8557903419202516
-2.223537776468644	0.4843871965137645	2.9351905663980404	3.716661760976054
-7.133105118641864	0.9480923282005471	6.807614501319266	9.950077059393049
-6.877747350150905	1.0500099281592397	5.398922264415411	8.856471242195799
-0.8930572134797714	-0.3157805289843808	1.317254812389982	1.6284681620156032
1.317210336594417	-0.4551597263186574	20.821017875812792	20.888689509519487
1.6867464676373385	-0.4099681550740688	49.09196352228779	49.12284142629371
3.626157036511551	-0.2952387125844619	82.28855328603699	82.37428320327102
-0.01716314431301403	-0.22173447871597335	5.240715308651591	5.245432079334293
0.050258360775315425	-0.01584469629192834	1.3499949377934397	1.3510230528367444
-0.024296004509866513	-0.07008174521783637	0.4518333124630457	0.45788108619951673
0.1553942722510047	-0.1612229670292007	1.440538474285896	1.4578378925120767
-0.2827975759393741	-0.01379789909712963	1.5527595538197712	1.6537675245799381
-0.489135266448526	0.009409270008787203	1.3997557654415427	1.5628109253945626
-0.5376020715008618	-0.10217390703209163	3.8100495145954945	3.962161604872975
-0.3918119690229763	0.24311007062455336	1.0761658896423292	1.1790809694157578
-1.3411579669549116	0.8039003404766535	5.886969664040158	6.163129404772724
-0.0852184733751582	0.19469907839488504	2.846203253034544	2.85753786708359
-0.5177348950210928	0.004315778957196925	1.2761059244252202	1.384194409295044
-0.35403631364696225	0.36222470415521846	1.403093969665117	1.498232598861633
0.13613773831696313	0.0986751448082063	-0.012521465189371084	0.2188763120748041
-1.2105498354977673	0.01633711102179608	2.1895212824204586	2.505829410892198
-1.01176942600555	0.03337002771983513	1.1517710122993408	1.5397555584646123
-1.0048460209765144	0.14918973989062073	0.8962123742298845	1.3618551718092975
-0.3789857959789655	-0.0881996935843771	0.24119199624188717	0.45780235752269194
-0.3078751606784823	0.4859769648926886	0.34499008961851185	0.6708046562927987
-0.16423682675165457	0.11349293652994805	0.4338345648548529	0.4775634110423906
-0.3764000963173356	0.1425988568037272	0.5451510580792844	0.6776438169085531
-0.3607661533734004	-0.044072391205340164	0.292436291961682	0.48692233758854664
-0.4065498320186293	0.2288840201014882	0.33906999327091003	0.593396078356547
-4.255015440161589	0.9958616817302668	4.578967333521411	6.329600202746484
-1.273008465212588	0.2589589909847504	1.2714548265421115	1.8177479713788645
-0.16476002659200337	0.06803968657352659	0.23893820246316025	0.2981052329429115
-0.13571218275806343	0.1500360925081916	0.11738548683322667	0.23389736664434307
-1.2126021071584165	-0.01787508691467076	1.0360210653018445	1.8511766046669904
-0.6145899951820131	0.024113441104973963	0.6423821790798061	0.9002427278901339
-0.6612002232686708	0.41168697118977343	1.9032034224077918	2.260895165518004
-0.25898269629684256	-0.10848601272057187	0.47879621541135	0.5723345636333895
-0.14806903485155243	-1.1806735501342938	3.494340292553904	3.808763466551091
-0.26516957723501877	0.06447567099881824	1.5101387893534879	1.5409318495156634
0.5381086294940273	0.9289032496462722	6.975191299008884	7.058696450975108
0.518530092194091	-0.4551759927481674	6.307289652693821	6.346451070382851
0.9209384586627523	0.2849556531794272	13.96776541889048	14.001688396439048
3.6771294091946682	-0.1535575328719733	67.73991391720264	67.84632333371346
1.4977742268680865	-0.6340786540193415	34.471805040782066	34.51043618861897
0.9862574606434081	-0.19059963609045671	22.515657217964332	22.538053419867964
0.484564284795812	-0.11453790212543163	9.263478662471234	9.276850672894483
-0.48444240247118553	0.6446251234399447	3.5407105133508665	3.6340523820296515
-0.7559650757865856	0.4204210830427395	4.9469329233367	5.023928962054345
-0.0066148787602373985	0.041506726871632385	-0.00025135221314233347	0.042031276146983515
-0.041011186202113276	0.15500950208644948	0.33815675264314377	0.3742457113835104
0.0235413307256955	-0.010386644798895867	0.2610055803611636	0.262270832579955
-0.004329644255232731	-0.2294567813288192	0.631906301547881	0.6722906620302559
-0.1484147209861809	0.19059086961649446	0.13558095965074637	0.2770090352432479
0.02411912951209669	0.0017472036567449459	0.016013110998457016	0.02900353173129697
-0.7792080512178211	0.09264512075271046	0.9100131075679643	1.209690847418241
-1.0773880403735385	0.23825455158030712	1.482350753745355	1.8532063465567155
0.5204848529435697	-0.12821049676741883	10.926012749689143	10.93915431009156
0.4180772655702746	-0.18740686373297438	7.610048129744898	7.623827284874363
0.8019235401695141	-0.12235365466598944	19.46198867695873	19.478887418001005
0.10174296442149194	-0.05200525844562816	3.7232214177485736	3.724974349347517
0.4027997573292624	0.0327350318195071	9.285992895983782	9.294782584389697
1.5012875360702205	0.11058123433634026	29.098514030465036	29.137426297744927
-0.19944280335384562	-0.006550611252166413	0.09310851428868594	0.22020340086035045
-0.2095607832886791	0.024147135824430357	0.2753896495114546	0.34689806156727093
-0.08437780999505719	-0.078913582981777	0.16335738918924514	0.20008149589932167
-0.07690646197435602	0.04730182642533004	0.060430596558488286	0.10864586359820558
-0.0048221073653473626	0.06249270330171361	0.07431519760989647	0.09721799875124411
-0.04134313310540755	-0.005788993774675828	-0.0003551535417965872	0.041751100092487746
-0.047946846199008755	-0.005074241010524909	-0.0011480852004043494	0.04823097762736809
-0.15620853724599126	0.18072121964280655	0.24306866718266212	0.3407985377076485
-0.2529457380252757	0.09888276896652734	0.1961949766528655	0.335040023351625
