-0.16026883289829374	-0.2829110560347974	-38.72059516101154	38.73332628345112
-0.1851454497595092	-0.29793184889584107	-6.064191315886566	6.1465641072657355
-0.7038045076783289	0.03558481041028479	-2.925165145199499	3.049084802502275
0.059781733984110005	-0.5870301069762033	-0.01317638677146659	0.6064912235828246
-0.8587572114973544	0.8721230229056717	1836.0976325641823	1836.0980458162076
1.82752889173676	-0.8548006339615037	-13.713090674614477	13.86141701302764
0.3594317733134256	-0.33484153317044973	-3.981731079354347	4.01434580289236
-0.8894043891872397	-0.061368916978757196	-637.4195458627992	637.4208598758291
0.1739351583779411	0.10107788568129797	-27.840885257888445	27.841961890393137
0.4039008804765271	-0.5443809059977969	-29.511235108279152	29.533968170448972
0.41508307860658833	-0.4595428444177879	-66.83953314936721	66.84898664756452
-0.5310226085657469	-0.11164130591013224	-0.040476003698927815	0.561753401207973
0.3526876078580873	-0.5990072588522252	0.33575222630882096	0.7844791821748023
0.03606008284639291	-0.02473099993184462	0.4140175559416139	0.4390925568264451
-0.7219545068032811	0.21624671449541857	2.8165018996527005	3.062844183936052
-0.302245469910836	0.46210194577372665	1.6941075359173892	2.0143690477471035
0.2193630529999447	-0.09859323501028257	-3.7346728421140583	3.7450102533284944
0.13512288783450188	0.1301284508015935	-2.3166447267118953	2.3284145213485488
-0.707125331985021	-0.6950326173520874	-25.85981669545717	25.878817903779296
-0.3701999646974844	-0.3681366106049409	-11.2895674575541	11.301632888949944
0.02897274487868523	0.0672914454877597	-0.035879271343475905	0.16166219593268025
0.6573855514813657	0.25808389041407953	1.020670509032006	1.249004055515986
-0.29027935993560156	0.14097365485133528	0.2042611919184943	0.38191401216861615
-0.23096755448471878	0.129188131391992	0.3323448182719719	0.42483957295599967
-0.027847185456467367	-0.4544683845879148	3.576890808841408	3.6393934630789717
-0.2520606514940287	-0.22074713893769848	8.38872700596375	8.396575756632362
0.20183928551081487	-0.009513110626937903	10.62724730683172	10.629168119707739
0.7654566240920183	-0.2536447523608585	51.50026541699587	51.50657819662251
0.12666996253468948	0.11389660164731705	2900.8876135491614	2900.8877702888226
-0.07050699756790496	0.29533380519614044	653.4823773847269	653.4824628293194
-0.029473162383069906	0.04766668618859113	-201.2265068875577	201.22651469164933
-0.1660035878688637	-0.14151597387069878	-32.35592106633727	32.35665637875911
0.13165304477411516	0.09764334422273183	-77.77240480955564	77.77257753609727
0.1866966513954495	0.07482598976935481	-189.20584851970895	189.20595542591
-0.01474988558291395	0.06675998296227935	-47.02765970532445	47.02791651348322
0.7119842406734436	0.2798726491583308	-613.633026766192	613.6335195116721
-0.036543746390964554	-0.39813980760045226	-220.25139475282853	220.2518018566545
0.9153859604008937	-0.021937185456653182	-8.256013229603349	8.307806384894288
1.3791464642975377	0.040999849739859776	-14.265554131424572	14.33280295054557
0.33639986984767145	-0.11830387966608703	-5.251484978499637	5.265428277422922
1.1907573101558704	-0.3720390665625597	-15.390992896169564	15.449485236757255
0.5873750171360843	-0.28106899074292513	-11.027961395627944	11.048050575403476
-0.0034818257063783387	-0.486251204187935	-37.0677255702947	37.07117763298414
0.35549335694084766	0.0270591710826546	-13.144333522972296	13.149908413126003
0.80092047392908	-1.3377150746755737	-72.93985064275691	72.96256272088557
0.5028422825885176	-0.7815299603371246	-45.38538740396554	45.39511547548918
0.7238756373243317	-0.37008284162678917	-59.22320754794899	59.22895195172982
0.07938448572632628	0.07774702105349424	-5.098265262587453	5.101385592999481
-0.1861749723971626	-0.24375609850677796	-27.97825750066751	27.98028682330587
0.003546670458172651	0.0011008260437272413	-5.316382049644419	5.31638334664373
-0.7350889320769025	-2.2698375033045884e-05	-231.58632944026596	231.58749607730113
-1.890554626289361	-0.7572294817602179	-1006.5434010781628	1006.5458999166718
0.2653113760742692	0.5932272785283681	-225.07126924517055	225.07416853150255
-0.0956340573334331	-0.3377029522709029	-33.30135495582434	33.30349697607746
-0.10930443090939825	0.07714061614949366	-6.341320106066729	6.3442665932148925
0.006020578608850802	-0.20015107816197114	-139.64850858428633	139.65180413123866
-0.19655336730228998	0.1374866880184655	-4.357475752760983	4.364072725273956
-0.034386861139701574	-0.36949681332972883	-12.399516014403098	12.405067824994699
0.27466738292283405	0.06369020157025555	-2.110950182991066	2.1342654645071115
-0.1762447181663806	-0.08700655110490911	-2.407462377881517	2.419501441708942
-0.12570783391261306	-0.21861999835939075	-1.907819901506935	1.9867294436272875
-0.220871535499657	-0.04945210493235286	-1.2233996285598976	1.244160920876682
-0.016322893627967783	0.011378619607828974	-0.016089982947711967	0.025589009199796762
0.2176337723088787	0.11809343579598362	-0.27183949245723377	0.36770535498806567
0.37941598367011337	0.09769358165585734	-0.6691305475896872	0.775394231522768
0.5163415928445674	-0.12946826744078835	-0.30395865556940954	0.6286822106366199
0.07806257900687916	-0.35229494268314077	1.4324720805500772	1.4837996965011113
-0.9386554672457073	-0.6721757422246355	1.7969980770544878	2.140461676476134
-0.6539668166171839	-0.7427059874389543	1.2267981348667072	1.5823394798925154
-0.22287072031005944	-0.34834362861438006	0.8132126790133162	0.9229351481961079
-0.8694023625504884	0.8876399480300082	3.5501835375375723	3.7639139310629677
0.0651243756432032	0.17076726469408657	1.1193813795517296	1.1427585487674774
-0.21563162126419116	0.45934622407190484	2.309076311348051	2.3682924536861703
-0.06485535497068325	0.308683183205516	0.1507765563071597	0.34960705741462
0.005447922989350443	-0.011466323877512466	0.019657458929560646	0.023400259394486644
0.0482321019431112	-0.35621372433033394	0.08438052007214948	1.0083080968269513
0.030447791250186724	0.0434934752137373	0.06405740635035567	0.162486573557687
0.04945958974070179	0.02478000305488927	-0.19620971529082729	0.20385914731310525
0.12676819290337266	-0.31144725785537514	-2.3376874520612616	2.365868123455383
-0.050038177155460106	-0.14154075874519345	-2.7222523451431733	2.7263887170021657
0.34751261632540925	0.07164198493282929	-1.4513118255087238	1.494056092444963
0.06129663160356669	0.061159116380342424	-8.221673981392161	8.223314450740846
-0.09048001941520128	0.15539238669398156	-25.119586364882814	25.12061767464053
0.2504050398371941	-0.5135075461685046	-124.3270235292131	124.33187653578774
0.3083208001759619	-0.36260942568310456	-43.41914462884266	43.42197770020008
0.1434979213109564	-0.11209425128165398	-1.2250279446037289	1.3347156819903674
0.09440724048285441	-0.2921094714371819	-1.103761598690338	1.1456571638593962
0.08671421568668738	-0.18217373999529843	-1.2354949297149602	1.2518603548708678
0.14569543891829648	0.02860307364530404	2.1775737545093428	2.23863540246541
-0.15921685892849627	0.37449249123650863	1.9432786949115135	1.985428598629671
-0.08301608533474052	0.044236829881107276	0.3738373719954789	0.38549052938135986
-0.01016948128107751	0.21904107076307178	0.9479496272414126	0.9729804236559403
0.09696392246774486	0.17504807042352585	0.6067251221326994	0.638873385770819
0.20447453255924225	-0.15175481104851313	2.1370240151753	2.1521410266471044
0.1958570930292692	-0.1651763247733274	3.621207744193728	3.6302601484968173
-0.17802684201686444	-0.026917221600910535	-144.5198553899926	144.519967547871
-0.08208946671308971	-0.094775187881748	-57.20229964274414	57.20243705852985
0.006438388944654068	-0.022781503500775818	-7.188350980070579	7.18838996315834
-0.19265817259333526	0.03735023204173942	-157.49406836929475	157.49419063484024
-0.13594842371217053	0.22336110233761225	-90.10524788838282	90.10562728921465
-0.2418445245707579	0.13920892923801037	-101.74414507670514	101.74452774124842
0.16609003997461644	0.08271881805002794	-2.2870260793487023	2.294540605842368
0.13236900746122846	-0.024483226230661726	-0.9398930231278683	0.9494840058828669
0.2616886935764235	0.0735733018277192	-1.1965032223781389	1.2269938729467393
0.3833948782043982	0.2530987433728003	-2.544502053228481	2.585641372157827
0.7717585714800498	-0.5142915443466718	-31.47907130941598	31.50670386094737
0.10092085970437989	-0.1559425605182387	-3.7390089275557914	3.7462208487149247
0.07224454223123516	-0.06155442729786342	-5.354013089108469	5.354854281840635
0.08373612138981332	0.06436962941600893	-9.62031456920939	9.62089432421742
0.17095126396821891	-0.02569345955172416	-9.215085046813766	9.216706402426343
0.3619537022517507	-0.2657367235511037	-25.669687741157023	25.67361476725326
-0.18209998234083533	-0.051576299539949286	-56.40975650893029	56.4100740108985
-0.6343799121827121	0.07302031515018999	-192.35288916114553	192.3539491106937
0.0690479683799087	-0.07996004719650074	-28.49733789187206	28.49753372056277
-0.06110106876603278	-0.08773076287503664	-20.785203606519225	20.785478560567686
0.27491186505467863	0.055549583922687155	-22.456650678719686	22.458402035671707
0.059745082662639025	-0.04875278516812545	-4.432358522125341	4.433029255218282
-0.023657637091222265	-0.008108941529001313	-0.1918630763996866	0.19348612046090738
0.16415310689706725	-0.15508109831678557	-1.0036551854920561	1.028746869217202
-0.5696885422352501	0.01172524235735493	-1.9793578442237008	2.0597427004245845
-0.023465160943573343	-0.03063398030745316	-0.15005975688421813	0.15494187672716467
0.6882840738076287	0.16826932559933253	-1.8686229282961149	2.003317489877434
0.28377466887808656	0.23610301480564694	-1.9236903859120151	1.9637558865723357
-0.043568870431667586	-0.02987030748207596	0.05388688544567798	0.07546044104562882
-0.14930773718159893	-0.28707906731475863	0.004265820057131303	0.3236130227499521
-0.12224003598512304	-0.17328289107892653	0.42108971448882954	0.47147230500486337
-1.4485704680184557	-1.5990861302864323	3.576752133693332	4.177150784777758
-0.855271638820891	-0.2794927273926135	0.4308729777948786	0.9976258235583919
-0.03948775982495536	0.0008430149690941795	-0.006353264309619154	0.040004472470204486
-0.01102596976096118	0.007828606590121277	0.0029076381192601475	0.013831610526077578
-0.1483130643648247	-0.2536179147890401	0.7298023776949777	0.7867212481257062
0.02578967223995123	0.004742460533714632	0.19668171424835196	0.19842201199924456
-0.14350284889115067	0.16715477597201034	1.1229707550280823	1.1443762945021496
0.19969696291562425	0.49118862829530824	-12.10795395220477	12.15582348700307
-0.00855957448873215	0.08084796877048268	-0.956046261014125	0.969594708354388
-0.3160676550875039	-0.115126280091334	-0.9394350950308202	0.9978432345492693
-0.2102245912141205	0.005023838215719084	-0.4032715038912339	0.45480492912045195
-0.001808712381562827	0.07433966026818149	-13.679191536031363	13.67939365381234
0.11888190559393161	0.03648953041349886	-11.358829627627111	11.359510328476617
0.21893323360908173	-0.4460657689455457	-3.063491412370672	3.142547693683002
1.730385588222199	-0.6505117467789454	-7.462983838671026	7.689798916603047
-0.026575881536150953	-0.31021065918782653	-0.5604802230932552	0.6561667440002082
-0.01844172251562959	-0.6057465212912314	1.2235660364102128	1.4519306915422547
1.4250519784421007	-0.9615930489176342	2.986357701437733	3.4486586434184696
2.468836886124552	-0.18602734103859445	4.293872833874365	5.04478913734631
0.4148611383801736	-0.31087472542774075	1.9505669612192786	2.023102596050946
0.18360062850073766	0.491420609359061	0.30585787648748347	0.6230828448915353
0.17287918405397706	-0.5411376199799595	0.09450105741216794	0.5925600145038153
0.1523648502105825	-0.025270293157649254	-0.047518958404064685	0.21352159516960806
0.1677743711298228	0.14833728382794378	-3.165053443968641	3.1760345208229737
-0.05362192699382018	0.014978488531711825	-0.27586382432092793	0.31413420801019587
-0.39928669696544744	0.23166222111315327	31.725597136447274	31.72926237245543
-0.4676352100077766	-0.2186884687930591	-1.1067332136133219	1.2291645646685958
-0.523635720905949	0.6114014710302527	-26.409347438611785	26.42198172062795
-0.11684654728792851	-0.4671162654137526	-15.025665639765204	15.034026686950781
-0.1649911144530937	0.13721928574222036	-18.810476116111875	18.812217910175914
-0.42784866311623115	-0.2039555008387224	-41.500918866415724	41.51425912703458
-0.0020510425726818484	-0.24294855083053912	-14.530557035080532	14.56292922937397
-0.2258770880019137	-0.3285118917160233	-13.055851466903178	13.095592718186566
-0.1007182911927183	-0.37984762895409574	-2.321250625075955	2.358413162428996
-0.2749515264459395	-0.493540010421306	-0.5046404552427302	0.9041913598620619
-1.0463249143628894	-0.21366705768660763	11.164308761591712	11.216136560643797
-0.2398382551249642	0.10607982671210138	6.999917836057833	7.006219009902361
0.555331614465813	-0.3899051198164899	21.91600581123922	21.92695167385689
0.07402983929221213	0.08245880001695807	1.453979111866893	1.464860032034144
0.6419915827576643	-0.009559094027881751	26.34000369952706	26.35245262593426
-0.008747793607734727	0.11468112026820776	5.015057790954531	5.040610367034209
0.3029108356202417	0.7591166184678861	7.558367193056724	7.603710109199748
0.26021519939507765	-0.20418698665202933	-3.8200242383277474	3.947447282716483
0.36822469743123554	0.07123931823617055	-3.253853460003187	3.407136246224355
0.21333350570875348	-0.20042916078084283	-2.3596465118424215	2.381825870818311
-0.38024078198348693	0.16219906285234392	-4.155190882316656	4.178035739634243
0.48162452769843317	0.0570092997918068	-5.209514235045153	5.23390204302503
0.010977551823215657	-0.0480942774518911	0.003953436596437852	0.04948935065822671
-0.25724442418412247	-0.24621733138280028	0.12047874668688444	0.37591594333086076
-0.01841161169194967	-0.002708276291583371	0.024262289914589404	0.030577457668457025
-0.10997013660363025	-0.6742789282561776	0.6857695077064543	0.9680006827140534
-3.038733789476491	1.7346874509007109	-9.60338228344607	10.2219114974903
-0.28350204052473466	0.6134918881806439	-2.1936479362066237	2.2996340484452564
-1.351638210927996	0.5067632880269036	-5.992113110550935	6.165114289116535
-0.20614836995733204	-0.06888616830266676	-0.05525502997454379	0.26415025621220983
0.4457057737467619	-0.4352884094805427	-3.4352786743839343	3.4941020293855676
0.16348431717807366	0.08616593119585966	-0.867242842286011	0.886714067306
0.5560739146872544	0.4856349491250592	-2.593290232320431	2.696333386555872
1.6350085059974986	-0.4230280100504202	-8.794947846607597	8.96944417723969
2.355533474809555	-0.8651279679497668	-14.060581613594643	14.291415443423826
0.4357276223421743	0.01948961208776495	-3.4541228682200518	3.4843482861952846
2.17741102288748	-0.9561072358841476	-12.694663337395706	12.924916131307027
2.800105878388808	-0.6306775398972907	-15.20247953040779	15.47169062342207
1.6222330138892813	-0.3212528988441852	-10.164203088477754	10.297857437359909
0.3375070504192332	-0.041368069594530064	-1.9689696192783532	1.9981150990437992
0.6612314842929368	-0.0713785554826373	-3.826344700636346	3.8837142020509026
0.477028639050977	0.06923019857506597	-4.597182985506878	4.62449135905815
0.17040501847873607	-0.27765566826898275	-0.6482309384379853	0.725488724924671
0.2846684384039864	-0.21923800508344693	-0.8495175976604465	0.9223782149590862
0.20366700459875417	0.37816355203168056	-1.1185380293099387	1.1981716253776038
0.2526302905366926	0.24713884018875604	-1.1031824975599966	1.1584089489248646
0.8369783967626407	-0.09050885177133816	1.375304151204821	1.8662738229202969
0.7052000249835636	-0.2884528796321886	0.9812755486096393	1.250157440566615
0.2819981326867185	-0.08849939886885948	0.2302973887134789	0.39983967110229646
0.1038941979180586	-0.06035606553388975	0.4483435805202973	0.4846943470905432
-0.11416341432812871	-0.054395670125802195	-0.2795188627402081	0.3370500758449262
0.38898547929063093	0.04429192832623045	-1.3854447502985978	1.7191627087171717
0.11861496164526139	-0.05520628420905702	-0.014686882633329679	0.19186644407963374
0.04337496466333728	-0.051046360505945784	-0.02034337146777107	0.07000693710715006
-0.24091087515277265	-0.011100918006459196	-0.12850819570788896	0.306847554025705
0.21258022385674546	-0.3597236376253711	-2.0528899922860955	2.099625812465121
0.3314963888878153	-0.07422860683111249	-0.49684327890915403	0.6018745597838048
0.41975101263208753	-0.25466360777636887	-0.661217002473699	0.8235607992684223
-0.111258252223386	0.17341016974190782	-0.40083553918347703	0.4718033488967925
-0.23816539550194799	-0.16643505684168466	-0.5407263840203475	0.6138472172586714
-0.035038328084730196	-0.0011656464440549658	-0.008245526113732055	0.036014328641500046
0.054125801974158255	-0.02278925212377915	-0.1554748756082414	0.21702804956296573
0.12995075926307487	0.00902120621113357	0.015488504855235383	0.19154179877302002
-0.5640403122717971	-0.022929677270854938	0.25829479384802806	0.636288636859411
0.012033935569693064	1.0657497200159916	-0.3476574110539482	1.1297401213023257
0.024302003243687927	-0.1669557433957306	0.07778329870538345	0.23236788519924215
0.02719326596950314	0.5548526365767625	0.7504006150253089	0.9440242528455691
-0.10650753855111486	0.1351333746573783	0.34732049316264946	0.4119662541826146
-0.26812891306249337	-0.023243606401050942	0.08269476630691783	0.31424765477749694
-0.38169433155135574	0.3391136857392127	159.4187528715402	159.4196315876959
0.1689357088251126	0.09084886178024246	54.32942609375371	54.329943974303426
0.28433726666548365	0.10935728475901946	41.89042064168489	41.891760860808226
0.042363194275443536	-0.21365452111756167	8.563712802921124	8.567619252186592
0.12745460521075533	0.07631337751389274	1.4969245522630497	1.5107386630535864
0.010048588958055188	0.012700835064069618	0.039720797286879876	0.042895536929592706
-0.08063023918300154	-0.21179430589763493	0.1557144018069172	0.27496370380734814
-0.03544517205850326	-0.025531285443163187	1.7521398784527906	1.758232676673709
-0.0843507111241082	0.27975574827642574	0.03571814715597621	0.3257819701842039
-0.13654927429038427	0.0168768336416184	0.9312382127055248	1.0647773723769574
-0.28412182899328187	-0.4743069101582562	-0.19186901043307822	0.601652524966802
0.06679002045412766	0.032295736136032205	0.507611414728278	0.531651252859687
0.34718365291857495	0.10718846449116744	-1.150332658171767	1.2063544587849715
0.1988743959223875	0.011172779816294054	-0.39409352144790843	0.44157169294411386
-0.07500288674407879	1.260408471448224	-78.25837463749018	78.2686842589971
0.036754487437788474	0.10240318371902753	-27.30276852813568	27.303342037015156
-0.1316707317340173	0.046502285511330135	-14.960581037729025	14.961883718820651
-0.5050576602502673	-0.11073297636159964	-30.020005929953125	30.039155994327675
0.12516603194857692	0.21044085677032007	-6.534082555660202	6.540157988828323
-0.03719739128936133	-0.2852137567903047	-0.776018835905429	0.8276084621735027
-0.00610149418256966	-0.2163676528000355	-1.0088576361170765	1.031816805136063
-0.2974103924522311	-0.1351659080596923	-3.1088857634133857	3.126002791776524
0.05780039856449143	-0.6274833974021916	-8.415491725066662	8.439050733035979
-0.05263188779838551	-0.32962908539258384	-1.5571789712665336	1.5986593079842477
0.06716683664162233	-0.24781934727639607	-0.6426566163840487	0.7059837989013171
0.06128743901421848	0.04595925750479224	-0.8316061997599129	0.8467095487299274
0.29802558904192433	-0.09314656580021921	-0.9954959313973047	1.0526098369161996
0.21875135550247712	0.04436123946086931	0.06217020460344025	0.23170068934103188
0.06986003793854544	-0.04677675164249251	0.0013670418508930499	0.08408542203271936
0.22849307187069598	0.025524677137718603	-0.1621492474190517	0.2813413788877432
-0.08305666294484532	-0.4586776049777711	0.30785274411732116	0.5757921947441133
-1.245531098020201	0.08314916128137623	1.5270992244513426	1.9723827063927264
-0.12756388750079192	-0.0783576622349566	-0.004596127575780068	0.14977847980913372
0.11532028597225175	-0.1728718897291356	0.847215445955045	0.883423599062222
-0.1686648112033692	-0.09823849844313333	0.25822990886320485	0.35250686779994606
-0.07576191215567901	-0.1885671683390564	0.10890801013242768	0.5484287657297889
-0.48015470104730973	-0.0866584341213737	2.868250117410743	2.912798781596309
-0.9638798088072087	-0.48806688208290083	12.824287796724313	12.879182854623364
-0.5307374002356314	-0.021119025482465706	3.1071463971721713	3.155307706010019
-2.9378772659637917	0.5288751648163758	27.857848403028274	28.02174450543777
-1.1153644739003656	-0.2514754241600141	15.869108716097037	15.937963515669201
-0.12314156243789076	0.09843272097299707	4.3043335044664115	4.309480194586104
-0.5555710277970213	-0.2852770299484064	4.8510039808728	4.893031939205728
-1.8120555629236066	0.7489927799564444	63.983979524313014	64.02091035825839
-0.15818271819344393	-0.06120958943860383	4.865441465985517	4.870397194275392
0.09826362140490463	-0.026113708586574094	1.7603286008345531	1.76326244444322
-0.014484882785581538	-0.04736000350136667	0.26296384075256457	0.2675869266318918
-1.13231438260235	0.13563253100317513	32.18617152759224	32.21021243891762
-0.05539312988639447	-0.03290856831730901	10.870594587919074	10.882168615662176
-0.3790564956336447	0.23113008401273263	44.53124319319153	44.53623626874956
-0.15457050539752473	0.07350620156082731	2.4465596233117584	2.456507475691071
0.2016180050071244	0.463736259317867	25.105127570960434	25.11060754496487
0.07423031125897143	0.0827538580506128	5.200269921139766	5.203330219940191
-0.01415141552897474	-0.014608073319473159	0.03607258779309418	0.041411229849779865
-0.9621184670588826	-0.022614349469422798	0.7908624617962868	1.2456511497751457
-0.1784010642749682	0.28557594815643383	0.13488055201123897	0.3886555159916608
0.8002382861363133	0.04805305827670783	-0.4426286669803329	0.9263316537509205
0.23117416493453316	-0.13662181030453932	-0.47915915205073933	0.5667277048795584
0.27639941019850145	-0.0244617415021924	-0.849476510383522	0.8936472192362965
0.8226018521617817	-0.014426147026095246	-1.8814552977274377	2.053474119204977
0.21716475811933134	0.1511474810749804	-1.5289911962046774	1.557979446647404
0.06633900547139578	0.18180542439011532	-1.0683719200689301	1.094692842982166
-0.25560601822023093	-0.2319394704484737	0.36626287071969543	0.5032681640737389
-0.027770603900548967	-0.03243158800472737	-0.0056168323498187525	0.0430646391736368
-0.02050263279562743	0.0005254930568115435	0.4036577420693301	0.40417843439131546
-0.026300324048832806	0.06012181116652937	0.07835288537767565	0.1022032967669077
-0.06088581900195544	0.04094078529475199	-1.2307108753412874	1.232895976771523
0.0711527048038003	0.05351180935668959	-2.148958485072042	2.150801895039301
5.085423747422812	-1.22988490458622	-28.50547591191327	28.981654689372867
0.2906701304754368	-0.09345900662119513	-1.5377730341452616	1.5677913174952696
0.4424441493672637	-0.13691981445686674	-1.1644680932423712	1.253191845281379
0.657134891504966	-0.06982825294674391	-1.9451393724111858	2.054329435277366
0.3819489326042745	0.28485447900884503	0.2557770633249046	0.5585058212338143
0.31640306906139865	-0.006529823839737742	0.5551646222453854	0.65409562252297
0.44232011402704935	-0.17542157698405245	0.673347219970315	0.8245097280118805
0.7230116747054027	-0.36772779991686255	0.8926149311195802	1.2061223121431839
1.0001995704027216	-0.44156380695197944	-1.2457062012188327	1.6574563994261715
0.38580190946372833	-0.14658283412821924	-0.6009684173591072	0.729035444453855
0.6611878807737925	-0.4784311347406273	-2.2424185788544633	2.5641484824524134
0.05903635074218281	-0.017724291681207694	-0.13442624790787	0.2033461144235185
0.10158260616317485	-0.3255037430012463	-0.9044798336036671	0.9666206505027922
-0.0010494508746242276	-0.27218382548039155	-1.0102611811003293	1.046285233690369
0.08314059189577486	0.1283760345029608	-0.09966440865728365	0.18255344041811758
0.134212797473777	0.013089561884926444	-0.15209942018584	0.20326988280841096
0.20580151424253848	-0.08090889982615312	-0.12257723435684055	0.2528353055215432
0.15108339509809238	-0.03900784738360455	0.02706851543761797	0.15836827005390142
0.06923902051257794	0.06894999868754187	-0.06090574311319718	0.11514188562258297
0.21507572084299728	0.22364590924853228	0.05237501247559845	0.31467157537908746
0.10631362178420896	-0.025219034064153108	-0.139209394859815	0.17696847593071668
0.26351800961243665	0.08814500203198951	-0.6621729148433272	0.7181115873772181
0.14902595285920012	0.22928788330056543	-0.11721179309137382	0.29752356628297744
0.7420769163865755	0.6867042827174399	-0.3580744674273606	1.0725941664766176
-0.037513546579234745	0.008160586315808517	7.109037140844663	7.1091408011977695
0.07827404745534322	0.05594558355055094	58.53641491513192	58.53649398325203
0.11643455756266148	0.013589216009208123	42.403241308726045	42.40340334405998
-0.02471391902127132	-0.025168637560965785	5.231413688722702	5.231532607244776
0.02658423323804166	-0.021924546672100906	5.893884378486707	5.893985109768539
-0.12197617343687435	-0.14866878453023638	76.452700317221	76.45294216960642
0.030890486244607517	0.12490122594124677	3.3567620934437583	3.3592270376327606
-0.1275974032458646	0.22577779433477627	6.802075730998312	6.807017772855155
-0.053957498850181154	0.11002140221416773	1.0773717259872813	1.0843181989546022
0.047990071567306614	-0.004873876380706011	0.36197742526791776	0.36517729672530375
-0.04825542242781297	0.003151763732281522	-0.14049358080368388	0.20385472904829038
0.45694168783349354	0.1582442575474082	-0.8731318531163118	1.00780750590238
0.10453780949983354	0.25937492850884547	-9.329378255405485	9.333568564037375
0.015008230794415352	-0.007359563141122171	-0.16061028417541967	0.16147778034180332
0.3120810535465882	-1.877951892358667	-4.199089271685883	4.61047162507088
-0.0023971758214466647	-0.029205027558508873	-0.03542788230903782	0.045976243120934
-0.02288037772955697	-0.046680109326150444	-0.5441073819988541	0.5465852060176851
-0.20753665791806622	-0.3812655186951767	-1.8834114320536193	1.9327890424244358
-0.15170099983912688	-0.2597013118862133	-1.3551001355557284	1.3880757695928436
-0.046185096894720376	-0.33029327743589126	-1.8013359613243687	1.8319492236017096
-0.06513903641784606	-0.14301736917147556	-0.3995450761890251	0.4293405756006175
0.05672933405285722	-0.12045536170020663	-0.5166703837898521	0.5335503696840266
-0.6740327881928811	-0.5768145217210564	-0.608730179082181	1.1854127277251516
0.12230118900513169	-0.16471730235337567	-0.0778323970831474	0.21942482211990297
-0.007209558031392102	-0.010807904636707645	-0.06879964091739901	0.0700155634127672
-0.2155503591458833	0.05937184675913698	0.13424549618229414	0.26078502020004923
-0.17913636392742346	0.009072493910345876	0.26969387785795296	0.32389340033559194
0.06137203125989314	0.012751201712931086	0.07571732288083632	0.098296654827771
0.08449147825158362	-0.08098245247149949	-0.02083594734632271	0.11887432105907147
-1.4933277509411353	-0.15068345740182404	3.9890105868311525	4.2909852539966264
-0.3336216030366786	0.18671059857537758	0.973222820807767	1.0456227238225866
-0.04502980269451255	0.07713673114040687	0.38432810540009815	0.3945704639505637
0.16240601063838467	-0.1712050413632227	1.2795187520921074	1.3010976579161926
0.09380010817516414	-0.033047916250796526	1.126023915994334	1.1304072206304272
-0.8812827326636635	-0.007947438398197212	10.931445653702344	10.966915085680025
-1.2656502883732301	-0.10160814209618328	14.160754246813868	14.217565041372467
-0.19992659287634748	-0.1210707941870291	12.166975334983732	12.17002043411377
0.20695938160711513	-0.17312166430079606	11.441520075784066	11.44555218090221
0.021898856212392043	-0.8696234117430722	10.625479012396063	10.67263530685483
0.24143070864204397	-0.1445076234649862	4.869718794486145	4.877840954529627
0.20197455216469926	-0.2919924926879603	6.513051687533197	6.52272148876428
0.039834538500815156	-0.05146800491751192	0.13479230727425007	0.1496820366245656
0.13326731511674497	0.07700293286689833	0.43854438060694223	0.46476962326560933
0.026059479267172152	-0.28773145938446393	-1.9430441528741593	1.964405525648319
0.002074383136736093	-0.03184219648701701	-0.7993496851068376	0.7999863421477369
0.12397724094393572	-0.09224911113764427	-1.4549712233087073	1.4631546450851303
0.001250374113172581	-0.13238141320340568	-1.7090142810769091	1.7141342464702054
0.01991783276264305	0.05622179300045609	-0.5430256717597942	0.5462915798914737
0.03437373532322304	-0.07984391157631662	-0.9825038788356005	0.9863419669784298
0.11727481780273108	-0.1662318761875001	-1.025905590563277	1.045881781225998
-0.01879764496286354	-0.15682428712191523	-1.0045341711651221	1.0168756607992175
0.0877144141134347	-0.016966998620720323	-1.1686866283399144	1.1720964690442404
0.036376398857506015	-0.004001879783706913	-0.059322625677204116	0.06970244868640757
0.3082926052427007	1.6899770022718534	-9.085723980285973	9.259868616076508
-0.5951226077598955	0.31599173581260853	-16.261506890293283	16.282946538658926
-1.4689771453645728	0.8466141159024266	-4.9378772222786305	5.22271582244782
-0.47257319444113655	0.15562917385185995	-2.1364365156357525	2.198041545126012
-0.39080890173658955	-0.024729113336921738	-0.7660739187304307	0.8716032128107307
-0.14780505816171075	-0.3047417433663801	-0.3751159718717981	0.5243144501360714
0.2666857635035139	0.04861099447964161	-1.8971931210223207	1.916461860746038
0.104368376221987	-0.001555500074316117	-1.5682325902291836	1.571702463761074
1.0526546454399874	0.26736730532142683	-5.929738563852568	6.028380090385935
0.2422658498306702	0.029284511822287442	-1.0554716487092792	1.0833146938244358
-0.05187384361548682	0.11600159582835955	-27.911149795376335	27.911439055803317
-0.15485980389700854	0.1187209717184442	-21.522347720621127	21.523232276665933
-0.09122170649729712	0.29416368608311017	-27.23509367143408	27.23683500272626
0.0041788532259483474	-0.012006591884270761	-2.473265562099554	2.4732982355006405
-0.03943974521039938	-0.0056222302458398404	-1.3766188253050853	1.3771951543479783
-0.18606907435485007	0.07855510853453188	-25.89104199517452	25.891829757693817
-0.06829215960622445	-0.1036233561491485	10.998138915959727	10.998839085728598
0.011765026005322761	0.03476798490691073	4.195870844354338	4.196031383475842
-0.09645878666639629	-0.013956256683302012	0.9841532274453758	0.9889674664603048
0.008682049534086092	0.06722094154663337	1.0915710996869312	1.0936733966949483
0.12227055755672964	-0.11483137481354569	-0.11304054344191769	0.24575248370758454
0.054649346213403865	-0.21479580373716967	0.3129800263635572	0.40811771604180835
0.37922429586920287	1.4649316851978225	-7.3356834830352975	7.491432964196562
0.1751605182392043	0.12604959754309047	-1.093823283702242	1.1149076572343366
-0.3211542884054152	0.9132898879931736	-4.9724274130564	5.065794397188514
-0.03819529636378037	0.19625257009566233	-1.888534626963015	1.8990884627030424
-0.2190534513620091	0.14337613832023877	-4.05201415585528	4.060463009417128
-0.5875501301987126	1.7170411073587997	-41.90993901253684	41.949212547489054
-0.11139695588707993	0.4135521703032759	-11.353067775102478	11.361143542153394
-0.15382325644514205	0.4784920011890105	-2.7905681797468365	2.8389023829890356
0.2838417703438448	-0.2694710984153902	2.3340306872045575	2.3666178551438555
-0.00918540387658065	-0.013318879194349195	0.27516831490487126	0.27564354829191245
-0.07008107351521423	-0.06327556821131018	0.8575364351016237	0.8627188950778292
0.003536683874436758	-0.17190964926754118	2.9852794412232693	2.9902272117406787
0.12447552131853143	0.5898987230329251	-2.324267882461641	2.4011863418498187
0.08288957500069861	0.884427210498287	-2.9473522469749773	3.078305936722669
-0.6101496313685133	1.3161623563878961	-22.53494548428794	22.601131070938933
-1.1763279054553852	1.2221387294849473	-27.064542961740994	27.13392061475975
-1.462392531864113	1.7595352804093842	-51.09963484364035	51.150828316593675
-0.0637955860874451	0.047125867330448185	-2.1767946318719464	2.178239103845675
-0.37789317328371674	0.46791113322003375	-14.435315470791487	14.447839866923973
-0.5130092590957807	0.9128705131364271	-25.93154441338355	25.952678218961434
-0.8169883031390673	1.0268001278544512	-31.210125816881366	31.237697448685175
-0.18492641588540196	0.3191371498391045	-7.727247547349777	7.736045563317398
0.17280435972621483	0.40087773778654245	-2.3274535713042703	2.3721475963502447
0.037667746831587565	0.0752170945513309	-0.03587671338517995	0.16686339900479902
0.2272542965460298	-0.05379935744024793	-2.1402393469751786	2.1574621974441057
-1.9638772010619634	1.9304528594257953	-6.406773873320421	6.9912680594637004
-0.14738758188552614	0.37957828891315465	-5.057076528911394	5.073443189390695
0.02803900398187069	0.05793372462441335	-0.6280049341282353	0.6312944633707492
-0.08247451975358927	0.1678563335290683	-2.4907359359532197	2.4977476449319624
-0.2029966715794649	0.17861881265451324	-5.66597325419017	5.672421462312615
-0.14995371391731893	-0.1484009917304676	-1.5775999042137094	1.5916439389635126
-0.15958879024411732	-0.005065653635478284	-1.2937744685240236	1.3035898964869868
-0.5122702366535501	0.2925312511690309	-1.4753805045539434	1.5889439768253162
-1.225243066114222	0.7728513367560059	-4.202904104210266	4.4455508847581555
-3.483062577482194	2.2106901175613825	-12.169093488673692	12.8493467557935
-0.9125360634742619	0.63647135619478	-3.4433157172575553	3.6185965488170186
-1.096913874044	0.5733541088058026	-3.6454848109561615	3.849872009309764
-1.6316471799553611	1.0291595020786053	-5.489463359551562	5.818560799410288
