0.1747594554882502	-0.18805082218792107	18.07104203565115	18.073404328409712
0.015028741634092468	0.042319233575495246	56.79991908783873	56.802082225108904
-0.08229659135094376	-0.1666127020909399	86.70424559374774	86.70585018581374
0.09941253759061838	-0.22672905217693878	1649.8305352678935	1649.8308213823152
0.04135903899866539	-0.12701926090442825	-43.280673411789735	43.28110459803043
0.6269697787021367	0.40904718418523	-37.866420994809744	37.874077275141154
-0.01415463723326553	-0.9974352453055793	-22.098647135011174	22.121590413100286
0.6318084027545232	-0.0473008615020889	-3.0076262802392035	3.0768027001703513
0.05965224665013529	0.03476044052321501	-0.13505341162710782	0.5164552692614314
0.6069137498137052	0.4819618225290533	9.954442045254408	9.985540932534265
-0.5167791748489782	-0.568206607437612	11.144065050196378	11.171373464896867
-0.05132002970054828	-0.023720879343041974	1.7903673923457917	1.796689068826419
0.02905974955057742	0.17683850533742856	22.19718714596972	22.203399592441194
0.4940502593182986	0.36165444848628914	-4.307260032086044	4.450586385606764
-0.31654737905227226	0.047779000701649615	1.329361754458016	1.4537564076242642
0.022374562591760284	-0.41541877130917293	1.7953169459972647	1.8481656035356084
-0.11955760966732967	0.019972716924268354	0.38414982132019015	0.4263142052184447
0.5675941531397947	0.039891218664441064	5.030805152009462	5.064803519820877
-0.3145139578794448	0.23182998576572963	19.865730780631534	19.87570485700903
-0.4085586248284182	0.14068125613526156	298.2688564437128	298.2695779920381
-0.08008303858815187	-0.16501285257687873	-0.2989508676890418	0.37748369604143156
0.39420991419957097	-0.2457329463531518	-29.42398548592717	29.42798307390993
-0.7561494769702951	0.06610824616413491	-22.394775590060945	22.40806965907199
0.45459094344046297	0.5933349322454368	-13.906375187495575	13.92714794593543
0.5833892886965291	0.029837348473066183	-0.702970670621071	0.9245976845002283
0.1895480952549879	0.13174767321150116	-0.22810236868871317	0.5907931641554768
0.06283932522992619	-0.8463165668424684	3.1796106953576797	3.2938737788567924
-0.6357079804187866	1.5227071383613464	4.531885579664697	4.824958896991514
-0.20439228080854363	0.07399632977089629	1.0475382767420458	1.0789197780249355
-0.34427543620841994	0.061411779378741316	1.7085813576048767	1.7495790988343127
-1.8478669047542848	1.2994275015976209	13.793009071682393	14.008232357225062
-1.0112398390908464	1.0920734932873324	10.715574769568933	10.819346235056326
-0.2879957048212969	0.051417398161331895	4.225937507264878	4.238350253935723
-1.2534456958101021	-3.7347002625917955	178.2406993441003	178.28491168570636
-0.09473693822164682	0.013711248789788431	0.2780437606573553	0.9832710773471738
0.252243382367725	-0.049520770086436905	2.9226428121611385	3.0803036588939467
-0.35460666057487816	0.03630202713600031	0.6871498590646248	0.9181277645898654
0.9797276671761572	0.5136699181163938	38.48347733160763	38.50253849503129
0.22323700073933436	0.657882301676673	69.89171884730719	69.89691500527611
0.188861920272868	0.26957869533282935	41.87915254998074	41.88067859511549
0.166070511685861	-0.08406500415139316	3.173763817374301	3.1822795121027423
-0.48101008477547585	0.4686242414198266	18.71677414021063	18.729337772111954
0.8001861805679367	1.5585709711721625	48.48302699398121	48.51487223192249
0.07012894108934564	-0.9033767766805689	10.43595137761244	10.476142830728051
0.028069592452469753	0.18386930151997743	6.389057685289402	6.393288176902207
0.09450812519425	-0.0016808767469041475	1.8721921582461072	1.8797653772140255
0.922110999497242	-0.4689413652046393	4.524968656641038	4.643814792589988
1.5583143185145316	-1.4562309475140247	15.940143483245944	16.10954614342543
3.375831262434887	-2.4501707356993965	25.193076224280215	25.553297508967486
0.9291861261837779	-0.4414672851669632	4.735929615386262	4.848380072535338
0.2468980443418097	-0.2298330911375916	-1.5058897825811275	1.549504990719264
-0.5480497388840653	0.7965133269232207	3.2063336284845088	3.351842346875496
-0.5328104754126519	0.3865403253700724	19.477978343884914	19.49534972071792
0.15959189828220682	-0.24551913859389038	118.20976026845013	118.21117031675969
-0.12004230718995873	0.154834600793392	58.819100188399155	58.81942647529009
-0.057169207558031954	0.32086835819012627	77.2100044740571	77.210692366443
-0.01777852082316295	0.20204370739281458	68.41012486014702	68.41042552942065
-0.10208626516251544	0.15211137261145885	100.59969581115008	100.59986260811264
0.02251421328295533	0.011213756568663396	637.4428348582327	637.4428506340967
-0.42218279809625087	0.30281138379444883	-1.2071513505275737	1.3142098128702409
-0.012886194411773987	-0.011533225002426616	-0.08083169173234805	0.08266094406482415
0.21707496428365242	-0.11397064355395264	-3.6465539950709887	3.7733032583638213
-0.9148602911634169	-0.6395522550300863	-2.9777775230937458	3.1831800453640695
-0.15010334330017513	-0.5583870449438447	-13.247473608851726	13.29324018874834
0.1693060605219898	-0.06930440572497719	-1.7509400744190344	1.765995065646816
-0.09202761172636707	0.047910924219962764	-20.66173031826309	20.662462197606363
-0.03572496911210565	0.3712492408388879	-14.502433494876655	14.507899893866854
-0.16543812215163925	0.08412940754698138	-2.688109308354493	2.698121377558343
-0.17904695275206883	0.24623439383269863	-4.461615295391071	4.474168080991538
-0.20336008173243444	0.17937029555542316	-8.964989657348594	8.969089618357991
-0.33610845256046973	-0.09643790470691	1.2648206777716624	1.4034444129945534
-0.1276299004368269	0.33820146903731385	10.965927280082898	10.971883645810816
-0.18150924158292997	0.30574922660266224	15.035781411561112	15.039985068163961
-0.1724880579505778	-0.09033828389086969	173.59658814909704	173.5967534544578
0.5326675036486426	0.9493216507744773	-16.68336628337315	16.745148772231456
0.19049866735699764	0.2670590470821009	-5.277561602705849	5.28958850310195
0.175119281298207	-0.2535884728659957	-0.45401708040287914	0.566202411201562
-0.12291356024407013	-0.15430747892081478	-0.026307099993149285	0.2430851491819686
0.21761701487035118	-0.13450667016039827	0.24196370878723034	0.37878150792876947
-0.06652046312219909	0.22665682976858978	1.507936009690218	1.5263254239562398
0.001706489077589662	0.023304359267967145	0.02565787667785603	0.03470348543703477
-0.18563079724705978	0.13813006113220097	7.381822793764707	7.386766968716365
-0.35294834813615206	-0.28988527345031384	11.384794883275875	11.432626659144429
-0.06324766853748946	0.08699883308421258	11.607645480528959	11.608143807955605
0.03264286837369626	0.2369256581997003	37.94241398569941	37.94316774317308
0.19689292756015309	0.24044525536231198	56.51663102468488	56.51967603267227
-0.2747699552870745	-0.1746429123690817	1.104734416470659	1.160136453613964
-0.12349118219054546	-0.02733488711344048	-0.12898435264595193	0.5256939925087772
0.1099574594289367	0.18081666250196202	-164.39804931359947	164.398244769249
0.1817627301335139	-0.1237008085694297	-16.5475702780765	16.549619375468637
-0.0963186440860547	-0.4426764861489526	-30.228030186437366	30.231747030061886
-0.13787969397410182	0.06494676654315759	-32.283284160945634	32.2839456215277
-0.593210502370086	0.22832456337993776	-621.4859486659802	621.4862893900755
0.45476199938398654	0.42213836426845186	-223.35002441191693	223.35092991492886
0.11030466907579234	-0.9238108890323748	-3031.1651125518038	3031.1654005506634
-0.36313900427267976	-0.36435153190766034	-740.8158969990303	740.8160887482386
0.027520284865669736	-0.010414290846305182	-73.16196422446716	73.16197014163679
0.0037335957875092272	0.19123646939478517	-992.439937921929	992.4399563539396
-0.064407205600569	-0.08667427287503884	-2.0340251965082863	2.0368895939010203
0.018317839611341705	0.019639912814594495	-0.12362119832907617	0.12650482243657163
-0.01868858821297591	0.03405896000457731	-0.18293413741714543	0.18701383563400512
-0.071783200513557	0.17284310236124972	-3.7932325462830616	3.797846852637809
-0.008773094646931108	0.04617375541836741	-2.876285896310822	2.8766698698661393
0.18149622087528283	-0.683247022227544	-6.256626371811656	6.29643874964443
-0.16034591140215376	-0.27599663939079044	-4.539602465477421	4.552950173868268
-0.07057633996833174	0.05542979593222114	-0.884745714359031	0.9001712314982554
0.12782802012710828	-0.46600089466170175	-5.81317425567977	5.833223102492582
0.0882685670786104	-0.30289798657796285	-2.7393179417940243	2.757426622335171
0.014254633739855346	-0.026789750583347316	-0.35489424852318363	0.3561896602587029
-0.01778900873795286	-0.061909388969037325	-13.117318157892536	13.118218806741691
0.31965895736883276	-0.09048037086914507	-3.5952884062803756	3.613301406715584
0.17006207893622138	-0.03282295187787902	-89.73724501931663	89.7375207028734
0.5447990677838757	-0.020311859547582627	-18.455256912808405	18.46383508642121
0.08471953060339796	0.3201641458594972	-5.54736941592726	5.558998983704237
-0.0026382467196017917	-0.12630485552066914	-0.6087834250439869	0.6372259570844069
-0.12005170836398146	0.18678791623423885	-1.4068109468754155	1.5086533368142407
0.19460822377406722	-0.42439116869464	-0.08951679540265794	0.4954525874245298
0.012353664806695419	0.44168400026130217	0.12616419883205676	0.4802442702291376
-0.30121396787099836	-0.181729882723866	0.28619359022534907	0.47449147589972146
0.6360545451104571	-0.20450457930325688	0.7588928013134046	1.1269079391400965
0.3020005686521996	-0.7073502346709473	0.5829932568857634	0.9751459482711119
0.0702686773875596	-0.0064730896165846145	0.5995066668221686	0.7798126530617516
0.5820052440100674	-0.03824702453326198	0.4268550227711662	0.7361235862990935
-0.11928992722208509	-0.0044159778093172015	0.01785898463099994	0.12070016954715945
-0.44158125501686024	0.10984959248225334	1.9037923094766112	1.9574182218864402
-0.5000491470204498	0.7792944403680903	2.2314114839980808	2.4199227198493363
-1.4476373882783335	1.2621485149800702	8.237697134838985	8.510647375613805
-0.47151451004552364	1.2120996864666116	3.4665557571427903	3.7051316016297937
-1.7440194978301862	0.5816642051778509	8.776106068967195	8.967689489219612
-0.08151185658569923	0.23666319138636832	1.0720469150435716	1.1096927601258237
-0.07477183517789043	0.03489136065493089	0.3094681176661011	0.32027917546419077
-0.502452294736257	0.14602795013623038	3.6976963733634642	3.7345335639530726
-4.013688897941886	2.9698807833560386	29.87360033373778	30.28830413082924
-2.5422996747987874	1.159993415789764	15.597881580334494	15.846837600612803
-3.026954464601151	1.924951191772705	30.228509287455324	30.44092876290322
-0.5089301805750326	0.03455075615469725	2.428244733292078	2.4851671881609314
-0.5472827678436195	-0.14100896588637563	3.943441949413497	3.986178138233794
-0.05410951322523233	0.08779104698481023	1.0203240244743468	1.034976331696377
0.1858498130292108	-0.1452905777800524	2.6917404332386496	2.705659965669457
-0.3329400640046458	-0.4522895751674927	29.963731699117186	29.96931951292196
-0.7161982346783871	-0.0959292421400875	19.300968605491033	19.31499446611115
0.04161089927658211	0.09595193484933058	0.6888057478116731	0.710543020413496
-1.0844792682651205	-1.6509604945958467	98.47838590284643	98.4981941756698
-0.8147983976858564	-1.3390495933830808	83.68582241238364	83.70050073374367
-0.19546818853108386	-0.13092471492416716	0.3679230026945459	0.4367109222556362
0.30714310603584055	-0.0026691261846204517	11.893162298628324	11.907366350949907
0.03879070432865456	0.16892885226041876	12.179723318841885	12.181756096076997
0.07255722610351993	0.134911575909407	1.3602723475205702	1.3759674155674322
-0.4247488347319468	-0.03394947619956791	93.58482378001662	93.58579382618018
-0.6087768064384369	-0.20640011914457246	130.8648544027467	130.86643316015505
0.34081093613059393	-0.03854654014149098	24.52638590678219	24.52878398083254
0.0038437835800691836	0.01876988753733797	3.5082398791873	3.5082921961077433
-0.15348928234102346	0.6385785538225092	335.20846544383585	335.2104219700416
-0.3355508910440551	0.3474582377841778	99.21310623595535	99.21438026011826
-0.07487500629857313	-0.04019302139615204	17.33244918178116	17.333219440411625
-0.945025858120653	1.590347493347696	255.81443025264272	255.82115722569003
0.8805161015336789	0.5670229129170227	263.49001047372343	263.49376697526753
0.07194698473159485	0.01017193124337415	4.485868942060972	4.486457400014451
0.5262009088814271	0.4611101765805714	51.682722866625454	51.68745837144505
0.5739100047751118	0.2891508494165624	13.3471965473657	13.362658290224674
0.4653966044653549	0.36008828077892036	10.977608136092906	10.993367907925913
-0.10079680691978256	-0.091157400069237	5.682298465408176	5.685636754379647
-0.23669459995908104	-0.5151666539843227	29.336515622475726	29.34232522598865
0.1257796131240973	-0.002354791829214206	3.676324832549953	3.678476631779201
0.3375130886106459	-0.11814587196069751	6.054369537285089	6.064920776568356
0.07754058977253557	-0.013511112647030477	10.296524489914074	10.297771188443038
0.22146266174932716	-0.4437796630224091	9.382378766718276	9.396515162916907
0.24057346078419276	-0.5226968931249745	32.73096903112401	32.73632387934563
0.2448544410634686	-0.7766008164897378	51.45420676257432	51.46083885709725
1.2965790537311643	-1.2311052319240468	12.075016959938303	12.206669157368154
0.09732830145253787	-0.09341630435701584	1.200953444303604	1.2085067561118767
1.518620145372506	-1.2830352763256272	14.027556553773742	14.168422965187336
2.0854851014375786	-1.4554498388762138	13.682063584450113	13.94809083909475
0.17793028238673386	-0.3474804553071669	3.4500082731469877	3.474829308310462
0.282146849514628	-0.3121555789988747	4.384016061550128	4.406373175642374
-0.040381863651422475	-0.13351302600786977	0.47286895034098964	0.5123877946656511
-0.06781292132416068	-1.1325511491646298	-0.41154518009068053	1.3054715029936546
-0.6589941711675396	0.0698756378260284	-1.0992486353000375	1.2911170626644903
0.09952753696139069	0.09910554615864864	-0.8530513729302835	0.8757305919352406
-1.162262491196616	2.0169161441676366	12.141111338613966	12.372267580349499
-0.04359261958495275	-0.025164758861320007	1.2481990218541839	1.2492135044613344
0.023601000936932046	0.043774830285452634	6.65079649385755	6.6509824271095175
-0.09112604758964155	0.01747267853331194	18.40995146720825	18.410185286302998
-0.2506765954673776	-0.05601908954041231	108.54032505848281	108.54062898608528
-0.028578135692833306	0.055891605077644096	-1.259840931968988	1.2614038826729221
-0.11441433681356857	-0.06981999734594052	-3.0411217599458906	3.0440740843997656
0.45271832093496633	-0.0785087142995589	21.40243098346416	21.40781748061157
-0.06617578250049069	-0.054369313449063705	7.240749477346991	7.2426009164550305
-0.045592957998500244	0.04418212921045449	1.5240224781179228	1.5253443192175724
-0.04109540642983418	-0.09555181477497116	2.0065546819227484	2.009248783322397
-0.026677075873628393	-0.014618478636002201	0.007634682560405476	0.031363269481939245
-0.12643480019983538	0.06526434954358903	-0.2670381634563822	0.30257986510188944
-0.16854965094893531	0.3015061286574225	0.024736867110088795	0.6062528805271082
0.542816932120132	0.3195504936935413	26.40879902060393	26.4329676548693
0.1436642280401082	-0.048081127193224514	4.183659939397448	4.188727906970036
-0.09433064091153774	-0.01988532601820249	1.3262633602961382	1.329762458813466
-0.008401289741467824	-0.12278584123417818	2.2489050502780072	2.252270159115649
0.11454329611159987	0.1599615607243847	1.0071880931563113	1.0262240118947414
0.21063778515067977	0.09457143232973672	0.8183681978323837	0.8503167289719205
0.11837095007374077	-0.05853585978479719	-0.04702326205499927	0.14017601747944827
0.19197066797900952	-0.2732897382834782	-0.277796904172271	0.43440895292691306
0.23951568944822266	0.40657409196913613	-0.7700809234506054	0.903158284253055
-0.002376952063392331	-0.008652309885680536	-0.00641189698326098	0.011028362996993833
0.05128395016242864	-0.10828350830282815	-12.781046116873686	12.781607692437067
0.03530823174286101	0.039686572878378824	-4.264823558108122	4.265154355599531
0.10880672870473694	-0.27672119928395034	-5.044193928035584	5.052950218434339
0.03660196801275535	-0.01137349160908327	-0.2653268661852777	0.26808096965933415
0.8983586702189619	-0.10938369773256992	-17.2846876441858	17.30836329786143
0.323376193306924	-0.11349318249940388	-5.8628145246393135	5.872822746788229
0.20806305836376615	0.2155568598054143	-26.873130142894496	26.87516248244668
0.17716873164037691	-0.14462541539936177	-11.003352822119854	11.006614301555382
0.020294432831897413	-0.46376056484259376	-1.5063862921517448	1.5824554248350164
0.10239515617835154	0.3224418359632738	0.1853561590264285	0.3857595251930746
-0.03941608556273581	0.06557200016677493	0.028400595068061443	0.08160826433138031
0.012590364605528585	0.02190754890115109	0.061054378498234176	0.06607643387443145
-0.05706208693710687	0.08108768359752655	-0.04753405230576771	0.1099580844023666
0.05651846722224484	0.13829530000441162	-0.06207870330682996	0.21366674389038545
0.05185547308145241	0.24061901690519855	0.011948853556308089	0.2832120431518326
0.008347490865948388	0.06694016620039905	-0.0812850267066009	0.10563106560755207
0.4454800726014631	0.6278286172009309	-0.5696377292303505	0.9576577730192286
0.0162797369413731	0.013424024903257809	0.012290738534972716	0.024419183713192835
-0.23013442307024007	-0.031062367261006835	0.09951643611679543	0.2526464810740853
-0.2752336137844871	-0.013127164537725285	0.2586465649385211	0.3779205077263805
-0.05878087436850174	0.0014823844775850373	0.18259808204793182	0.191831822758499
-0.039343677709230265	0.04711316429750942	0.6485894077989923	0.6514873714316022
-0.19186875443323737	0.07178179790137519	0.7516000025812812	0.7790178491651498
-0.3515070091145882	0.19775061410066458	3.902093989489935	3.922881592101315
0.004118390375746635	0.03329446161676623	0.2342225684531896	0.23661296221138545
-0.09784521386596998	0.17209178191334484	5.06293440515461	5.066803139868061
0.03544580811930481	0.010568591822436206	0.7790552026351741	0.7799327594089586
-0.056364386297531856	-0.23046140848104923	13.402939351055972	13.405039076889203
0.005880639934476486	0.007654354920576336	0.09127602897535741	0.09178499082529493
0.03340044211319095	-0.07030469979118906	-0.1358907688434517	0.15660345271720608
-0.1191451135024439	-0.10660912218783411	-0.22809277159618133	0.2785451048925441
0.026282440914979655	0.07925633207439034	0.3225890754994264	0.33322071440099577
0.0164947889113147	0.17483718598216677	1.9541851606193577	1.962060081049583
-0.015603962968252671	0.013040932652218756	0.8317866564255629	0.8320352104282438
0.23125302640209497	0.018495232917677323	18.137335737025204	18.138819357208238
0.01635059570281168	-0.0050422439429134	0.2254769456880616	0.22612522911129135
-0.12233354218355894	-0.4947755643942542	10.504892782618759	10.51724967512802
-0.002871312951675292	-0.07805171440243339	1.952550960728941	1.954112475985642
0.012914986300557412	0.02209802075931202	4.616854152315726	4.616925100448087
0.3070516766439274	-0.012008335790890102	9.664297152550265	9.669181164144637
0.11436242700167792	0.01329623848686291	7.200075513748322	7.2009959698881785
-0.02216335075071122	0.04141942999263561	1.8679972718627593	1.8685878601190056
0.0668640689207125	-0.03341796997773844	2.185402683589656	2.186680752874534
0.02738912123111778	-0.011389190005627041	0.8337298348891133	0.8342575000058585
0.018033813591081957	-0.3381245983972428	11.324097194577757	11.329158430118179
0.07597228220898072	-0.08382744923266515	4.4585147186078435	4.459949811931932
0.02322369220413892	-0.19656003942204464	13.217880570664452	13.219362388909916
-0.0204578106396654	0.0053831320069543664	4.687174465229085	4.687222201648002
2.548807305857008	-3.165813004178428	25.00251991811399	25.330708496121893
0.5312234576969461	-0.6776311655984916	5.69130734367815	5.756071719393592
0.4864425795376846	-0.26577283626630127	4.32303265485986	4.358425509133891
0.3138691623448957	-0.20796416571165605	2.2079687390369345	2.239841266218565
0.09057410651605328	-0.028897349246009216	0.7160610834945487	0.7223449320511733
0.17394829873648102	0.1255495163232683	1.2093583203199807	1.2282378591337626
0.7094153479458595	-0.11783778632796241	4.865412121666553	5.006969301518399
0.07872523676025985	0.07171468853923167	0.5054773293434818	0.5350960426273556
-0.015827024322757302	-0.04797916228141904	-1.0554096892991152	1.0566182408886355
0.12543315161700516	-0.07454652385740365	-7.635854178937594	7.637248175995233
-0.03872467117948611	0.16432648564281932	-4.69990831678677	4.702939610524798
-0.10653375490652443	0.04900342347923266	-4.801398757710719	4.802830499506848
0.05478596971979795	-0.1616649404276133	-7.867653547092422	7.869505028432064
0.08606040599276055	-0.04508791115532524	-2.1718517628229144	2.174023779283242
-0.03648404270146177	-0.06999457522692841	-0.5884659952599707	0.5937360975301637
0.11034557586012703	-0.08393224882898483	-1.0908493704815474	1.099624080122558
-0.1248634589212209	0.19008559352921447	4.123398180476289	4.159069116208133
1.185645106220825	0.3497966212375367	35.566115678891855	35.587865576111085
-0.023962697866916266	-0.09927828425111662	8.01611112864302	8.017976540266716
0.19957627124947172	-0.1009347033165756	0.10889423195430276	0.5528077410206609
0.08556470998920877	-0.1243452792754819	2.104980449476717	2.1673591541673103
0.044792121539629054	0.009498490062487847	-0.07496832283421812	0.16491388599527823
-0.35556275175735386	0.2748069710007579	-0.7687740915381196	0.9013529444496943
-0.3579164460335872	0.20753761566318513	-1.127101754090956	1.2006391665822767
0.002067441213370186	0.03920866063543225	-0.12926023029888328	0.13509182254642796
-0.09224782165711251	-0.00698014319625119	0.07308577820337159	0.11789789639817591
0.01574224993780949	-0.01093671451120612	-0.03765695670546522	0.04225489966526211
-0.021741495820448584	-0.008418378924885193	-0.003047396242838278	0.023512727789314437
-0.1616828837743581	0.22137208990151805	0.3141860169650637	0.41696499894994743
-0.03634129691660655	-0.01619930433769585	0.040407164915703266	0.05670843234591385
0.015453228459819685	-0.07551584956440992	0.5817454740117527	0.5868298240021759
0.7881345365905691	0.6602290106905228	43.59146449118497	43.60638204234519
0.09630523361714549	-0.031167228061303218	4.403555047056258	4.406928968281848
-0.024007369552355974	0.24037093156928882	11.564762661025075	11.568127321622807
-0.09204883092971651	0.07211590139097901	2.101705270080968	2.10495575554335
0.047293042552375736	0.05449179048632938	1.0171593247012138	1.01971519500834
0.08642875675863188	0.5388355613884994	-0.6686678926403349	0.8630935307715881
0.07721781553879681	0.3716453898581565	0.041083027461994936	0.3817992954221459
0.15190115176660263	-0.12342361955442609	6.644544138954973	6.647426130788728
0.0014523197931924467	-0.009951295863882175	0.03132385123335839	0.03289865009756161
0.038186694177764956	-0.008590536646819377	0.711610222608658	0.7126858563583607
-0.01585543360243262	0.12790432092675796	5.961930148246853	5.9633230671045485
