-0.09145000704268186	-0.188892778530415	19.250180787093733	19.251830658570153
0.06858542283724282	-0.2861239900868303	19.013923960764984	19.016712520006756
-1.0598120673946854	0.11324010145737937	22.006581035364402	22.03281901141417
-0.9865885868222835	-0.9227359024169399	41.74324216723174	41.76532706686625
0.6261608193915988	0.5830928548578052	235.33392254351514	235.3355193211412
0.3289864514966568	0.0937941713132027	65.78430974885974	65.78534729216425
0.08709246823573745	-0.3110682514945476	300.71555608047544	300.7157619698867
-0.1507502092291584	-0.2624865974530675	813.3865097033025	813.3865780008574
0.38935253663258806	0.2249151495313631	-2.4386415943338937	2.48367365665989
-0.011859252736936915	0.012170480160927172	-1.6142749353333044	1.6203864089186168
-0.3974811970733559	0.00861195518205915	-6.08572418092976	6.170647944831412
0.7258210896726996	-0.31676579182565956	-6.921128475660999	7.029364692672457
0.27005075935700973	-0.3927868040663626	-0.63660846517836	0.9360551086419603
-0.3453513565617502	-0.7022166509755854	-1.518149067499371	1.7136604565769784
-0.04532863412013399	0.03386519554845967	0.01041561317675127	0.15096293067697147
0.17765041482091767	0.010798244147665004	-0.3523576154864635	0.4187026941088666
-0.21429827654063216	0.11310129382258999	-4.487165506864677	4.520739970667277
-0.2855951985470803	-0.08959602360114272	-6.984227627953148	7.0080487702599745
0.7961157584902876	0.4069693378465401	53.2068324654408	53.21452738804742
-0.02238858505700203	-0.026326622947756326	18.526062550194812	18.526620515853594
0.03819916379947211	-0.1478909749596919	5.032106111942436	5.0363580713982135
-0.0723793298456771	0.08713411304463596	1.038612068473223	1.0447708599607908
-0.38862595919596665	0.2687041173208133	7.232955802475549	7.248370967285738
-0.12751638516288163	0.1409518507935749	1.6638428364382807	1.747030780837632
-0.022591699203865015	-0.2635295594439106	4.921378081913999	4.930456391006529
0.07328915811176206	-0.11784679251236405	0.6770537689111604	0.705082093162909
-0.6496323636345309	-0.15150329624596667	49.512347149414815	49.51703722443137
-0.005055675320429415	0.16598041274258823	762.1008360772945	762.1010140688117
0.0851923605703941	0.30181869543343065	142.59147767570212	142.5918908556457
-0.07329506961515163	0.0008132665564398837	1.6786303942524081	1.6860167893708533
0.287930569429558	0.5717900273741364	74.3410461834266	74.34393368177045
0.19856928607266833	0.272884629805039	28.24152371154652	28.24792334038911
-0.023663178157042435	0.1251556828352734	7.391821673745315	7.409646905183639
0.11066591353858493	-0.08921926171743602	5.204186886860652	5.20799845999911
-0.06217113784168253	-0.05129323161026761	9.773888242567576	9.77521700061386
-0.17961271986845023	0.32311219724638596	2.5528343606433177	2.5832354284751338
0.022781394463203916	0.4189562333035816	8.995829338387345	9.00669021270567
-0.10489619279679172	-0.07467224065961328	1.2808368513641746	1.2948366613209872
0.0684183717751512	-0.0321641779069982	0.012017084960445679	0.1591848082190743
-0.29603864933211815	-0.34124671452763755	-1.6441330051537468	1.7107721431009442
-0.11805950133918323	0.232445063816059	-0.7445901405980601	0.7889126891011135
-0.26032024807030496	0.3281487023065074	-1.7303364622636888	1.780312465557679
0.07473752791800423	0.1569004404491507	-0.20515316294914585	0.2688703526989744
0.4799270388282058	-0.32243156988893673	-0.11212587270678245	0.5889518581256981
-0.0263351883601574	0.0375332237640307	0.004701918617572125	0.04609113874457919
-0.16788796629529412	-0.06310081356622396	-0.14053128409359492	0.2278532942673507
-0.06764701897102243	0.03078161557914212	-0.6816221567538276	0.6997229283874209
-0.1987133642251421	-0.13675549558405134	-0.2518618237325617	0.3756370986044984
0.0549561381593387	-0.08111557167087058	-0.6052153748121516	0.628780842502293
0.8644659375580102	0.6927563059780817	-7.075223059351679	7.162783940700164
-0.07349883113718397	-0.20922184605573158	-1.3851971907169112	1.4028353845749408
-0.06247136377583389	-0.005752744989096593	-0.572441909153272	0.575869346919911
-0.1243401738519162	0.1468353660912547	-5.309714021098261	5.315031878955776
0.022222372900663465	-0.011319388287935606	-0.3539824483223727	0.3548598823885993
0.1344982820411897	0.20558306750963246	-1.218237902181898	1.2427621541675842
0.019495375969914946	-0.020146397840218124	-0.06545766877568313	0.07120852078011271
0.44245284488524617	0.08261076199012028	-2.240258549243977	2.285026788771714
-1.3856548025399869	-0.5673950723091513	-2.9294198584090783	3.326739702640455
-0.03549300526681534	0.016421625943269548	-0.09709370579897625	0.17446029871368712
-0.28804110420553625	-0.10934810693124575	-1.3414457672066988	1.3763725631376706
-0.04824391335068077	-0.07488876745422166	0.031415677163843136	0.0944602955630741
-0.5235354169237697	-0.36208019526331353	-0.11148640736969184	0.661135692958462
-1.6216774048891989	-1.534465069230692	-0.8051992571663473	2.3774453269967237
-0.0349121382210677	-0.18539530880234756	-0.12917314050945364	0.2678726620059608
-1.0114549399464943	-0.9225879678807498	-1.5128207714724873	2.099179907254047
-0.18958909628114595	-0.12566968784683707	0.004848561009261676	0.26690857857342015
-0.07540130504422835	-0.12505665114001557	-0.472205487734998	0.5135974399700369
0.15296177989342957	0.15997581643144188	-1.4797623534194093	1.4962239774005832
0.04278264430945891	0.1570831304514589	-0.6485554373629598	0.6686775155929798
0.1634038910451328	0.08105232297307448	-0.3730086875931392	0.4380474592872068
0.014981303341963098	-0.188802810857514	-2.1847276315767705	2.1973587667726373
0.2776842969958711	-0.2669500789017619	-18.28787247928081	18.29192856786458
-0.2103093547515252	-0.056761500429394714	-5.016279803924616	5.0210073654485905
0.5275470267955574	-0.7920944957788872	-14.841743130346101	14.87287929379512
0.34046085826842687	0.76180085696529	-19.336653020290555	19.355151354450772
-0.008540414060349596	0.056774536166722456	-7.95225820632357	7.953690127957579
0.06056163594685152	-0.12020362178997855	-75.08976526299914	75.09001560566922
-0.030239206061464255	0.11089542291233005	-44.47862079944581	44.478988300209785
-0.17574805746365785	0.03417691117093756	-55.92067379156129	55.92096040612295
-0.09122524275963027	-0.012429620590749311	-75.25122141627511	75.25127773786733
-0.0009552742377530316	0.03708064556145703	-181.13121545078783	181.13127302139588
-0.17392633960990067	0.13942492024302125	-128.26125236194744	128.261522004536
0.16005087381649133	-0.2596310786857752	-118.09555270864112	118.09602903537257
-0.1527399174763944	-0.10384727296270199	-55.86558588664141	55.866065549500625
-0.1115896301653948	0.3776225058602544	-1629.0100586766746	1629.01037722679
-0.18919280337971336	-0.03213617123669549	-143.25681890878263	143.2570154313533
0.09519348698351406	0.196095951509404	-494.2536741637431	494.25374193784967
-0.008939754188240237	0.9163164774040935	51.32957061468714	51.337749612678984
0.06729457191516892	0.23971872383528475	14.051089174787899	14.053295009491835
0.23704913832675564	-0.09611549887503086	14.842446521292386	14.844650525375458
0.0805113209433207	0.016280831115579764	3.891318689441255	3.8921855739645386
0.10058022717045395	0.021489887968982962	4.779967273630014	4.781073686472269
-0.03368256647178983	0.059007228104473466	7.15716744452191	7.1588506048161795
-0.7043531512530901	-0.15453057763309616	25.268571007089513	25.2792435327153
0.004300749017169654	-0.060341883865414045	2.757192900710635	2.757856473988386
0.060819949994714614	0.04580858094681424	1.4082259550882712	1.4102828911214915
-0.004585736759578787	0.020841179475853212	0.91246508576777	0.9127145865432167
0.16378499154462361	-0.03413236409152441	28.877803966165366	28.878288599742376
0.11472357180774959	0.6738393865148182	1103.1235657200798	1103.1241765180353
-0.08597414752274551	0.10142626739089358	235.77209988796562	235.77217868995382
0.08951285961479438	0.017525609267368215	28.440998778386408	28.441145040437352
0.11933905120009061	0.0060969093939921525	124.9387188368205	124.938775980748
0.03737377565755148	-0.023088603127660326	0.08527360644272944	0.09592429648966466
-0.07368284278259145	-0.04268185187234461	0.6383703257956357	0.6440245140180634
0.45155262102858845	0.08465887074401443	0.6734924439306179	0.8152661933289498
0.05988616258466709	-0.03810063590529416	0.0874625392156134	0.11263972075403815
-0.00718724049556717	0.01210482237222247	-0.008526025939797177	0.016458319140491767
0.18877296254275291	-0.033103347621016896	-0.8842887772353154	0.9048191557185423
0.3365365412749073	0.030007082291566484	-2.066814501970593	2.094249138511673
0.1762748042677053	0.11365491870500315	-1.5174992893644188	1.531925043984521
-0.06489433461681063	-0.14807157287542325	-0.40692067615658684	0.4378594546688403
0.06435094083595169	-0.1110366186875165	-0.2466729679707368	0.2780606541809202
-0.2564579401364753	0.33830082924155924	-1.3775286193078091	1.4453260043106708
0.22997718887046345	-0.09222713865014695	0.006071720197174446	0.24785523656059197
-0.3711161400618659	-0.7635374300238078	-1.449164416440733	1.750575346775965
0.0322835249464254	0.03476938896137154	-0.11256348065754906	0.12215430229613708
-0.08506899976276032	-0.034109742802119564	-0.10640651554478522	0.1404370172890534
-0.01609826295737702	0.12880059639455932	-0.7116960889128228	0.7234362934465257
-0.006052572296864886	0.23810619177264228	-2.765652062356286	2.775889501080232
-0.06388687367513479	0.04124912540342239	-0.3109899244751978	0.3201527074688252
-0.03778548794544111	-0.06694955692082055	-0.8325238882105619	0.8360657932916531
-0.18368358910588306	-0.11427327427180499	-132.29267476810182	132.29285164112557
-0.08590133561794547	-0.10722066864748234	-167.95855786629767	167.9586140566708
-0.07028081604999473	0.027588879731216334	-8.769373420654407	8.769698440098692
0.05554937785199754	-0.00864302873578326	-3.671901968033883	3.672332296807652
-0.24548319577019193	-0.07570403755194198	-133.9967511964748	133.99699744513188
-0.014439867530684845	0.00902844616336514	-46.93236640624337	46.93236949603647
-0.28432773427763414	-0.06788832704501326	-1414.0998673533677	1414.0998975673172
-0.2047853165380885	0.02748181146313339	-665.3646994447959	665.3647315266563
0.04890626123114493	-0.3339993419317652	2.2076035471244193	2.237619402171598
0.08451912046775652	-0.026794901947768124	0.2541035106195496	0.3031663363637415
-0.3005296963080374	0.6108959382736814	2.2155027511095895	2.3219483566256254
-0.10732312222549124	0.03584461067058842	1.19609470419388	1.2095145369027194
-1.8916110592601916	0.9254561334980985	-332.4153333810667	332.4220329762833
-0.36061797925758565	0.19893983236431353	-71.26550835780064	71.27289173075916
0.2503016080996472	0.5960319018220399	-66.74724333603734	66.75696778970783
0.10306556428269409	0.441977955846536	-3.403281388365677	3.4362437365954417
0.9936258919123551	-0.9795073774146252	-26.46463242349954	26.517991006472027
-0.14355054699558273	0.1644250216383227	-20.72613411793897	20.74850906486963
0.6044543399451769	-0.45074600232576945	-2.6595255641080597	2.767867955437093
-1.0605894984301814	0.9878090519550627	76.93377185276466	76.95314300854417
0.047676020128450375	0.994762433026721	47.05804709785069	47.077935092328445
-0.27010942034615093	-0.2888982375397575	22.82520863082653	22.829061525088385
-0.4063995161027316	0.29478790133620214	11.727927742845374	11.7394986860498
-0.4618564715071115	-0.005135489238902169	11.149815996730862	11.170293392605148
0.44297297746815745	0.353219622713316	16.42514646094695	16.43550745213226
-0.29044355001447275	-0.9288119263909155	290.8753539772411	290.87701538660724
-0.03557927355074343	-0.023592681691023607	16.682975908937102	16.68361434049623
-0.03607933907873227	-0.4134909064976738	57.67483661436814	57.67649898119185
-0.035776872958202525	0.10421200161252228	10.701731780745591	10.703209005613173
0.6559508670018694	0.34427407848746633	2.082100696879798	2.214366563576644
0.0012580453932017066	0.5621435101740418	-0.9469618704031263	1.1100556191499558
-0.2513425908390627	0.9248870392770903	-2.4165949719456865	2.6461746605667598
0.34347807479187903	0.11747197718335747	-0.6032411179675791	1.1730418972026864
1.6088703889745501	-1.0819351960222636	-2.281368618112126	3.1375214838336465
0.7164476269417592	-0.6780953460820774	-0.14535553382312866	1.0068358936001722
0.36050320785155476	0.09094624226271784	0.1673642189574977	0.43095747880762375
-0.3524046616160047	-0.5076391896832866	0.03954016906840696	0.7919406289621419
0.07468953620259111	0.06265910949459687	0.45536936563129493	0.48615402381988293
-2.0033506110486026	1.0042521105494626	14.676901792074947	14.847655100097276
1.3871831983155702	0.5806664926806727	31.840087830654646	31.875886241014744
0.41687346507945	0.38244774562221645	20.32523232182747	20.33909630840758
-0.36987438300201464	-0.4302652089307789	-37.53754851191641	37.54209588286989
0.33231155384305705	0.09553032527797883	-4.53561245088583	4.5509138754096305
0.41165484109888695	0.20448411784222736	-9.979177925552113	9.990732971978403
0.14143773735781068	-0.05125766981848606	-11.080045743710816	11.081945923432771
0.37881876725171115	-0.0200558062770827	-9.078245522851196	9.087239814809294
1.40362416114094	-1.7357808601972506	-58.59677441912787	58.63944532557775
1.0052626232552029	-0.17155230941141947	-21.81503367167407	21.839303034157293
0.23750150935208014	0.29401070869979035	-1.5991746975402634	1.6432312609695756
-0.09446163226041823	0.0794825581194913	5.015991815006351	5.019451578621435
0.17882822450834676	0.38940367732400305	38.086871237490065	38.089537345626056
-0.6738754541996534	0.08905300732290547	44.48094918009823	44.496036105716954
-0.13462590279158276	0.3247167572795997	14.482258653057102	14.487196436340191
0.15146751892977883	0.14053704246789608	18.37471854812235	18.37641027451248
-0.3875382664582089	0.6411150812951903	97.67395987806869	97.68133907410825
-0.10099064053674726	-0.13973677956518252	98.15154640800604	98.15169783432177
-0.027637570035674384	0.014453402966552934	5.254159173553574	5.25425174094009
-0.6361979700299584	-0.04483421160496601	28.63793230048727	28.645373172569997
0.09389369434263536	-0.17762775290964938	8.918057455744066	8.921412232000787
0.35253675720822364	-1.5369210158929094	165.16445566531814	165.17204153058117
0.7384277294454872	-0.06192362998306833	2.694203342941601	2.8382137715087654
0.03494286972859313	-0.006039144459162142	1.1032872649756023	1.1126455182887376
-0.11481365228314329	0.24840197445247444	-0.562471548050875	0.6408898056056362
0.5063624093314082	0.5451358716366016	-0.13273417810563756	0.9027260451356687
-0.09028372333844645	0.36718822803960177	-0.34259379656082645	0.5289883173120902
-0.1220250373699014	0.09078405708583029	0.3437556904375962	0.40097333374467387
0.5660765697585342	0.9600092075610401	0.23963186886530102	1.148461396350544
-0.08778518267897348	0.08909581228370492	-0.44857284898596544	0.4861498614746893
0.022723939252764905	-0.06391900188217359	-0.2779562052509006	0.28611478160741266
0.1601627499092754	-0.16555243638007489	-0.33203759917467623	0.40411469029913133
0.31292058980986626	-0.08394174441524534	0.018852386123451373	0.3532714386204702
0.08996091244544846	0.14333072184147916	-0.1617955227097228	0.27256969321722024
0.12847944304111217	0.05458155691048683	0.054932305538515525	0.1500122389363745
-0.03389197350483346	0.004874241654038847	0.002307346893913053	0.034318332556275956
-0.10365641127159278	-0.6119777846102714	-1.4539256159652132	1.5808735424486133
-0.02228077873355347	0.14537463829483008	11.92043093647383	11.922155162331292
-0.23877509589070509	0.08527173564209889	17.000247659656566	17.002711109992884
0.03332838127927581	0.05108721244629154	0.1184103237884733	0.13319793186802978
0.26648678244805973	0.0179876121328845	0.2581247395763401	0.37143928250942376
0.1664591112309297	-0.40262216519764904	2.6408453411777173	2.676542052656802
0.3030525207919445	0.049458019775714554	0.8018662018042542	0.8586479672569358
0.030238246748078988	-0.22774514151657674	1.8854406689387289	1.9045074171656367
-0.02819435826355302	0.24358280205865504	0.2556147997904055	0.38071802435467705
-0.0014668879946664244	-0.0021601294888813558	-0.023305302143164737	0.023451119968603457
-0.08053844046804526	0.8304180178356152	-0.9635427468340083	1.2745568444426023
0.7439793307787208	0.4086970094017857	-0.5308530758616399	1.1162721087045404
-0.17694362330976504	0.11928945932101231	-0.7547509237931339	0.7843391982437681
-0.05515572188967426	0.09571708316638432	-0.17447110315779077	0.20650442974461372
0.9496282476717774	-0.9157169371158558	-1.3042404253661817	1.860337117233426
0.338704145565565	0.060772712299614035	0.30980891013367406	0.46302848895264104
0.18395705382923797	-0.035401669969089694	0.08213299746446678	0.20454658433381773
0.03340847544070778	-0.17691234910412515	0.21733750507177227	0.3148483468396092
0.27712328053274277	0.10488419328384826	-0.4299068974110142	0.5404606664278143
0.1825363078088329	-0.08918527835292858	-0.1039974928941014	0.22823013839462356
0.05631951310681242	-0.024358074119954134	-0.151619561876236	0.16356556751029036
0.4669584646977671	-0.3423775429468916	0.277614306422607	0.6421388423057366
0.09089549063123487	-0.06039815155687904	-0.0072116574785049195	0.10937063103122302
0.2814849478782495	-0.24109434473503483	0.3187070130824899	0.5083445721488516
-0.9263261161538114	1.1072260562831073	0.7373036813704892	1.694510629693223
-1.1829064488566967	0.09090565666471445	0.2425222559615608	1.5326905541227456
-0.07627043783339646	-0.09237841858860699	0.16408183389886927	0.24648242335681061
-0.22944365181708865	-0.3030711100385257	0.305243687583058	0.507099576817462
-0.27568329108473777	0.028732786684042833	1.2777830144213822	1.314928160340989
-0.0817850111639139	-1.284312906183587	0.8172029886587517	1.7907431246869576
0.6162230544291366	-0.39101860692039514	0.6704992720675231	1.0008373806523314
-0.7209400072596299	-0.9546805631984845	2.615970610138672	3.0260970721088554
-0.2507515816171141	-0.5946337264679256	0.8634945520448446	1.0869996553116945
0.37637104613966393	-0.0442993725804227	1.78312882416535	1.8229552935693698
0.15274039471149592	-0.04978165366266475	0.4474053447250512	0.4753728891160654
-0.6900021199620521	-0.0021972130113791233	1.2292766193428597	1.4165834056137163
-0.15219514862357691	0.3824977519369255	1.8157865539839455	1.8670909158448195
-0.5159888858480415	-0.0682754630649221	6.874404613161897	6.895493067180693
-1.1435451495894446	-0.012163183600354677	6.722078272331019	6.820092340755337
-0.20662686056483243	-0.09337194652518804	1.7371879637037426	1.757473978766666
-1.0160316720911273	0.7238943821029852	17.72261283541093	17.767015194846458
-0.059809704954370546	-0.016372523648084364	2.1022314209648476	2.1077718075088723
-0.07513252475550994	-0.10824625111039554	0.972252781683879	0.9910183669073105
-0.06938184912759977	-0.2267695604111172	1.68238666551121	1.6990182950184345
0.01595745652532815	0.31426272688917034	1.670486798654788	1.6998652436032977
0.26665732841203815	0.10894892708012933	1.8335370089808187	1.8612667051527256
1.5839859937365295	-0.266792900045471	21.13552125905419	21.19693206001047
0.3690112496263075	0.026517772164506348	3.5972869770386042	3.6162613414634284
0.37528743575473966	0.1575881587772211	3.488306403438718	3.511973270327343
0.28613300871652714	-0.3645010570333477	6.62160039533341	6.656128368438756
0.03426228512335015	0.09951833561442702	-1.6808590941336428	1.684151150472281
0.2794558980495362	0.32016185504295974	-11.248898951637091	11.2569235067367
0.25553143724902105	-0.3851457465720551	-19.119297659095803	19.124883700002766
0.011890940591772823	0.006335360848221459	-0.20211001714271015	0.20255860952983587
0.021953675821122905	0.0007686633583313535	-0.4928650437690762	0.4933543413155607
-0.06337918860555605	0.09257930519311834	-0.4012391048613933	0.4166301340137453
0.007818095617457652	0.04011726747409456	-0.2212510071539911	0.22499450201133192
0.14385150854275086	0.03295244677265946	-2.8582307762634303	2.8620381357762827
-0.05127104163084205	-0.017282903921572668	-0.22941667569351507	0.2357104782654715
0.06796546658885534	-0.023596644731963684	-0.8439102405873528	0.8469714283607512
-0.059088951178696954	0.0836469128463882	-0.5348992203856853	0.5446149889135843
0.03027573922167857	0.013964032232998143	-0.8364917978432469	0.8371559845337371
-0.0751309054293684	0.05008813903227978	-0.2670182823635414	0.28187273323031725
-0.18430477808832912	0.04047758009543707	-1.4499141741634276	1.4621415109887914
-0.06734598361545988	0.08819817963063988	-0.6134319722255711	0.6233884703359905
-0.35176127643138433	0.0929427944854816	-1.6820065707713743	1.7209068721931138
0.9523997939720551	-0.12003139817872929	-1.9046040570762768	2.132836027063066
0.15731959868283132	0.015631613223186847	-0.41832136942170217	0.4471985818140913
0.026510406239128603	0.02215020855548818	0.866781110021836	0.8674692652011949
0.01934990824560515	0.46305324049339636	23.003465703541174	23.00813393338268
-0.6363286157918909	0.2912778868294528	31.391910439871097	31.39971015757183
-0.22062946823353308	0.1826967751982527	11.062310270498825	11.066018434590855
0.019732646779857546	0.04487187404188151	0.35333059115330623	0.3567146886150242
-0.014759924816294076	-0.07916391232810002	1.291896384266474	1.2944037422985382
-0.1498718212853314	-0.1762528534075936	7.552201949469794	7.55574489489455
-0.08459024775463536	-0.04597523404829684	7.031011811554563	7.031670948386366
-0.0655449175313623	-0.047888692161321786	12.207350925048395	12.207620819403393
-0.05536095960993334	-0.021406160969978064	1.6128774604351412	1.6139692568187651
-0.5818130187613857	-0.0756065945414043	24.442503125520272	24.449941954366814
-0.5036919578480902	-0.3253448626348624	29.74505681130271	29.751427518029605
0.10062794181145253	-0.041766139544542266	8.627060358166897	8.62774830512228
0.10597508991097201	-0.22739272065994	28.886115870843202	28.887205269338022
0.033528485378957716	0.02394670594268613	3.912751843554508	3.9129687697829283
-0.09389229784334555	-0.004069000945759146	3.364973188572596	3.366285323643175
-0.01111844854528378	0.12375521197319381	-0.04849865696581569	0.1333832527571289
-0.058714754427335536	0.15790599032837635	0.08511823559139399	0.18875073032769876
-0.30130152130970167	0.324293316566966	0.37420505152980243	0.5796362501638122
0.01224318750728872	0.007709975166055316	0.0013392447362818721	0.014530414098141965
-0.060493953594744285	0.07631606007959307	-0.005867070597285917	0.09756065787492763
-0.0621328344398833	0.06738748596470348	0.14978805328538053	0.17560758322806297
0.17140660871728247	0.44926586289460013	0.28389827500958215	0.5584069050681641
0.07904488284494515	0.3637323765068927	0.1056256658455485	0.3869187466492657
0.26703869561113525	1.0143722435819107	-0.1598209652414126	1.070179068816893
0.0031955292845896877	1.1648330480901647	0.13990074962754345	1.1814813777528537
-0.04638376764847107	0.13691377217203546	-0.1453545275648048	0.20499944779250256
0.03221414009673156	0.0510845445591092	-0.21654164936161252	0.224805843836923
0.34425933632839484	0.19892473818694167	0.20868834170926504	0.6702626934101084
-0.2387647111115047	0.6130754180267539	-0.36181627632772234	0.9007756576287448
-0.08809479096126724	-0.09255219352524308	-0.12602225654872592	0.17946645888988927
-0.05620351942953196	0.014982838197287907	0.015020976599784262	0.06007454348326881
-0.041295813180817285	-0.051318124742620014	-0.08157533229206869	0.10484955389473766
-0.06494694818876133	0.08582846792674866	-0.18904088866045168	0.21753411128193176
0.02444919516980365	-0.11994327642865345	-0.44142309731836027	0.45808132853351063
0.08183088604859372	0.006260773120589376	-0.22787728421836334	0.24220559005584938
0.018045760241017787	-0.047077881513435844	-0.04263136772241236	0.06602582755522982
-0.07627915666187096	0.044132428871124146	-0.1857400020466816	0.20558581998623437
-0.04982074010828544	0.06931903344086783	7.728061859261791	7.72853332367267
-0.17054081278032507	-0.037409584349667346	17.833472682383967	17.8343273368849
0.017841803417477084	-0.016229165725567252	0.23886970539774244	0.24008426005496497
-0.026459587827053578	0.05850257668564748	0.048984223023508966	0.08075961473443569
0.05068645953896682	-0.024558193874296086	0.03018257404982143	0.06389999877336291
-0.08633404128107909	-0.01987783571282612	0.018665286704989126	0.09053777092644047
0.04236189910353497	-0.03796008638315507	0.09428906922953256	0.11011778798198883
-0.09106359997088731	-0.17962864327588085	0.22227144469078539	0.2999393669555903
0.13397197320232457	-0.1471857489815769	-0.34829220607299216	0.40114784695693406
0.2007340028439674	-0.07557878855031494	-0.21220282920941236	0.3017222794242649
1.137192237790755	-0.4566871215983608	-0.5062297880758692	1.3259102198341637
1.1099558379761907	-0.3728968002716462	-0.6086789451477227	1.3196757344804082
0.1687342868050627	-0.10078873171015748	0.14651090927879223	0.2820901618650565
-0.1772022963276121	0.12320804155345708	0.1439763580249407	0.29460117429729155
-0.009664455701950556	0.00630378953980186	0.1671160324164906	0.16751390317584572
-0.1885699646334614	0.11389646258776664	0.31834386666164893	0.3871354455393631
-0.010232464839840322	0.0075714362516456565	0.10231035478283518	0.1030991691499059
-0.0662129384653461	0.1467601892324752	0.07065967791342911	0.17582803088983615
-0.0374564829515775	0.09424751797307404	-0.02696876035076247	0.10494234985954713
-0.12295940043126398	0.1459089330598698	0.12685974985985676	0.22913277163162607
-0.23780187475601994	-0.24272669335457098	0.3080711169428959	0.45866522911461816
-0.2773273604931864	-0.3208550281935043	0.2046183399145013	0.4708790492520756
-0.3625827469555925	-0.26936246003118725	0.38686167711491704	0.5947136626008204
-0.39245617616871253	-0.48790482447230604	0.5400367705002999	0.8268692045594108
0.02754751736789538	-0.00409803485625887	0.13636766518929588	0.1391826128221392
0.06598358796780344	0.2360003315409661	0.4493544425983561	0.5118294691119591
-0.055643202766149515	-0.0028558336747979834	0.1278507157791668	0.1394637132923766
-0.1179777986038971	0.23917250067303503	0.5280565698370214	0.591579231371129
-0.02751952657676843	-0.004320928986287635	0.06438723624607531	0.07015490689696567
0.005931702907807125	-0.19671593044961888	1.5468578766974854	1.5593273014646731
-0.45295001506729937	0.6453678950277744	6.470043320535623	6.5179079470095065
-0.12176279140577437	0.2941757626894223	3.0586452491074456	3.075170941039276
-0.015164133994072274	0.018950617295222943	0.5348357713920062	0.5353861963257392
0.01091122252795475	-0.05807896931406952	0.1128681343852816	0.1274026577950916
-0.3336791936723996	0.2571221554034022	2.239468670947976	2.278743850292666
-0.21988438571261257	0.10437999341080956	1.866486911046888	1.8822905501579736
0.057437250582118266	0.03667175021949297	1.8785749052359992	1.8798105036415336
0.016416992675149192	-0.05917755426355713	5.892736483854684	5.893056487827787
-0.17764909236777582	-0.05445963569904154	6.389639573172481	6.392340645412395
-0.11350797502641505	0.003412173468210926	9.090765073873781	9.091474321125576
-0.19876091736807924	-0.05555332484454133	0.8110161724074566	0.8484215290648424
-0.0024245667067066823	-0.09903241611020194	2.8318806985365947	2.837048003402207
0.023587762897813766	0.06069468692181268	0.017722878452419877	0.1550293936635876
0.049109971479065116	-0.17013321921756844	0.6501610341853672	0.6881469732934921
-0.2667319584010222	-1.2323496228261788	-1.9336496293120604	2.312641823618812
-0.16049416357107793	-0.9354558477968877	-2.2517655994836643	2.4476037505355723
0.5165381748711111	0.4211160134106564	0.5438578396113666	1.272903109217982
0.1721514023243882	-0.011986359783377198	0.0846145295142337	0.2375272229619693
0.053217745211561945	0.0114649745035119	0.031783124428333934	0.06303761610495642
-0.06721080077344407	-0.043243424977171326	0.10801916884093331	0.13437048180850547
0.010275488317035938	0.04163778771028887	0.026764844714725296	0.05055341668140721
-0.12792244540120337	0.0740520536259286	0.4012982953386483	0.4276542768701679
-0.018962765120746655	0.009887660811228279	0.08957356575238942	0.09209112866579568
-0.06483338769126096	-0.08046451012484464	-0.0003062588152857801	0.10333440542054959
-0.0636904634696351	0.15528301927591404	0.16250950121884572	0.2336206951424013
-0.060579999718683664	-0.011371815255478847	0.10026872256013596	0.1176990708202999
-0.029810081319074727	0.09828804687495345	0.04320596763768328	0.17859373350219038
0.19675193312478353	-0.2320652300347062	-0.18000223834775023	0.38006076473322076
-1.0268108401453038	-3.632054998795477	-8.057135604982314	8.911296981073457
-0.6055795099163795	-3.3881123168761667	-5.331890015898233	6.346265260468855
-0.0163891146980902	-0.27612458540539964	-0.3924025209905333	0.4800969987675587
0.478369599338966	0.09671506481916758	6.210766055799656	6.231475432199658
0.559747339735066	0.9861697808870373	4.955779677739189	5.08577230322672
0.1757075191859772	-0.2976785351905833	1.522165445749555	1.5671480695025666
-0.9151590030901552	-0.8651000927801188	37.23965194321097	37.264209517516434
-0.5755385182143427	-1.4722239924690737	27.88270551977135	27.93183980898212
-1.0893831306397102	-1.2166498920261777	28.986007243098655	29.032311107573868
-1.3456074927206796	-0.8252819407417615	23.186511959189485	23.240601679490098
-0.9561106716699217	-1.0604484951077193	20.4120619428935	20.462415575212
-0.1771422499642007	-0.2197105387866537	3.3360020649808533	3.350827011355996
1.7521325701688861	2.219683931531812	7.879027080894024	8.37230630266885
5.662356516018479	6.6582760443802425	28.124394890193827	29.4662400200997
2.4801093487924626	2.827132940470916	11.366005476376495	11.9728519292182
0.43971960762906004	0.060511194950300926	1.1059270730041268	1.1998205756492268
0.8901531087014084	0.5016994509987068	4.468393402455758	4.5858580745672155
0.021671105807002634	0.3948421108149577	1.861390124283816	1.9029301416712674
0.050912819402889775	0.28179146877832323	1.1193363122465954	1.155384173377238
0.09838884000283266	0.5589604223808826	2.1639663084737037	2.2371561328963216
0.18957423959501057	-0.09279997872644553	1.1662583798878177	1.1933937413646067
0.14027111181971086	0.050825733765334016	1.4365976939363125	1.4510520180707014
0.052747103057561896	-0.23883486910308865	0.7317114776252134	0.7715089358321966
0.051572144763671376	-0.03284452142292721	0.4055067146823341	0.4100904099774663
0.02405066850138402	0.24749771356782302	3.981286246342572	3.9890442123638086
-0.016019786219460323	0.36410332735668605	3.8192194797045618	3.836569470333818
-0.8557413710676575	-2.0935991714586275	53.89827354146521	53.94588790000956
-3.400788888626989	-2.9196471602185734	87.89616640189425	88.01177982785465
-1.6422135789353296	-1.8568211790900078	37.433620434817904	37.51560460912197
-1.098373544951236	-1.1262266049822085	24.925383101992892	24.974978149963043
5.608957495010153	6.958420161244144	26.326907463101616	27.818498587753695
0.12693813636368928	-0.08100367566930011	0.626276795553261	0.6441253842101589
0.027613629745088308	0.048202933143187715	0.3095553767342991	0.31450050330074075
0.0007883505589521937	-0.013552494361801448	0.42336646141711326	0.4235840557113531
0.05915074431910096	-0.1738212603727139	0.6140726541564631	0.6409351493667873
-0.6664383591910569	-0.4665249081575237	16.317033426878027	16.33729982066766
-0.35254768563201344	-0.3743937209072511	10.76194453760625	10.774224369271892
-0.008779474115978247	-0.013904701263200023	0.09259298157743506	0.09404190619277672
-0.39435259804115863	-0.40187867765534313	11.650932847849292	11.664529852001298
-0.2182871883844019	-0.23259155015010635	10.098736628809363	10.103773039012202
-0.03949670082873083	-0.017688918356556973	0.48691841108213074	0.4888378322713228
-0.31784936793756124	-0.27859354192792685	5.724673649902846	5.740255306185798
-1.1941124938663974	-0.8319120087587731	22.484825632432315	22.53187444397847
0.2161925571603524	0.41224368350075186	1.4703553598691457	1.5422804416362552
0.6715362301405245	0.881132383141484	3.2022879675467246	3.388510500515892
-0.029454442942209266	-0.027266195418865942	2.0043554996895696	2.0047573366264264
-0.17236286187185668	-0.6506500924432042	18.550148068683203	18.56235566594446
-0.033302748821463266	-0.01342164181443107	2.1364197995213416	2.1367215011168095
-0.17662298607656207	-0.0843642141203282	2.668383876267629	2.6755533093100192
