0.5518688425809953	-0.07771639120261266	103.22080093616034	103.22348601409327
-0.2252191185564279	0.24402316656401843	11.154713828168276	11.160528272909477
-0.3037180714614634	0.18725771767022792	8.448536301836064	8.457219137996907
-1.4838913917406245	2.6158211989851137	6.184075094132084	6.877987987944336
-0.2810551018112446	-0.11194392339216493	516.5892434902684	516.5893509288061
-0.05063565025754627	-0.02286525277165856	-15.294345122990087	15.295082847598618
-0.18835859925660117	0.3864962288517528	-1453.0244719561151	1453.0245422708551
0.19451451417090748	0.3574097355833138	-881.0793001820314	881.0798951165884
-0.32959120417141313	-0.17258000369038934	25.006934326303647	25.010091131471402
-0.9702506705869706	-1.1710601714500823	68.83644772075827	68.85338613958298
-0.0403105211193901	-0.18603132055126215	11.412943222329888	11.41538371546768
-0.20827298738768618	-0.05086597529874395	2.698597886116387	2.7071009467085423
0.018956723181026227	0.008949829024591597	0.3585625807867546	0.3591748615003405
-0.31069306942075986	-0.19295560041667587	74.91810688891597	74.91899960534815
-0.015884663544933182	-0.01055891447055227	17.12367324663527	17.123683869738514
0.012122659338542952	0.13076686174784785	55.72597350685768	55.726128254329716
0.14765560716221887	0.12728343632899455	56.16637196284356	56.16671027147654
-0.5692666627069064	-0.12004062831846646	736.2698270022228	736.2706547043426
-0.03727422516327773	0.06594532430550962	96.6107205167169	96.61085102977688
0.13634928820827663	-0.010399450539031047	154.67214768637197	154.67227110564036
0.2560149266278726	-0.07098350089191313	72.35488326857289	72.35550562945274
-0.344385704738967	0.5053099577298015	153.73977533325052	153.74105482586708
-0.6025959142403426	0.4131055459048871	565.6231234900129	565.623595339362
-0.13251030934310484	0.02796911169432552	87.76531906849091	87.76542355875293
-0.14274488626348308	-0.0399282396852485	37.19248815912883	37.19304539317423
0.04661907883305841	0.07352831487797946	133.16113939163975	133.16124099608052
-0.04397989441179471	-0.05128624084382595	210.6866880967213	210.68674515844515
0.1349713984528792	0.035309757297562895	857.9160381351456	857.9160608319129
0.16428166931606686	-0.34112187747429445	31.665038628402595	31.667609693901646
0.24644232933018362	-0.12160607408708246	26.061950364411764	26.063772912625346
-0.255850489551078	-0.2895947848032995	124.5943341310138	124.59501154519789
0.21185152875524588	-0.5479610027654658	19.202004236754295	19.211496267183815
-0.6697436995413453	-0.36905564479750613	95.53774392034835	95.54090617043043
-0.0038599091045932454	-0.04682887598866883	1.5202611545974543	1.520987120492032
-0.29089942866215246	-0.13445699137322611	16.077355098079618	16.080548750271923
-0.07860411921777968	-0.21410269916890112	37.26982510760998	37.27078429427109
-0.3022899154510278	0.039258407493404396	29.833791558524553	29.835675272363673
-0.3046594113404218	-0.8499218056893855	48.87145034878481	48.879988987430664
-1.5492467832982357	-0.778424419313383	68.04502458101784	68.06725321465797
-0.5362568971560856	-0.968985687968447	30.592212246725477	30.612569879982882
-0.1658398939012105	-0.501331490527338	6.316379005698961	6.339949499983269
-0.39364418313171556	0.1594850883478186	1.594140022360291	1.6556429059762905
-0.2209169258679634	-0.09557793624182055	2.0826780129040503	2.10118226728791
-0.7757292353782287	0.6227608707360672	3.639091133866545	3.7751888713316757
0.07815963050917954	-0.08094157783675751	0.5318023368869431	0.5612076062229105
-0.5639123840771445	-2.036410458450245	12.727668786948144	12.902635283823033
0.3835026739007137	-0.015575290685632154	1.8566187910521315	1.9590993257762144
0.9579727964874274	0.6256678677777691	10.420684952678123	10.525217225095725
-0.3163635019807938	1.92877931899086	35.78760904677115	35.84434344152071
0.22266667476440952	-0.2576254519852919	-257.1880193385051	257.18828263039074
0.3517884044437841	-0.4567578611819652	-963.5032887947619	963.5034713901827
-1.6629716859885015	-0.7910212700592174	57.82500831134875	57.8543237423586
-0.14723335371677843	-0.08060702061321182	6.670817701625479	6.672929188934847
-0.3077559890327844	-0.3051933706060658	16.869587301874404	16.875154294933413
-0.2803490394258786	-0.28845602478538956	11.351520139447082	11.358644810822053
0.16311946484019196	-0.04432813645346764	42.36067673170759	42.36393657137902
-0.0022215938789780128	0.009451808886635327	2.16742302240949	2.1674447698248933
-0.33038969960459874	-0.26226163508640843	28.59616955700212	28.599280617729846
0.006348018842238359	-0.05740621035649352	29.225279684609806	29.225336754501182
-0.05647480136720916	-0.007556823219353057	5.342066905065209	5.342370759031953
-0.23847560287970476	0.16788173942944737	76.51306939008153	76.51362520742983
-0.07195903357821548	0.15534084231570625	61.24623160550431	61.24647087591976
0.08000458010825152	0.032287966371291485	48.51714446257732	48.517221169891876
0.02433517381769653	-0.08305719984283723	29.868037416289322	29.868162812600108
0.010141507210946895	-0.05527783201189104	29.87675069220826	29.876803550802546
-0.04972935754973852	0.051981537580673615	92.65661026450005	92.65663819066991
-0.0026277849031536987	-0.01004466777271959	23.731058633490292	23.731471329263552
-0.6093148191472862	-0.4748850981437886	150.51838780184798	150.5204349138603
0.03270836344070535	-0.08288430736977759	8.642712129718012	8.643171443551376
-0.08961185361085204	-0.25094009800305506	15.422513416845266	15.424815114284696
-0.31058060987288283	-0.1605105124774989	8.766884445611076	8.773852450465657
-0.5033642957725891	-0.11243914427551802	11.31443876588974	11.326188371363667
-0.1433973824772251	-0.03866187521904188	3.361428303069342	3.3647077209905483
-0.08561249495559455	-0.0877128180958163	2.5892929709353756	2.5921923399096327
-0.35987072566569117	-0.11963528660236056	12.056185562197278	12.062148641561569
0.03488184971962298	0.01710178320341007	0.3304568383961699	0.3327325299266533
-0.08587641821151391	0.23441621700049048	1.5769720905590887	1.5966110034695247
-0.013418097914289509	0.02081332512746636	0.06153470851769742	0.06633068827365705
-0.08513497441737697	0.19760587519146058	2.8843738209092695	2.8923880072573196
-0.3985027576143389	0.29899005709592186	0.42180291500586087	0.6527765323415794
-0.18120245786743924	0.0709052036729026	0.08648661000053942	0.21293616967176413
0.07311731952329568	-0.3204319278452532	4.2038519122684095	4.216680407984422
-0.05338090528151122	-0.4097860596800081	4.776139327118492	4.793983834745861
0.006636036778199699	-0.030391528278583067	0.10191192693186794	0.10655384941988699
0.22989575794099848	-0.3255181595153549	3.9636796521885533	3.983662952217105
0.07316982866025798	-0.24050770332429622	6.351082729030515	6.357588331676894
0.35133782880762454	-0.005737166615413292	2.8645320309092415	2.8860032815534096
0.03573433627909982	-0.02325338203987608	0.07463341853119951	0.08595236894497683
0.08967306166520929	-0.24808766216890646	1.412087496133302	1.436516565461347
0.4057476710686554	0.6192126868002558	2.5332701517795337	2.63922586869126
0.6794366021531607	0.39502165552104956	1.4952338351683376	1.6892011207988937
1.4395393373234222	1.0498992665328857	11.378300787405784	11.517802332352598
1.3002834747974241	1.3475715447224512	10.947807503282082	11.146477788826225
0.142614761227896	-0.021470066226444436	2.0549600494706977	2.0600147423706634
0.36298014932592976	0.1596280604928605	6.217161540905772	6.229794003995576
0.3224753601032543	0.19479847014304807	1.662087117990398	1.7099561908228587
0.3375617310565643	0.9510934933203609	6.56409704895751	6.641227057061288
0.11383268074934234	0.3339765668765266	1.8257355928128518	1.859518400364166
1.0397743510377584	0.8087786539999046	16.727968443577712	16.806039796646733
-0.01286678495704413	-0.02615296083040429	1.373053847261461	1.3804369539732075
0.32103862220242446	1.525827286448171	42.88713651904121	42.92575550054762
0.0513478109764135	0.33805712153071443	4.757988152900818	4.77230031150118
1.0002314068031797	1.4890476184204076	37.81367775868034	37.85947129882423
-0.42242847615519474	0.26303081015751867	18.84280187319018	18.84988841457048
0.21178377444381358	0.6649605627441838	23.621514948670416	23.6322337744929
-0.027686428326968663	-0.06894771050744988	-295.5922101393126	295.59221947705026
-0.00470045240488857	0.034672652499693896	-27.44470543731101	27.444727741915237
0.0619157448313636	-0.07496536213841208	84.04082032445838	84.04087656713766
0.1648394789753884	0.03454714009403191	178.9914698130782	178.99154905024088
-0.0774304411120173	-0.035252967101554435	63.56479472052796	63.56485165645993
0.04516727639384841	-0.07072877418540248	104.88716503929696	104.88719861176133
0.002738419587883869	-0.07700036679467638	38.19322125692624	38.19329897424351
0.17621799700653187	-0.10672944978011611	166.55242280322628	166.55255022239245
-6.714486130768882	9.749496393498221	-99.5320433935157	100.2379541780493
-1.4714888793567926	3.552607443512773	-29.237684937695555	29.504428675550063
0.15509115001099127	0.7308460967773865	-2.288782374336595	2.411678631982376
0.6170921396225265	0.4128784086361407	-8.27394979232237	8.308369048126908
0.07812483841262427	0.08907489380102504	-4.247460182158547	4.251403957636227
0.669771636931569	0.46666955664629733	-17.460860541422694	17.48048927097438
-0.2956263356562734	0.9493271478920596	-15.51678624235134	15.549236381243364
-0.022693159580625122	-0.07384864864334756	-3.4554165152390524	3.5813715932705166
-0.5453979192528984	1.202978909977291	-0.9309850540144813	1.621983385819315
-1.2190108139212312	0.4370004068415526	-0.42259329001343343	1.3693142786449584
-0.05471507363119455	1.0443262979002692	0.5431215327689898	1.1866220712703288
-0.29620125030448535	-0.14451287971189405	0.3383517903384282	0.4925249963299167
-0.12196586618418329	0.026263473775306717	-0.31447199800969805	0.36597522457266923
-0.029774756360806537	0.05776325192755183	-0.24121216140024399	0.2861576857205981
0.08600805493213817	0.38544523842843875	0.8725395084341678	0.9678689973435997
-0.24363306796155054	-0.508123485868558	4.97244155911611	5.0062162750345305
-0.14095412242899688	-0.34348117788707094	1.7613805802024365	1.800085812539694
-0.17725737051537216	-0.716933931257466	2.819532280276776	2.9146486437841976
-0.016869460601191988	-0.19291607768622385	0.3318577180547374	0.3842274544632513
-0.11231764727636298	-0.09940098299920858	0.3510959289351407	0.3817907288368011
0.007603597289934844	-0.06874821220707239	0.3761070853269139	0.3824142662173087
-0.038216268786009144	0.035245445188332926	0.9256616202888371	0.9271203588974861
0.05943294865085734	0.10809388157666194	0.7125863984915118	0.7231845808192738
0.2693073855749113	0.1808677201263378	1.148711989637658	1.1936409993152048
0.3848283291187177	0.25122428449313794	8.575301590159722	8.587607574068997
0.029238346486232088	-0.012299518482149536	0.32462638344199224	0.3261724204876445
0.023535278898904475	0.11763077217827853	3.658022220349965	3.6599887257326627
0.043959347080185555	-0.029252471864678477	1.146045857321596	1.1472616259554322
-0.033668742740496575	0.1999011207094241	8.01768207755501	8.020244381503936
-0.11378305350820786	0.07551657218857141	4.604438538834955	4.606463241343552
0.0738380217150452	0.20766381316452115	12.784850801479001	12.786750420995443
-0.008071375260309804	0.05292197217708382	1.0452328316337645	1.0466028638231608
-0.7912647546990371	1.1066015251856265	-12.96795297302701	13.039113127748085
-0.20559925749669458	0.23532621420206576	-3.5781467772583664	3.591766117299165
0.025883849974113936	0.1290176205322657	-0.8161990438162532	0.8267384103958508
-0.08195790822253729	0.27831690782175456	-1.0881933114206175	1.1262069449795846
-0.4881687021103824	0.18578309649480346	-4.84582170563367	4.875888824445626
-0.15389920283574438	-0.02353441628992811	-0.12931186114250243	0.2023867357702153
-0.028793208189396305	0.0676452977229629	-0.09239358224048821	0.118074168136371
-0.2888166246808775	-0.35475172125711746	-4.014154475328021	4.040136133625069
-1.5484220588093676	-1.7124505864465493	-22.871623745448893	22.987850500571167
-0.09532349065311738	-0.19200623378481502	-0.7430022724931127	0.7733080489768958
-0.2586842381544841	-0.18932560260058082	-1.3685295338059336	1.4055727671553413
0.1565764961186883	0.9994968967198841	-3.4654906568771002	3.6437419888065565
0.46294164840869884	0.7227038578164229	-6.180990704689997	6.259790880676306
0.5045122140585508	-0.04217893500799552	-1.4177560237730922	1.5118940321786973
0.7337321016359951	-0.16408963549500455	-2.185160887824145	2.315101746365476
4.513711576212211	0.28487361114508813	-14.48915990752479	15.179261503060115
0.9246072286817684	-0.74849105015435	-1.5750464346565376	1.9787340487584508
1.286540716963948	-1.5134546168905079	-3.0041220928478487	3.7216705973836324
0.4816226841938289	-0.4294016223246858	-1.2721701826617853	1.5094645008210232
-0.04767523078591518	-1.550484907066821	-17.27997082346194	17.37480988751441
0.48274456781273917	-2.544378743519648	-46.35222978268307	46.434001140627316
-0.13075478440804447	-0.5437557301693222	-7.83439521998324	7.869830716923573
-0.10405515449283032	0.2679537472764912	-4.046173471763238	4.058771517880332
1.1362186636878504	0.04997489651932008	2.123797385519468	2.5854122049750683
0.06717515529169774	-0.6688598475384687	3.0352779543012645	3.247329495124404
0.3260877821979533	-0.8158875405084219	5.910769863937886	5.977347730372722
0.45634764821194496	0.06501173303773397	2.609664165239926	2.653734451993745
-0.44153263393721726	-0.48641087127765725	4.106454380825755	4.161008768223358
-0.2529482277937407	-0.3409610260758379	0.28369615428509437	0.5293397019899738
-0.7220594240437782	-0.13634044061214246	-2.7496931209385007	2.8496053361532816
-0.13764657626605598	-0.11946920912169885	0.09897616319193059	0.2499910751729491
0.585019849052235	0.08330509493755506	-0.24698470794747912	0.6554915662978102
0.4962920212422569	4.341478153497231	-100.10317425218258	100.20290926652464
1.784434081023565	3.9467929461812212	-107.49661050814203	107.58794282852347
0.2769663834922156	0.001779642983119556	-9.871846305157193	9.876717207769977
-0.11617057721064256	0.9165142501293524	-11.75019014548456	11.78645249550271
-0.03497414407912276	0.16472467446661326	-1.5368436773390453	1.5460420103312844
-0.2769656670939454	-0.03336768221289198	-6.322724176061139	6.330414218233516
0.012278487120139455	0.07804855145741632	-0.7521613102820258	0.7690700613180401
0.008931313275500966	0.23958991165173887	-4.479868715650774	4.5836119587601045
-0.11559566147349923	-0.04341528893378248	-1.0728095755976175	1.079892415826058
-0.0262597393288525	0.3647295897784655	-1.3102199610514245	1.3602917311765093
0.08356663505662335	0.2763744539640185	-1.2725794178065017	1.304923214569858
0.09470767198951038	-0.1506233674774319	-0.07755939582463697	0.23906523533252777
0.00019851445518395683	0.14489543757592202	0.20808548072587318	0.2894375224935851
-0.29795267588596486	0.27710356398964076	-0.6064359928809699	0.7435096371970544
-0.40748265625289926	-0.17738349554039531	0.19467500560666678	0.5048615278915631
0.31010603095142336	0.09542339944378753	0.0121235801392071	0.5941667012625712
-0.085662022590655	0.07286741026051083	0.7216798904171653	0.7436056015959853
-0.013917809427868383	0.2108934383076995	0.09738129856810782	0.23270768154774107
0.6079566853122609	-0.013334198046194345	0.5755714155429646	0.8373001770234728
0.30674919962632774	-2.0196727831965045	1.749856956372626	2.68982761351388
0.04433644644831004	-0.15548562115067538	0.18346908269654397	0.24454529881759443
0.1806009889350096	-0.28592297141685735	0.6837206615792674	0.7627860813219778
0.16144395735933104	-0.15480596945706937	0.7135067144174452	0.7477438539140003
0.20545899711536014	-1.3191026173671874	5.186338817006828	5.357222715580565
0.23849233036035344	-0.4909120170529201	0.5713268290947212	0.8023511267961847
0.7600402265539155	-0.4041004996589056	0.15473151957674877	1.0043008241335034
-0.050657459019233096	0.1279860707383232	-0.39838464405591095	0.4214936975529708
-0.3004412857079444	0.4529222524227339	-2.493303481815986	2.5518553613661648
-0.9731908818508765	2.9443440940462806	-11.208493552477606	11.630394238266172
0.3257594410817172	2.2694845963304044	-7.8019453125259055	8.1330504726689
-0.08270366366546592	-0.057923360531383535	-0.4106256142841544	0.42285743080283983
-0.3029238456957225	0.014660175341939957	-0.7976859699237298	0.8533936276099701
0.12584193172543237	0.6378195393324002	-1.9177314804760166	2.02973490206069
0.46515826690371026	0.3847635873806459	-5.0188795498752015	5.05505362657988
0.12952334747100006	0.16170741346292666	-1.2452733907871705	1.2623911449750989
0.1494470889229658	0.0676683496636795	-0.9227956242289013	0.93726474489856
1.2643463292330719	0.6713917887849107	-6.10946448138965	6.274941818348169
0.34700462792066955	0.3476565971408478	-2.262025485128159	2.3189472614967337
1.5792416528768463	-0.06289560781298756	-5.828403742558897	6.040507431237704
0.12186177843355736	0.0367512761915134	-0.5815424930185167	0.611451065442596
1.674062535727308	-0.2564183965952105	-5.298390057369069	5.564229753754388
0.9830078674649531	0.022914621544071777	-2.0081892608540968	2.2898413912732525
0.7239693896064378	0.05491719930888193	-2.6195178510093955	2.721856192476731
0.6895403990105212	-0.45234289913364867	-2.5150196599623023	2.8081585680230234
0.2795055194373993	-0.12293263603901186	-0.61632633060067	0.7018359488449968
0.5343769600307101	-0.36359765676070077	-1.1486433147844086	1.3253766411524122
0.02648985130652004	-0.6590606774104368	-0.9337766872144936	1.2452797005959022
-0.3461243508842203	-0.11079651008848534	-1.3590321795837335	1.4136923933327663
-0.2577744701433424	-6.726888567452189	-136.79564657492097	136.96207547810258
-0.026697779660366565	-1.833327347793539	-59.20518765647962	59.23357196197587
0.08912679552790241	-1.17723205061353	-26.607135944231715	26.633315641157036
0.008657001656984714	-1.8607798845938008	-41.31209464388403	41.3542164763488
-0.07257185335958338	-0.10779822026327049	-3.1960560293546365	3.201740317056662
-0.277760617208991	-2.8696676212709313	-62.411562848742506	62.47811873319793
-0.1958929257328284	-2.124516515566341	-48.76199713181474	48.80864993775565
-0.10454597387072365	-0.5153253166164886	-8.359951687978738	8.376471946346925
0.023041997727094102	0.007849416706486867	-2.6361049280643707	2.6399093779270433
-0.08408565909290046	-1.0931445352208995	-19.75870263914758	19.78958931206269
-1.3535771798110867	-2.288691292322111	-57.364385432108854	57.43364297700171
-0.8186519660163403	-1.7422636149791169	-39.72046491516511	39.77818244222963
-0.07666456552457748	-0.07968550189305687	-5.752078647637659	5.754834123441622
-0.2769669796398639	-0.43224197734318814	-3.268273915372016	3.3112894777698783
0.036219267206282976	-0.20860467284515827	-0.0935636544988818	0.2314776496618664
0.06792492251001689	-0.23042952483798507	-0.285274116286368	0.3729515818950491
-0.3337249582843845	0.15561444951470593	0.5390812405317136	0.6528374901710917
-0.12301256731675278	0.16189553327134154	0.25848757204097306	0.32887395809140607
0.24562117272278014	-0.05521399879242941	2.3258329908306554	2.3394181856582708
-0.018149758465488344	-0.007578284694764613	0.14579990070006216	0.14712054640810177
-0.010223052814532355	-0.40987168267842045	1.3288338457807416	1.3906468627091944
-0.10783763105128	-0.2820472436834259	0.8091697035810049	0.8636754086655132
-0.125276210892702	-0.24683920158915282	3.0466155397258756	3.062347098592188
1.3571082993254004	-0.41309291038253493	13.646226110273664	13.719762233414285
1.1370981832736904	-0.2220389038088891	11.413286640686385	11.471939918587408
0.923717312457423	-0.45765826086065503	8.265956779277055	8.344840438620974
0.3147472056437678	-0.23636424929810673	12.238523641595034	12.254799660952742
0.010391035475817087	0.0029129667252172364	0.27769311569343175	0.2779027266813474
0.2837434795982512	-0.4729439916482598	4.305020400199571	4.340205873871099
0.36607075254261956	-0.06418099964402825	3.224948418563746	3.2462931628211322
0.3521940456240724	-0.15934242296546575	2.6006858895426914	2.6292580226360474
-0.10853932824895106	0.5814458919062873	2.4490927213629328	2.5233697814082516
-0.42733173846933514	0.26042820902386066	2.7756696643257137	2.8238727197089855
-0.01248094373691993	-0.05043541819758434	0.32473482820475197	0.32886503920985405
0.04760253907552242	-0.11992443817723147	0.17685058136107637	0.218915510474502
-0.2772452516468694	0.40230761636007173	2.7260980714795893	2.769535528399446
-0.20763182950771908	0.389934152595277	1.877779089278652	1.9290448227340604
-0.7633767964406941	0.696142602534207	3.847873615516361	3.9841548686508284
-0.5242038311436802	0.33679318432313377	2.337482179003458	2.4190994693792525
0.19830815461084278	0.23306316836646268	0.15948153371185336	0.34507814220732214
0.050673663474054886	0.15000470779761843	0.003321967897973538	0.15836750930050567
0.007757356471645535	0.08463297346395533	0.03695161108599027	0.09267328816130908
-0.17674792460740596	0.14686311790811318	0.03861296463992288	0.23302267119960998
0.4004600607079312	0.08787868851349016	0.1580942788531216	0.46104718849933307
0.029340427940066444	0.011927771400313151	-1.0763045728790062	1.076770479741409
0.18544364675838626	0.05336785747705004	-1.3712656916493895	1.3847769031253438
0.021959483660580245	-0.30768018727616053	-0.10180306849939635	0.3535434431874323
0.08675947470710937	-0.09815899071959772	-0.023676810703823825	0.19288019643200363
0.22472884247236638	-0.1074741165895037	-0.333657491817962	0.41639051408733757
0.4771797345975383	-0.07374881269297201	-0.877868329632514	1.0018943011395864
-0.18629429678062034	-0.24584857744280547	-0.04359567192552899	0.34136118050281483
0.3987565328989567	2.0129952200653345	-47.40715427512795	47.451548267620495
0.2081391892027052	0.8877073458381919	-19.204200668448337	19.22583339072636
0.09942951050177287	-0.07234202313297908	-1.57509618276937	1.5798884710144048
-0.0073103931847386845	-0.05185421712559016	-0.18940749290398198	0.1965133584527914
-0.26261262605727764	0.09940660281010949	-0.627374918645267	0.6873473303884301
-0.12460004528112512	-0.037976798834532983	-0.394421813702386	0.41537450049089036
-0.053353875736184754	0.41608341003181754	0.07489897430073983	0.42612427355301047
-0.1573619961782776	0.3112815315417827	0.027679516102822505	0.349893048418937
-0.2066234635534001	0.44880731689085074	-0.022102157639519837	0.7015878283279221
-0.042428219122567806	0.2271665500425493	0.0008601993056777391	0.23109637638654607
-0.02991613251016433	0.8742645602212574	-0.2258827576207833	0.9034691563266585
-0.05645445556816972	0.03072749415537783	-0.07911380242551784	0.10193271400679521
-0.12902785713614567	0.09024861592563002	0.03456759733047761	0.1612076901975819
0.09556592295752359	-0.05334833553696734	-3.9418406931917107	3.945829028979512
0.04808324641775958	0.2181712419384575	-59.12106866934308	59.12895621503456
-0.31535929838399174	-0.17130951086758517	-8.990242945891042	8.998485786321751
-0.12889051965548193	0.14551262812484472	-15.35430661305384	15.356171334143472
0.276676047219189	0.1088847986657078	-2.5047559200933085	2.5701999331039955
-0.08939007728479079	0.051546169965996855	-1.9176893807832545	1.9255284832024706
0.15656686764370042	-0.07350384980219812	-0.8568192614999977	0.8851751418543711
0.41264065793284727	-0.8331357709273624	3.0511404079197373	3.192698717248247
0.2515179066822897	-0.9864101095105151	2.9452635261152733	3.1162226171747367
-0.0019051821518184546	0.0039334890160032145	0.008494239437911132	0.009552704250587381
-0.02905605343656764	0.0376307777137343	-0.36331717463477686	0.3920962687367049
0.567097465305227	-0.68170887257892	-1.324795532527423	1.6002779477369096
0.001307126844077711	0.023931571995782996	-0.54810953759975	0.5661080098590618
-0.12253278289419085	-0.31197917755971405	-0.6190216327981541	0.7176439624819004
-0.02321677957951153	0.0022380547852867833	-0.178934595969041	0.18044837870668035
0.08498279074053783	0.07149105616615267	-0.13732697437528438	0.17661184480343342
0.0028765891655691926	0.19927339653707749	-0.6689458374845741	0.6980019303845723
-0.4969340012337558	3.653009869498717	-11.750662820467175	12.315417216990538
-0.11962129840003924	0.21410253679879096	-0.8566889870151309	0.8911033451668777
-0.3742418935738181	1.2109372833370164	-5.02074822632005	5.17825635240061
0.06139665760470749	0.010248714031837742	-0.015365912094793543	0.06411471717820337
0.21121070055164196	-0.014004973099241336	-0.37715325397669835	0.4324935563499621
0.16875004040209063	-0.035108105513239875	-0.6404089667667577	0.663198914296233
0.055343382202176966	0.060646016384973675	-0.5332423767465936	0.5395259600939502
0.06407332840243601	-0.0713894187800492	-0.5402819895935554	0.548731691089088
-0.003139747653836171	-0.028579091694843795	-1.274716502757286	1.275040699310888
0.11618867904933874	0.012848569198466877	-0.3408123748428179	0.3603026085329934
0.15558727587362164	-0.05723592814679493	-1.134441576589548	1.1464907511967026
0.21309026656160104	-0.04131208179518332	-0.6933796792650679	0.7265600659431225
1.0372447888703844	-0.02679278213361289	-2.5944140490755143	2.794204513498186
-0.06666530657852363	-0.37778582503368685	-0.533304075993958	0.8241330852898465
-0.12495526829722531	-0.09474420602741312	-0.27013209077656536	0.3123485715003593
-0.1362912067244352	0.03968657453668975	-0.2752696922848897	0.3097155480751278
0.12395651645627695	-0.5676817271619254	-1.3776794803138663	1.5758312802782557
0.029709292292495908	-0.935718715770134	-20.485882917889306	20.507263373803926
-0.011106535075299288	-2.486757425497037	-58.993958474246504	59.04634808613914
-0.1888443817626317	-0.7157376197937354	-9.947666708179563	9.975169947320968
-0.03879351377380275	-0.47278072715439706	-7.369479069276386	7.384730753736545
-0.1264013853202371	-0.6257371578026905	-16.221664150554727	16.234220403649143
-0.304483628570316	-2.4722812577835307	-58.74446138794277	58.7972501793847
-0.5000230390372263	-1.286730653274739	-47.343804240947215	47.36392613391309
-0.06551281331273197	-0.3594262835190491	-12.54465268473281	12.549971719592298
-0.03530164398427116	-0.2382076653149489	-3.1220618166133707	3.1313350323205555
-0.08167277192271952	-0.07291109172349106	-2.2785368209559955	2.281165604120426
-0.025209065336742505	-0.07195205938128513	-1.4015126243518654	1.4035847790717924
-0.20911918920102399	-0.416739967232632	-17.107919986860278	17.11427267845158
0.21181130762477043	-0.34982518733743573	-6.842508786307581	6.854718680035665
-0.006421717746585148	-0.09168041335708707	-2.1686045274390544	2.170551112754849
0.21117769483796758	-0.12230245646277128	0.7487582901188827	0.7875232610378308
0.3447697533212843	-0.3892525881203959	1.285153639286725	1.3863634576602062
0.013596395512149804	0.033742652563872925	0.25644162759279454	0.25900914450152274
-0.14132355327811644	0.1412293527920939	4.173620238053353	4.178399689868091
-0.06791557156921998	0.021825791544394922	0.4503643667128855	0.4559791144809284
0.046883720332959206	0.06482795396819445	1.0632847342325942	1.0662903792588767
-0.1416343421782868	0.01967184612090176	-0.09715492331323282	0.17287668303759357
-0.7248500725887792	-0.18000743705865663	-0.6627780403768654	0.998541454289296
0.018581519827333234	-0.0792077620583897	-0.31340259396056896	0.3237905624792132
-0.053097909838123354	-0.02840697505807057	-0.938416428980243	0.9403466054818077
0.26878857822640284	0.20188405193993428	-1.1290787589743259	1.1780591301711731
0.09673903125131116	0.015131284792605702	-0.17992532877849587	0.20484267105016707
0.16317487131300729	0.20591008822261314	-0.09551157894003634	0.2795486805039144
0.08513535273008395	0.11516514731222355	-0.17677151864496526	0.22750650373993545
-0.01842382881318963	-0.03909444269975978	-0.004279149392738633	0.04342952955844553
0.11345968122468321	0.03200614543638868	0.049667292802707805	0.12792315108553226
0.13194883412918706	0.20879313102926045	-0.13533219338266234	0.2816378329678311
-0.014554978887523294	0.1036416801194439	-0.005031602571779613	0.10477958910416532
0.07096527058035237	0.09481167329664575	-0.048209260185582706	0.12786499047625868
0.006215545870558253	0.03423211503215852	0.06646360944284047	0.07501921147422426
0.005171020695443118	-0.12866590407247003	-294.04118559786855	294.04124691825024
-0.8683563583422723	0.18127744765878645	-304.08151765698324	304.08426311901974
-0.30096584065282594	-0.2206564659048562	-58.10730935513179	58.10867534190632
-0.10672603325745858	-0.4829632771569626	-15.828835272583405	15.837176195418724
-0.11992251546656059	0.1903986939178533	-3.328028728544332	3.338545802483149
0.05316091725345866	0.07139452434358584	-0.12666226730525143	0.2084379430151405
-0.17570986509328185	0.16787413740657373	-0.6848751862865158	0.8785383576669208
0.054308541672172035	0.07072293936729088	-0.7400870647118957	0.7454394778955415
0.09357956827503214	0.44754315921689336	-0.5432704097435961	0.7236536035724224
-0.22204988006116122	0.49785964011730416	-0.8022236431075186	0.9799045509403481
-0.02039093554832437	-0.0171588979083033	0.0002476385888077193	0.026651066673477407
0.2152958883607386	0.11118368164664001	-1.8419587318466124	1.8630635752264386
0.2910739719492297	0.1460743726426595	-2.345298132933949	2.3719116544957393
-0.4558100519718999	0.5003763253383555	-12.574361310124068	12.593338771464971
-0.13043991707446193	-0.825608976801484	3.4257571778000884	3.5262525428265077
-0.08645161194632409	-0.15506203559958015	0.7386648238815476	0.7596998342321528
-0.39977666228284175	-0.0723038589090226	-0.549901399242005	0.697796934292105
-0.0736528445367923	0.026766880289707938	-0.818248243058545	0.8337572665693539
0.02687497545481183	-0.03830097473624647	-0.12301709558108544	0.13161472097242483
0.14617258804269942	-0.3634563572803243	-0.32638477886222156	0.5098960413805198
-0.3043516349991853	-0.18265806089349057	-125.03884467545163	125.03934849341088
-0.13921392591506976	-0.21153892769604205	-83.03837598696533	83.03876212822372
-0.2528295277346326	0.29820381094303205	-9.919950856358783	9.927651951772322
0.003952137008827588	-0.01043429432809007	-0.16585250162900708	0.1662273929942401
0.11201711790064751	-0.17770704994194525	-0.7683811826171056	0.7965784783070017
-0.0386123701705608	-0.0443262010077683	-0.16998045970224457	0.17985851079822684
0.18379029955204595	0.25763913299254004	-0.9315377260095465	0.9838289140077234
-0.27790820112825054	-0.2841415901501331	-3.0288533667108997	3.054819491973844
-0.025774026150550793	-0.04403148315057665	-0.5437488037750442	0.546137432026262
-0.062127871320253665	-0.14077328403536954	-1.6395088427287199	1.646713847758485
-0.6619827729276597	0.7823871663123785	-13.399199483901262	13.439061628846826
0.013744010263189166	0.17693322685057422	-2.8264580040802993	2.8354609675168274
-0.1547255750474329	-0.06592853079235111	-3.630400889893772	3.66820295351657
-0.011716558741291336	0.0026695856440918306	-0.35514725996011676	0.3553505040005265
0.23212474437746694	0.2603087482249517	-3.3677172877703345	3.3857292082654697
0.02452753021117367	-0.021805067699440683	-0.8095916285541135	0.8102565431642863
-0.08952658093014479	0.09442811160471817	-1.9118792808056102	1.9163021842413197
-0.017037493373894264	-0.064478190060652	-0.6676433973373392	0.6709660342983892
0.02777495825430331	0.05819033691442777	-1.0827209275413643	1.0846391891095744
-0.07443001151433003	0.06847072425791081	-0.311818711079836	0.3278093581243775
0.026187874350304938	0.09351413788335054	-0.7133321535043856	0.719912119616178
-0.03832708299119654	-0.26490135929427855	-0.4451077189361254	0.5193867315431647
-0.11824846217322484	-0.12683635962463918	-0.22970958811444692	0.28781357820796494
