0.037944078991000094	-0.09613782178472602	-5.2025970144329605	5.205494953738273
0.11160305711112996	0.10308122067409045	-1.6561639414206295	1.734842910373764
0.3150601531719218	-0.22438493557307554	-0.056991293683172704	0.4151376782279939
-0.14542868418704868	0.03713305094133835	0.2635237014701315	0.9873018240604576
-0.3585788687166251	0.4374353089508032	0.6908545388534917	0.9037080465291043
-0.050000704139578744	-0.0034897006557232245	0.3453072177930926	0.37580461410835087
0.010413249627664368	0.3462841970202746	21.374821475924595	21.378084434612493
0.1686936593126428	0.009602519110153035	4.189032586497805	4.194761441930404
-0.008810136135573163	-0.19303963328355403	39.53196626873666	39.53268494266422
0.3164778716456009	-0.24551374645736115	99.5934960689196	99.59439931169698
0.2419199973584494	-0.10895792435116558	28.66599783553918	28.667565449588455
0.2883382928860556	0.7004591606190191	1261.0978391276662	1261.0984166298288
-0.35184882524108346	0.0016712728746067773	1.265776256655366	1.321162255663182
-2.5572110315087087	1.9614004903086395	33.73881294461825	33.90537228298626
-6.3551517489970095	4.4847490321029895	64.56516175214077	65.03876836400525
0.09857713094264285	-0.08774150968927119	0.6636258954878873	0.6908654987257187
0.07846980813343424	-0.4818333117950061	-0.8459802810128824	0.9866525588607556
-0.16879289319914043	0.061422186152208416	0.05672159781106054	0.23443730570131682
0.23426898228829904	-0.7740710779974979	-1.7708921481896625	1.9518213994303888
0.1459526214759585	0.49879956290451755	-0.5379050419354405	0.7608710736445488
-0.3986984099067665	-0.18434391422231605	-19.20797316699014	19.213501921031632
-0.4013331378656706	-0.048021176376644686	-56.25223377555232	56.25385905735908
-0.19818322315693082	0.39599750296875424	-59.57421204827285	59.57602128012391
-0.762114606406392	-0.44009652374581093	-132.54639316469508	132.54938824596042
-0.02331270411867352	-0.07564901872863425	-25.872246142201362	25.872743698412783
-0.7713674358055859	0.6765946828029388	-366.6423358754798	366.6437981530562
-0.45241416267447876	1.0024981928522507	-1298.1104655589738	1298.1109390012562
-0.248999402927547	0.19859022189991604	-193.5784898900615	193.5810320736003
-1.0885151150094585e-05	0.26422354668070347	-66.12639154220808	66.12706671447805
-0.8243826664261178	-0.14163890276430768	-14.837242665382556	14.86913090879987
0.6566192784485452	-0.023723561434532053	-7.732633348423459	7.817168411275771
0.20157631725549982	0.16485128119901576	-3.5189036655528048	3.531284716492309
-0.35373354462614603	0.012696174003510623	-2.4701794209096497	2.4993108589796544
0.0507695988564126	-0.025487897235660074	-0.11521181965878652	0.1896858807677173
-0.07277453455052275	0.05519044228850814	-0.6503200662820087	0.8215705987972541
0.058443416963547684	-0.030010393743879104	-1.5679284185573792	1.575498513911986
0.24811045199648318	-0.15645211541336607	9.066231188954518	9.119505239719903
-0.22112027376442872	0.01273995683092305	22.011263219511246	22.017912819860516
0.14709554878185677	-0.23701201813553655	4.23968040216865	4.251138846785064
0.19952344917263504	-0.06750569243543297	64.61430249774915	64.61464581575846
0.038640574397750385	-0.10555870817186931	29.668241776233295	29.668454725986244
-0.024713839085199578	0.04929416434473341	15.595262825130456	15.595984837716294
0.0020651198503651956	0.13330291427027705	91.70561718407299	91.70582029963157
-0.14860466028672906	0.5456103123832982	195.9553299614504	195.9561956000469
0.02529408654331851	0.14930264497138485	448.07267404967837	448.0727213755428
-2.409149291032957	1.140041772176281	28.279017958388554	28.40863024121462
-0.1857998818994011	0.31208042230860455	1.8152455704525745	1.8512245318031628
-0.03896150561266143	0.13273865547672603	0.39480011347169297	0.41833560591304675
-0.4719502548103254	0.8724401706134715	7.671487713480585	7.736607293723729
-1.0980579673823931	0.5882225210594423	12.559674162170408	12.622069239185958
0.0816343781930493	-0.05739069979623563	0.26314093906133823	0.28142675412289847
-0.002067473021845005	-0.08461060212722435	0.6729186879303735	0.6782203100784898
0.0915846292763571	0.32468487133437124	0.4859073546992674	0.6077777161462442
-0.034566429143865304	-0.010865012876031727	0.0506637977353456	0.06228729348368104
-0.6563988017326863	-0.3593442270628436	2.4797842243714796	2.5902350202020585
0.06854241751292105	0.12613445029351852	0.046651217757076466	0.15094468744404974
0.1178299419049507	0.48775492658781205	0.41052084646509623	0.648317922783587
0.3901318348342972	-0.2245326504051415	-7.773433396681821	7.787705972698084
-0.3279743564887082	0.18957722474735636	-5.302787500450157	5.3181332967957395
0.46411073956189464	-0.7796582319700928	-40.64342171637229	40.65378794573807
0.285505720155795	0.16065280887958638	-62.106826487573066	62.107690499637386
-0.07884373118094372	0.15269548375253864	-6.250720429767033	6.253082290823615
0.3312759597089177	-0.41572801926342595	-58.98309932460577	58.98565977649729
-0.7299088648830386	0.4074046540031515	-219.05478923612097	219.05638414066945
-0.01838357126240254	0.0456193544927114	-12.922909420345265	12.923003016622925
0.09031842481451252	0.5874667046512234	-506.0969517656671	506.098170527853
0.19161331817439747	-0.07850872585191213	-290.5782983471591	290.57840564880115
0.051988606707818075	-0.054166502328165375	0.3515146953099403	0.3594431891422165
0.03358713966242613	-0.09490936944721479	1.896583350678396	1.8992536140363292
-0.4133678678590985	0.23856127706207458	77.52717711360565	77.52864616179926
-0.011329256194650715	0.049119327788481694	11.5706292526221	11.570739058592691
-0.16978774459722343	0.04209941554905984	46.80609533788526	46.80642221980023
-0.01937735218584646	0.045062144973762444	4.376387448449626	4.376662333060982
0.023021494379030363	0.01613418753649759	1.3579470016219046	1.358237961634421
-0.034871330210983695	0.12948419244347092	34.51439710482358	34.514657606228944
-0.01644644731925088	0.23185957831772086	53.501434256087265	53.50212123451755
-0.020967072733769333	0.030567475810563148	13.930386591507826	13.931135070857554
-0.018767258109760786	0.07176288902609115	73.43694493308743	73.43698239461868
-0.817592302349021	0.6260665609133613	8.675670482482321	8.73657111412534
-0.13698714451009905	0.12138574919816546	1.1374143554959057	1.1520466110177996
-1.6858177929284286	0.8209753322984228	14.742764181552186	14.862185492886123
-2.1769210349181796	1.3259292372398508	23.554275808461902	23.692202560767335
-0.0738345902056855	0.050798518538019984	0.32370703155684344	0.3358843230575704
-0.8568521221094529	0.11564913952241035	2.6983288826416563	2.83346943543316
0.0009749462612477153	0.012069495078891183	-0.002239992377715133	0.012314251805283326
0.14961474252232038	-0.12153690040715734	0.5050921420032818	0.5406235855510403
-0.049855905969713815	-0.12459448291228381	0.6038524151506084	0.6185847846621052
0.031864777581712606	-0.13927597199549188	0.28975066127764626	0.32306130399113786
-0.013874751419575348	-0.000514454476124665	0.01705027932491704	0.02198830178573846
0.24864283540855206	-0.16848345719038318	0.9592697414293017	1.0051907141277558
-0.05898865623346472	-0.02367209237727331	-0.07440193050421307	0.09785538710005577
-0.06599452186184802	-0.025230661259517284	-0.5613944327533775	0.5658229160345599
0.17520514587823482	0.06691074071876893	-1.8051972791716207	1.8149135260651874
0.16492349126947056	-0.014459919954958697	-0.8589796003709969	0.8747884322001136
0.18133256447978557	-0.15494199397499608	-2.8813993100996775	2.891254140451968
0.04234244039833867	0.024548373900027842	-0.9465642417384175	0.9478287654728812
-0.22989735526770144	-0.10623331358354093	-31.19006922030428	31.19109738816907
-0.18478134068520313	0.000639798897103	-14.572887572560528	14.574059035001104
-0.042298648234702	0.08439040287056651	17.957691357269805	17.95848182847319
0.67197106300338	0.28418422903806634	17.607916005181245	17.623577718952685
-0.2517318642557924	-0.2915370618466281	-0.30169716828735416	0.5087865526568772
0.11099832954254228	0.5126651164268332	-150.64785649896754	150.64883435881333
-0.02112609521247512	-0.31770938253908404	-135.12886522890525	135.13014217249128
-0.5106891592366027	-1.1828882983436144	19.653939950723515	19.696620611548195
-1.268625972528677	-1.416368302698492	39.20594887813709	39.25227914716629
-0.5834454280004858	-0.5312166336967744	19.00861612384785	19.025497796590745
-0.43603501847388615	-0.19560764509084583	13.285686828704918	13.303442537214828
-0.23783426061207677	-0.3006678175051246	2.2540506087761654	2.290674617624334
-0.9389579666209299	0.38535678574510884	11.637152705843219	11.682163532471835
0.3412593603396746	-0.35796924776391015	167.227611420452	167.22840100027253
-0.40652889765181394	-0.07234230457772062	7.027163905049757	7.039284885703359
-0.02656693480732817	0.029528277481094677	1.01533101952245	1.0161076716571695
0.0879001117505444	-0.1397527428727432	0.37847530330145146	0.4358676391926097
0.07243402182008749	0.33924074048570974	0.5384764493122937	0.6555666548004869
-0.060382665374445636	-0.12775736818697347	0.5718256935644428	0.5890268544168765
-0.22680307922498666	-0.10365886611697239	0.8081419440087124	0.8457412127458214
0.09135604123941535	0.0913630964395025	0.8702125998025187	1.0088027819732703
0.30005031620102396	-0.39387622040176706	1.2086311137292616	1.313559143405713
-0.12899158578053582	0.1410662532476598	0.7454867842620095	0.9143352803631839
-0.03300084964741003	0.30217534112218	0.5487743206522009	0.7982932983979265
0.2917899384407429	-0.12484013911583372	-0.5432204656949816	0.7997092254435897
-0.16457747812876594	-0.009656751310866664	-0.144226742500885	0.2190441791180971
-0.1990415313223292	0.13191509645210076	-0.2952461990401812	0.37972284881315643
-0.1906633012038932	-0.011594359094094779	-1.5253945090463634	1.5436304987650273
0.2884892517043895	-0.14075760392331793	-2.653567439264219	2.676553509839559
0.22801491861959625	0.20953530322342967	-7.294421358664507	7.3179296605153965
0.0019354977157949732	0.3234948019504429	-3.2586502323023994	3.277641492662803
0.224125229738682	-0.10250990090445994	-8.336417973388492	8.340060253105102
0.17179191528693144	-0.17960731183961665	-58.36293611766324	58.37102770474378
0.13789029215432136	-0.08347321260282614	-5.256439253233107	5.260761819140121
0.050149874124417966	-0.028746205159231993	-4.83184500425388	4.832190755684106
-0.046252982637909	-0.10805237788948255	-182.2635137632452	182.26355166071858
3.173148437005265e-05	0.08628853327267977	-4.826966360435977	4.827737560883122
1.0627733329732978	-0.2804428344080224	297.06751655412444	297.06958276935814
0.2734626570004544	-0.19552341879465068	41.442008997744416	41.443607477946586
-0.0952343269589249	0.43706960932840977	586.1657069859904	586.165894287267
-0.03563291932603523	0.343795290592961	244.82855093478017	244.8288346937834
3.678456572040452	6.1510765568039	-860.7582517003939	860.7881006006434
0.3481236296852305	0.3668161709275315	-11.499343452444178	11.511304174026945
0.47099301900612683	0.4883902722189381	-19.891491814868232	19.925225165297892
0.09792567199368464	0.05372031013255083	-5.110468317010891	5.11359379624822
0.18157491365225045	0.572684826373871	-12.034367368372006	12.085829963617046
4.5101719508489975	1.2420393354292871	-12.971978671141276	13.798560190248939
1.5081631323812887	-0.0855546652683789	-3.5273404765709686	3.868814600711597
0.5199073753285429	-0.21497121334778768	-1.7143337797312501	1.8096785335293302
0.24867885777545035	0.3300028567637826	-0.9159943028936128	1.0145286627840122
0.39632350306728115	-0.23023057642425357	-1.252031315264896	1.3405747411868205
1.1390251238075415	-1.0945339002534635	-4.808792307151615	5.148073224973532
-1.1540940037766774	-0.2835143639605394	-0.7235438017580513	1.3983235613003615
-0.5060435275843852	0.8844524732215551	-0.3263713413698136	1.0790432181174698
0.023617818467299018	-0.02284145163998144	-0.06739061975772276	0.15843236346626233
0.1430474422644053	-0.06603425873901622	-0.11028823509220259	0.2376265426364501
0.25283197195576923	0.05604562440443489	1.1587223322056155	1.285854775474255
1.5569903343731253	-0.4613598765518375	3.985482915778955	4.305882684640768
0.528749498684194	-1.373826431615601	5.681111693247269	5.8703905281178095
0.017523196433109314	-0.06880325183857959	0.1748541150308215	0.2347225943960401
1.224549098426969	-1.0196661769691284	39.1861231354246	39.2187578306156
0.2680668036216003	0.09419357481277975	30.275371675278247	30.27702663905227
-0.24413728742580598	-0.09370012653852047	5.9953190367756415	6.002642157121261
-0.12311555292155316	-0.7836747472282455	14.553302050146149	14.575574907923958
0.2580340237507023	-0.15282412160900422	8.299601564345016	8.3061906239465
-0.6419959031525465	-0.9798948243688508	35.22677939076629	35.24625283419794
-0.1429188001111415	-0.1657481944054324	5.220846741989118	5.225431939152232
-0.5053747499186823	0.07161585798228082	12.042507672721355	12.054128060603247
0.06874859737364761	-0.8587431968649977	11.028776194771957	11.063252251805132
-0.09868698882049476	-0.21037223785778325	3.1256257717986533	3.1342514362373155
-0.09458998093297057	-0.09850466752381319	3.5998437046380216	3.602433223786233
-1.2246930389630384	-0.9791058943070837	8.24571590633225	8.408208365162704
-0.4954432980072034	-0.3214496109065394	2.409369265920129	2.4846194795889205
-0.8338564704804121	-0.47035333947216457	3.4751356495778127	3.6072976651755915
-1.4413766194170297	-1.2086464150497236	6.1403475889621095	6.423530260984797
-1.167097621038808	-0.8666717091721188	6.432731767193108	6.596419823060773
-0.09815751588064664	0.09955259390795114	0.21362258324071148	0.2909639322117011
-0.8101618428263818	-0.3125192976050985	3.547881810786209	3.655266837202867
-0.010862222370700003	-0.12038909733357744	1.4198930535534817	1.4318476144691707
-0.06438998196936814	-0.0777352603127813	0.3331619316074922	0.3750539935080638
-0.00690252447455994	-0.4808010061513897	138.59738145920852	138.5982155895296
-0.052701693277116574	-0.36429494082798125	79.17925513044769	79.1801107051822
-0.1550258962491258	0.051773463605019186	0.17621675896141267	0.24034530613342453
-0.011553425558426866	-0.04964236134929812	0.05547460961539016	0.07533444095795978
9.19437345228355e-06	0.05644575447625644	0.10828870412448867	0.12211702061502888
0.03717189079980071	-0.06524445137409579	0.05453776484247359	0.09280601109169608
-0.009703132554503852	-0.10153377315643348	-1.0770836955698255	1.0819022807698973
-0.03999885330182602	-0.013358303689426108	-2.160164885912121	2.1605764709610824
-0.06239632991686536	0.18459360640694267	-1.500307096297498	1.5129076259686336
-0.04110729743115413	0.08813619492088282	-0.285865699464676	0.30195528955071105
-0.13951653800461716	-0.5212992026409972	-201.94143311287723	201.94433385465067
-0.08596216308879968	-0.07102715781348914	-19.56111917830661	19.561934915632566
0.13063603661497664	-0.10662446014716313	-167.87503881713542	167.8751815254095
0.307028874405349	0.19573830198758885	-745.9743532734713	745.9744551938567
-0.4406972884073333	0.15540897234253775	105.45083777977189	105.45187316735749
-0.17613619463743235	0.09529975119590972	30.004119603745576	30.004787937885983
0.40305583431822894	-0.010578088515910355	69.74082731415692	69.74213246058291
0.4873209526196268	0.5186484882408625	538.6452577005708	538.6457459231108
0.1293946222632606	0.11472491586033233	-9.321085519520853	9.322689528071347
0.024299795324670637	1.528654567731262	-163.24654076738972	163.2536996450204
-0.03299765068477088	0.2508062197121191	-24.88206086896083	24.883738173280335
-0.15884262497362228	0.04043006247317306	-12.619451585208193	12.621287718207428
-0.0005032087998059279	-0.045356423013360944	-1.0928898098293158	1.093830697483126
-0.24115990897176556	-0.14259270665749454	-3.438650025749714	3.450044170916612
0.5733192978985867	0.310987687459726	-1.9163471114496842	2.0291067974742054
0.12366392478885474	0.5850298564110866	-1.6364070506064672	1.7478159283406005
1.4853416849691525	1.1706619785274062	-8.216135781519254	8.432144232301633
1.681450467892966	-0.045483071750585954	-6.961068393536039	7.161411701981652
0.09981591626645178	0.029203720357139085	-0.39294680352156763	0.40647664732506666
0.26923382081084335	0.07337157035333308	-0.8748231892222743	0.9287979516049502
0.2160006642814444	0.1918297768451254	-0.4035876751560292	0.5155751610505734
3.7517495306134014	0.5062493359935873	-11.019529701911972	11.652528805665833
2.7091441127492386	-1.2568086054695917	-10.666956397439318	11.078017343559175
0.8894101770244416	-0.06858467114349465	-2.9547138705688805	3.0895902903043058
0.2154060288510513	-0.08462876710751721	-1.2701486296933953	1.2910613180633705
1.4667623884598486	-0.9223809426706429	-7.509938325061014	7.764129232999837
0.45711688861607447	-0.196562867111679	-1.7606883350240772	1.834964852136155
-0.07571998517938101	-0.2045940385359394	-2.188708628757779	2.3913151802426147
0.1828951785417881	0.007320042897564133	-0.9521139592677541	0.9795432638196095
0.43630291572827207	-0.748872508189154	-0.76332612157365	1.1633214605478472
-0.21476794065610513	-0.703539605053933	-1.0615392950661813	1.2990145126528467
0.05667770891657457	-0.15918632414826456	0.13502678938974685	0.21629813299418785
-0.019683458892175973	-0.03566101227157883	0.15413062471765687	0.1594220681902253
0.05201747942233842	0.39940910137144314	0.5730958465062042	0.7142493140398947
-0.032670314151904925	0.0034795519796052415	0.11524684503543506	0.18395944362653563
-0.16313885017052251	0.3639850539861892	3.2420632634060293	3.269488246314283
0.17767269763755172	-0.019784603084154292	1.8283541269630645	1.8423673945464498
-0.09443406195539245	-0.10793250501203235	0.9702904265819362	0.9808316520239969
0.005361079713152625	-0.0309620569585992	1.091110211854091	1.091562588475383
0.02191976472982754	0.03102113916390391	0.5376374522906292	0.5389775665706282
0.08033785096463102	-0.134884036932357	1.3617747333144141	1.3707947687419617
-0.33853817210003323	1.3202308100926634	15.755251243954396	15.82179759662009
0.011148000877884506	0.6798786412071663	11.990270454886277	12.010346564979383
-0.17909237813530407	0.2946744671173398	0.7757026060242105	0.8602914851198982
0.03542388275078402	0.05902359753787706	3.770073996110634	3.7732845582575765
0.22254754005129182	0.2717496596207062	4.343604692441118	4.360017980947251
0.06416650686951708	-0.30214110779996084	5.372387431615977	5.383069114353979
0.33216439434274936	0.6104861434913602	3.65676150858184	3.724837047685412
0.28658762681872885	0.1437138584728692	1.4294064315367525	1.471553149696396
0.9005060910166186	0.10593992053199368	12.850249216995874	12.882954599412487
0.4049926147020342	-0.8548672424131152	23.608972261696877	23.62791544494958
0.7805203892686955	-0.03658482183220539	18.737191548765235	18.753996306048265
-0.02225917524084975	-0.15893578138546607	14.814586299963892	14.81611295439748
0.161817482508603	-0.5845203461007022	19.910578431535452	19.920302763659897
0.08889869480309498	-0.2022165555720622	1.8100674617813328	1.8288298210562508
-0.0749212791334876	-0.07990377084158509	13.804529953879126	13.8049645076765
-0.2778935854252982	-0.04573447597117577	23.364743710391746	23.366441002844308
0.1396006486956318	-0.2176807857858142	32.79824593394085	32.799562335399905
-0.18060060950906937	-0.2568953181414646	8.970271655846881	8.975766561376693
-0.04106608120259286	-0.02842875305642572	0.7461507507165633	0.7478207144373384
-0.03387641091248861	-0.04162117446712688	0.744137906294961	0.7460706522082091
-0.4605914093184755	-0.5319968191048539	15.706058510853126	15.721814113142846
-0.8461383235457685	-0.8221427984967854	23.341547127136682	23.37134337456955
-0.09384895942585944	-0.051988549344798005	2.3015588417310413	2.304058058816796
-0.013863623972047007	0.016401251156993073	0.05434402784098705	0.058433504696664036
-0.12616596001904226	-0.1244479573470555	1.0911583373215266	1.1054554087169954
-0.09164290967338809	0.028444519293074184	0.521856276918816	0.5306048316127424
-0.11773062023282292	-0.05931781752430855	0.9136940346400615	0.9231553993521817
-0.34268164780413013	0.05877419353547407	2.601808782501462	2.62493696272296
-0.04602675881397893	-0.018693871666664724	0.7002068429255128	0.7019669124998154
-0.2207170128286573	-0.0827364744379874	1.0108651206489045	1.037983437295103
-0.9084519563401938	-0.5822522334869548	5.965282725235114	6.062087149849245
-0.30847663013530474	-0.2010468798108425	1.6369821010909082	1.6778820216312336
-0.10459676455784812	0.048368519270001596	1.0478725331151564	1.054190135824424
-0.538677421798813	0.015313762630048001	3.4041285516039435	3.4465198493446794
-0.07915847500096623	-0.03447108358243385	0.4044216608841674	0.4135350040324692
-0.008103169436420435	-0.1743515448206528	0.5988923724305338	0.6238078199988653
-0.25451681882019894	-0.2533661191988257	42.49946709633538	42.50098442005687
-0.03496103485816488	-0.14989349266715932	21.377589251246587	21.378143336784802
0.41855774577820537	-0.1502909182944483	313.85431405178787	313.8546291308524
0.1550948876893192	-0.019047761450195842	69.79926448674048	69.79943939697048
-0.1135123176105938	0.23375706090418152	-18.173578254821468	18.175436005606347
-0.02592484587835545	0.03524555825764838	-0.9373273844462008	0.9383480018860092
0.3325515411765422	-0.03194178772264861	-4.742541428990258	4.754293849882522
0.07003117904381165	0.0017777294372314234	-2.3251205071110244	2.326175595037581
0.09359572243938705	0.0031070981652574006	-0.22480850633369884	0.24353373039057252
0.039252176054965504	0.1282204124770551	-0.4492478000676852	0.4688334388314161
0.13687341674788805	0.041293662785087476	-0.1582894109847187	0.21329565496825936
0.3003718709303184	0.16808234361370017	-0.7462338196588897	0.8217906355535761
2.2206376825154286	-1.4676203465028246	-11.534413573586844	11.874686870731415
0.173429163128564	-0.09405627768407848	-1.2109699108442933	1.2348490465905109
0.3782066038241143	0.14417113958380146	0.2058079740853562	0.4540732042988016
-0.0004957006026371641	0.03420943072342664	0.018579790873738653	0.03893249925730743
0.5294191797183482	0.7839733210969009	1.3888866205546988	1.7525754171793018
-0.013663490769502181	-0.06359189941458138	-0.028203448062177422	0.07089467634285697
0.07761477317860824	-0.030231658254899534	0.07381118407846751	0.11129284375678991
0.18495633356005411	0.040603862324292785	1.3576030341441676	1.370745606331488
0.045583923994470685	0.10468563214554288	0.9290020459597944	0.9359924022672033
0.5471690633564336	0.19935202127076745	4.433854355504293	4.499535017110489
0.055641346172710444	0.02080050591488987	2.5728579643489944	2.5735436124465187
0.09197480049261728	0.163937083118528	2.9027878513053427	2.908867828010231
0.018001647931315746	-0.08641019913697837	0.6785295718761734	0.6842464188825531
0.028283901291041424	-0.14630945426692793	0.3614357334793471	0.390950412349036
-0.13297599216871808	-0.1595714936927276	2.7066643427600856	2.714622909440918
-0.05175032489742718	-0.31183584238308576	3.9054653130851222	3.9182367208264535
0.012529179210894852	-0.04769617878113064	5.403509069587841	5.403734095134592
0.09051207452401405	-0.01791906940222749	2.166824290057373	2.168787917862307
0.06310198789505497	-0.19081132246788726	20.83905408566632	20.840023176738175
0.0500858172942089	0.004114854685302264	3.1042434877656926	3.104650246397944
0.1996320730487774	-0.2578716846441931	15.249999107525229	15.253485619682188
-0.012905148240650519	-0.08486666415882808	3.373689685071236	3.3747816202967282
-0.22531749906836565	0.027243604644218412	22.858919109016004	22.86004577908622
-0.4490255540746574	0.25312084267724033	49.02489726977208	49.02760698240246
-2.664465013732792	-6.292608268655087	69.50369823038525	69.83895646498097
0.13440397344968957	-0.8231082724130712	9.758602037453773	9.795170502165393
0.012614250219162794	-0.05960183211521384	-0.3825212611186096	0.3873422426070428
-0.08432141029428955	-0.03908854262725271	-1.9767919609749673	1.9789756116167767
0.22166782341260471	0.1348254250578824	-7.304054623067017	7.308661194495552
0.021437050450914354	-0.020971345299033536	-2.046776877517289	2.0469965634546403
