-0.3391492246149096	0.05933794112554236	671.7704959201545	671.7705986508959
0.2847237103320406	-0.5036163954252125	31.954356897030422	31.959898334516993
0.19717645019093094	-0.21783149385599748	-9.086751411616042	9.092571699669547
0.4792084450683808	-0.4296467138142918	-20.09115453521501	20.101945362956965
-1.02965098562607	0.11536950980199434	-20.121988832058953	20.14912915285417
0.9619155329751843	0.09652547372837067	-118.92581937423893	118.92983054002332
-0.256828160001661	0.09347792803651067	-59.371814554996966	59.37260767529625
0.15748861637185457	1.0475243060106383	-231.9057393873469	231.9082006967691
-0.8451257445930127	-0.5958937056630911	-498.96535083625713	498.96644189941946
-1.0393002282274106	-0.4891326816637198	-90.90064806148132	90.90801226254403
-0.04847748867987646	0.31306092668146296	-48.2025708672727	48.203813907304784
0.23998592570238345	-0.5710874224599012	-61.54078596562755	61.54406186741909
-0.14489476462463274	-0.06999198039403315	-0.9440752219753004	0.9678074084149274
0.34336455621719764	-0.05935142071363112	0.43115027691966873	0.5716573762271127
0.04764643992076675	-0.21168161799476498	44.95461771734421	44.96493171345969
0.33734068570688486	-0.1334148758567452	151.7438604237734	151.74435822910146
0.03435018214940789	-0.2583680396583527	6.695590033270717	6.70211456612499
-0.038669730227607745	-0.028626914868878698	7.328219020720142	7.329705904661881
-0.2443651214379828	-0.5776089266961821	6.473490124488558	6.505297884149918
0.4747908009965678	-0.17578533638102622	-1.5131511983891273	1.6016969511377628
0.4272073529156338	-0.18251016698592618	-3.112063520339626	3.1496404910667315
-0.5648332840977915	-0.04972910674707174	-16.210493800409754	16.2210079421997
0.3308360280017092	0.22973239612266486	-61.33112434399223	61.33260570475046
-0.07640306985171524	0.10384612149214896	-6.943318764793633	6.945917988319983
0.38537922031282135	0.43605981905037955	-125.88195897284932	125.88338150818902
-0.4553926023274192	-1.3875304884748814	-16.929896610299206	16.999933601532756
0.37654992356018735	-0.6229802653567027	-9.821378441019212	9.849307007225145
-0.39420074220721335	-0.18725240468571525	-87.98391304896714	87.98510608552635
-0.14316726095467994	0.3020294484360674	-663.9286116381085	663.9293605965496
-0.3154042903073318	-0.42236792908968984	-14.271247556350716	14.281661707708032
0.0572681186643222	0.13393212836978677	-13.300527061596014	13.302056884315792
0.04255145567848928	1.1400647638142622	-29.75585210054632	29.778041780925726
0.3170581469485968	-0.16158584518655483	-39.33627975545099	39.33813697467019
-0.12124558469721541	-0.04777566969038188	-3.805478821340816	3.8102666377822465
0.6570888501572232	-0.8673752083367618	-7.101777510630881	7.201601853889226
0.3853778219545765	-0.1814169587281365	-2.0618781259235814	2.1100353953502204
0.8291119362503732	-0.7327092982377297	-5.544388567533705	5.675231629524502
0.01648644658433683	-0.14906210666777703	158.79431217331015	158.79444432880558
0.0631452883859225	-0.10285018534676124	69.59452611291603	69.59477070983367
-0.28986665432935455	-0.07483838812910064	39.7405133683885	39.74188604016667
-0.03562664244525936	-0.0080849563661144	26.388939027023653	26.38933340160458
-0.09563553090294326	0.05477534919146765	-2.01823928460656	2.026059250979432
-0.32641531091494735	-1.116046472501397	-13.817513186569528	13.867056541671174
0.12489965573712286	-0.13394298671727153	-1.0507605841843617	1.0756943050278989
0.3927378118772467	-0.4553361468231958	-4.316643349803558	4.360557715451683
0.8261520141039174	0.4415860018627572	-33.40738254763116	33.42080510424785
0.06828277507997244	0.04788088085692113	-20.657467261209625	20.65810709017096
0.009085505870260354	0.08065411628705552	-6.414955070924268	6.415468509381677
-0.0293099843412075	0.007241274297930512	-0.31483132858316754	0.3162756340488182
0.11804557783624395	0.20866178600469557	-159.4820870330257	159.48232829593957
0.18273179948253476	0.2415893278017371	-20.112697157156383	20.115462287360845
-0.5316839959057915	-0.25419693774662244	-3.58820203567822	3.63895281480915
-0.32555581552801716	-0.08776344742714032	-3.9157084988036868	3.9326761682386002
0.600602509728257	0.05476994270886011	-3.8018352926920205	3.851902711514768
-0.014900352068997813	0.2827252040641151	-3.6928634442390287	3.706329149468757
-0.1683569429014314	-0.2388498348402578	-0.27705613175037846	0.42618445404169447
-0.16545523001028997	-0.26008363013057306	-0.01821940762001767	0.3388667282482585
-0.07387192387698846	-0.18885790199482633	-0.275424870825934	0.36940900456358317
0.029353681350868216	-0.0794038001412719	0.10317825661354518	0.19311172834277557
0.45407898369479915	0.2934391734775905	0.4169341419184531	0.6968558929662503
0.17870452911664192	0.14881819231523458	0.4557912721252966	0.5303844188288072
0.0063606396557396245	-0.2595666018671183	0.7930110567136917	0.8460269496368538
-0.0820602026109515	0.15741501865203092	23.863502924497368	23.864163199082526
-0.2461080784700075	0.1456111413436235	48.846308347973725	48.847145372233385
-0.0010672250049193616	0.21680303309768872	168.30702174310406	168.30721925251083
-0.05924152553202414	-0.19195099242609795	174.84246125544234	174.84263236518606
-0.28395198559877144	0.3883545126006986	257.4761014077272	257.47655086255867
-0.11246472240450797	0.04802865827214818	55.15499031995894	55.15512589289019
0.0728636219996837	-0.07564240651185869	3.2672876752125846	3.2689753186082453
0.024987202019476896	-0.012194051517148636	4.041733646586411	4.04182927955967
-0.12671202424725658	0.41700803055006097	17.138431477934816	17.144540382973208
-0.09771519754158964	0.19351608040097235	2.303275537115714	2.317661476139263
-0.10458646554322643	0.39648885717931054	0.2591306855353186	0.5047476990816148
0.5168382231815615	-0.1027799714003324	0.2673844993016675	0.607173555772425
-0.015695834405713177	-0.3367257177659872	0.03220266607849349	0.33862601779141815
-0.32784483055364533	0.11334352136951827	0.04883763733277018	0.35030572587018627
-0.1057214534022505	0.5640633377452544	-4.430825606627659	4.47001563934011
0.13074796283618048	-0.032561633154531214	-0.7119850531775662	0.7246226643486686
0.10315485061121907	0.09897192717333192	-0.8429348667075156	0.854971084355631
0.20799185774110812	0.17072872140824696	-5.807647471063039	5.8155530985663955
0.4360380728811312	-0.24337426202380352	-48.11267585365161	48.11526720315463
0.05725476379822598	-0.07210610349994229	-5.430842730827861	5.431623161185371
-0.5260224312105966	-0.07167732055042025	-82.67836803318832	82.68019023715811
0.20226530384094138	0.128245690542553	-36.920772392913356	36.92181295771504
-0.9123701720256802	-1.3851388121203079	-20.752259693232048	20.818904654661544
-0.24311315562013272	-0.6460833545046714	-15.420597992723772	15.44393376387635
-0.4636502262444172	-0.0015371512790975927	-10.028012653771354	10.039695785442355
-0.661164468127865	-0.3344746382412392	-14.385848937550326	14.40559409314518
-0.10009060755394932	-0.0138110116900802	-10.127420483845132	10.128886133986814
-0.4550292454496797	-0.21049884226246712	-13.615089718532827	13.625032447866191
-0.04945408703397431	-0.1554371861890481	-4.750213370525427	4.753013096036372
-0.02289944963668783	0.11539204383685753	-204.19939861308052	204.19943250080868
-0.06581260140816339	-0.06370386367445169	-5.946996541294886	5.94770185390328
-0.31398520002161234	-0.5100997448309933	-63.2817030601093	63.28469175423277
-0.07201855569409603	0.22675686190787095	-0.2824863068199672	0.39482102936312014
-0.26180424070714553	-0.12564556248394138	-2.055363283119509	2.0804629961429164
-0.2493739602547509	0.04421403214434154	-41.26453156504791	41.265308765784454
0.0872237884002113	0.16540027282767156	-169.02097013188293	169.02107356647093
0.15342569668886397	0.056588559025914316	-15.05704447966483	15.057932466710763
0.8240776613794079	0.18428141474234278	-55.1181388911946	55.12478370248471
-0.19990438292551763	0.2575762456245708	-22.054582655174492	22.057434192658185
0.8521920853871067	0.3066408458969762	-91.58144824810037	91.58603279410654
0.6649654251914819	0.5640008824474638	-47.862273396152425	47.87041853216915
0.4960952503745788	-0.09204613500513856	-9.86111159409278	9.874997956681549
2.5365701420971227	1.7182313269369194	-123.49152496626934	123.52960262729849
-0.028563666623527856	-0.16297013790356873	-8.939266297163396	8.940797340310352
0.2364806901669413	0.1729002628155511	-3.487924918504237	3.5002054018052013
-0.875404810379196	-0.5507360381640917	-11.330434984962746	11.378395339376086
-0.04382386591203108	-0.18397675411492914	-6.727518881946296	6.731623731992309
0.037611993552035934	-0.015370267584893002	-0.55906994982317	0.560544481713869
-0.06333635313442142	-0.06525155945266452	-0.31231008666053967	0.32527964871674037
0.2795982328908673	-0.4693001451930413	-8.01105200667579	8.084439611789923
-0.2019068484390697	-0.5057737865028903	-9.267698139335325	9.284733818763971
0.29116595051380034	-1.3663199843595248	-16.45199080502867	16.537834197743265
0.821614526329372	-1.171817512593598	-6.529906289629417	6.703394556203469
0.10146431930628697	-0.01996532550521876	-0.7394696867751485	0.7466652797433087
0.07045347016043457	-0.08763085542040319	-0.28512308042384327	0.30649311455518896
3.6066348681819735	-2.9325499478067845	-23.9469368606104	24.39392238396336
2.2557188774743926	-1.9282054520853678	-14.876514779336345	15.169605660644535
0.30877822364353863	0.04861993464010096	-0.8781529016325371	0.9425180067173841
0.9097562313951898	-0.3036575327731512	-3.9121971178600354	4.030462798695036
0.003804529904114888	-0.06033639046849698	-0.3890203119265967	0.41769790812742263
0.31511985992967473	-0.33238737246590616	-1.8763347671469073	1.9364642611732146
1.6379153376046494	-1.2101253929458555	-8.977092220416855	9.218620860290423
0.6887176464014548	-0.14943164163790107	-6.27505758885712	6.314507863282829
0.4115475712088404	-0.1794428426043568	-4.5863883592394865	4.6083108965104875
0.7826468678778119	-0.5429016993380802	-2.501686709074774	2.7227431897636785
0.21040469275762685	-0.027771928050370404	-1.4463978011001084	1.5429931808499013
-0.2897398573089209	-0.18122712745060077	-1.0858210059669515	1.1468563547962198
0.11644152844230451	0.08326560176688674	58.53969490110405	58.53986992558432
-0.0055596633453610725	-0.006155960477729178	45.16657097102198	45.166571732710366
0.02288902155910056	-0.030324466698824926	3.1196868814387093	3.1199182230964455
-0.039977468705491674	0.1122779931700553	13.728407031788176	13.728924363409009
0.06010624980526335	-0.0877519215516286	-1.8377916027007797	1.840866952269815
0.7040221399073674	-0.7179146306475669	-11.968687714312008	12.010850685655068
-0.13779148301341368	-0.3030698278442275	-15.441352845891526	15.444941421859223
-0.04338654195686301	-0.29980613647185395	-10.235826890033694	10.240308502883398
-0.040678997937834825	-0.1661173472326031	-1.9980838372341725	2.0053899307968166
0.003838314388683057	-0.022070811334703302	-1.686488714363886	1.6866374942610143
0.0006004456853289861	0.0001884986007490569	-0.24242262210136434	0.24242343899310637
0.08508139228380687	0.2402354463058949	-0.8362570523051343	0.8742298156118993
-0.18500133794204773	0.14433411116182807	-0.20399221125837738	0.3109190456361674
0.007325009472796969	0.025810461462879852	0.011677824868930792	0.029261019776706178
0.009281035827754162	0.07764672997033577	-0.07711801233490188	0.10982868535864566
-0.01539315346841602	0.07404411411403752	0.056437044963821015	0.09436429437495508
-0.07700908103786375	-0.056623877961842574	0.6194061929933269	0.6267381383290955
-0.3638223342272294	-0.31945710039603475	1.6774063373978834	1.7458841744567635
-0.08687807082742971	0.07395047209612975	2.8135406303708104	2.815852863745071
0.04474372679209604	0.032490087307686696	2.5747597195686494	2.5753534165962044
-0.18798613946650056	0.13808387802461786	60.76657377074553	60.767021432529184
-0.02121260638089563	-0.014109563263295037	22.989124015763878	22.989138132314064
0.4273747242706238	-0.3702418591989476	58.28028403809707	58.29057888152614
0.14092060722503516	0.03298229800639464	10.239820816357618	10.241794597898028
-0.2034105831813554	0.20789183240758788	28.126905602746184	28.144097168856323
0.06030154303816461	0.062015975856761926	1.303901233326966	1.3067672645218167
-0.04263521139360807	-0.02406820356850144	1.3586037983198498	1.3594856823382562
-0.15522545164840096	-0.07212295220171829	-0.9261080547556365	0.9417923285719683
-0.13703226206039343	-0.07803749608823474	-1.9045116019213937	1.9110290770928375
-0.06921590062592181	-0.09615218857492314	-8.770757134165567	8.771557261443572
-0.17324484675995275	-0.21260061378120623	-9.781588701523912	9.785432556800403
0.030915468304369788	0.15132259390785524	-0.9395278917775016	0.9521380955698375
0.014491356196304393	-0.024289570663080233	-0.3889135517194298	0.38994067928138326
-0.07360190469175291	0.05278101590274729	-23.989942133812235	23.990113102269312
0.02380165512315515	-0.003541644612378974	-40.95146584017667	40.95147291027747
-0.013816949170713522	0.04196632131043307	-0.7611592768583502	0.775109869538663
0.568516211555452	0.5824045292437485	-4.204351435851478	4.284676942259637
0.5752725049944314	-0.41491144890202825	-167.95432123991952	167.9558769228169
0.26993142837243345	0.2962804258873771	-112.89622311864696	112.89702086107944
0.010312853640209396	-0.003750314091724688	-3.278137800449572	3.2781561675036697
0.17501833371489975	0.13545735426340638	-7.820861234513488	7.823991983730316
0.3130735776594488	0.21299414687106893	-7.396180460534145	7.405867064457539
0.08975375037968131	0.028483824388940017	-3.4990886023982246	3.5003554264377494
0.043109453392451105	0.004833982296026593	-4.880402385067914	4.880595171957331
0.20642821114661547	0.1310063754981607	-8.585416238984989	8.58889674366886
0.22364129133388072	-0.5414478148531799	-6.588869681496254	6.614860908827887
0.12898822978519583	-0.29474824747035355	-4.933268441625062	4.94374878103082
0.06714202135926788	-0.07700313632647113	-0.3171085517046998	0.3331596728305719
0.09574490267176562	-0.05197554895358041	-1.1063312078234486	1.1116821872643017
0.1506100449236015	-0.056389068937174686	-1.0556267716698218	1.0678066275283835
0.24314665218850387	-0.2810171473748662	-1.9006445950249073	1.9366313041429901
0.3740380540823986	-0.47085676291721185	-5.027888712126634	5.063721502868917
0.12420088713313995	-0.16701776795976142	-1.1877397322638485	1.2058384911658437
0.2877802899887275	-0.29455624443196726	-1.847966954214944	1.893294150498099
0.2767320736752439	-0.12581677587870488	-1.5106694525187638	1.5409518799970539
0.08469633770172082	-0.1742663483742104	-1.9249745866870125	1.9347013695107058
0.2902839692621359	-0.34348573115163683	-3.042155899606448	3.075217024508298
-0.8676124265473131	0.36391876876994034	0.07339655573879761	1.065032952427606
-1.2049437407785026	-0.06006048438794079	0.48348869529791766	1.3071869734690167
-0.7539514873381268	0.045148432312909964	-0.3117724066664224	1.2451807277091382
-2.2383362778802245	-1.9950475642843204	2.362234266002887	3.848926440776661
-0.2987709841995596	-0.2942665047555219	0.0724165072473345	0.4478624925605049
0.09018527929456721	-0.11951047936226912	0.32169997649697457	0.3812962090776573
-1.22307470778188	-1.158579418777327	2.2915293906926166	2.8867013876115095
-0.14540776964965985	-0.07804768011833481	0.03841965879098119	0.21952383681039678
0.5281063802101085	-2.4478184115859456	5.723441293403956	6.317537759986822
0.15035502211038806	-0.5686030019172648	3.5373656449456243	3.706645694614568
-0.21093932811133706	-0.07321213716781522	34.20829843132449	34.209311842956296
0.18826277851805803	-0.1472870918889925	70.41869981146205	70.41924381362608
0.5064225239580469	-0.173147356648083	184.72731457055505	184.72874955504648
0.5886690941650582	0.15285177551227586	25.619404226896112	25.631377018240773
0.28894079501392606	0.7075360799443429	49.93063072202872	49.938919675233706
-0.02467608777983133	1.4020926947104428	22.386627037004978	22.43593686187922
-2.9310263251089737	-0.21814733723040547	-1506.6984468383923	1506.701319999617
0.638714863814075	-0.33638954747579414	-3.6155234945520363	3.689526328604497
0.15175442909845688	-0.022526165714145216	-0.27687316201471396	0.34594127772904715
0.12568134819682106	-0.08143775619256795	0.20806027448322242	0.29188486109472045
-0.21624223004647106	-0.2626303560631275	8.088564021989464	8.096918125355064
2.056413346803977	1.1254527659149036	6.436247668080818	6.851295031670642
1.855013129637997	0.5319342085408756	1.9884745478433454	2.77444382276271
1.6756690283234568	-0.2420091997827943	-2.5098325061434408	3.030705221405779
1.8368717965233778	-0.1075323737518753	-4.60921937242946	4.987412593103437
0.7318636045951842	0.5066105787197461	-19.014253756219755	19.041476950660073
-0.17933113127482508	0.41168913805038865	-6.995462915006732	7.0112501582219595
-0.0029841371151624885	-0.08336760796351783	1.5662313469664266	1.5684513685008368
-0.013363430696295586	0.0032589013733347813	3.982273297148302	3.9822970525688497
-0.1685259379248154	-0.07673312625643938	0.29455877331365254	0.3748781405397882
0.27214626454301666	0.16051475162398604	-0.030747039752145988	0.3467762104688664
0.22854841006974513	0.39807658823200814	-0.1496088132600537	0.502555397691564
-0.37970785987871214	0.5184705425588779	-0.06858419225053257	0.6611908489094711
-1.1304268005650338	2.4037088165542198	0.6905871215962458	2.788603833664936
0.182269607518872	0.10473103445970763	0.5027287428452573	0.5625004650547917
0.13198659805218324	0.35002328051391546	0.9711404432867434	1.0500144305933534
-0.16936410577874725	0.9361464962652619	1.5718860536002364	1.8426502688244684
-0.4295712126558686	2.127533494973334	1.4900349610335213	2.6364017465056895
0.2897958113111428	0.6518035615504136	-0.0703067822507265	0.7302412776841216
-0.13629547460235858	-0.45840377797108733	-0.29233979440212227	0.5776268867931299
-0.7817801286497876	-0.1997942072045238	-1.9497594362054496	2.1147433742079333
-1.2987040779741916	0.3121518689831131	-3.755895111932129	4.016782183003219
-1.721831208229236	-0.7230637699061419	-6.371369840953051	6.657747180359819
-0.2254614100972342	0.286246555419422	9.109724781933473	9.118077391939856
-0.7750290036150057	0.2751833154668211	152.06812621593917	152.07041423769866
0.03091842035066024	0.21350901191925709	97.36889071133746	97.3736502910113
1.0654982619296016	0.5848324643966754	357.06797036080314	357.0712751887582
-0.19650479982209237	-0.20821919731628363	6.2377794577619845	6.245905996655857
-0.36806082663505557	0.6073174316071651	52.95480394225344	52.95974927793973
-0.4372702170948354	0.06006952236025864	5.567184702458089	5.586397666337239
-3.075803268425314	0.5127333214455272	-0.010819277974875141	3.2563674323780334
-0.7308782151255864	0.07828055893935844	-0.12470866949623761	0.7455622465633187
-0.9149481322154865	0.09633533003679029	-0.004515931781130078	0.9200168335947752
-0.24344307584663916	-0.3434168300461852	0.5261031371966014	0.6880871646853682
-2.1284576176116308	-1.1701038785875517	0.9550560093953521	2.6099055342553665
-0.1352670082446778	-0.09974342510547105	0.037181099234234044	0.17212887181266948
-1.0718032530893895	-0.6514302958886001	0.9934493992360666	1.6060962416608193
-0.2843749527042078	-0.21935043860442524	0.6848563378001951	0.7858064118894482
-2.513759551991828	-2.0808360314139827	2.78494032870031	4.292346455516172
-9.287235657582526	-7.0304954430869095	9.388054129643866	14.989962123393155
-1.2918964040376886	-1.0802135922550378	1.0041534979798754	1.9606585554765177
-0.6041922478266923	-0.770315838838737	0.7041924041284647	1.2140022614607953
-0.3732934346750736	-0.5503073938968859	0.7494359265441092	1.0115929067782767
-0.029994699195218924	-0.030770575732503233	0.10290241732629857	0.11151420448676974
-0.22318124237927572	-0.2723541522883693	0.20836665772413315	0.4091495023457798
0.6560877324777713	-0.6287886309014626	3.186408588658072	3.3506181013408085
0.24445237564319322	-0.12622733145708265	1.6136462897279558	1.642870791151019
-0.47503175200079617	0.30726345197677013	15.065689417442947	15.084388736690059
-0.07411161455435875	0.6866638037247214	10.472899371076705	10.49657566696665
-0.022535492625712503	0.05436242970281971	0.8351069304251861	0.8371778230670316
0.19852127857575202	0.4020813962873179	5.818102705564809	5.835357678822119
-0.5775687838348005	1.2488290920689031	20.134806034568467	20.18224600077635
-0.5956802351253705	1.85853928264988	26.316045546331445	26.38868576093101
-0.541477417632521	-0.6832946602390385	-141.22575849742537	141.22851848102255
0.15265455030687866	0.1784557921893671	-69.11522171172976	69.11562068116773
-0.00020872542992042206	0.04712909172709512	-4.9474943211749105	4.947718792828802
-0.010630824553315609	0.2682872189970435	-10.478876981041603	10.483245376075647
-0.30444101615184604	0.018965364006738088	-2.199182265053377	2.220235719979475
-0.3880457001587042	0.007344955009997206	-4.1330959089711525	4.15127874353552
-0.20320924015000458	0.01595428401339893	-0.4201439001962616	0.4669790480662367
-0.33227455083768376	-0.04496239337600155	-1.139002901348179	1.187331294640233
0.1548553548859661	0.4683527294513803	-2.826875738891532	2.86959246292134
0.030198882186256798	0.21855401802753446	-1.8276094602045998	1.8408786408426352
-0.19247754248126744	-0.275238529755348	-0.15958256618751518	0.37184734509272277
-0.0188043417343023	-0.18603622223479224	-0.1299383023741828	0.22769945471023437
-0.03782603683871467	0.09104222015825064	0.024309366690675495	0.10154033791143732
-0.03521253231833375	-0.04304245272861593	0.053239254602310035	0.076986969025767
0.02538248703316287	-0.013138717425060412	0.03641124284365593	0.49584535648625666
0.20805514927443824	-0.12334671872541562	2.6954452414920578	2.7509355409464016
-0.16739376239684928	0.2804599606338343	1.8598667739488888	1.8934789840257356
-0.25195947754330356	0.23006830281214694	5.191733543957306	5.204804701296126
0.3494624587374066	-0.14711395114290368	15.018847936929543	15.02428166875876
-0.33682477194207716	0.29061957814732453	2.221404914631637	2.2698084161104775
-0.0359697385916627	-0.42624123080204296	0.4167804717198136	0.6133197823623362
0.16849921422979	0.19512394891360688	0.12314668606318198	0.3179783511876876
-0.06738587503001832	0.2744952562351003	-0.6679225571750085	0.7385721556708841
1.62022837546225	1.460946721677062	2.8478421990817453	3.5874378744589785
0.2005543908316877	0.2501978004248992	0.4229992545917545	0.530800689905832
1.7087179946095359	1.206377684365593	2.803171305245241	3.5003304778103503
-0.1055201805619087	0.1467970935305017	0.07489138586163611	0.195684988824123
-0.15168417947914292	0.038057310075215525	-0.001319840572711263	0.1563911478746777
0.20130820664474577	0.12530719515280514	-0.06823400066894081	0.28348289360537415
0.24266075638267487	0.17358922742796246	-0.32638390321026867	0.46370648015961435
-0.17874318969801228	-0.33056959795698204	-0.14640457288081246	0.40331090478348536
0.10574688997649268	-0.10464952407125175	-0.6174849434688184	0.6351547709328254
-0.20461697159220202	-0.3209430208089933	-1.4831118357937303	1.5311738128445822
-0.40734954243373356	-0.961697060436498	-3.5407560555049407	3.6915780271271634
2.035652749394567	0.206965009011443	-11.637995810022382	11.817323846373649
3.951875723049935	0.34003014618690613	-23.108893860190534	23.465649563930658
1.0514514598908566	0.29714273365618626	-14.476038436565812	14.547504369702112
0.9933000216765678	0.7542730953416126	-5.918620214254269	6.120946713450309
1.5935222962678675	0.916003515469427	0.15634991687118388	2.069582479260199
2.860683529016825	1.3602103127178469	-1.3421367286848858	3.4430354531135903
-1.6102771409258914	0.778268773910875	0.03202670496144425	1.7942129889630956
-0.3764853921328404	-1.147627098282907	0.9736392682173468	1.551374433145485
-0.22194973259287382	-0.4145099813434039	0.4040400433503337	0.6199423885022677
0.0969877098635796	-0.16323300132318877	0.6862766409035989	0.7256080493871918
-0.2697002665004471	-0.015406766841420862	0.5958971966654133	0.6689909237864266
-0.0004294088766444576	-0.07084527435684075	0.015929673432204916	0.07261536880258937
-0.22847211052899907	-0.20013907263816155	0.206734545377424	0.3674157399165809
-0.24903643273401382	-0.08758138331911854	-0.027459010604648726	0.2998723490026373
0.06687626019530743	-0.10446634637845856	-0.02368421345951942	0.126279822895705
-0.046959879750653286	-0.21284593280319955	0.022522715025951396	0.21912529317538895
-0.22673986267944723	0.1383327397917542	-0.19737416951238262	0.3309130928459775
-0.3229795163740079	0.04310851063422634	-0.32932572152808104	0.46328127800104385
-0.07598057464110375	-0.13090186243378255	-0.018683789391577343	0.20672980964886042
-0.6156259359463708	1.7710032876906951	1.8565339607147062	2.685103721908733
-0.6662483501215539	1.922651884430372	0.9959546459807178	2.2697758864024284
0.28879333243266425	0.713368091441782	0.5753878192018596	0.9710028579415853
-0.38742495683814676	0.7583483233530907	0.3608968370821151	0.9353697603778726
-0.022745399109325846	0.10740906690574276	0.1709391346559094	0.20316064725018976
-1.0907268313634793	2.1908755678831158	3.530954228015315	4.296191166014686
0.16372186645426606	0.6122017170378854	0.40666659934308413	0.752976437161663
0.5898201303794415	1.5010216658974	1.1738068677681484	1.9946870407444617
0.03759193858735685	0.5638777343188816	0.34572454997641994	0.6770350821513967
-0.09824660503979742	0.9577595715563775	0.68146364395455	1.187782924292783
-0.07041501100412766	0.17003088905414876	0.10268132666786539	0.2527687020845906
-0.029307103775951533	-0.07271154750605713	-0.22219776407197905	0.2738567266492588
0.09936789680387723	-0.010444316147251248	0.24248791073375375	0.2970912896855623
0.024845050452866495	0.005539663555086553	-0.001522109041388235	0.02550061215427805
-0.0985332429751789	0.3133119200507208	0.011212482493825428	0.32863182892219867
0.04561149160087341	0.43498280623470875	-0.19224972697543435	0.4977250167592622
-0.18342242170967088	-0.11800960881367922	-0.17505798871366235	0.3125622128003811
-0.33924269294981796	0.4461175791116076	-0.42665310310377613	0.7043716132130307
-0.49904312593744404	0.42092552047104076	-0.4645130553111932	0.8012457262811278
-3.9209760833661265	-0.4891036842704364	-10.391207438641525	11.118001064853116
-0.8632740338670593	-0.4707047144205522	-3.64731984591425	3.7801093673367165
-2.117047076879115	-0.3919660301414445	-6.506656863473346	6.855041139073641
-1.3538044680314592	-0.30656848910888634	-6.807151242879451	6.9650337064304075
0.023142388891173996	-0.05226312326308131	-1.1872444837258702	1.1886195641812027
-0.07022448950942764	0.04556475977889483	-1.2088775715976767	1.2117725072687804
-0.269211365008851	-0.5444614565868501	-6.675249623693715	6.702825566533991
-0.020150186677289073	-0.19801020082803422	-2.555458930991561	2.5631980839645667
0.24459800522801303	0.7211470834261586	-10.546895784535657	10.61601072789829
1.1691509329335803	0.627158188761982	-9.077935799262434	9.222361490320209
0.4506089357310914	0.9880800087457304	-8.571901493790019	8.641546477383734
0.3998369613265286	0.4133286732366105	-1.373060400421261	1.4951537833505149
0.29375286716959925	0.07595895549018303	-0.7154744284707766	0.7895846709410628
0.2653344981351774	0.28502808261744766	-1.8301778652387495	1.8763459721200384
-2.2313760612516096	1.1789063730163445	84.05591845141662	84.09524365870325
-0.9224394681578783	-0.22978196710035823	5.7188065191743105	5.7989587094124495
-0.7041704426033637	0.26919859669824703	1.2177356217626283	1.4389870486248773
-0.4378715150732774	-0.635978591325433	2.684121233336762	2.7964596926267524
-0.018293775485602903	-0.40532994888006757	0.43390779844240324	0.6102317528036124
-0.9977735387597988	-0.5387579390137596	3.118842451008459	3.321516245724541
-0.18652451732952957	-0.9485947169448548	8.700294122358601	8.754954079435727
-0.16814128860776867	-0.320537249616474	0.776622832926098	0.8681235112865744
1.1070067075305454	-2.286565303425129	6.627183301997521	7.114571188625497
-0.40941029204537815	-0.28050552113585026	38.12038452133966	38.12361494125934
-0.08154138286346517	-0.5070923000441262	19.026564842838823	19.03349577236493
-0.6947432903711304	-0.2822146708886542	34.69575937220288	34.70414257057338
-1.8648859606762365	-1.2419028305072055	94.30452153805254	94.33123758645736
-0.11280888049543716	-0.057611767812995394	2.906349735515364	2.912454897391441
-2.061242587530316	-0.9647145838786614	126.72011653075518	126.74152809759423
-0.18775077322883976	0.07493995231843686	50.471148807836194	50.47155365482666
-0.482976903393077	-0.04779230607682572	26.236641468485224	26.241130050734665
0.02744144846713907	-0.42534104922759	7.368955546774281	7.381271834283534
-0.28222683847274577	-0.3330990709126247	20.237378411870832	20.242087144478273
0.6508126399907365	0.06457086212211305	26.86117937028683	26.869502478390427
0.10565108320187355	-0.21604869576303184	28.951566782833822	28.952565661288286
-0.025376892325954303	-0.14143634736109922	25.110183942849343	25.110595091927795
0.5328647286912197	1.2360249385633728	121.05125782774252	121.05882125616178
0.04545173114021368	0.05948467189811675	16.11121030842221	16.1119887559905
0.3306775906807027	-0.026107980753225114	51.930186395707025	51.931433334478754
0.020047243721915152	0.12961157553050537	9.203748015118823	9.20574051139809
0.18569903550556366	-0.1914191745235037	21.030405166156047	21.032559203999547
-0.4771293846281902	-0.14018707726191815	8.4203441279397	8.436170925493123
-0.24018797604614883	-0.032116602925812116	11.42357748269787	11.42699978245044
-1.4182033253665525	1.0853311471064917	69.73900409425059	69.76186591848632
-0.21898907494808223	0.13863733168781467	8.477311935717145	8.481273146181328
0.015787137461783368	-0.9107655967828285	3.1020414448243296	3.2360290660468776
0.492196268906553	-0.29927176493907715	2.9522877080049037	3.0482033084510807
0.2939602146332396	0.7257698629773081	58.54543152887019	58.55083421428188
-0.3208581501005801	-0.06986690276394764	0.06784908101849127	0.33531303938685
-0.20210343252766946	0.04391801213929292	0.10777206919406213	0.23321536855040897
0.06160335048955033	-0.09174509023716668	-0.10841661035622668	0.15481051571291318
0.12227491197995562	0.02682258913147443	-0.08633019070522503	0.1520641549301555
-0.17664169412434538	-0.011740139526708264	0.19544075152027	0.2636990829222455
-0.13945153279055403	-0.06493866913211735	0.036890510699370514	0.15819187882424926
-5.818490069596197	-4.147499551127317	5.839777059268681	9.275770906585157
-0.6285405603272995	-0.5313333927602031	0.7598861645245969	1.128842406261621
-0.2676988688226352	-0.2676578463077971	0.3252149486597436	0.49906729996144455
-0.043216456376605324	-0.01750985208978157	-0.005874618586729177	0.04699753361078222
-0.1519305408431469	-0.74273814437844	1.589195819827042	1.7607629579563984
0.020068021309540142	-0.03670866061247987	0.12348943004943508	0.13038362848600557
-0.09665144374701734	0.12178807509295997	89.36966260820341	89.36990683852046
0.006188316192117599	-0.2922281354539906	155.76597846146902	155.76631523350017
-0.008580830181196222	0.18370710037390076	1.4542963797658077	1.4658785384793362
-0.07875576665030021	0.036826669344946036	0.896990332223678	0.9011938362297319
0.009722296895224303	0.027203896855049176	-1.7959493679978062	1.7961817022430495
-0.1263656109705446	0.14000738969160556	-47.41553627699737	47.41591136709341
-0.0076850166964023345	0.014691743187749507	-16.912767513821926	16.912775641017348
0.17874878622668655	-0.09551172451005902	-59.369462554542594	59.369808468895464
0.01938905159536878	-0.0210709926496387	0.041042029572166766	0.05004368336175498
0.17863339323725871	0.21474344027101552	0.4575961240220468	0.536114583870732
0.23752959187218858	-0.03416960680109978	51.45677248293454	51.457332055106896
-0.13009990627485396	-0.19449092219745961	66.87568440652477	66.87623940780786
0.04066435424085651	-0.07657732492368943	1.640429012294658	1.6427187893173687
-0.0993087485651476	-0.2688094001462259	4.2012569190058535	4.211018929029304
-0.07183772399547154	0.015853728769445727	0.3762876261673209	0.4080247073540792
0.3421555691750865	-0.36548887150744136	2.436379272218296	2.487286977171766
0.10578381874449452	-0.07781310738527074	0.385350781255238	0.40711217201545574
-0.3079109069493476	-0.23420602677877514	1.3038556363008966	1.653025376336215
-0.18136488628121017	0.4457326358635338	1.5259229830393584	1.6060795558493932
0.7082420648418374	-0.48922455980238677	0.7423425524304477	1.4747242936814395
0.009372352339037729	-0.022952519741882907	0.01829776563027803	0.14293093534266532
-0.47563674088050467	0.09991874798218514	-0.6007565367390505	1.215513502520006
0.18360982872711099	-0.40443515998544155	-2.2215755292499986	2.4526455073858626
0.38170043004349863	-0.4376597212826012	-8.904786007478133	8.937347203242515
-0.30960387292333413	0.012582301630483766	-5.007512394241819	5.019031085361879
0.0400916321658979	-0.03803391306335703	0.24787892362524586	0.2539643248376574
0.25775761231954525	0.029389927173209332	0.5381964501015633	0.5974597672059971
0.12835878688071242	0.0375010575108749	0.0531386143942277	0.1438958645120162
0.001242626112754587	-0.0191682100797683	-0.040217780273931115	0.04456943176079805
0.026638122512406333	-0.006983534072906846	-0.12674514204112874	0.1297023143593025
0.08448382135303892	-0.007802063351497208	0.0031771560210718253	0.08490278313067957
0.09413964792266319	-0.028618294721205934	-0.026364708833503905	0.1018645079290536
0.528307332353954	-0.194480534420149	-0.5212467995639312	0.7672219638037868
0.3886700844880044	-0.2890456338367037	-0.4682590139961234	0.6737049184951791
0.03037609945568335	0.009519702336871251	-0.06382844874082079	0.0713260332514278
0.35787564794772336	0.4139551141086287	-5.216276409039431	5.244899750366255
0.07472529010232427	0.21668024285236526	-2.285880477287546	2.2973427591606304
1.510345129300532	-0.11672258497380167	-8.998896733900704	9.125508698086561
0.6228118854075485	0.03831600759470634	-3.6687637371658885	3.721450002376266
1.137737585630407	-0.20350774824748652	-4.481577008960907	4.722366493348422
0.12527443210862046	0.053558848586167856	-0.17715203482112823	0.2634859805440882
0.8058173698337506	0.18346445820886012	-0.8643815163560906	1.2937836717047055
0.6727869638491867	0.6368848395761194	-1.310665496476616	1.61108299791215
0.29859385327833005	0.23766059868656061	-0.40673232044477947	0.5749363571544681
-0.029701091675592303	0.007548835098337245	-0.0572767455023436	0.06495972085380347
-0.5472402819976968	-0.27299579741575686	-0.4633139157785219	0.7672407811121691
0.45541925306592024	0.5026570202940616	0.011371254618983456	0.6783804843490379
0.41231631358824383	0.6197166518283351	-0.07538912892765645	0.7481557269478005
0.887757080990977	-0.01979417413562486	-0.3364774813652738	0.949590195634543
0.7441168595014435	0.0720073840468706	-0.3777269485778296	0.8375993144896209
0.05775821503650318	-0.3757304569275083	-0.14400222937242232	0.40650464908950906
-0.040576778090165175	-0.0830608306337396	0.002646010654923557	0.09248014856244152
2.76585495709425	0.9469974368880562	-0.8887903143645474	3.1964130842185607
-0.05988715415704954	-0.015732278828790018	0.46979831027404473	0.473861190821241
-0.28885740030872575	0.06548305722478082	0.9416466108489877	0.9871296613008872
-0.4671756950239226	0.19991793699883353	0.8301374577066786	0.9733182985245176
-0.19252591132618851	-0.005856404983538406	0.31117997468766756	0.36596926190313855
-0.15794854509990044	0.30697008904932793	-0.03374720519206144	0.34686777355125203
-0.19611051508056118	0.5163455579677236	0.10526960844497489	0.5622755194922869
0.03727445547810431	-0.011974728325955704	0.020625380614837263	0.044251389528200485
0.2555882338961867	0.28828466321586205	0.25479500198161115	0.46190246306602883
0.043770341628090695	-0.010389133861889482	-0.01406004582134042	0.04713238586299471
-0.05720460333055977	0.02368166908643072	0.08897383378610005	0.1083952544695683
0.05780674460793742	-0.049099015434387425	0.027575389258173145	0.0807015187684426
0.1074821571725106	0.08833175208923497	0.09557702600080922	0.16878945594073613
-0.2263610127900947	0.40152377081605933	0.3419236493892992	0.5739097739657351
-0.8575299438596593	1.437882519326995	1.5733410030326933	2.297447639409007
0.1494322204513969	0.5494740442867858	0.24396463247171177	0.6194920949866664
-0.02625413815999808	0.20084127872946314	0.10009104317652232	0.2259307768684352
-0.1318762377161448	0.7007150262734697	0.26406725345289567	0.7603449246662667
0.032067673460670805	0.18106697830502985	0.08790062574009809	0.20381390119222775
0.07469725204470401	0.12703736116903544	0.09660146035692563	0.1762101380139993
-0.06055754165268542	0.12391301814749286	0.09308497094674678	0.16639249903043807
0.0916718691507707	0.33123543742050227	0.23364249606021054	0.41558327993555383
0.02611317605694476	0.007632658687534648	-0.009055394861917462	0.028673256154936926
0.0315377605876923	0.01760787499591466	-0.020906637749124622	0.04173433965850517
0.09901198817199032	0.15795044127751634	0.1886669347023451	0.26522995296819596
0.12110694640125866	0.5225333778969891	-0.44459695072586186	0.696688217266382
-0.005442494502217388	0.02974724847405326	-0.07989435204542512	0.08542614955001815
-0.05804249653771633	-0.03905696394806403	-0.07756739208051293	0.10445610633822805
0.027374050498986443	0.06299194235416604	-0.114095691691017	0.1331733843706138
-0.21555083703824968	-0.22648981782723582	-0.7702149848449237	0.8312586383352479
-0.09719331228715414	-0.016202277305635615	-0.38249491487171094	0.39498280170907996
0.2871754408468645	0.9339270527213949	-4.660742344603361	4.7641041614672215
-0.2479237492450287	0.11276895901045911	-3.498543626661653	3.5119040869748828
0.1929984639814533	0.15327569386653664	-0.31507725173475043	0.42366886230898754
-1.0593359622343017	0.016059357240572836	10.022332553877517	10.0904517300491
0.21442230967357823	-0.1918286605216587	1.2460432939810577	1.278827217554604
0.057007856736150525	-0.008135114999524101	0.5887390928787887	0.5915486415413732
0.11915995231503163	-0.11394756054115439	1.2726965122505822	1.290898655194821
-0.03829797752853305	-0.009059729035261976	0.5925177760590887	0.6100048472094108
-0.06319365884362584	-0.24664256035707036	28.92513669720966	28.941470410749044
0.0747941007279778	-0.1125842603530388	4.439704043567661	4.443953324749709
0.5660433705684247	-0.19525358271829668	5.740992745380805	5.84789512169497
-0.026418669951003747	-0.12024957808092437	0.6816588639637883	0.6926880351002338
0.10023266889527539	-0.40055418345927424	3.370590653636558	3.3957873308236937
0.4265315353316199	-0.04983929889485425	1.4856535954570502	1.546473314364377
0.06631071439419073	0.024981395452379096	0.45484442333579483	0.4603310009133514
-0.35488752148010255	-0.42583101829043546	30.125913106155625	30.1310125566447
-0.060036185340144314	-0.156168204604679	12.260403651433379	12.261545194132776
-0.0023097355405351273	-0.07261747787105288	1.4954987142292406	1.497262514468299
-0.06916266977892299	-0.09394869112413798	8.438920889853511	8.439727224067191
-0.27087766448704664	-0.5858268937465769	29.057417197420758	29.064584326006077
-0.011984566275298876	-0.09206415236957716	6.602068825123843	6.602721575960359
0.07084344494531251	0.029784171447493072	8.036864622070526	8.037232038708932
0.09930958015091171	0.029368762721169568	2.6872288903860837	2.6892236846828386
-1.8385206742911984	-1.491712149851032	130.18515252998387	130.20667917838537
-0.2122370702219888	-0.2235173408588788	15.482947320435985	15.486015055624762
-0.07420697037084341	-0.09025122567871482	8.37262743734242	8.373442670892727
-0.16893706402766098	-0.682028342327659	42.74592042304293	42.751694881074094
-0.0954311228983542	-0.2586227183287522	45.49355333908669	45.494602625046404
-0.09507547568571986	-0.12649612201591204	7.313594712305938	7.316637753485631
-0.07888322169564033	0.16411147798011036	15.104301117392426	15.105398617207426
0.005477509837827646	0.021028045284445247	10.748868942336568	10.748890906569391
0.0014767013621629025	-0.0955084325103033	2.154653080751023	2.1567693292787147
0.03494029927979008	0.0008481360565880877	4.140462004043908	4.140609514404832
0.044990931951803384	0.05420325447028984	21.64767665764816	21.647791269569236
0.21772787004769165	-0.02637707942114916	40.60492647983353	40.605518782653185
0.054447422128889866	0.06030317229081124	38.332503819073715	38.33258992076671
0.09268271127137998	-0.0036916582134486602	12.856041258341	12.856375871507298
-0.09650151690080132	0.005173868404494079	1.3789700974502626	1.3823522855409944
-0.5147878211287753	0.222881640256471	12.635549963611975	12.647996110423207
0.015357104079930961	-0.2359486502184478	0.042263326934983525	0.27780133169090915
0.17158095336272783	0.09786307688263923	2.393022297602992	2.40521365102955
-0.015084758096988601	-0.4844786212645672	7.052050027141462	7.070066227030349
0.010422575661749547	0.08159094051418608	2.875866052546494	2.880425497864294
0.23858078087935586	0.14781315599805928	5.610556550089547	5.619305482418963
-0.009978297782475831	-0.06039087885027375	9.158637361418396	9.159905279398025
-0.009578166043983302	-0.15261460020638795	78.11399397446337	78.11426833418373
0.030347277446510015	0.1424205074495568	14.971581855930484	14.972940513203056
0.41016060179944025	0.8242587702116005	44.7826059872082	44.79478935308744
1.3497049038917626	-0.7389148080139125	35.79829257147718	35.83474807217947
-0.0823126351472523	0.8619000325987881	6.2277389498353335	6.289185897101054
0.6814517916574345	1.1474662987753217	5.647128560300742	5.804360103632663
4.189522888932134	5.643178746024035	16.86342671278816	18.269981080420987
4.299744696740301	4.420555577670369	16.28456539013789	17.413663193107755
-0.154226704463708	-0.5482034365365318	2.7182256886277427	2.780745145355102
-0.8027596571943572	0.07826901998338351	22.052082345223166	22.067269080067685
0.2530003988394898	-0.5218655489831516	134.90423263859415	134.90555146637172
0.10082412338877925	0.21766771483183725	28.962420605651623	28.963750307263574
0.6533675095737353	-0.5823884180318759	220.0288797928928	220.0311832990938
-0.1661769040958776	0.3013211362960737	6.8737097184591525	6.882317522773375
-0.03574264415168538	0.3364599973964072	6.715187811777665	6.7237065829723885
0.2607127064910369	0.11681727958310209	-0.07537555967174428	0.29546381695718144
-0.007141232770597396	-0.014799575441853303	-0.015603011227779982	0.02266006615429851
0.06640911186841889	0.08814816616896015	-0.1197809591884225	0.16287340950014298
-0.0672210009574958	0.06816985042783336	-0.12312401566100463	0.1559657485141276
-0.32194500081917754	-0.46275505197104155	-13.98489920024969	13.996952391421551
-0.39277331032754026	-0.23908714024613545	-5.994201535035818	6.013432078394373
0.2537866363963479	-0.03105072756587461	0.08284967087335939	0.2687673202968809
0.10269198099745194	-0.11022976916051411	0.058840630538257846	0.16173578692577903
0.15835247765068305	0.4016520297360825	-4.5043544783628455	4.524998246067798
0.33377734536027903	0.5911140396784204	-5.7510982903734575	5.791023628834302
0.011984577881599439	-0.046772212329342644	-0.194611414626444	0.20051152748928672
0.15041851884113366	-0.4011471249339037	-4.30726994423206	4.328523896103378
1.1493936166218284	-0.012546188774504592	-3.338420111448315	3.5307664795772533
0.1374838885720437	0.04011374548971795	-0.3521048791647521	0.3801167953744332
-0.01010951336389157	-0.13971585006273401	0.5934806697238241	0.6255572006260064
-0.007138348353242563	-0.15876741198980387	1.3106209334583243	1.327578646727312
-0.156833758330453	-0.331188465547204	6.957374373144433	6.968415930500308
-0.1654130215033907	0.010677014588524075	9.995797464823214	9.998145938572293
0.11416462009489514	0.22299075095403134	1.5247485233259093	1.5451914104333466
-0.019685373752608044	0.05343238614432904	0.7568397058917452	0.7589788364922698
-0.6618174890756662	-0.5652854382517477	1.0754165448091972	1.3834994616533978
-0.07159808238026323	-0.02949383870080885	0.1558776144834731	0.17405172397565774
0.5514822965519592	0.44311487977045216	22.456214202980686	22.47286487215939
-0.06592592479375804	-0.20043970650407628	2.5372604461040065	2.5460190248439334
-0.1260229232216481	-0.20395137682472225	4.979303088672689	4.985071432803286
-4.4894371698044055e-05	0.14036470975538573	4.313120040738421	4.31540342721044
0.13344435373179203	0.2312719529558162	13.036531629840333	13.039265740354947
-0.15011236862667224	-0.0845238461956974	15.001250671293517	15.002239822998915
0.029552633050311958	-0.02396027465232954	2.6862375445869597	2.6865069511970745
-0.16451833929077356	0.5409106543405829	69.48863579470193	69.49093577747155
-0.037992623446692145	0.021344002074029474	3.498602192252532	3.498873576666513
0.11409158633494687	-0.23016654108412132	14.771055409602996	14.773289120580733
0.14186791091708853	0.3860879730371033	2.4757847266743362	2.513599058084999
0.2556777373772124	0.7293582186734072	1.2926231752041448	1.50605749877341
0.19694165807407837	0.31797398284832185	0.5382722461370653	0.6554620365931448
0.6190470190542094	1.0254350726950634	1.1157918309794526	1.6369873885261021
0.34279988499316566	0.395909838568146	0.49273397655993983	0.7190571139227772
0.4237649679853183	0.13224470675518765	0.6329097660999747	0.7730719129428312
0.27283402422292	0.6483574952051488	2.611856992219151	2.708520367113092
-0.1863509152917171	0.3209452552247142	1.5820357399675384	1.630965783796814
0.13040728202314586	0.19418263517215878	6.29644057385322	6.302329461395377
-0.2291747849905877	-1.2202068645678512	14.006437599068434	14.06204821055283
0.16875307877246307	-0.03893061837444839	4.887978418049049	4.893036480025006
0.004746091356803345	0.037190978760674905	4.987525589146294	4.987666508165258
-0.028199068885717535	0.05692362277081072	0.9168141809441136	0.9190123659100573
0.13160317580189296	-0.14125207276206056	16.43203987440548	16.433173947171383
0.18605208999419595	-0.031315196705872836	11.958322736992043	11.95981098110655
0.583814243326545	-0.009600323439006408	-0.2639178309584642	0.6557923782104365
1.0101499063118546	-0.09701846701070177	-1.0981030723886869	1.5017075476444905
-0.0007993654367717956	-0.015544036797195435	0.21815498862238406	0.21870952225700316
-0.21601078501606408	-0.14643986934438233	0.6390955562209893	0.690324868853985
0.38652862709456587	-0.6647097370892807	22.131708362978753	22.14550153559383
0.07919703465924144	0.08364771270828064	1.899426734456747	1.908027991044463
-0.5246725471131659	0.8149148857347013	3.1523530783884404	3.297983851311478
-0.06635833718645606	0.2087185671029587	0.8139249073596309	0.8428763989981255
0.30956817089545013	0.44357208208567495	0.9666225881103259	1.1076767905316427
1.1591945349277788	1.6876837951134123	4.22675484634256	4.696537564331319
0.13197348027715344	0.9070441388435663	3.3739011923931734	3.496191545859438
-0.021544836779170125	0.057317180571627935	0.16898993810940705	0.17974158773846105
0.04498416340398948	-0.08181109167189411	0.2726353681703434	0.28817819774417797
0.17826445192537144	0.005826471668764467	0.5219729293091963	0.5516048418242746
