0.2360481063687432	1.0987883699782433	519.6393732310521	519.6406072915549
-0.8837200964044738	-0.5063392387325134	766.2198811343688	766.220570766659
-0.7424215436018597	-0.023025892896344657	9.272834794593916	9.303583441496043
0.022653334527029195	0.2500091937788531	27.248972294637053	27.250486026295615
0.30046357565760795	-0.3565003430997685	181.3048498097023	181.305502991935
-0.3587128775246763	0.3873390566564074	-38.25013170082634	38.25402934840685
0.06873116337565686	0.15281023145340858	-58.30259959948583	58.30300742485348
1.0195027962556225	0.24633528856233866	-12.568229236479965	12.612689362367327
0.229144025231411	0.9644616092333405	-163.17999698663573	163.18306771697647
-0.6623774452706737	0.23980876200433476	-41.38077255338908	41.387003624598826
0.4407889238157613	0.4683995131541789	-111.46109991590077	111.46304305565408
-0.8092228823125317	0.17312571532946378	-191.5991458810783	191.60098380835674
-0.8362061576898983	0.5233495961076586	-0.22935933653955262	1.022360517656269
-0.046362806070471545	0.6668741505245622	-1.9505718269479724	2.066659352531939
0.09691100830439604	-0.059334870079702284	-5.127297174234858	5.152262476393725
0.29275758265982865	-0.06011757667732057	-306.24073554011204	306.24091317957334
-0.16423215608467395	0.038483882287907265	-584.1457754081919	584.1458164364724
-0.5069430807159641	0.32147575956497754	22.192399130817805	22.20051614563491
0.03182788521351887	0.050874787021922996	44.086779924405704	44.08704169193159
-0.24078104820680876	-0.3789077222739442	46.035159458129115	46.03756002108982
-0.709513847023507	0.47014053214932816	543.5080856609143	543.5095642328622
0.25667957124400803	-0.260552503685398	78.35594834288737	78.35680195568669
0.052285845571741776	-0.0007444065904069347	6.121944881869177	6.122168202559655
0.393624389956166	0.06404311307625828	0.18512532064527631	0.43967381664693034
0.7187920277699414	0.17047900937733176	0.5479907408670099	0.9197928701071099
-0.12964576798203895	-0.1379162697519586	1.8884697826844392	2.117767415848627
0.0475171650453068	0.051625778129389496	0.05032861237179673	0.1641214674095946
-0.03111374067263844	0.03130169923662219	0.35516202269540204	0.3578937322709543
0.10100236958901052	-0.13372291934632125	1.4570662776322887	1.4732973970432142
-0.058815460791255963	-0.11535623069722262	7.24437013042075	7.2468713725180125
0.3349350397802582	-0.04795697805218681	25.32259418391079	25.325239136887717
0.14062529741490015	0.04291323901926724	11.381239930119442	11.382189568237795
0.19004077858442533	0.2515620067350166	27.215314047686434	27.217140144676407
0.6455499217872991	-0.41581497137386403	-10.930091176897868	10.957919953720179
0.8192756919153701	-0.33585601306184193	-29.658854605469397	29.672397075634894
0.003340589439687963	-0.3148496728041135	-9.671419228128482	9.676543358153056
0.010415231533987789	-0.1333283702004611	-2.157610063730985	2.1617507068257074
0.18886872599657514	-0.10075332769336208	-1.047714958525982	1.0784289721256357
1.4847205962087806	0.6559623392337472	-29.00210558107313	29.06268400819017
0.7008238141743482	0.08654864651652286	-12.79738850995169	12.817615891665314
-0.0068652565867739525	0.08767279699745636	-3.5171601826482095	3.5182594278261163
0.07579434491371559	0.036407176765796925	-9.530519392284392	9.530890312659663
-0.07181423502364098	-0.040169066954672074	-0.3795228224902261	0.38834058644827135
-0.03742748999312367	0.0435025575854792	-1.0721746605182758	1.073709361131374
0.8100494738446886	0.04400591998727184	-9.225272162119706	9.261924363821528
1.6469099679404349	0.18359678079379688	-43.2321831444343	43.26415559605005
-0.08937494195369206	0.09295649944095419	-1.9312846673233768	1.9406104818267618
-0.09347805230762762	-0.0025771891403989777	-5.920270122753504	5.922653366476456
0.7924754858566847	0.5076260459890688	-43.09472468305619	43.10522563322878
1.656032635543743	-0.45906477786619654	-62.79605343160488	62.82656971169235
0.07157979438211892	0.9117806779309533	-140.28609372202328	140.2922125780644
-0.0347391117241569	0.07767158913535019	-5.57674754656083	5.579142646017795
-0.30280075662670924	0.08880715275507715	-21.371203429633386	21.373988650326073
0.12892991841499438	-0.07797504804765445	-25.242886024612222	25.243335712293323
0.023623614783536376	-0.09315952422168534	-35.9792282935873	35.97935665592426
0.4514507615105019	0.053038568595898845	-135.7612460881679	135.76290465452743
0.10712300692681387	0.032977952512231706	-234.93725636400688	234.93732455809567
0.02865407841564992	0.15492601431559902	-120.1544070815251	120.15451037825825
-0.022879670632598534	-0.010091154862187656	-5.989480432361604	5.98953263288357
-0.7451730932966335	2.1150357800402335	-0.134538608957179	2.250830893697628
0.0502059661507729	0.057236709759710236	-0.33188276437275	0.3405038168199414
0.024546696359596394	0.004680820346163301	0.005677843973621255	0.025625930099648416
0.5908802537336701	-0.3994011825932815	-12.639359209627408	12.660234665826794
-0.08194847205941708	-0.36227505751100075	-3.6017402441658963	3.6235302317921514
-0.10708302840476311	-0.0026205531511935207	-0.33107220400563464	0.37491629924064673
-0.3504608177594196	0.2858936455123142	-2.3256095794402882	2.373288364740652
-0.13071971547329633	-0.061785013928640005	-51.725809839515385	51.72840539102057
-0.5874495068717991	0.23622516607227032	-168.59938818439988	168.6031878286976
-0.10640321991030396	0.46341649852940325	-326.3860647998385	326.38644097420104
-0.3066229660185189	-0.16093782586145114	-397.97864384113547	397.9788189741274
-1.8655379616998269	0.9588731165354172	53.02369560468743	53.06535069990217
-0.15557085875343124	0.2921971662824846	15.379828656265701	15.384023880541413
0.0012426166575729147	-0.006804812944934886	0.2890956728737991	0.28917841836784103
-0.5970690071202911	0.43788666394373754	42.66495932938823	42.671383744941714
-0.1404180943478846	0.254217404142691	24.798794468650673	24.800494971434908
-0.03285768412386702	0.17667780978246866	9.3806266360497	9.382347827747628
0.029689407266933584	-0.01105911306323757	28.891591433080162	28.89160880430367
0.2244181479405728	0.29534928483314166	236.85647486912808	236.8567653290383
0.6767614318958382	-0.2266538813904132	9.12790148821875	9.203844597839382
-0.16529176612434285	-0.13440300847540193	2.7643370430451073	2.772534007760249
-0.09870032570911189	-0.039475426286866636	0.6027797198330452	0.6120812480525925
-0.01142906185702449	0.05499231782210251	2.9394044364363885	2.939941023118713
-0.20361492402504872	0.0012638884759106073	11.899248532363938	11.900990558338629
0.5488269090164093	0.15073577591320594	-5.381682700345742	5.492430384656806
0.07722931610522418	0.026712235188525852	-1.5621665633177573	1.5705164969597933
-0.09131131577143732	-0.005640271038402478	-0.7996764947103855	0.8048925799369672
-0.0684021672771096	-0.09190819693199155	-2.663200478869767	2.6656636629184214
0.10988729872454092	0.057502294097232655	-2.2250199803350412	2.2284738376605575
0.3936822983271524	0.03589933461859321	-4.679459168752569	4.696127435173127
0.054202549786353804	0.00522474390131996	-0.636304628908066	0.6386306101675725
1.398857940610735	-0.1865497194082234	-44.7741361574948	44.79637120332075
0.8033565656794018	-0.18790835086754176	-24.192003999844996	24.206068430219354
0.2971409205779517	0.015527600981282294	-9.128692617722397	9.133540537049887
0.3021957454018298	0.1561324246519863	-9.940342887078025	9.946160883237782
0.048468286645617926	0.06327372114110973	-2.8594315812673456	2.860542204993047
0.5458275583084742	0.3239061121266415	-36.1105791849067	36.11615666100559
-0.17476051694846728	0.10101449131869715	-0.03298115725332613	0.20453098169772707
-0.09096923055516867	0.05800896391536766	0.08482025610902474	0.13724036085908742
0.012039334876028117	0.06758087424531858	-1.7133853282644311	1.7147598675207651
-0.09679181807147155	0.034737816923773354	-1.0168193789672113	1.0220063705346834
-0.02099358323651108	0.0910062997257347	-7.898466907172349	7.900252030519253
0.060417196048462574	-0.2528081002132526	-40.03316532000248	40.03425242834767
0.03496082708476895	0.06367511851163374	-15.963782159421685	15.963947432061344
0.0007498411372993639	-0.03534639879878829	-40.15717728759974	40.1571928505702
0.03434798497949912	0.16654872348959704	-1.3387766632237406	1.3567317348174142
0.015961508376283424	-0.27664375053073365	5.633662995939622	5.642200374958049
0.13684245899344216	-0.34284895774302365	15.819129084714326	15.824051189571005
-0.2083250802342299	0.020778238404967248	4.361559673437962	4.368811468134791
0.10102258008085957	0.7770037718929589	103.92053066897381	103.92357824252032
0.19434370550207372	0.014622010300318969	77.65580974680734	77.65617973153388
-0.38579866845541144	0.49279178818606756	486.54060051113726	486.54102304932314
0.0652771906237698	0.08862638523255795	6.575728002537829	6.578129999934262
-0.6247678397086244	0.2944301758344672	58.69488319512701	58.699112574692975
0.4479962123395332	0.45179807295174	34.699705107356614	34.70581848087441
-0.16685124713134897	0.31402947463164355	30.14127071430634	30.143691444605913
-0.13296900612257456	0.4059491366675933	11.114094705461763	11.123176541124554
0.052332519240145904	0.2002617457211929	14.097058361735158	14.099268693745659
-0.04055263144105675	-0.41775536043582984	6.1576024554155016	6.1734683801675585
0.3498060475533894	-0.23358352619753292	19.259422113502204	19.264520379847855
0.4299817099529061	0.035077110133181155	13.317653716193483	13.325370349971193
-0.09553162637840906	-0.2203630543205918	32.58332368070259	32.587948511546145
0.022478475080393245	0.026689387324716346	4.169562863402475	4.172044086776019
-0.46671139664841166	-0.7466063516298874	23.78272284333242	23.81755525237049
-0.627380870902051	-0.14537938195518751	5.125375175756264	5.167561552514884
-1.2463025083027282	-0.26949850783115736	10.983215259571441	11.096833269492153
-2.0640370610109597	-1.5319468774288412	18.28389503067157	18.487582846386577
-0.442188587145718	0.08566912118594855	1.195833253277276	1.2854442420698036
-0.9714733227344113	-0.744551520923499	1.8317436940110592	2.2074605612656857
-0.1696438884205635	-0.42955339567053996	0.9166647534937863	1.0358808926746181
-0.7331464376564685	-2.8044658528035282	2.6786446743640453	3.949322662810453
-1.0735742159241444	-1.819474590094534	1.0029476790388079	2.3901199489536387
-0.2334974439544332	-0.760716780953902	1.1066287113482753	1.4496751789068014
-0.38924593241756433	0.07000675265793449	0.5064122400274397	0.6575305947793892
0.5341485189941657	0.20976378637803322	0.40062074276889853	0.7136471473046141
0.4065640203766519	0.19848857911451107	0.94137754213063	1.0537378613448554
-0.22391267822224917	0.05264270923896219	1.215599641540643	1.3320324970579427
-0.0257999130306181	0.7981444458877816	4.498635357581859	4.5710939672467426
0.5296072629395238	0.6221065018993754	3.8716684080163533	3.959393438292745
-1.8201959072748328	0.31442256573557015	7.900229198245562	8.114497880979174
-0.44498109640324146	0.5254898064914139	3.3912811757533277	3.463295469751533
-0.013456067855613402	0.01215900578271444	0.5127173193423444	0.5130379681245422
0.07047557797055151	0.019028516973198392	0.15571616290192955	0.17197794898585944
-0.03254187547509958	0.1611731026204337	-6.413218662108006	6.416844172611498
-1.1310390465540436	-0.5773269515684105	-56.05528579913827	56.069841283365605
-0.016162693240872883	0.23013759997422176	-11.353161087314959	11.356362578176043
-0.3017724161255133	-0.09055913592446296	-2.4508783990936247	2.47498530506291
-0.9231439320755475	-0.30345669549467735	-10.644901547830429	10.69007434180283
-0.7113853915146281	-1.720472878921264	-35.903620570415356	35.95524698996124
-0.9531436969195907	-1.0313442626709075	-24.442411397312515	24.487697906356868
-1.216778366224293	-0.8824952920403106	-15.343679654843825	15.417760300003145
-1.3882498561127357	-1.3018715785184871	-32.417298897969324	32.473417665763705
-0.30087243126911634	-2.3716400487070795	-34.723911602772276	34.806389033086624
0.02236044031250487	-0.11397785318470577	-0.42448527996745433	0.46169089022484133
0.4749059061435015	-1.2186148877847547	-12.656451295907864	12.758491644979372
-0.3855276749329878	-0.34189262051255515	-0.3933456141792694	0.6631159093207191
-0.7726279286587999	0.6769912302552455	-98.32121780201687	98.32668315822782
-0.5069104809746731	-0.20816596288782171	-11.085847641640266	11.100260763711274
0.038992536945054335	-0.47710396400581656	0.21490857089200974	0.5429678527779719
0.03657558598668841	-0.05043158873687491	0.014439684756337449	0.15352331428372495
-0.20044016727925965	0.4176403592073365	1.9099484045839232	1.970274707590405
-0.2297267107049557	-0.13587441758361601	0.6328558237295281	0.7008726685307298
-0.2966593761214834	0.37976653674501554	-283.5555418014065	283.5559512965599
0.0020817026289821766	0.07704850961795312	-37.848120208712366	37.84819869081567
-0.11023586937739069	0.12370660501135727	-249.92384768867296	249.92390261594025
-0.23592691963388476	0.4412188274568498	-504.7720950197521	504.77234298859383
0.46645861444157377	0.3873148715704733	-2.7387423930644155	2.808520273951151
-0.23900420841333855	0.11122259953314474	-0.7939348543222292	0.8481189869905413
0.038840395116591805	-0.14660461342394004	0.08714168845834783	0.22377432323072238
0.13815850462936108	-0.07503749627105995	-0.30157970717140076	0.3676254927581039
-0.03067756398287045	0.03654318606714201	-0.11990487118034528	0.1290491980317437
-0.3167484383735936	-0.03377918441438063	-0.4243663209190706	0.5306198081886878
0.011086668193634828	0.025105673987041704	0.03642803769328394	0.04560933027531417
0.27347570757328715	0.6971334267590735	2.7272644481333868	2.828207090612331
0.22634650584449073	-0.05970964343425782	3.9004010338355624	3.9099112511504126
0.08381856260387957	0.029031996767165003	0.5912791031276351	0.5978957986712148
0.04842526263652296	-0.09968639907796618	0.5450834562848025	0.5562358838999278
-0.16404795792058832	-0.17487290949982934	96.30130404081486	96.30170368177987
-0.03754240939663368	0.25213795539416817	175.4283907032744	175.42857591544694
0.08833476420721638	-0.27731915292599	261.29266047459487	261.2928225704546
0.04443140840034984	0.3715081219869609	197.41071005776337	197.41111396709653
0.44986607350634367	0.4129502017573702	66.87407689648708	66.87686496921405
0.21914562283494546	0.16734362854180085	41.37492097566357	41.37583974297594
0.16982079929202493	-0.0071843574749846754	0.9539727062786405	0.9789966435535448
-0.1396305973722386	0.1962627047228715	13.904893465641019	13.907679814717985
-0.030920344533489172	-0.1443245875082558	6.0957511879846065	6.099135019409001
0.2283976599766349	-0.22113332376638395	8.627509422366385	8.634492692444852
0.01788800292923408	-0.13505955733532543	8.75229401263464	8.754466935980545
0.39660218365997235	0.13061133633832397	11.32722587552306	11.345665189436147
-0.07005705354446799	0.23077434652344214	3.6942625212913724	3.7047564226117133
0.14850842940824047	0.9041320608458119	24.564274876789742	24.586313869751567
0.640053084993325	0.9188934854300763	30.496374304973163	30.517246906021896
0.9680867797324479	0.7349025552920435	20.266642311975023	20.303535262739437
1.5656399485804555	2.042888111458688	76.9476139672723	76.99636527871812
0.35079265319213887	0.09002616058735599	9.517514780026941	9.52542532216042
1.6021041539783887	2.1002375849966315	99.79559531887118	99.83495846282722
0.21079953727833067	-0.025434463301355934	11.52755658978127	11.529511884180078
0.33315654996555627	0.10754101682173411	24.322098785833727	24.32461814098915
0.17393584493810238	0.29869502911215406	20.935621872378896	20.93847500611733
1.1980670772397521	0.481795916098874	128.43728079615798	128.44377209634362
1.0634219900329438	-0.29233286462737074	49.933002028688925	49.94537512337435
0.034134234707837774	0.035986456948185856	8.70259368318116	8.703854133112952
-0.021927430771480683	-0.44811027468486825	39.35770595374505	39.360510430593465
0.009533064740149418	-0.10261733624991248	9.965142734079125	9.96665293328168
0.13539448527695258	-0.02406661315409725	16.91337708143971	16.913936122839125
-0.028977684025590797	0.015166151631727185	3.2942038787849754	3.2943662384939447
0.14203058077110917	0.051020096148382134	8.572285608967166	8.573613957823767
0.24095978135299362	-0.42203088641362685	43.975759438908575	43.981215420409576
-0.20542073891156495	-0.5789636237973832	38.303343244483614	38.30852359524293
-0.05709089698735601	-0.10118004086619667	10.053296972502066	10.054936925381863
0.0695143408932608	0.08390316396969051	3.229501022169548	3.234351344799774
-0.7606076875788662	-0.6299096709282772	28.01262450690163	28.045770337031197
-0.2702696941394958	0.39003021447729885	7.941797391947169	7.957185110038244
-0.15476946720064008	-0.7832445927368759	3.1765791811085182	3.3129589019456898
0.02338355914427191	-0.1913313347654552	0.30151309628691564	0.35786117103411375
-0.07391133839256817	-0.5328544437972342	1.2210961054442286	1.3343434501463647
-1.1553784576036064	-1.9930983910251778	3.5123479911750137	4.200467710590428
-0.0035169164516952803	-0.0388332180026099	0.05077781573904166	0.06402166893321731
-0.09471236422296783	-1.7767438831683229	2.0177184464507096	2.735798366027771
-0.010289497578174045	-0.04703766354361899	0.07937164158164395	0.16762475336124708
0.992515456978371	-2.6690021456137454	1.0821281716833009	3.0494492208401187
0.29682863242479984	-0.6045467972891765	0.09743172814971886	0.6946630792621833
-1.0052748672094742	-1.079713050136287	0.30945176604743707	1.5138025002250155
-0.0944684236846744	-0.6624268810750754	-0.22245915486288775	0.718819529733736
-0.2395126824717696	-0.05818882128591437	-0.035507241414613464	0.2854694608541209
-0.2790118088502046	0.05139873771861398	0.14470400128731403	0.34771892759165257
-0.4204423216599175	0.9168516079727189	3.148561336587734	3.30912479245496
-0.21954258656348183	0.3601644634448695	3.5524910272626986	3.611886709038022
-0.15169232143091704	0.3469960351670028	1.290664568871649	1.3522986441771507
-0.20161321046897165	-0.14675081630402875	1.1789159565887548	1.2130565965036766
-0.21983891735914624	0.2347060191454613	3.992490410901411	4.007851735162926
-0.4828723036285283	0.2368670398256268	3.9431290382202864	3.9820871478564253
-0.34561506609214887	0.1533796017753397	3.7493042081379855	3.770906642468341
-0.09697621915370169	0.227141630855057	0.8360537320163912	0.8828722077783273
-0.44031403116088147	0.43810781762390527	8.028207352666461	8.053409711929982
-0.6022072709617523	0.3751025452341914	3.4627457136511266	3.537434547655916
-0.41765694913103446	0.2539492013482065	4.551577248706531	4.579875845464126
-1.7305073042546213	0.33862119526861245	-3.83092712957757	4.246061994189107
-1.6596045443411587	0.9033615777830548	-2.253929479363966	2.9444910029848
-1.7043374963314224	-0.40205284002802366	-2.29739211768007	2.930553407183424
-1.325868234597583	0.7957638471103423	-51.68164101934049	51.704957836872474
-2.1314471290594343	1.0512830359622574	-67.48855121790523	67.53052856421598
-0.0027570271854147343	0.09074777383022284	-1.9853616861221173	1.9923311896559017
-0.10669025710303598	0.04726260844430599	-4.673552368748128	4.675008909996739
-1.2722819980443025	0.1048246015240234	-45.982451058843274	46.00016842424112
-0.210845330008736	0.049977914984644156	-4.572481664905754	4.577613146725269
-1.0270282181073942	0.02205038177637106	-26.29747296395768	26.317529471251873
-2.2143412065527666	-0.1379346156625169	-107.79522500856177	107.82214827839685
-0.1431749380997315	0.09615000542277331	-6.9238746115239245	6.9274283328987405
-1.6746285572539439	-0.1938468227227612	-50.952276601366286	50.98881485230352
-0.5690067632908293	0.11115630401246368	-20.887198143158297	20.895708901041086
-0.01921035300622299	-0.05240686502520908	-0.5979489363866297	0.6005484557388011
-0.016647755039639212	0.07776502287446595	-0.45051366184854963	0.45747907716385505
-0.04606916369389154	-0.349529000051517	-16.251442337391303	16.25586511755603
-0.13997407874540893	0.17854818312251952	-3.9220855839802544	3.93112036312585
-0.6173934525079909	-0.3080981958155752	-25.36036656479904	25.370135420595243
-0.028930509095069668	-0.06952731065125016	-16.261760921449405	16.262534214339468
-0.10908525868331259	0.08494627775602043	-2.167582659972858	2.1719875808994904
-0.001285566968676096	-0.03670272267972531	-0.3046712842142257	0.3068767406619167
-1.4178312325512397	-1.3268784738641155	-52.363255101133056	52.399435268518296
-0.3559885153525529	-0.9289772914764719	-23.407932497359592	23.429063797601593
-0.7382557120681191	-1.6401791978464166	-38.93745451407908	38.9789760426493
-0.5943630364855632	-2.0834160655580747	-36.77121091375722	36.83524564558088
-1.5376169506791533	-4.809609598083192	-108.8716406333825	108.98876191774211
-0.1773104918467411	-0.7793127671292749	-12.856767161057379	12.882340975850358
0.0922052649925416	-0.11440386569117807	-1.6539375694108538	1.6604516069088282
-0.622132584040565	-2.250285601234565	-32.21770893155257	32.302191923110904
-0.062148812083297304	-0.18346628550876343	-12.763737370609228	12.765207167086965
-0.014983081962797413	-0.11673558417296319	-3.326557943486592	3.3286392776525155
0.1286717854268153	0.003533133286734852	-2.001972659026335	2.010955798565627
0.4470766741719269	-2.3718257354805674	-22.74335212394258	22.871488375062523
0.7953897722117402	-2.1661341802295944	-15.348006500701427	15.521132868027744
0.8092462111295091	-0.7339002383098303	-7.761382508547501	7.83913434116968
0.5389516272853477	-1.6447779386532932	-16.943611708606923	17.057610959597355
0.1526312237570105	-0.5591230454066315	-5.306530701699401	5.339912241165456
0.005702326129739255	-1.8275126755186433	-1.945343831397465	2.7143908451917467
0.13908098541776345	-0.10558906358106476	-0.2302297688463173	0.32090201341800706
-0.10602721208581636	0.010085939921913895	-1.7260798101800217	1.7349855307459763
-0.14836147895705692	-0.49786745443049707	-0.3382885590392696	0.6354542191978063
-0.1144904600317846	-0.7954155566047582	-1.6815029770217818	1.8688836292718338
-0.047712627568953656	0.09542440284275928	-5.208834177370848	5.20992665964062
-0.026015968157148267	-0.030323935154438715	-6.2135492273252275	6.2136776849170685
0.15904996452087294	0.3971124731386957	-17.68522819088137	17.690401108258726
0.04056891245077058	0.28470008789140067	-13.765940445777964	13.76894390770071
0.013526172550722658	0.07803903536533463	-1.5931263962750255	1.5950939667909456
0.02609829027222272	-0.02226732537008344	-2.2791141111190307	2.2836413621530327
0.27136322169466254	0.24718704555681073	-4.111662670744561	4.233591989844312
-0.06777128229144214	-0.0745863971741866	-1.546257033154723	1.5558106166327892
0.2146206029155437	0.04022000152758663	-0.2251208016254599	0.34327658228198427
0.028370223013921197	0.2349954097528405	-3.79168205812186	3.913524284700683
0.026645235398932786	-0.11117153015608772	-0.3039486361125918	0.35345952523791924
-0.03061536956880667	0.1718749477661574	-0.08146692579785436	0.19265294838752675
-0.04569906446841793	0.013005523234840256	-0.09522124954803396	0.10641726595524595
0.11866337778932089	-0.13893072847960755	0.5023536795127208	0.5524687762799046
-0.16523037920412148	0.1384394559322506	1.9517446481235488	1.968566360971783
-0.06772015071687668	-0.1309645079313493	2.9966854393453697	3.0035547486995133
0.07276936514527914	0.0790471604480533	1.8043646316917046	1.8075606651447405
0.5819901968577121	2.7733466980043064	201.5777608033	201.5982825693498
0.28028638530914085	0.13550772342612152	0.7190299652778082	0.7958685046948399
-0.14891991059808884	0.37312060755105736	5.782003868539065	5.797624051993414
0.30930960823372444	-0.8894275390585531	-1.8586984718537745	2.0882992063286854
0.25482966818572783	-0.5691224110753278	-3.1004463911865665	3.1656099077583244
0.16779598632032816	-1.2720284581246466	-7.673360382800071	7.781140741596308
0.22152720751774257	0.09692754131745718	-0.04441803186819042	0.24584998167886865
0.16845424104636603	-0.036710085800795614	0.009431712269566682	0.17266562750688083
-0.492641126371782	0.2500054322302455	6.1420664372515725	6.166861285544673
-0.10740938500486807	0.07505095374513562	0.9010820488530891	0.9105593228397911
0.19671330678220963	-0.009079238344393871	40.13432884503438	40.134811951708365
0.3759787940705451	0.1707937807170395	78.4741261479021	78.47521268047618
0.22627217262678226	0.3663983220081375	57.77343466676314	57.7750395934198
0.12491315812012378	0.2531005633259697	26.070484893918742	26.07201269170206
-0.022088413417847952	0.0008360990993414308	11.243144493242903	11.243166221888178
0.511193739497332	-0.28201082354915663	13.854461677332754	13.86675728180825
0.07554211778360603	0.39216540114695336	11.466662229399336	11.48440066823904
-0.44769192732928664	-0.15891682150443723	9.542633996687059	9.555470998207282
-0.35914427681427685	-0.47601780161935126	19.322983388213036	19.33268590664742
0.4645212934980043	1.3254521058318935	26.821514330560664	26.858261937464196
0.04199142728949787	0.30131364036660335	6.154835147679653	6.162349299167453
0.10209266098419886	0.15651339072256215	5.510333784740559	5.513501407649727
0.2041200802696071	0.7256633714430556	18.305958232571165	18.321472624995607
0.04609727462215168	-0.10416218703910948	2.5542304171302486	2.5567690047655316
0.13556407389032799	-0.01687999035298033	4.775023290220051	4.776977074923845
0.031609141698923884	-0.12226734349387296	1.4936245846711793	1.498953915588516
-0.009411870023805346	-0.28860344976006647	6.460723496115383	6.467173155851644
-0.10881911265598551	-0.16533890773067741	8.750605409327996	8.752843742661533
-0.3975620446120734	-0.3996031148258527	17.57392130469999	17.582959030051875
-0.058180875230385426	-0.24235133076862495	2.72329682290013	2.7346781835137106
0.021082228968071437	-0.6139231054150359	8.331400962279627	8.35401628164649
-1.7772295222082723	-0.540652895946585	9.039293959412962	9.241607074815706
-0.30841005839126306	-0.33307722723171657	3.4980034438946364	3.527334021171798
-0.029198522990034954	0.00804859032750694	0.14194961810705703	0.14514485051767767
-0.835738538027119	-1.7552241090809662	2.825325817474579	3.4654512352695392
0.0946238266496851	-0.1990126928286021	-0.02126128445634133	0.2213860038336992
-0.04662118192602977	-0.09358084784538562	-0.02672393965033966	0.10791236554758765
0.5321262235120536	-0.09208973859489189	0.25005042281345863	0.7757446511274602
-0.03184638495990479	0.06299764044303248	0.1212619560531222	0.19790690190651103
-0.07981453817900781	0.06604335453707329	0.11369799315634793	0.20769955159079853
-0.002796813715870733	-0.003977904031018758	0.13884913014504005	0.13893425362190406
0.12536931184503783	0.052516175630312426	0.11954923580237518	0.18101776939368155
-0.17221709788093792	0.13993359579302922	0.3975364872214218	0.4552750802607662
0.0203283233184801	0.05858716990134016	0.12191957901591366	0.13678479796164036
-0.06513554290058512	0.14763642552975617	2.021761262012871	2.028190758698016
-0.04789226302876967	0.0028412947001763937	0.20297171045563428	0.20856475507351654
-0.5459107669532248	0.2148520758426835	2.568077668898003	2.6342366813674825
-0.1278367610363769	-0.011477090006243196	0.6705917632577064	0.6827644352310411
-0.36918742841609475	0.2977630395745214	2.5139147865108633	2.558266940503884
-0.0043264126585929735	0.0003218792010450666	0.24132188739029295	0.24136088081196108
-0.23000488012020526	0.023036997141577982	1.0269128430413084	1.0526076834792695
-0.11291850725702104	0.09175768300012185	0.4019278656315665	0.4274530042494161
-0.023665175956055502	0.1202796159176462	0.6684610216029857	0.6796082430053623
-0.34342132201587344	0.37954028520384564	2.988896905519026	3.032407252386949
-0.7294873201379178	0.02806634933127353	4.429180268679116	4.488939442971267
-0.130873428357546	-0.05272365255973694	0.8946692328547375	0.905726600032362
-0.565708869589808	0.47315558811667024	3.759182883187977	3.8308430775681845
-0.6714378777842027	0.5322062659496116	5.17785534664692	5.248262409982897
0.3029592683819412	0.020587923664345004	1.8025499293008465	1.8934398250068092
0.47777490087956376	0.29678680081303915	2.009528280521973	2.091419364012133
-0.0726554765065178	-0.02905515556064868	0.005144807104677462	0.16009145595935778
0.697788784909751	1.1378877117249118	-1.1168579736725182	1.7460094934152752
-1.5901059582182606	1.7538186169782137	-6.483998680802966	6.920280018516243
-0.25372473126283374	0.8643563470393162	-8.009038450602118	8.07464581139908
-0.49803168200859976	0.31815376178331345	-0.7465249635621253	0.952132813026954
0.004856423011500015	-0.006094856794898306	-0.006965501855812163	0.010452288740762228
-1.4237675208857947	0.25252219509577994	-2.36505206641444	2.7755778631298544
-1.6808073244688018	0.16957744432759844	-1.8206989338659336	2.4876282206739004
-1.8446575419907771	0.4055999135926508	-1.4695581744256847	2.3930887917399084
-1.5057765425204221	0.4246176004911891	-1.323026897077723	2.0489175857127
-0.6157859077279246	-0.18243918163139028	-0.9802341356597416	1.171893894455994
-1.084349527936084	-0.21572573315649052	-1.9676548011026556	2.2569928903262952
1.2368151621483983	-1.29468782137061	-2.3311436286148792	2.9805836441471145
-0.11701163601789566	0.20119409308154312	-0.3542749121315947	0.4462748977035701
0.6209738899669235	0.394071548841899	-0.8609167523364608	1.1408586226964603
-0.12538481119789152	0.7413149467914346	-0.40165026443257895	0.8637545490671984
0.03325670585299299	0.020611725609448343	-0.8626833603279466	0.86357016617268
-0.09998770036103263	0.07193041910316503	-1.0268939175096432	1.0342546317199395
-0.019923677910795676	0.002348052627441141	-2.7471120535914006	2.7471853052314845
-0.33509642021488445	0.01865356438759612	-10.258077764848847	10.26356648519371
-0.08122698861468455	-0.05394885970777531	-3.5670741279887923	3.568406666526419
-0.8292644170655097	-0.11478222859333803	-26.133489711576612	26.146895397704345
-0.32677591064172595	-0.040208270056247705	-14.707111906491454	14.71079670958781
0.0023349286635982874	-0.0013034013354964727	-2.2731393663441666	2.2731409392227455
0.03154725707569053	0.003718468927208722	-1.7300705582487201	1.7303621565901166
-0.12666967823282194	0.056104805654580266	-3.9921743550003477	3.994577454165031
-0.14689384298634858	-0.7919634476711174	-10.794707592068539	10.8247168970748
0.030314309700805536	-0.12035421057986126	-1.6769721050914927	1.68155866226306
-1.0027584294365484	-3.0362937477522682	-63.529318033642895	63.609738672707905
-0.30989422756536605	-0.7260580750786542	-15.532937428228502	15.55298491962
-0.0048908105778072315	0.024741525216835425	-0.0417129966331028	0.04874461186917521
-0.11087913270981052	-0.1362957081236879	-0.7528559803648436	0.773086560027095
-0.19811498588639648	0.056842201879243215	-21.47556537454805	21.476554396365223
-0.18392834074698647	0.19139374327087824	-35.5114478785219	35.51243995599951
0.1879449802487575	0.2974260319687429	-16.259529072904144	16.26333518171191
0.06735231971807097	0.23828436178118656	-8.03002195592198	8.033838956851817
-0.00828398879541831	-0.0323063065773112	-0.2786308402398147	0.2806197909053724
-0.20323388936923717	0.09747933668299735	-1.565187685839824	1.5813344765649442
-0.08110829965488682	-0.20410246396770412	0.032752409531601356	0.544908069770233
-0.2737579990588561	0.21294088365432723	-0.06399472227732178	0.3792919342136686
0.14197736339446426	0.22001700647229291	-0.0037938071468102963	0.2967477594290138
0.06742647666121646	-0.1865924475664882	2.3515972088970187	2.3599518012315555
-0.0027470837259423557	-0.17105186195368965	1.3375491059720273	1.348445088965213
-0.011975881095196622	-0.005534030047630201	0.0989129579684711	0.09979018785255578
-0.1330636306639627	0.04528282458714025	4.3848430715611295	4.3893148680774505
0.3620437283269028	-0.2478727419341405	1.8834689791109542	1.9389305654375733
0.22291348058361282	0.8014109549862481	53.68104812473593	53.687492749324875
-0.0013369260283915413	0.09283484923368121	4.052263733736836	4.053327209140936
0.04665640170832824	0.6086709583393526	40.0523365196654	40.05723152721327
-0.14343847327592507	0.1105201133516491	28.62872300865393	28.629635872329953
0.40095455060580365	0.0125115851775085	4.359489211412485	4.38013094104925
-0.022156473253363673	0.09374450374978069	0.4377744350450553	0.4694733029356802
0.18931820122950166	0.5644640548671055	-0.15743059838965673	0.615829070329677
0.053343651097417843	0.09129976989795713	0.02464680007164921	0.10857558588188612
-0.1451960813622701	-0.1314014347099317	-0.7369567533432114	0.7751988649920457
-0.15342812481425772	-0.39331849788380924	-2.3370376674366424	2.3789628988656606
-0.25338410530105426	-1.2595851235143276	-5.335350635719685	5.487870679441372
-0.07128848172559663	-0.13410909568350177	-0.6981442693687184	0.7144737350135204
0.0700175266711849	-0.245210746422904	0.15551625030290372	0.29869058959181016
0.03773515686099202	-0.29568448076025033	0.03455436316390843	0.3000787533955806
-0.011995846272992508	-0.2134242626507443	-0.038741954408268164	0.2172435390228935
-0.2009964283293521	-0.3642490075696969	-0.03919502264017147	0.4178673874764923
0.2820412143184897	0.21810575191112555	0.09406811447866081	0.39426635749520406
0.643941619726507	-1.1232146875980966	5.0894421755426045	5.274695597344356
1.274930616732302	-1.2559081876391955	8.101270202628513	8.29775946470836
0.011185574062375539	-0.04761398073592817	0.005440025022137633	0.04921180855107552
-0.15141163777168662	-0.030917218875679196	-0.07599650242448988	0.17221157584920527
1.0492233025632707	-0.44575775976858023	4.735311110471637	4.895555205938527
0.7238730015335972	-0.3195405243809344	2.9576713198381634	3.1012316662358717
1.1845349960297484	1.046696139972301	0.5996771007553585	1.6964045438286424
1.0317662816715438	0.9647448296924772	1.3848752847526884	1.983086883026442
0.9668571156277492	0.24855203341150817	0.9351924857471816	1.3750111147372586
1.7623491934218907	3.359986483868518	0.5284143290745538	3.8629291045274474
0.5627463728287898	0.9864473424642668	-0.09446965683362996	1.1395992083399484
0.6296844755113997	0.762357525562487	-0.06863359009034398	1.000940502762534
-0.052347608231762766	0.2553098287610864	-0.5936626848794132	0.6632032486861287
-0.41449244618164494	0.06563012515649655	-0.2286880612708599	0.4978848416426488
-0.1823136483011081	0.33407391052513613	-0.47191944820949405	0.6221184730811081
-0.003296662746162124	0.009322758774389747	-0.03623857872255441	0.037563498296327144
-0.7988290110629526	0.136195111677232	-0.8838921348676834	1.1991422782312113
0.833192250030118	0.5101108587484035	-0.8706261925749202	1.3085917548726902
0.09467497971970915	0.11912376073551224	-0.14328103168778292	0.2090054453793354
1.282716001068962	0.9261523296854081	-1.6497394261006075	2.4708519267877667
0.3739140254008382	0.12092716932322281	-0.4602229655386575	0.6210636373039258
1.1797515677632302	-0.08280835031312375	-0.540326658641548	1.3077093207055306
2.094209833407715	0.940156509317799	-2.6060406977957316	3.597756105105217
0.8011469037249892	0.7340631809920528	-1.425037923026773	1.7974698834753169
5.117838890789634	3.4799300787716594	-8.941409034173333	10.87522246055294
0.21244063157889984	0.5811665786916693	-1.265615647336337	1.408782659219085
1.1945446920269105	0.9035141965965419	-2.8379429053668197	3.2089242525841937
-0.05396861054608082	0.08097798488066073	-0.4642627274017943	0.494459007314216
0.06472979935747983	0.9781042901557406	-0.0302157972558382	1.0979575976100944
0.3952588573357275	0.34215615278354716	-0.34278541367058324	0.6405326080031333
1.53571824763206	0.6097876512783909	-9.59681155112395	9.73902167819991
0.554568561509916	-0.17674795440136845	-3.835621442157057	3.882042988071517
0.9560040706009485	0.5647630478244414	-3.322921575607227	3.5063069839547056
-0.15946977502426654	-0.8776320684326366	-2.2203520985922074	2.396896302160454
0.3107064843483107	-0.22567122920798274	-1.1153778055448402	1.278770352569355
0.2026154034220058	0.4028421973475269	-0.9612639933960774	1.0709075999204694
-1.6304079151309592	1.8520821532876073	0.8942133174555894	2.6705384610155067
-0.047381135835897856	0.718394776318287	-0.15958384629814792	0.8874249112312612
-1.222278227502711	0.4693933322417751	2.138769570316523	2.511594956515108
0.39887700082374444	0.6271259507900827	37.363872734623016	37.374576803773245
0.22242985045539784	0.5130204642502254	31.762957744093324	31.767879212943555
0.23816067250616535	0.8184345658874173	56.22727067994438	56.2337311918772
-0.14374668886642816	0.011614675973937102	1.8595522200829986	1.8651360461032462
-0.09081910604618795	0.12045697004872172	1.2951037518281572	1.303860314472266
0.048509221530419575	-0.14330819990882876	0.44355766988676815	0.46865103355265886
0.3040240840027817	-0.6462951633526773	1.3669787651687282	1.5423226077085865
0.012161234515081495	-0.09413792677818426	-0.4242128973724849	0.43470268825967057
-0.01972860914164905	0.04299690595787336	-0.14223022783382178	0.14989125941920392
-0.04402233581027942	-0.10068491733219642	1.0677563588743053	1.0824319126138597
-0.19651800904204952	-0.2651638726170945	16.229318726728042	16.23327438706821
-0.40544636399806533	0.10616133706549752	18.534347648844005	18.545762736104333
-0.20231864662172944	-0.48314837555240486	8.537446877116013	8.55463875052873
0.5179125931079724	-0.029711220598492113	2.075246624920563	2.143652152256393
-0.26360767578766103	0.19664905525561677	0.22421480125781795	0.39803534361936027
-1.3636592266074237	0.9410674512235473	0.7871132602898553	1.8343177801537198
-0.16156581792933103	-0.3272665836249473	0.06455176186914012	0.3960475288915827
0.22716262728455236	-1.0088202023893118	-0.0836077238422211	1.046800409041624
0.01050978170057523	-0.00026182602399188806	0.027386287279686852	0.02933483927390972
-0.08147775265293761	0.44877127180692367	3.7605025861951757	3.7880620347820577
0.07667851409023399	0.7019348628207494	4.357137431649142	4.416188235270813
0.6374069521215956	-1.117299826597278	2.7200929322282676	3.049781598276412
0.5561075535297904	0.28067432889696914	-0.3748892324891254	0.7270320671269859
0.10062408471740728	0.04673672939273921	-0.144032105549622	0.18180972396602865
0.35559490015357403	0.09589024999021246	-0.3119804986208874	0.48267432558419054
0.4126626859238696	0.039463568124311954	-0.533053164339277	0.6752729385775211
-0.027880313475565237	0.0011077415623323011	-0.056374208452023	0.0629014336041464
0.14689650907814655	0.044205528078386326	-0.14810787889170132	0.21323380801794503
-0.014151363874067076	0.04089152441741654	-0.09108890154097135	0.10084426534323701
0.3050524571237422	0.5443232266921564	-1.2265034148515577	1.3761015236370917
0.5773293693326804	0.48714065259164435	-1.0720273831493203	1.3114335386604477
0.4325089134881245	0.3159114048438039	-0.9625617229224427	1.1015393984749184
0.23365100692475094	0.08609266722385599	-0.07619977444321302	0.26040573344660484
0.589750660051505	0.3743127141106295	-0.4000406907776107	0.8049524229753454
0.4264885669689146	0.06691776609399769	-1.4044993743207264	1.4759636725006218
0.5437579459823256	-0.2251778009462297	-2.6975764870229666	2.8048202422966555
1.6864896617124612	-0.3404687268561866	-2.9341536794129612	3.4375921601526125
0.3856958667996733	0.062185297811676477	-0.42549880794648826	0.5942704210998233
1.3217705358879772	-0.9301063529266624	-3.5647100563854086	3.9164796371603163
0.9799549082925134	-0.14116808479868403	-1.5634700050391377	1.9153063591784472
0.6439978891013561	-0.6240868891591159	-1.4307588338344222	1.6943341913219307
0.4144655613472341	0.05153221983232861	-0.6135381096284684	0.7422036669204752
0.6971623689441141	-0.05833330917594866	-0.8633602310670307	1.1112286138411405
0.1306853988461287	0.07078884184263855	-0.08244052577391103	0.16995933010833122
0.5517420169303562	0.015745077330547703	-0.2539253732265484	0.6075732514477282
0.5016131417624057	-0.06606790193392574	-1.3471840950075202	1.4458096286841962
-0.09375634582625465	0.417689480172907	0.1404045208553057	0.47164390021118013
-0.37567751161211665	0.8820030704901538	0.1362584228003849	0.9783195550377085
-0.17511062940530303	-0.21101174327385502	4.8001387373657645	4.833646377052172
-0.006991180116586941	0.01771283666879636	0.0024182438552448338	0.01919554858870796
-0.22942661437606654	0.07456769986789033	0.6690729479779538	0.7112352093109298
-0.029508313804639905	-0.004265849355595944	-0.007544044677723589	0.030754685243345382
0.09553480728082517	-0.12706747554982672	0.1122811383229339	0.19462809860830516
1.4719791041963481	0.04271701769673078	1.5242380789134131	2.123988873064367
2.3346326440748237	0.5811379936897936	2.404685480012428	3.4044416565968936
0.5052849496725483	0.4304246226833083	5.190925438336181	5.25679568317462
0.04203127407128876	0.21554126607471924	0.004337922852983775	0.26023694560117155
0.49851784621140327	0.1304249163951542	0.25990770073964026	0.593769736187106
0.1513127827655279	0.061352722724630694	-0.06903993112640369	0.17727443951092275
-0.005361191868573874	0.02975930984213018	-0.0849936380937241	0.09021240168035939
0.15482520673851402	-0.27018913367185	-0.15833121369610187	0.37619352828889685
1.2524186176085363	-0.9513626791090457	-1.1884616630517686	1.976250047533913
-0.17708999622567223	0.03620342748018018	0.0029038056215023554	0.1807760686916516
0.017822261324508315	0.032369240276058364	-0.01310342657645244	0.039205873320368005
-0.3061510809700149	0.57348981351802	0.5349097368395228	0.8418714136694331
-0.14348674179036097	0.39981318959365214	0.24030806702459373	0.4880440540768426
-0.33992603513373193	-0.21399658469679672	0.31715094805209987	0.5304797417187371
-0.3754635080217463	-0.1231081647572071	1.0016171368014584	1.0857463514653112
1.2420219873302245	0.6125295070581904	-6.799454356861859	6.9404517396187115
0.8205912831450407	0.4502418859625762	-6.603360321608962	6.670827169980375
