0.5609678559730779	-0.0468154285590858	16.81500150671443	16.82500021026731
-0.15107080968086584	0.3264968884984369	218.24629437268376	218.2466355062565
-0.14031108116342236	0.12173483281512823	66.61081652364929	66.6112217595593
-0.18558322007838224	-0.19285834362297774	-874.0170615773307	874.0171137017447
0.45240114824405653	-0.2820589614460047	-1238.9863123942796	1238.986782364939
-0.04537621731020605	-0.13188183448737295	-1.0670531011078461	1.1839654058920004
-0.7357008242968329	-0.3857347066601269	-26.203044575103068	26.232993396952082
-2.212703743577892	-2.805197681052258	-80.83467213393887	80.91904721802473
-0.06949530779765926	0.12841269821306647	-4.617261631720865	4.621677636911721
-1.03642755943575	-0.5191265418242934	-31.863732983638062	31.885116181219544
-0.22849811480366367	-0.3181283109779473	-34.89704982261819	34.89952697556102
-0.3006982585357797	-0.4009720010825627	-53.24304298278616	53.24769050388526
0.26090842529410874	0.058224877565667806	-74.94593537108483	74.94654209351144
0.1089687200406463	-0.25267836211746586	-35.35518694485984	35.356533260877214
0.0842084594791681	-0.2858530941591774	-22.988001722977913	22.990356805770197
-0.7445651452367521	-0.3605105083640664	-148.4068682369735	148.40923948586703
0.2839022352900745	1.0920871170395323	-81.4985823379937	81.50651297680479
0.07671253151391977	0.5709811688351027	-15.60077023810636	15.612027930885239
1.9507575552056102	1.6151852035578331	-80.26180141562673	80.3032674597048
1.9344771883249454	0.20812456749364755	-20.821383106717732	20.912555847847837
0.5320732049927362	0.163176822508452	-16.755269080732905	16.76509022712193
0.23749628130258627	-0.0974929526556187	-0.9363930516913068	0.9809286883386874
0.24988572958293548	-0.4425318109733343	-5.369704362836846	5.395505723353612
0.10692174353231668	0.04245736998118699	-3.591648107908763	3.5961994943899174
0.5203702217069266	0.47749619793734377	976.5670639050569	976.5674440671634
1.1764697075977706	-0.07198574323542002	431.0332095911339	431.03484373440085
-0.7078528175621133	-0.26232387937873636	91.48611896223882	91.48933988168693
0.011360207744534358	-0.0961941109154836	8.6708297785071	8.672493943153855
0.4056569784582808	-0.3028267699960726	15.36083688570455	15.369809733725383
0.3376912854029758	-0.002968676341472452	-0.16061517173941287	0.39915064270173806
0.0385713769889545	-0.14861850151605197	0.6980936763651009	0.728278638981429
-0.3009252358861865	0.0923696898832602	0.7999463169795887	0.870908750760661
0.14350318111638313	-0.2668058731944262	-1.3681718491463917	1.687146861022505
-0.12802254749613665	-0.015228421678152054	-3.9031902390627584	4.016753353730865
-0.21731501072952403	0.012403475745353935	-0.8249983522087911	0.864570255182377
0.08164255989357186	0.2141834013601021	9.91571715167945	9.918366129011078
0.18193859342959148	0.23574954641786044	8.437209029124297	8.442462656213051
-0.6914566976422944	-0.08071597668173315	25.82784595152065	25.837603095372213
0.04049079220595104	-0.09370884832056958	6.455391895524319	6.457707423088171
-0.48684739004385447	0.2242043599970668	951.917238813674	951.9178534045943
0.06746920960969426	0.2555105275424971	251.5326081490769	251.53278569559464
-0.16379399894900507	-0.0730556188807964	-0.8343134667027278	0.8647105545575852
-0.09461686110601158	0.07294948973980475	-1.2140083947444054	1.2278314810546038
-0.334367291940094	-0.8011016928695454	-19.15117803133464	19.171350113672545
0.07615551796239386	0.22632373322699154	-0.820493489114085	0.8545359330165864
-0.6321332308005981	-0.7382744660255036	-9.215162758337005	9.267326802061577
-0.43084770305488806	-0.26489661691792277	-5.891646592340913	5.9149623257316275
-0.3881300996972219	-0.23666368737350751	-19.081320834510333	19.08673517039335
0.025240151577700598	-0.36836230617977167	-35.17862728220694	35.18056488054591
-0.6938091376558313	-0.3990424731368666	-81.16906573294361	81.17451298231596
0.013118696256071954	-0.0613815740144551	-26.17882907279686	26.179276369018183
0.5314003928033958	-1.17452987390719	-69.54515755516624	69.557244956654
-0.023688766187328472	0.09620535726508589	-9.869674433388901	9.87017173353638
0.09795267616047332	0.05791164043237839	-17.522781364171667	17.52315083600625
0.22156062826443507	0.3786002405258464	-77.02350672800249	77.02636322483924
0.48398019969004513	0.1787504655536313	-176.9080573088778	176.9088646991685
0.38471323820029685	0.08166646660570502	-53.20035705168118	53.201993796273065
0.24581689897577763	0.04626953231401708	-206.94686330201938	206.94706153300902
0.6809125688823293	0.13342582417594084	-86.23303987541287	86.23594430581987
0.7178105394333214	-0.31355334514831174	-213.19387591575952	213.19536058610637
-0.25902883510743724	-0.16222959353819724	-107.11467917449335	107.11511522205011
-0.02816815688213016	-0.06397461793219703	-49.23733161676958	49.237381235566744
-0.23695589061381664	0.19714376953346432	-61.59516736686791	61.59609676349087
-0.0539434547759745	-0.06075397480472827	-29.736519543170978	29.736958070186947
-0.14383335641794762	0.14161611691218928	-78.55095786458965	78.55134120044308
-0.2902790186523524	-0.17859612805184244	-60.3392467596195	60.340370713053936
-1.1240705118014405	0.7855147682341573	-155.0565585833358	155.06262260027094
-0.1543897769374948	0.05186820180266878	-18.804333431874095	18.80503874844928
-0.11159798688973491	0.14955288204406442	-4.542335142156942	4.546166376066703
0.06167869306219957	0.20879139917419318	-14.222037701884226	14.22438871404544
0.10523599404859842	1.9854212648665652	-99.02246414978649	99.04252045608534
0.6422121669891955	1.9223089521857133	-137.57163920489714	137.58977583193595
0.40009890834627226	0.6562076307346154	-39.34311234166749	39.350866014677045
2.0393797682182755	1.8670736607658616	-95.00362813837839	95.04849912089054
0.15089501671558314	0.3503192181581769	-22.833270413160346	22.83688267706616
0.6276101441801065	0.2570673068219828	-11.651217315197613	11.671774621032363
0.9249708564356751	-0.27944205276043005	-5.375974841188161	5.463903753187313
0.18277995871652825	-0.06245694370779191	-4.995910287132314	5.00159062350171
0.8238697354327449	-1.253440702495738	-24.42565311777795	24.472063357031235
0.1112174391773662	-0.07330822198197022	-0.5756115836068174	0.5908232471472976
0.21446056909627909	-0.6890504637867085	-14.033932964058256	14.052475166924255
-0.04117168586861966	-0.21836716343960097	-5.01770831112271	5.022626406701562
-0.2587451371519034	-2.118568772938029	-40.05686390257422	40.113683804919
0.04317751332791323	0.0785897396902153	96.99672784531649	96.9968697078835
0.6785804331119614	-0.6140854669453515	962.3626855868965	962.3631308722156
0.18982930842561008	0.21905023039690746	4.774256063194477	4.785082957653242
0.1704896130766961	0.12695769773242294	12.006790794532407	12.009483333339059
-0.3034954277422815	0.34334665156272587	23.21549656241616	23.220018885378973
-0.1904791146837729	0.141881167013109	8.465877702032994	8.469208807466206
-0.1748910104860835	-0.04172069201531492	4.98315071296647	4.9863933368547375
-0.302019615759919	-0.18073228847849343	6.287808573534328	6.297651678666757
0.18216584131749192	-0.11923732607573581	0.10186726625480148	0.24037236448233282
-0.021295905933449433	0.0024400320502042	0.018820869590800045	0.028525330814667786
-0.05380389273261634	0.09233885828221	-0.036956281144032814	0.11308001741263395
-0.04123004972580118	-0.03305803100685256	0.03311077191483479	0.06236243766273253
-0.07922732028639587	-0.3081250157549064	-0.004125345479488424	0.3474403502603698
0.1747666623405312	0.3758308283482922	-2.4734277478106077	2.5117955343422533
-0.34383565743696914	0.23830701870305204	22.430876006971065	22.434776834963138
-0.037614175306898257	0.0047544128158088575	5.136560716316452	5.136700635917051
-0.19860325377609264	0.006129597332130629	87.51929532709538	87.51952088177647
0.009360100727024569	0.024804577521304605	8.618990106651509	8.619030896697678
0.0034287576995665793	0.003600583164116263	1.1489771219332834	1.1489879931598832
-0.06994738469124873	-0.1635075049875826	-2.39661555536346	2.4032048312664736
-0.2307228562353058	-0.1464594009473109	-3.148401348725197	3.160239618315336
0.0384098404814547	-0.09159065581642103	-1.7298398766597187	1.7326887091918166
0.012717506379147106	-0.06393441326155655	-0.24523622425913172	0.2537521425652959
-0.0005226391012078686	-0.08178389152189475	-1.0920603444968713	1.0951185662231828
-0.07627595909194046	-0.09165224622351505	-4.926119188419717	4.927562116776422
0.1176468727713702	-0.09148485392575076	-35.23469903389257	35.235014208513675
0.2490640637783749	-0.01573342299144887	-40.51568002634326	40.51644861590776
0.012159764469243248	-0.014733512034083244	-6.722568472373209	6.72259561493884
0.3164103446390989	0.2745955808557373	-236.3625277657998	236.3628990558325
-0.018320852955835368	0.36773698335080884	-88.55971173907562	88.56047712975997
-0.13439973094629115	0.27790656302938566	-77.5525382814181	77.55315267116009
-0.05385606855164658	0.17934146848940657	-30.724182191759144	30.724752809271695
0.012889019087436056	0.11264363522228105	-8.261169935599568	8.261947919239342
-0.01858188168564786	0.235842059504816	-42.50057588439294	42.50123430288114
-0.07858040961417732	0.07293067602003635	-12.499718826708097	12.500178579166006
-0.10814532510373637	-0.0008736850743681635	-15.181826122367022	15.182211320636169
0.02117343851651782	0.008784961213736411	-0.6061292125896367	0.6065625379107028
0.0020795839727572258	-0.004846856381907148	-0.3377590238608087	0.33780019965312436
-0.6693978960448306	0.21395707796403968	-148.61748199555032	148.6191435376754
-0.12903456548271294	0.21190657731497584	-31.42585194882136	31.427141212823322
-0.2714065320040154	0.5443017572888897	-23.60572876393784	23.61397544188832
-0.05638367253763934	0.36907231065599827	-27.522453565229124	27.524985808156472
0.07314852463200897	0.25053230575530666	-19.47520362975781	19.476952368463984
0.3303004339763557	0.6948516781214976	-18.963706603109763	18.985828954043644
0.6088433894636616	-0.7252524345735825	-6.956006573987838	7.020164444235656
0.3039550946707003	-0.2562635059375758	-2.541923501399752	2.572826222468216
-0.25190064813605606	-0.21765961302543174	139.6531544182804	139.65362096417206
0.14649326799669685	-0.04230661915902342	63.42007867284188	63.42041555194941
-0.03972664221340278	-0.048357175401494645	2.4656317822994613	2.4664258976096525
-0.09456597849984705	0.01938312316270528	1.0321289092782233	1.0366332597023062
0.24027267326169593	0.12471017564266049	0.11223852608043913	0.2930547255409029
0.3048816957320431	0.28706583241239353	0.3143200283802736	0.5235997715546117
-0.016616895554843074	-0.0863583381568245	-0.4508735890327576	0.45937008726554623
-0.2899730940360741	-0.4316012000286641	-4.3530364451331325	4.38398109984377
0.7068826247993103	-0.876310950005876	-3.974555559140824	4.1333008121766985
0.16091242003780276	-0.21422136619264934	-0.861067128445952	0.9125239642036932
0.48877286108589224	-1.5863989016730744	-4.562091687445033	4.944551702886586
0.16398395952563596	-0.7843136365581789	-0.8617995772335729	1.505831635905151
-0.47326460749557403	-0.5245062716239781	37.9967187085678	38.00354192204467
0.7855007692262984	0.14043569507819428	48.98459937236816	48.991297075084866
-0.0038076911573328154	-0.1205926034286329	92.61748090510247	92.61766465457028
-0.05583143456308107	-0.13774903205969197	53.533854734897695	53.53424300862903
-0.0066685353126949565	-0.019844702061926497	7.833834854379715	7.835106035795406
0.39504327430145714	0.22539392533274777	78.72573880011225	78.72717631808312
0.3384312558329663	0.13745931573771844	69.74580257036689	69.7468987607901
-0.11203141964571933	-0.18156443677292505	51.152259733172485	51.152895052758524
0.21911167887991004	-0.3035320013141665	53.01105490567974	53.01256043242518
0.654776612224094	0.013557642520384827	184.24286091418696	184.24407777144674
0.6682432233970436	-0.14591078388426326	243.359027988229	243.3604899368024
0.017272135453012205	0.5540628980564712	116.3075975405112	116.3090022717592
-0.0005548556465458931	-0.2567585302105896	17.4553196958447	17.45776591433576
-0.5585966276844249	0.9771828570291287	45.10132724598318	45.118071277706406
-0.4658643564012614	-0.16952648790145772	32.86771886910941	32.884882609983215
-0.4476012803708267	-0.03307946758603891	32.94175532491677	32.95820803425071
-0.013806343610608188	-0.28113349624813505	42.14262920163641	42.14380028508765
0.05210811923101952	-0.39084005103604863	9.778237339925877	9.787179188223963
0.16238775805905853	-0.30109907478785153	7.59525581974182	7.604237055025806
0.24246771332921718	-0.874497723888236	5.64049042847007	5.734316792535557
0.7033073832108445	-0.281663564717769	6.314620685919401	6.3790383278680505
0.4475456855641622	-1.416596493124609	5.686755506264044	5.952023315304171
1.232671632601944	-0.8540641962068657	5.744352194044166	6.010763588695203
-0.029523428721824507	-0.013044533839734251	0.7090714280941274	0.7233974479814219
0.18176442978155144	-0.1530843293431792	0.5585396071674372	0.6228317569769694
0.09677743721675358	0.3956928124637553	-1.2968849774681637	1.3665025078177937
-0.041379312754619924	-0.058928825451399595	3.23249928292511	3.2363121377587296
-0.024610289696348764	-0.07558809694652763	0.9693939147620649	0.9826105910464529
0.10458040995474321	0.36197524519253654	0.9056165425918725	0.9907493363079066
0.45591143452796734	0.7499865039277921	5.482699298885066	5.55426020088202
0.0348646086609925	-0.30296210577719934	1.074089749970297	1.1252333777333903
-0.06201388560343988	0.5255681026181854	0.62083959795089	0.8276407093546926
-0.11040679604346099	-0.41045334141383616	0.4924492717774523	0.6653177258006198
-0.46513577451928434	2.700091569947544	9.150036030597716	9.597414012585674
-0.11678952622166472	0.47945193792454877	1.5081013158046979	1.5929103295058848
0.19698491575953275	1.3981912823156162	5.2947360964391645	5.481555621793508
0.05836297511338007	0.5445106216164992	0.400072341936243	0.6924129675270544
0.47318177389695043	0.6536317299990192	1.480530905415453	1.9296263328427286
-0.4112164532929855	0.9574363671255084	1.386155408988753	1.9716898283761903
0.24078670333188756	-0.16628683935098143	0.9678479650567923	1.3793874821120247
0.578373572223095	0.5880105688500438	0.7395943510888487	1.4526059366490252
-0.33644092701557154	0.4818524364444845	-1.1291741766277879	1.280581264091282
0.9739772101566688	1.7084041168697102	-0.9327622767866663	2.231824733225749
-0.049834823957042806	0.010267417643596732	-0.6061508952261601	0.7834077991234022
0.29430840257562446	1.0070771222300787	-1.0463595240201709	1.7538644794719889
-0.2469129791517526	1.4091546298726458	-1.8124564998831927	2.492884501743701
0.07493014823741435	0.13233861307044037	-1.704205710211603	1.716660980870167
-1.1397064089253912	2.5904160648721533	-7.17621140954892	7.770942470198413
-0.225630977001338	0.3704309548584178	-0.3900858712890863	0.5998126390626185
-1.1942267380349585	2.3363348503846986	-5.12658984724703	5.760732703550481
-1.6240221419006537	0.8277238177946105	-1.262609251406811	2.2716682636481367
-2.0484537790545443	0.20621244362009883	-2.9319336397860116	3.703413549394054
-2.3336602444406194	0.9973232872091933	-2.171084889368698	3.4690898035994246
0.002366444644528537	-0.04488580046476025	-0.12241965110296595	0.19101489737659155
-0.6847072818761807	-0.47842126021695486	-0.7179599999671528	1.1102510123997549
0.7821948056263415	-0.3434645056034807	-66.08364483299572	66.08916636631209
0.04138129061328759	0.0013034230180351061	-5.598721471807693	5.598874550211399
0.03440184193156886	0.040397783151995485	-19.030430408503257	19.0305043811376
0.11929803427081319	-0.024533531138701502	-12.492159548627836	12.492753263532608
0.01569732547319381	0.2488983568602657	-20.953154951771747	20.954639086155403
0.016223398083310123	0.07581417426733375	-2.5799436445639183	2.5811083272096433
-0.5966699783975585	-0.5556312626203205	1.9544642836514563	2.122298655724777
-1.590542118163543	-0.4533142833047756	1.4669558089252628	2.2151201320334444
-0.5116461949164314	-0.2694498106217671	2.1207739291831635	2.3900664594984726
-0.9124702692335305	-0.39243052607733137	2.859175879049759	3.1692715570415233
-0.22006707317748994	0.15054196785504925	0.36810283615788775	0.47547017116750645
0.9130156873743885	-1.2370156130659178	3.0302113391395746	3.4008037016432797
0.04011591545257969	-0.16264259196368192	-0.8354038560224291	0.8520337446664921
0.05623257224850837	-0.011295340738433968	-0.6679862706449332	0.6704441398611862
-0.02168235972695637	0.23675837491679802	-0.3891658955567827	0.4769219348919532
0.28993748157612986	0.3196629871612435	-0.41932279042128123	0.6177050720612931
0.1632631421922377	-0.46021312775469914	-0.07179613286363748	0.7008718665707867
-0.4305560157542029	0.1864644987538272	-0.17237737277819828	0.518980958748549
-0.24726020621920186	0.1310112541617918	1.2372327968461838	1.268481987214812
0.12101260274468542	-0.24576150759229207	1.5510972701724226	1.5751017459749777
0.1058134976898784	-0.6996181684390821	4.067042713901389	4.128134992293955
0.0322438069626259	0.09019883081749022	4.626160748264287	4.6271523382042945
0.1575073632438519	0.5797383785292282	50.305664497421034	50.309251491988064
0.050205206261893565	0.381430103203706	89.15778598336307	89.1587252641402
0.8296671866142461	0.400534552498402	106.27645632356784	106.28054113547037
0.38484140113933685	0.11297994661684041	114.15082765194711	114.15161760037304
-0.22825138295777697	0.8272091982017291	66.4472308397949	66.45463471978836
0.08161883710759459	-0.1651803026874084	2.2710833538345088	2.282815268901733
-0.11568237318329355	-0.18289843489998167	2.2061003472929253	2.221079191784962
0.10792719105741144	-0.21233954571709585	8.807135067170698	8.811460959315015
0.04818134613094518	-0.6184769097816254	9.965197730033243	9.985463470145373
0.26747979737433214	-0.5544381156118157	1.9794043475166672	2.072917904070125
-0.01551965306157195	-0.036855917670656255	0.16670403060130184	0.17143352098471742
0.6191730014300425	-0.04003918816064783	1.7462349377506534	1.9178203102766116
0.693565024197028	-0.41810989774633067	3.200786641607493	3.3045972885324226
0.2737220724469191	-0.3244428401575475	-15.03711557842852	15.051204330248522
-0.46223959237410583	-0.5788216148764652	-5.961177843316187	6.00864551851332
-0.3898610416353986	1.0490152662679213	-10.75675605652843	10.815715663108442
-0.1644526355732026	-0.5609491209071977	-2.014512249942843	2.1022483144631856
-0.3085528158649161	-1.441323347886772	-1.7782892153823944	2.3139598423021592
-0.11017534855726466	-0.04361202660870389	-0.9259848697467371	1.0560343449407859
-0.37122330088002753	-0.36724912534416054	0.1697941893853795	0.7383960105061189
-0.612321243209534	-0.49710596116638267	-0.11949966138904833	0.9381107359927823
-0.2918069633641206	-0.4771088886541136	0.7973729716532791	1.0919284746830873
-0.3996654302387608	-0.8343030661808319	-0.14815853885622027	0.947219509882837
0.820028549451833	-0.522031343001878	-0.38499351613251775	1.0548285819774232
0.31305372256605624	0.29656389282709805	-2.3775620910331576	2.4662672634690646
0.6511020896326132	0.8572331605179189	-5.9684982129192	6.064796248864027
0.17116220046424693	-0.2823403267495828	0.7567160771962058	0.8373240503915067
-0.07934997760276538	1.2229456837305557	0.6679974284684859	1.4804840664935457
-0.14871898095121872	1.2910118447334562	0.5592514740676109	1.4997355906572483
-0.05649970349207481	0.7829473710783308	0.45146733326528066	1.0332653422421685
-0.2631654568776736	1.5929964015278377	5.179016932871479	5.505624557563271
1.2546635107674335	1.2699617989548433	1.1126441802595688	2.1035590241116062
0.02021731291353928	0.028840474760343286	0.04673446093239163	0.05852027481554752
0.5743651265140013	0.5681112799010893	-0.16870905560828553	0.8252929603180545
0.0616484202587347	0.08821954192864917	0.022790483057875295	0.11001191488429585
-0.13499176806724972	-0.0774231231560212	-0.1960189673848997	0.28656646335500785
0.09879261791400074	0.21731096009523776	-0.07164309520110858	0.28565110313424485
-1.9909754090184684	1.697320577610445	-8.411033286559478	8.858507377375021
-0.5485255349905624	0.09908095887498669	-3.633395836322697	3.6785516697819247
-0.7973948879563606	0.16997765928479805	-2.2615102291649167	2.408036402032251
-1.145266066879693	1.3397326760911583	-2.890581441428595	3.4219285189734565
-3.470684043924567	0.39712785680135426	2.8352295307783746	4.526102595169269
-0.23880416874951074	0.300799848599563	0.29331551910160497	0.4832618065557311
-0.029303671558505606	-0.008567938088224578	0.04902264530335435	0.05775235477823315
-1.1256909527714365	-1.3378526760721772	4.284447903149107	4.721638945506499
0.4092113290592196	-4.262836480127838	10.243518897622286	11.142338172887413
-0.24657706466579093	-1.2497816206872057	2.9005136460910252	3.170995670808616
0.2582790788225166	-9.319022777793123	23.5004464652885	25.286866109225063
-0.31415123277131346	-8.76872926152797	22.41317059336845	24.069877434074414
0.10351921807962544	-0.021571500946126004	0.038587775205484454	0.11256364670796128
0.09930900216526403	-0.041686780686982866	-0.09901912797142656	0.14630397567847123
0.48384868422490446	0.2377231266784305	1.2633475187972594	1.3735606238659912
0.05774630066896648	0.05252157386811492	0.33885269636524806	0.347727336855378
-0.06704602691396486	-0.001909526203170711	0.23918248583087084	0.24840909311758957
0.022901221030282342	-0.11299940778900498	0.4660249952201498	0.4800756484714508
0.9505360481286375	0.1541182909432395	1.6700278199270262	1.927761433820453
0.24398556633449436	0.004971390017403855	0.5538360690685046	0.605217368141003
0.397587702682355	0.017612838258913494	-12.038424434433685	12.045809596779526
-0.19589629071996512	0.31507318744509494	-36.45936473403664	36.46151948375957
-0.14706087737776508	-0.024854979639641183	-1.7061805151154277	1.7183644568971828
-0.3458721232800414	0.009473790740762808	-9.955510139331002	9.962498642288269
-0.3899435619721523	0.7382469064339154	-15.644633557592405	15.674672040273418
0.12403740431748542	0.6340023853426275	-17.81581653842301	17.828071769485813
-0.6571737075783574	0.46770038625627214	-13.526870006932425	13.551616615835345
-0.913498042486239	0.16599984650809121	-2.587871453141032	2.752924456927428
-0.13949880439544687	-0.009220984912043182	-0.9758867784630233	0.9858498604602252
-0.2866450999747321	-0.034530560940702365	-1.029445009331229	1.0691654690530266
-0.32223706967063614	-0.5273800059732241	-1.1979518974244574	1.3551881541738382
-0.6494902069130163	0.49188721988450534	-3.1684941647203817	3.2715662667640903
-0.1571947080809546	0.049515394964517526	-0.738928957083436	0.7570851697157741
-0.24332667890632198	-0.393053483265509	-1.5064245885924372	1.5819272231650303
-0.13823177940440318	-0.10755761579757565	0.17033822580120914	0.2813744153658434
-0.09102987258894513	-0.4462545297537712	0.8080934959998612	0.9380428701325954
-0.08006382353277951	-0.2569601023426106	0.41981762561028546	0.517846824560768
-0.37261872902282683	-0.8752642962960543	0.019740917676018488	0.9616661553366144
-0.010886869329814863	0.03403561544997566	0.19416534407506025	0.5316926464440237
-0.7666262395036509	-1.2837104812586724	-0.15642238424096827	1.7721306232838794
-0.04153007640238646	-0.15248740843170752	-0.10348874262113794	0.23487626897051686
-0.0044812516960424514	-0.48962271182703987	-0.6978113614794532	1.2686539964322172
0.1012560575421774	-0.20137463216600018	-0.6256234795586402	0.6794770450457005
1.159171329134654	-0.20287063599653024	-4.993053068898001	5.131753442924667
0.19091984491922023	0.008336769518131407	-1.2767517184122328	1.2984970636387922
0.0952568650152025	0.21300768162559405	-0.565961628766854	0.6278841397108743
0.10461311349859656	0.018912511861020852	-0.9646833652402066	0.9705233545834602
1.2524000354078308	0.47683975313740823	-7.543771181806258	7.66187742281957
0.30455924318468697	0.06721065681692714	-2.041185671043046	2.0648759160468795
-0.2289311150742423	-0.5339962047041097	0.7301774104456087	1.3232804108398888
0.48350460722348837	0.5195131084536263	4.9376572613287575	4.98839952343576
0.0005917006926870211	-0.0030157433145899587	0.0022809196057463066	0.003827193710423043
-0.10759839011225394	-0.05625807712811738	0.3945861437828191	0.4128445344948841
-0.051185524337621434	0.04131877526047941	0.590702409116653	0.5943538804676562
-0.01649025581477692	0.0033049429380957226	0.028872744315220286	0.033413867614404374
0.06146810439954521	-0.15887022985450822	1.6007288474855046	1.6097673499499148
0.01024441196076456	0.07281592485433942	0.7773210694645712	0.7931676599700466
-0.1268139833879247	0.029299365310582824	1.4826122089641791	1.4948441344367505
-0.09554876739564344	0.14895006731106725	-0.11512945993492532	0.2111172234747933
0.04250560840125028	0.02546300684629993	-0.0248670147915239	0.05543879406928895
0.0405598145148043	0.2953443699892278	-0.015895390760871493	0.2985398782160434
0.028960362147375872	0.03768612810652723	-0.05776884951742524	0.07480766539557064
-0.013961166100751116	-0.021338178638512884	0.4411436672292475	0.4418800370722476
-0.20885309986701583	0.18895476616339163	3.0379202605261764	3.050947890458858
-0.0974161169602057	0.2944560272581137	0.6600940402292437	0.7293273570752722
0.02720030887325981	0.05292836650013589	0.05987222770259604	0.08441535661978188
0.04384245433234857	-0.022901138954684874	0.23151395495585414	0.2367389581513932
0.01840551469152093	0.10672063780371491	0.2029548161605144	0.2300406809828202
0.009130396445308794	0.070797479968636	0.30064990376965905	0.30900810983833926
-0.027859950751703232	-0.05754404581325099	0.19562866901102946	0.2058107630894744
-0.01976790485653525	0.07307726463566191	-0.1026157797606115	0.1275188414506889
-0.14321218459418075	0.37585789362262295	-0.14898759061448666	0.4289244550871197
-1.6773583014085962	0.2929208538464129	-2.7761731078375123	3.2567576855827998
-0.5012819864104124	0.1464054371336516	-0.7647932305218219	0.9260814582820828
1.2656531982529682	0.9890229092697114	-3.3995635325168267	3.8752325269364905
-0.34132132403055426	0.34606283995783216	-2.8608192228772698	3.049737194304086
-0.38488199202882406	0.18576524621209756	-2.3167696117984162	2.3599881553814845
-0.008080522675091371	0.16436944612958937	-0.6841058239214728	0.8595366951974321
-0.6707179307274161	1.5679454607168664	-7.369678802030747	7.56570954639307
-0.10371591860004971	0.018641668515745863	0.3602159680646334	0.37531326545280036
-0.05830673152875667	0.049645531977919544	0.05151471469497614	0.09229365967953564
-0.1253375421510916	-0.13688148400582806	0.6295883733879695	0.6563745577347003
0.03566145748485963	-0.03127746425376927	0.19058802090191188	0.19640217165652177
0.26716936513196277	-1.7272559999448112	4.314853245322616	4.657491929416677
-0.12976335000891506	-1.2450835181097213	3.461529740381859	3.6835769874569095
0.15535619625630756	-0.23553662996895147	-20.777379207767666	20.77976370366248
0.051298854713565205	0.1714009948855169	-16.850176444779375	16.851704242557798
-0.2512420762576584	0.21576693399800895	-6.930750072193422	6.938657976431629
-0.08753498534998089	0.1077060636676623	-5.267834726999658	5.269662767274064
-0.3233683508980386	-0.4251259458173613	-3.4441529540746108	3.4853247669665577
-0.1281151312668738	-0.06333598941796814	-0.7742616732027963	0.787341141441164
-0.1551103639614595	0.04211144249643774	-0.7131787400932414	0.7310653280783944
-0.31271994759541033	0.012934699975101643	-0.7795954117615819	0.8400774238885558
-0.7205671056933494	-0.2603862502139991	-1.2976127718043806	1.5069229770156287
-0.0954309344016713	0.005535556310399065	-0.22507927836990282	0.2445370875265302
-0.42460219824670203	0.06064491354615399	-0.43536537305763484	0.6111528780530824
-0.012708918566177035	0.026819191056217974	-0.07110338018944802	0.0770485320716549
0.013130908495367417	-0.002666538597663289	0.0026116699469233553	0.013651080760079164
-0.3465257434459204	-0.05106895171355096	0.056530194614649365	0.3548010591909768
0.09650051789878811	-0.6431190755736472	0.06786774093718632	0.6538505376470635
-0.02939888876790848	-0.05050465206983612	-0.005510587649544586	0.05869736891655686
-0.3747204307822456	-0.5361331936228724	0.7059150670397816	0.962377412673256
-0.2462734467497535	-0.23554845485404652	0.27136551913699275	0.43562934948717813
0.025230452468184242	-0.15672930254325323	-0.033043011350586765	0.16214959329754397
0.2142960239476593	-0.23667412358082407	-0.005043187358096335	0.3193162388467831
0.143961828540903	0.00795391707181356	-0.4584209637168803	0.4805601448817193
1.0617235569067558	-0.16748287781356186	-4.51839511478418	4.644480793259563
-0.4522662992996459	0.2778861619901527	-0.0722886779733594	0.5535981957800715
0.00835223338912619	0.09337476221326063	-0.06414232170221265	0.11359068383595344
0.19691306418767074	0.13684461424792124	-0.08181656551514586	0.2533676255742518
-0.3475799043048392	-0.24512675285794444	0.06443829621553426	0.4522510295868899
-0.04892902031315344	-1.0483318897516218	0.3920942599760002	1.1203266080947722
-0.07460481578667329	-0.0810142715163237	0.2678512514692038	0.28960919122414386
0.05359013185012007	-0.015162324723018022	0.17831945251943893	0.18681441451224237
0.08568697478614581	0.3360977109426333	-0.5424824650983697	0.813760939089658
-0.37589435110845193	0.29720052975139416	-5.577696914849741	5.599982801482883
0.7664596263892622	2.2916149589915826	-4.966132187278777	5.544830774972763
-0.0346766753318057	0.11633254758688776	-0.1917916093939407	0.2664573882894614
-0.032026438295631926	0.9214480285067812	-3.4145732780912366	3.5396161682227163
0.006054669361090753	0.21571090065641743	-1.079913975031882	1.110072894026439
0.29515722358691393	1.6491333567836972	-9.063032009806676	9.229790234250864
0.5623923487903776	1.6642797940850567	-6.804963007640612	7.029446187804193
0.016157193902092165	0.0471760720787466	-0.015610882807099533	0.05225262054276214
0.18537966586792556	0.1706835704102458	0.20465048688157092	0.3246233563780601
-0.11733224906930917	-0.10655883125989404	0.06375847181715785	0.17084139989942795
0.01100699824312967	0.02061404067732689	-0.014492146654924497	0.02749754530932868
0.010915527842063566	0.013285785889811132	3.2988351712373123	3.2988799838501373
0.5427599034493653	0.024041827624371334	35.35615902602445	35.36033296500187
0.0010582080821237606	-0.06563305325325255	13.545894875149008	13.546053919354955
0.02342307790549941	-0.07254437605537664	2.930310260601432	2.931301681925943
0.12287911485021825	0.011322404166644075	0.10363191085312409	0.16114293856559725
0.07096637032631084	-0.10040353523291848	0.03993238283638397	0.12927370499660998
0.28128237953028434	0.03400395826256151	0.8408197014513765	0.887273247968473
0.1689058397433968	-0.02940361720013694	0.28312677856942475	0.33099022364259384
-0.10943167913994803	0.5259173523616829	-7.445822583284688	7.466479631028719
-0.292024273341444	0.15177718976744844	-7.29960594039318	7.308354203340016
-2.242832484937288	0.3407861833777788	-0.3824241673508003	2.4850498600521314
-0.4510665278831765	-0.14001190276772865	-0.1701251968727831	0.5210438685986312
0.3362980336753682	-0.32177925858471085	0.5359538011543692	0.7098483892219961
0.021340802557865815	-0.1057532234970864	0.11401668816875674	0.15696808374574125
-0.22186530157681783	-0.045664594249121906	0.14649238243558035	0.26975819787980765
-0.027169557966102112	0.04212322946415671	0.07326853929571256	0.08877404007417217
-0.03302742816531413	0.138001301599281	0.03991473724462366	0.1474054154487482
-0.04356946193419003	0.076664863626381	0.16652099491238628	0.1884278139625289
-0.14387824212840367	-0.06001634411454021	0.11132331404376115	0.19156145324287016
-0.03930690195050069	-0.12458665695004745	0.03140535508509466	0.13436206294544592
3.5201278458875365	0.919838280456825	-2.5809796111319288	4.462996532775407
0.09083252275009937	0.4808546117299489	-1.4153051111827009	1.5040079944770852
-0.12837260163618286	0.09826095509480398	-0.15904212347105992	0.22677993117815565
-0.02821021306510614	-0.029698830278815317	-0.12255681695613968	0.12922078015369381
0.016741907506715142	0.17552385728733372	-0.692385248822945	0.7144832039534582
0.5273380864098229	1.6279527086813321	-7.554555976734815	7.745942904818042
0.3517741796810991	-0.10343529085225117	-1.2518627290226114	1.3044555282568817
0.7605602048985505	-0.2882616267705907	-2.1687078719148403	2.3162125171169303
0.007111991443671063	0.03992982164662314	-0.20955042404695254	0.21343933868264214
0.09517597307517406	-0.03135180637129478	-0.11344181914768058	0.15136197654987366
0.028792868620376486	-0.008871664999177293	-0.15122777168912052	0.15419978811044027
0.41276451543682535	-0.0017848783536878578	-0.623590869967531	0.7478257177320108
0.2593833937957854	0.003227750845196508	-0.8999656208091508	0.9366046561868773
0.17818507830055527	-0.06771807179227049	-1.075723682032291	1.0924820819864038
0.2958297480443421	-1.0705195048652023	1.0908736389883846	1.5567699079711739
0.11909834336781994	-0.23690133936473579	0.20636399272438136	0.3359951747851647
0.004876053487429352	-0.2517570714697577	0.27948748708903964	0.37618965213305233
0.5305019506533883	-3.044781941904287	3.418664627281364	4.608622052980513
0.6634558379770612	0.9723055194016422	-1.1540780541891857	1.7208043960792982
-0.1475042007225622	0.30116331135898167	-0.4868091680461227	0.6073876689012272
0.8030471018093848	0.39946270528678796	-1.2704170414557618	1.5613757858890671
-0.059518411528909076	0.09101417592975826	-0.08664067479043358	0.19700866214265608
0.8068093419978047	0.4325111284016946	-1.0883296793164015	1.428967622553842
0.6408936973371167	1.1130783327690965	-0.9706814990093175	1.6159797225167918
0.0914748173214418	0.14666487420464394	-0.7968541434439256	0.8272451500934941
0.07707625671288207	-0.023675186988045382	-0.4246768262985633	0.45423722384103365
0.07665479302022601	-0.11649222875323682	-0.06605756435482707	0.15430488800217007
0.2137590425302849	-0.0970792438753679	0.008401305829479067	0.23492102884696747
-0.23469318741598935	0.6914165158937244	-0.6061621058325649	0.9489837665721493
-0.00714346202816738	0.013489912313441967	0.006934009130954606	0.016765657356643898
0.2865324846923384	0.19755973487666684	-0.3462716982865505	0.49095295361445374
0.1643453702362961	0.099597029886776	-0.07167095507703347	0.20509923179287332
0.04290025486716974	0.32560613255505916	-0.020524292564389972	0.32906083329743085
-0.014755260882094666	0.16890944500393418	0.08087291811619543	0.18785246130904068
0.026628803158950203	0.0007511550603272812	-0.002396551223036482	0.026746978322184638
-0.13221564396399796	0.07659143391500067	-0.16656831980075493	0.22603590294291126
