0.16762394998532915	0.17088099665457557	33.73318929175906	33.73432728960479
-0.26375008999060456	-0.08747580876361363	336.768002297378	336.768145861925
-0.40157192677753895	0.37439858393935127	305.63832935840315	305.6388543478932
-0.20168582310384175	0.067077430868362	25.333911488232864	25.33518753890506
-0.5215481626830353	-0.5093523347893414	126.92297745246118	126.92514777407126
-1.5552911363601767	-0.9246084897411337	387.2458934739177	387.2504352014771
-0.6745225720009979	0.16166496362098604	71.82673571841153	71.83022038117409
-0.2608969490089063	0.3484490590120902	30.786462636547434	30.789856209816225
0.37404351348186715	0.08146596930946169	1.7948605595688152	1.840529670320222
-0.2267832496340302	0.2767105550988923	-0.5675179235567969	0.6852413823434237
-0.20244262868702895	-0.18615585727380818	-532.124009091695	532.1249073661488
0.08651690632100342	0.25352774356764385	-213.41988084987182	213.42009460978653
1.1684154342712612	0.6987076508878045	0.2773633325671331	1.4744617218175589
0.2391829911140639	-0.5681313602931417	-0.5102531055900724	0.8122929043461599
-0.01177039829632015	-0.4906522047971266	-2.5927374060366546	2.6424695210938607
-0.4392630806127625	-0.2603310654672211	-22.66900063997111	22.675180134180792
-1.2757787703189165	0.573970113276852	-128.70357231833762	128.714594864981
-2.8691239500254793	-0.0018051889755691386	-544.7413994871679	544.749765472664
0.02934196893750818	0.3339468282200395	-28.9163110089491	28.918590968205734
0.09824695340277216	-0.25706428346987437	-53.82991179412903	53.832878970159115
0.20045904399517264	-0.4518929434842576	-30.85046551926146	30.858375423185045
0.11045776924858912	0.623614855245095	-28.210749727590755	28.233452626133623
-0.23463816419825137	-0.6064222256380444	-9.02151532724972	9.093453270158026
0.07296693031444601	-0.2974905183830295	-2.0556289988515055	2.0830062763387343
-0.014056700278596384	-0.13985432602028589	-0.21430639325414533	0.29182844004467945
0.005758384001290653	0.13663821536717505	1.5835076225783258	1.8463454001211943
-0.36699251953452106	-0.4288830763896426	3.009856082549982	3.202843804054588
-0.11142632826865638	0.07322872078047846	2.245045945410448	2.2533285055851207
-0.6248671598934299	-0.125314188367993	7.477915576484692	7.563608647150642
-0.15662064891521274	-0.23459157414655618	3.2418440701395177	3.257083971027756
-0.09018471754551098	-0.2253156555758054	4.412177429710795	4.4210507669643055
0.006273264166484684	0.006488076620040514	0.2712060923673638	0.2713562114982909
-0.21533036052777582	-0.2757610678199897	2.998820601919333	3.019161528170706
0.0756092088870396	0.07029288975261364	28.143706659236365	28.144242078067467
-0.10389868063939367	0.15670588030984997	14.62543815076603	14.62731255410729
-0.055997736674178435	-0.009986070090587475	9.278072747664016	9.278247107026962
-0.27566782875534257	-0.13331681338159318	19.324512929086673	19.32693886964459
0.0023649265781743242	0.07295238531866012	6.010807782386195	6.011250938049073
0.15465707947499557	0.027434415046668735	12.351766698019738	12.3527653592898
0.5085837922169587	0.1604678231487666	143.87213065776936	143.8731867555144
0.19192975043484656	0.09358675934159806	511.46955068270006	511.4704582503849
0.3201832112108365	-0.1651792897500685	529.5230366154561	529.5231775736783
-0.3922190480466856	-0.12986093144718597	93.58032141889865	93.5813375427625
-0.2283561495842893	0.09402900737867409	38.22560431599098	38.226656839081414
-0.19148962981678225	0.15803941114768266	47.45519085728892	47.455840357489414
-0.038956821661002956	-0.04768510210038716	9.668604406694442	9.669807777870632
0.16966996113469773	0.10640534525619705	20.837685277025205	20.839115083958422
-0.02500280458108005	0.015685409744227035	1.5552599485190355	1.561788866871319
0.04690123147727135	-0.12899693193351403	14.735432879138571	14.736733079433188
0.060484985425774046	0.05065359872567269	2.6416376896920104	2.6428155259357684
0.07077074312181507	-0.08313669565615822	2.5487932783696103	2.5511306089866777
0.25410115494522956	-0.4225650250930554	4.665572721682923	4.693631558142177
-0.3142786496835674	-0.12694442761619856	0.7089829983946798	0.7858389461985419
-0.19231552654320283	-0.0013582037452155304	0.26105938835764986	0.3242516163670919
-0.22668771353661707	0.1494354781804987	0.3405175460146006	0.45732949352878943
-0.05854321661163059	-0.05622693434218452	1.2546175301256068	1.2649639157522374
-0.7127653890680392	-0.16845215249290613	-1.5577483989329273	1.7269830592136404
-0.35945082895902514	0.050741616751552795	-9.488450020462343	9.508216622654416
-0.20175642857441778	0.20243000993641708	-11.079969699053368	11.09464429532262
0.0004544103094145935	-0.03951832154126061	-0.9944420096970965	1.0049659694619348
-0.29794910192706325	-0.36530580727954887	-39.96042252952239	39.96344667972261
0.453098510253583	-0.16145136985005076	-39.80284367341146	39.80599463748834
0.012642208883366316	0.0054377147204074895	-8.579538062082555	8.579549099626973
-0.34101052021980865	0.22159615655788154	-173.55493580932028	173.5554122947734
-0.1428597421359793	-0.2453853903619037	-208.89314555003804	208.89338515249844
-0.23005441930266501	0.5670200292869787	-472.41614583813146	472.41656275483086
-0.13460234191258505	-0.7665199945880815	-340.6284802186639	340.62939786012925
-0.25816362187237113	0.12462461395999777	-17.598803924315305	17.601691938602343
-0.49215346103108903	0.43584371764722807	-20.59846517305985	20.61486507847134
1.0534223009352446	-0.594564094928991	-3.0838188860223457	3.443244939555498
0.09559739182334692	0.23869128872287562	-1.7837367033175109	1.807569861526142
0.24436014692416969	-0.37615043633586465	-0.08392636739672352	0.4772048325455989
0.6745095926911783	-0.5443801242827607	-1.8453494332048694	2.0435525992437937
-0.44103721263894113	-0.7150456097590383	-0.6112880165973444	1.400810076742567
-0.8239613955198558	-0.6748806393605555	-0.1851184630513497	1.431431345525602
1.4240721551589135	1.6851431108828856	-0.30793775088361636	2.232038138243668
1.488921259399455	-0.5142700964025048	0.5234764980465625	1.732917656685566
-0.08945430472619346	-0.11951393453372836	-0.38969366849955855	0.4400302186786981
0.25263545871811344	0.41906673142066697	0.07955438531258663	0.5150245484516021
0.026709441149968677	-0.6839092139309724	-7.539708941819446	7.57071041148044
0.1615757304818421	-0.05143050108137931	-0.6287233415888219	0.6511872644492032
0.20833942481272158	0.13314237364994078	-1.4856966715131459	1.5125827555005626
-0.28630623467933836	-0.2968468994189313	-9.110248337613559	9.120646572453158
-0.40848508357127034	0.24913345306251788	-15.134366190846606	15.142570697357698
-0.5121487109369891	-0.36255309449776413	-223.23581762093053	223.23674314439972
0.2657173741880057	-0.04604194435285165	-51.42594769408512	51.426844173089826
-0.11171829812917325	0.006803994138040077	-27.953208096257157	27.953780601736682
-0.42987523049890064	0.02903097587924594	-80.41433390297607	80.4156092581259
0.3560252892392433	0.19845800444096637	-453.82656328979317	453.8267677944919
-0.08962143978274517	-0.036562853422562505	-39.276405249915506	39.27677249959838
-0.08885410168680453	0.9659122147009194	-3.62122548740231	3.7514844093248088
0.05562790827575094	0.21650265808502736	0.49970137874812914	0.5474206180441132
0.030559103303414402	0.00713243653981744	0.01213559989541036	0.03364525569117822
-0.3246208050120304	-0.7633474018038374	9.769951405462182	9.849892333466382
-0.08758661819121033	-0.08977801964207902	0.8507859405875817	0.871233613962709
-0.05459767347918072	-0.1591763663491395	1.0100690964287296	1.03345894258737
-0.9422024946800245	-0.3319974335991554	9.453781459581945	9.552734870566281
0.054315352207755525	-0.02015995356582216	3.0959456700143577	3.0964877156051944
0.007319346487346369	0.12143076107905998	6.880018143675233	6.881093565696491
0.018475876346457584	-0.014451287871368387	4.364300994489778	4.364364027923472
-0.24605947155683405	-0.16579775782414147	55.32108188667227	55.321877546518074
-0.24755872886067937	-0.0844462890279937	45.86513956051768	45.86588539868963
-0.05982092999004092	-0.06114796451357621	7.041665463023811	7.042185038066764
0.0799813431752648	-0.3271276801685299	23.860125415268126	23.86250184634278
-0.025678152297296024	-0.594214805675619	46.890836125617504	46.894608039329064
-0.24914475822017979	-0.048797277905460894	12.352790175126998	12.355398795489915
-0.026573146992555752	0.041999772676669565	3.635535360747474	3.6358750628000465
0.12361747435999627	0.23639977230259476	6.781359150704615	6.786604310194974
0.07310991646240618	0.018291250760042344	1.1839907927757338	1.1863868791912753
0.08598123219946267	0.09815499788610456	0.48561577350592633	0.5028417796666442
-0.03087192784158266	-0.001818446035434046	0.3210004494822218	0.3224866993263876
0.0017468295665933747	0.018244235976566187	0.0171476863558431	0.02509873915681279
0.42720851762132706	0.09499079434474564	-0.033408508025117106	0.43891513638392765
0.31582262566350255	0.6626543231975643	-22.96549195592189	22.98260845014218
0.18764400044335852	0.11565559403415732	-235.6379259076778	235.63807033742347
0.27434597396821236	-0.10689310893156811	-53.17098031032782	53.171978699276735
-0.3184520044800517	-0.5142533390522398	-129.57284401069893	129.57433099569408
-0.04101776084933693	-0.00998659072020689	-10.94296134150826	10.943042772028425
-0.4065761439460085	-0.03992065845110885	-39.79871188855628	39.8008086074656
0.015587390017053015	-0.06440616751477539	-3.4490976527866857	3.449734154916884
0.23819227767243548	-0.2921587158575833	-40.107935210238544	40.10970654473909
0.42041170461820027	0.04097410294716242	-26.43030843415516	26.434052065242778
-0.2597614808238647	0.08442875774815858	-18.159988113650666	18.16257834986234
0.4431863556562583	0.1657494819884559	-15.68349466422609	15.698395200205262
0.20044574630967282	0.18946562203617595	-8.027797984427208	8.087148248351873
0.6935419530903455	-0.12232006430737116	-3.536714651820108	3.608849255944
0.07097631256796871	-0.10400936428837669	-0.018343088379955463	0.1888698985988327
2.4174689531210087	-1.296581568005541	-9.707329140659244	10.08749319439115
1.4213915362685194	-0.7847922244051683	-6.131935563265894	6.343255196419864
1.1880954034307278	-0.5711342407378979	-4.37524998775798	4.571658041550426
0.23453482532111686	-0.00683820865769031	-0.020338435657614323	0.23551432515040735
0.23860242964488884	-0.13232340484587973	0.043876388009032666	0.2763435186994076
0.0769708988131587	-0.012347392912456746	-0.053653846554074014	0.09463462699185861
-0.05848417687112993	-0.001092122697890041	-0.02907675538721225	0.06532265594821315
0.20763128816873694	0.04316207657707136	-0.08592324157882905	0.2680229561520205
0.9927182711794049	0.6955824649865756	0.13363428963089044	1.2274617875092404
0.2131132035316788	0.015989561324413516	-13.790633415855607	13.792289255743743
0.0039132704882795626	-0.007014466238356325	-0.04524727768110122	0.04595467941433437
-0.21015845793322133	-0.003004732391248404	-41.80434765453848	41.80487601258225
-0.5571954677125451	0.009091715769738787	-74.98994971038411	74.99202028892456
-0.013077961552073936	0.025468233204343344	-18.50148196409262	18.501504115385462
0.09960803578603458	-0.12529894860911223	-116.683488313878	116.68359810479886
-0.10409694035466346	-0.09701535196644914	-254.4996787765807	254.49971855688622
-0.043912084163641146	-0.12209009633988603	-99.28440232064574	99.28448709859265
0.009961128942265817	-0.09654766325892747	-0.1263900352719865	0.15935845251073968
-0.012774778960738553	0.030970334358039628	-0.16554140341847987	0.16889734406882898
-0.6833510375426853	-0.8333455467338019	11.543798436683788	11.632003592350493
-0.7216527910924899	-0.46654585949528776	0.15717175645190848	1.0034294660462966
-2.167293211782533	-0.9086827104864788	-0.03149557484117006	2.354428994535677
-0.011273989219493089	0.0009100042517629081	-0.3479781703232969	0.3750953516936847
-0.4984555891837098	-0.5560259841134219	-0.8329952954698138	1.1273791804768352
-0.31969755692732305	-0.021460330361960586	-0.37936034331399016	0.5158111366225547
-0.809288044253727	-0.401285934337586	-6.867024167074686	6.927588197616614
-0.1874849152311324	0.0683083115872469	-1.7295869089927698	1.746644577334006
-0.14923529521218792	0.01791358674957208	-14.02627979660475	14.027779467452072
-0.8703133442486661	0.7930018873375557	-62.25287704691128	62.26596757355298
-0.9110433573363746	0.3736462163856955	-16.954246177332198	16.983390554316575
-1.064818656555262	0.8385130250715176	-63.807421738947205	63.82196715568501
-0.3637342768642151	0.38617947890739807	1.6771048472841308	1.7645389391506923
-0.42198192161873477	0.26088925719853473	35.375487115938945	35.37924109448303
-0.26257877021561027	0.17596566542668668	99.10307781041845	99.10368016783602
0.2943770024999005	-0.001217840711790874	104.0172114986651	104.01772169705345
0.16181539095122244	0.24096982515539841	5.946223006793784	5.954939001266748
-0.5936489192002485	0.8999541404595895	5.27188591589776	5.3828057172202595
-0.0006470566929472395	-0.032096544449113584	0.11058499260848428	0.11515054250048636
-0.07441763162503823	0.04275622796588749	1.6490043150045954	1.6512362973936605
0.0774275515407199	-0.0772255029338122	-2.1091661224006724	2.111999179906011
-0.05290390997164593	-0.037629522968797305	-2.0165249891366384	2.017569784791016
0.2832052790643116	-0.2995778600892547	-3.9944014707991355	4.015618910487878
0.20716011852374372	-0.07990782141875472	-2.019256640878424	2.0314275661126295
0.3555051551160454	-0.08748285566197406	-466.2836029331736	466.28374666238
0.09784323340108864	-0.01864801426075604	-63.56336307673321	63.56344111729136
0.02221808062051537	-0.047447344871647576	-0.5063208945468228	0.5090243038367853
-0.11582106437095559	0.002792799269292854	-0.8026757026627873	0.8109935895708297
0.05240396566979144	-0.04387380501952551	-0.37986604702812937	0.3859654130483576
-0.008497347980528928	0.0663131712725777	-0.757138520038055	0.760084455920752
0.30306318387905445	0.007978075167305379	-0.8717268213761096	0.9229401899434113
0.6477234677196787	0.05082327461883889	-2.5513849326300004	2.6328110016347885
-0.3575697069977546	-1.2857605041527405	0.14172048450822924	1.349296353671356
-0.7489756489707331	-1.7765179191061484	-0.3449821438026315	1.9635358168617731
0.038013122002716726	-0.09109387414784584	-0.008668892799390045	0.09908703776995417
-0.11523654635920957	-0.1787355887255313	-0.00946830590734226	0.212874425684758
-0.1704581593170407	-0.06721605667525843	2.109170952105072	2.1171150388102533
-0.1088634357774618	-0.13230264539210101	1.1152997346949183	1.1283832397893794
-0.8565164142154978	-0.3542963997060468	0.6533220000047708	1.2368087502744611
-0.7878465590293898	-0.5115213891601588	-0.38428436774639446	1.1303302701144626
-0.0064999040297	-0.22115363076441708	-0.908917586539377	0.9354583669374307
-0.06324030408554597	-0.025860991273751452	-0.3199852016718066	0.3271981910393761
-0.00921892657421039	-0.6324360816200122	-4.443622730407778	4.515911764886326
-0.38384569444479394	-0.01804690790841714	-14.719672104903184	14.724687096298304
-0.002291751947710311	0.02447779677323674	-0.8139670129158589	0.8143382054018024
0.06778387850337325	0.1961882307630487	-2.6577539225484372	2.665847030288216
-0.013283210682367718	0.042586581406087176	-1.8716341130138756	1.872165674719822
-0.03852619734748891	0.0813451843938808	-0.9715000669270144	0.9756606412812423
0.03965367040225634	-0.02997340805608986	-0.3111597127998095	0.3151050390528965
-0.038787710356085234	-0.07754945356644145	-0.6861926165547644	0.705590884392217
-0.1014858548426036	0.006710401704943615	-0.04311558082338446	0.1104688260728498
-0.32171376648979627	-0.22557992650263237	-0.21858431117113916	0.4496277926019984
-0.048465472894427666	-0.08980946675598539	0.1587740216761299	0.23474159674222034
0.11362713589644417	0.043211902522494905	-0.6987552707383431	0.7228534483671348
0.3696575438134068	0.3448248648214903	-0.5011472984381025	0.7118282811388774
0.14819778119073504	-0.19676894741660358	-0.1095674334556283	0.26960271417652437
0.10880789674935606	-0.06572588748268182	0.33034219597076986	0.35395623616373134
-0.2395501714175554	-0.17599222103184303	-0.08044346750045063	0.3079426861501947
-0.07720689165756812	-0.22843640003303717	0.02119604364727061	0.2794157299540852
0.33160964059396136	-0.3085523570594422	3.1401842936689124	3.175752933382369
0.08322653232782071	-0.6559337628240102	4.510554521673985	4.560894389786879
0.15983992557170598	-0.22219933001838665	3.5077958707079056	3.5184589260957444
0.010054801868153551	0.012384113198282094	0.6857816862692162	0.6859671905583862
0.16573248730460846	0.12024451584870613	4.582871441356665	4.589566039817097
-0.35176772221148883	-0.3159744653032547	23.123754504526076	23.129009545668044
-1.0016032549484588	0.31109323107042375	211.1932957908972	211.19589999595195
-0.1584879229353128	-0.0013728129372364284	28.309675049623273	28.31011871613389
0.27316288967468644	-0.15824067978103656	69.75568721876512	69.75640155168
0.18605434169911572	0.0730825831335238	7.57624665000501	7.5788832016158345
-0.3963984729133019	0.5293065172375562	153.75443245926374	153.75591786267515
-0.0646800350851913	0.3841937851475047	56.56794532629441	56.56945913295457
0.3532346789751269	0.9317077894581546	95.49783552216134	95.50430965932138
0.14293737670238757	-0.06527853520764915	53.206521817138494	53.206936916565226
0.5094498099659246	0.32315107878264515	87.71478622240889	87.71697194703192
-0.24438575687261746	0.4013219520671163	21.414428134764	21.42003725093038
-0.2088984157414561	0.17560993879883732	2.176511195200016	2.197989573777642
0.38669600796439013	-0.16033523142482312	5.907206544267111	5.923665261520424
-0.10027162625691348	0.36199002790013285	2.061743081808509	2.1003227132078033
-1.9448828214830451	0.527365294251402	10.578529039724785	10.769653651444937
-2.4769527915662435	1.0009844733628837	13.543007223140169	13.804701716389534
-0.1683801141384661	-0.15798956047127177	40.42458710923553	40.425246511508455
-0.4126361705272074	-0.5825987488686241	162.80929610061227	162.81086139041292
-0.1946979440004364	-0.02568690794241152	22.037649170793895	22.038524181115903
-0.045407709265479254	-0.08946395094250995	14.238584439542048	14.238937899314962
-0.23854380050535146	-1.0320795370299045	-0.6090155204577101	1.3193206326643176
0.03982549127716249	-0.22244640751408404	0.007772723813749709	0.22611698124394405
-0.08115515526974615	-0.21871401722757355	-0.05341323651796668	0.23932186359378915
-0.03495425783207054	-0.005985369433904861	-0.03786446554377915	0.05187815088037768
-0.04786668841125512	-0.15051480180891003	0.07120036127799043	0.17324957970844265
0.14985519203519843	-0.02492382158341583	0.6261028439809013	0.6592134188585681
0.8110237792747674	1.3123843017993733	3.729824421121719	4.038710453035044
0.8050329190717248	0.9789603160118734	2.4615811886346877	2.7722379108322177
0.14719857659111255	0.416710146594901	5.573040650190304	5.592278305020161
0.269616404720762	-0.5710026246995795	8.040101981205659	8.079956485878839
-0.1890731041520927	0.45984553506339354	7.310046675052385	7.343548793919455
0.39230343433203774	-0.15372776783670286	5.912715021064383	5.929351812501357
0.1039898043933678	0.016624110321427188	82.0591867561848	82.05937302412065
0.6221258563116128	-0.48049871717082787	165.9437612327589	165.94568174995726
0.3340438805364049	-0.09831926632420952	32.95092055464293	32.95645820371251
0.13734035118667834	0.2621414788183645	2.0037693884615315	2.0303083691933748
-0.32935497495876814	0.36768782033106623	1.9659087225471703	2.0861893683309165
1.2006718434593098	1.1497493413009305	1.901310399810407	2.694228693490052
0.49734086462337107	0.0025095553885861044	1.3011273941990553	1.680201926652804
-0.19745725863379943	-0.18381224348286773	0.03788586682943418	0.27241815054580676
-0.8839834308499576	-0.7192999797116324	0.4357555197987249	1.2201237805507574
0.10081947501970175	-0.17037815391901937	0.21570660057663968	0.3243492011835874
-0.3202449209674505	-0.11578434742154955	0.2169497158998885	0.42721164385152827
-0.1760743878632566	0.19405849274486667	-0.37565533698299963	0.6763087556520623
-0.018635821890696822	0.07125756559648636	-0.18423471117949444	0.19841210476095225
0.07493829821741624	0.09884802349007563	-0.924998284044134	0.9332783645687976
-0.1739655879963292	-0.13489475810379853	-1.0406312814264755	1.0727785747087326
0.02615551288798991	0.21701759371194052	-0.7636862960464719	0.8065217235165676
0.043911940000838326	0.03845808165913167	-0.9716219875942682	0.9733738075868741
0.05758108785092471	0.36125753606198685	-3.282274651651104	3.3025973835620652
0.0059619473980962664	0.016605590235407988	-0.007618488486701186	0.01921800745826534
-0.2900509948304475	0.42662150312891195	0.3400412250000182	0.6178701491685916
0.0036416630925849344	0.07119468575821866	0.05876716286516734	0.09238790192180199
-0.06286527033835938	0.2195638484007857	0.6165980339613888	0.6575359010915893
-0.22063064289842535	0.22750119457150617	2.2583512333163047	2.2804791091212646
-0.027569217220195764	0.08587562849585474	1.2288134179013592	1.2321189477165402
-0.04881006308365349	0.04883786661352757	35.75874612491925	35.75881278770173
0.002843522756163652	-0.06488170253841857	15.901657359384735	15.901789977742148
-0.05867477394970641	0.1624748147429682	33.222934417397866	33.22710983232432
-0.17975366431526427	1.0218332160687258	19.185506171911303	19.2135395378817
-0.008963318855634303	-0.00021864020308615638	0.10026949415500531	0.10066956017856901
-0.30052162381297387	0.19115866694599254	5.260631270832512	5.272674487391445
-0.2732099804314796	0.06452807549911041	5.4137978165729495	5.421071329973905
-1.240264916055086	0.5037563382723138	6.48644315125457	6.623139154872407
-0.3879277931487729	0.09660421328751079	2.1849522198286118	2.2212241106327277
-0.21473216256142214	-0.13144097054821657	0.43367188628479353	0.5205167818915861
-0.05595872914391689	-0.0820864439496026	0.22297630023939738	0.2811899340590688
-0.08974689164391392	-0.15976263002818528	0.9676160643405394	0.9946553349694264
-0.012539502976349565	0.6255022194274829	1.568411790637136	1.932386502631704
1.7447073172950456	2.567679353213743	8.802946131642475	9.334283126225724
2.290738190045462	2.549753008761026	10.799054940111635	11.329973939094836
3.185040132505412	4.036652266895387	16.757274625898233	17.52896958871726
0.078720854308371	0.20922099394836288	0.41356704955387763	0.4701149877301087
-0.05688750131757739	0.13945267991371219	0.3087851314945383	0.34355712068500766
-0.022170393638756936	-0.6280727522710434	36.52977771911106	36.53518341429479
-0.07364677830595709	-0.6327429498840564	30.398462802478452	30.405136543719852
0.13354874740018918	0.15527577250224325	3.9658551779818296	3.973591940685859
-0.024188628571106454	-0.005135046782533439	4.7626125928279155	4.764721392979936
0.030258558992841862	-0.0977847800523656	58.71412331156461	58.71437842193441
0.14538482892383608	-0.4511570771692981	126.6668344723303	126.6711963521715
-0.05676579035017838	-0.051182372962593314	43.539831581075845	43.54012236872566
0.5904387601558447	0.11789549785362365	210.90370339226232	210.9066499009506
0.15187677797457422	0.009107108310511949	94.31646943132253	94.31669542169936
0.18760239407898627	-0.3989776529272419	93.17703015467173	93.17817773521492
-0.04894115571086899	-0.3015900055274832	160.5682322652013	160.56858361561478
-0.11614177800583653	0.07893388503357031	134.47776522488678	134.4787447119171
0.3718607999953106	-0.03943611696223249	60.541457516524574	60.542773257193495
0.19118640224968922	0.2009265649562745	14.269666133213384	14.280896863316647
-0.30750791014158296	0.35798333340190447	9.150273064132206	9.163497700926026
0.09773444302097907	0.011560165059355643	18.78246467199289	18.783241056812578
-0.13959545440207494	-0.2897207782203496	16.755303279565265	16.758970517168795
0.9701357947343671	0.1293126282086268	2.502491900665418	2.732045181056696
0.30223602617776246	-0.35569587464539165	1.2440697490023538	1.336059690299148
-0.030727934044748384	0.2434877407238658	0.5030462762376979	0.5768585847069326
1.0721081701465254	0.8589013008877844	0.40114454034916186	1.5151435666343962
-0.4513917653334929	-0.13082241911463244	-7.292959864134376	7.308086795531974
-0.24261793099638274	-0.00039835494506839514	-5.007668580260494	5.013542483000995
-0.033742776980906955	-0.045326194385849145	-1.0754655477770958	1.0769490161337145
0.025407658832599142	0.04944945429787534	-0.2961142248195533	0.3012879549504035
-1.0630706346281849	3.4884397062619397	12.555262133227844	13.074915593509527
0.5216753677342028	2.9683555669480635	6.691255995461953	7.340004532889452
0.7307626219110227	-0.4863725866084406	-0.2387802115753344	0.9203630136671177
0.8062136627154323	-2.9128782638826474	5.017537045980022	5.859180663098806
0.08215306549010197	-1.4311857223968452	2.497928646335557	2.883430076357981
-0.4848126201336251	-0.9251837387170895	2.198498684585951	2.6085925872112563
-0.19772759773193768	-0.16475310041795033	0.5878793449641648	0.6567508630657943
-0.14612160699242094	0.22474756861336193	0.41810803850295275	0.5159041678339612
-0.11619633307213373	0.08832467331944517	0.29925149746426427	0.3610181150177945
0.5919623460291948	0.0702239276084396	1.1918959630103187	1.3399427564882904
0.05253887863371497	-0.0015454829612988226	0.2215905342022773	0.26710460878412884
0.002351742813134397	0.27926040470618174	0.3696666128224993	0.48386474749311814
-0.003684996683097949	0.021670994896303673	0.21743460539738854	0.21854294508097968
-0.3054475567033139	-0.07413323247469808	1.545000456277281	1.5766484566796044
0.3338307142226473	0.03416397390908246	0.4461819611799765	0.5754721976377951
-0.7966321548540809	0.7559415158720365	0.5959334080665029	1.5625484265507184
-0.13327616188934946	0.12801682451443194	-0.020377213460728044	0.23247765143157095
0.002723383517397225	0.09794931249334049	0.37921683211264784	0.39167191677889407
0.4508934578279271	0.9789837976176956	3.729877375658106	3.882486242571401
0.3605200423182502	-0.47174802673850713	45.54047458062915	45.54434482930427
0.07213646791990216	-0.019798257532704013	5.4920291728181105	5.492538582121245
0.0867049781755685	0.00920369506799315	28.6007397374605	28.600872643875665
0.051490741459798324	0.10780461706131456	16.49467476852633	16.49510742163794
0.07968648488444344	-0.06585445948885643	60.382898775929746	60.38298726735775
0.042850826212635224	0.06491321701982547	36.190677009946214	36.19076059379384
-0.17562907368676486	-0.047483033046152846	12.383450836847969	12.38557364935036
0.2018799337282962	-0.21789403529934057	24.48454245534656	24.486741970928456
0.10071305149622392	-0.07754785041448684	2.2837332082554167	2.287267836160462
0.08196776595828488	-0.10772825184810096	6.34152082921878	6.342965435686848
0.06864303985555677	-0.08324018691300379	1.309191020190314	1.32102297780352
0.18630051626011068	0.15489222912497946	0.4872017442757175	0.561733753238481
0.3634644756612332	0.26789274454198175	0.11392181559805761	0.6815180407113877
-0.5035617796580129	0.18972807431276198	-41.6153282458356	41.61904126720914
-0.5035514654288538	0.4259877817313291	-70.90676040390895	70.91154645463791
0.4133790053587016	-0.6871877964918185	-0.6349177370793081	1.0323321110362413
0.7118075160883717	-2.107248062179484	-3.59063735560228	4.226028956344908
-0.06774759491835791	0.2968508571271666	1.022726432591066	1.0670892764501028
-0.044443752686026496	0.9582781656390947	2.6798316805341944	2.846360856583045
0.4332169565533601	0.020113110640039435	-0.03285075409886984	0.4349260175131383
0.3774423163652125	-0.10936064975414331	-0.02804836518272451	0.3939659435626499
-0.011261859007039743	0.0877899672862026	-0.14649609313210735	0.2208501709924128
0.4342736163682501	-3.12257019618876	5.681871434022812	6.516925418390509
-0.22938113059751852	-2.9827646068142113	5.148730435581607	6.028206706303468
0.0729179353180258	-0.3891125842705804	0.672883829524356	0.7930813712754424
-0.3484185154924107	-1.0110423261464518	2.1241750612987595	2.4296784664521254
-0.006459103228584617	-0.05531336089255348	0.02811932307552656	0.062385769514956044
-0.2567555954882028	-0.08307676392703377	0.20349620695848167	0.33798800387821304
0.007976540819307678	0.06063291207505741	0.2084796463394335	0.21726421281002312
0.05393992234017633	-0.05873940648015354	0.13238661458652243	0.15455112040158556
0.11406613554799738	-0.03404629013575235	0.13038008002177015	0.1765480059851856
0.06670990688928756	0.07728975306714743	0.21838180809434524	0.24106955783116513
-0.07005623265363856	-0.016338772511419915	0.4143361889968159	0.4205345511764827
-0.32345795571445296	0.19734406884056532	1.5964695174962624	1.6408182869886203
-0.9471663179601607	-0.24255311132419527	-83.20380060317501	83.20966212311825
0.04929441860054665	-0.036493046574075	-12.134801674046688	12.135759273135731
0.07708348026773415	0.19749510203843973	-7.495222199508272	7.499518770105251
0.30012384498596667	0.25926881233604515	-9.881360746869339	9.901828142381056
-0.42150317576300755	-0.22261618997088722	-1.6970520139919396	1.7627275550718422
-0.4302303355505721	-0.09368817189686843	-1.38836258508214	1.4565116830418137
0.07283922757181227	-0.34129076666633457	-4.750689930111479	4.789410763825501
0.03358879770668943	0.06493019979882791	-3.004384623746513	3.0461921833137473
0.12456471060399316	-0.1898472377889403	-0.012760558581454307	0.2668350756164898
1.3470428340060934	-5.4523205341245315	-7.913858051969428	9.70520235003395
0.2114925867808135	-0.8481341739340601	-1.2039599453335421	1.4943426735945127
-0.22111198927892337	-1.0916573244205794	-1.4034286647457104	1.7971360626546649
-0.005765953618737225	-0.33462355677270733	-0.46955316584657164	0.5766162905476127
0.18522247156009813	-1.555227573388753	-1.8696083725309964	2.4389496992839974
0.06708541918525962	-0.21900152179289992	-0.05736572715365668	0.23612061889368274
0.25578047340952165	-0.45667664717928774	-0.316629346315319	0.6117445166117804
0.45629890457915173	-0.2975054779564802	0.12105872307925145	0.5580084355704907
0.10384945725172542	-0.04090897265129385	0.08803421870764165	0.1421558211200904
1.1622368692656853	1.0139775099815038	0.899104617058352	1.790757892163103
0.23485001799620386	0.07723939249891973	0.08164294347000578	0.2954078702825401
-0.26544047443213137	0.7019777699568113	1.0629793803108443	1.3012135097463133
0.010913236812101046	0.06280395093595734	0.13082754077511694	0.14553102904929946
-0.0444735002169878	0.06383822043641926	0.0059240295704549445	0.07802758958465207
0.07952927750158999	0.09456098359377671	0.09526455840548749	0.1560192990829659
-0.3163789034099897	0.04558062375923831	-47.582930154427004	47.58400377526953
-0.1876910961044942	-0.029624567954183834	-44.59528737634761	44.59569218816558
-0.47681033417279617	-0.055574269279527355	-78.66972717717358	78.6711917459314
-0.948115064213154	-0.02207374012203412	-130.20365333419372	130.20710714471727
-0.18998108412180162	-0.11660287005330308	-7.732346500056846	7.735558896328703
-0.4174254594614631	-0.047095931038282635	-13.514482398023135	13.521009449275754
-0.08638125187635211	-0.01983282598974776	-0.15372900255715727	0.17744764830699758
-0.24504325405415145	-0.2913815706860133	-0.9926663552316838	1.063172567790315
0.09047225704237322	-0.4087316859636244	-0.7637641185499057	0.8709663880938934
0.15345740113153578	-0.2162445556788745	-0.43996864737696983	0.5136957197578342
0.09755094690637423	-0.2990173662296647	-0.39684335731323744	0.5063716251853946
0.37669924224290086	-0.6930533309251076	-0.7593162415666028	1.094891041756939
-0.08063031154368083	-0.3008152925540273	-0.7936434011993464	0.8639101345286226
0.26041857943022234	-0.2720448992815896	-0.4419164340220455	0.597156749351748
-4.409771930571572	19.685989048596802	78.12941195131754	80.69206122627374
0.013770685892179512	0.2584239301848413	0.6236500737578741	0.6894865907909238
-0.322232305122299	0.07714821344478583	0.12190608808709659	0.37963980891741533
0.0838042005997141	0.21584040134498242	0.11102043936582831	0.2922593809408037
-1.2054458295030521	0.8709334458936281	-0.6773139013644243	1.7070731614151593
0.1765260602145258	0.04953418862536509	-0.005113597154493582	0.18341547004954104
-0.4110601788847058	0.17197033980521953	-0.1601330470281313	0.47348374965563783
0.6226742185815418	0.45947492194070017	0.4263682077933977	0.8944886918768177
0.403975809309437	0.4167938377270865	0.15510964974854508	0.6168081922442373
0.16287192985122517	0.40431602842595693	-0.07212265064541915	0.4633359235066095
0.6638104897764692	0.40318045342716435	0.7518129141553651	1.0899088435065531
0.029925985865383864	0.23330600025780424	0.6720629134873133	0.7255863828458794
0.5787046020687829	-0.2298641450069774	0.1736254364564181	0.813389375514617
-1.243386781238187	0.31052427327773885	-0.23194940520282628	1.3942210193245799
0.07738117851120542	0.14093273858769623	-0.057520763427859146	0.17075866542853596
0.018966236281580423	0.2229307395682905	0.04970802469984008	0.2291914494101243
0.03642544246196406	0.08200450899143846	-0.031711927315081836	0.09516931589285388
-0.05740465943027307	0.21512830276379566	0.07374046799241042	0.23454879704248477
-0.020212381714685913	0.0025472148645108578	-0.0001279767639077306	0.02037265461834204
0.08422511566555277	-0.26833607926125397	-0.17480813085934638	0.33114347971342584
0.13045340002250722	-0.18717515695667347	-0.07032991829315732	0.23874447923734243
-0.0060819490797328485	-0.07143155413261634	-0.09461601664529726	0.11870824586452508
0.14338401753230096	-0.2779933064600798	-0.31114309108221666	0.4411907501846652
0.33567384620394014	-0.3114139905358738	-0.3987055864547914	0.6071422808511058
1.6616121358825129	-1.3635342875305008	-0.14148256942884646	2.1586286724991735
7.222485091109068	-6.315241796355147	0.028176702963921565	9.595146874811958
-0.03267405251035542	-0.08397466190406855	-0.08215791991452767	0.12193958075224808
0.07769276253082133	-0.012315196641540148	-0.11836462419835016	0.14211971601296935
0.6967556791629935	-0.36872108784734137	-0.6996754862023474	1.0540253806534752
0.3204210300660898	-0.2732906533298499	-0.32821548097022774	0.5339314746805889
