0.65221153506725	-0.08335803549825935	175.20560995234982	175.20689931337864
0.02400140795378893	0.1428714807952661	3.467201875433317	3.473032818375995
-0.04062792819874866	-0.16480441845457514	2.690544421025684	2.699503693515589
0.11041539788367893	-0.2750211550505696	3.7232285586746907	3.76748975291851
-0.3947451500796088	-0.45443886247198295	6.758155218677185	6.802846486241614
0.3576718376833558	0.03920801029125695	1.5379722050481301	1.6548549354681805
-0.7518888375589114	0.10541408515391879	-0.6618135554530366	1.0168214791574373
-0.13375021962756234	-0.08035596538652386	-83.98027169668806	83.9805326265372
0.06106977383035522	0.3419746581165505	-286.1580403038977	286.15828519638603
-0.258639664544915	0.46382461551273857	-46.13759226036632	46.14085962700249
-0.36700127059663074	-0.16161586212268608	-5.713692359314068	5.729447598267495
1.5374676248862373	-0.7076834541461113	-141.72192162435016	141.7351334075648
1.7445644797168987	-2.039349616257473	-311.0956996248561	311.1086902157392
0.24806573050277136	-0.7567795243745123	-102.59921525819388	102.60349381670571
0.26319664443016455	-0.626270216060843	-215.59563105189318	215.59674648590158
-0.38451050793711783	-0.13119023330578905	-333.16614661567826	333.1664235629583
-0.1515160657776689	-0.10679583770797038	-27.59170723087713	27.59268290993969
-0.1110452449692309	-0.32848249509072536	-27.023369168133886	27.02595405861115
0.559368149389034	-0.2334825196933576	7.849673744758154	7.874278665223803
0.23894666459280564	0.3549150643623972	0.6757666321626432	0.9399152594653587
-0.24198210912167373	-0.36636844771308136	-0.25142437708170684	0.7069054678000377
-0.026448705719540867	0.7027281502316339	-3.203692219720955	3.3169097317025056
-0.22380669328045008	0.018967833515430244	-7.566359568363799	7.627620659506854
-0.22268027772044122	-0.030491345153706564	-66.05215263816912	66.05268249018435
-0.30138638985687405	-0.45040343760214746	-225.2679876386187	225.26868275805754
0.047671506042633274	-0.12806195390563727	126.20981397028439	126.20988794405267
-0.07464845379973485	-0.0788081965863704	72.14434998124035	72.14443164471672
-0.9415049221599875	-0.7897399558232978	921.4051995204193	921.4064967073833
-0.004728570536994182	-0.043915054626210134	7.9008248514642405	7.900948311748212
-0.2606425282620044	0.02990977246767554	140.5655585507826	140.5658726704332
-0.01405663461553272	0.002597925668271361	1.7405843400385301	1.7406430372083337
0.09311348235766487	-0.453389335892179	53.871814070714784	53.873802383720424
0.18000301154837706	0.24783309718147498	2.8047490047227197	2.821425049105174
0.22513196366564042	0.2860216855698675	4.979038490746209	4.992325820498142
0.19177573099942913	0.12415615157440024	-0.41632364109947023	0.4748874130911997
0.2558746720721754	0.25164153788960875	-1.0381042715029336	1.098387813985629
-0.08989737046022173	-0.3016924529200275	-14.1063892002049	14.110591622108629
-0.19116411682796997	-0.40875340582605707	-51.65584069578753	51.658000162993325
-0.11617193490454505	-0.06719790099051651	-2.690213532800645	2.6971726146690593
-0.01360053635651537	-0.17663453340902585	-10.824238711381513	10.82658802203409
-0.056346404026942465	-0.012111487916333178	-23.44940640416217	23.449477228990602
-0.01995485385931916	-0.09581182438660978	-150.33734467122343	150.33737652658485
0.5422609904593142	-0.22638940677391062	-47.29489194316384	47.29874821647732
-0.11218970191339533	0.02637313043664738	-34.49708619505371	34.49756104139958
0.6947478368053432	-0.46371684338898805	-228.43796140753247	228.4400219747829
-0.0790863981943931	-0.03456810352124427	-25.78591282197545	25.78605727277201
0.05440484704687608	-0.009105495801027166	-24.26515519360493	24.265217892431302
0.08789212873183294	0.021566106098342086	-277.7176953140907	277.717745130696
0.6715430825960048	0.12158715899971305	-188.4303255826157	188.43161314520574
-0.29945347004367956	-0.07584478372344738	-100.8257754226277	100.82634523858829
0.08241337945572802	-0.14911196070441857	-54.20257825591894	54.20302570628188
0.11356836728374468	0.3780914703432522	-202.7607595445022	202.76114386636667
-0.02052481717415816	0.0038816178764795924	-10.699713310069507	10.699733700085998
-0.15415745065588093	-0.238022239551416	-171.91103279970915	171.91132335350594
-0.24946269936929427	0.04246936071941228	-70.69798159045472	70.69857223476407
-0.3833116834727247	1.0186619834548618	-478.99136848372603	478.9926253730643
0.010975409828333893	-0.136909518081333	-36.94439919015606	36.944918134734934
-0.016581270160724058	0.05340832516647482	-0.13387193370939174	0.14508301882826471
-0.5441514029649919	0.037688173479686324	14.661847068817348	14.672653488788484
0.2573358327461386	0.020252441671170667	10.065525188422836	10.0698018349858
-0.12771875933903537	0.1313482237011021	-0.8564024997992882	0.8757794693979797
-0.0778729175131309	-0.12449760225371298	-7.347802374114964	7.349269594544644
0.0417655848594666	0.02385852975084299	-17.223035309311733	17.223667978808095
0.2238085370996113	0.3322682358729178	-301.5598779838217	301.56014408747603
0.12746432114236272	0.05715943492427491	-90.13148944170217	90.1315976965561
-0.14289812307792019	0.1376875095113817	253.79331044105976	253.79338801938084
-0.4390062567487385	0.20235212847819187	467.34400365757324	467.3442536584432
0.006463753642671627	-0.8598399026345429	857.2478076312432	857.248250237232
-0.14618358713290006	0.05840759456112549	486.51573367774006	486.5157791653451
-0.36869845000755563	0.14264034534180714	17.168164333590862	17.172715318211587
-0.14302356455150192	0.09358944881711234	11.884409847449168	11.885638903613629
-0.11209484592229045	0.2769899712116402	11.897766239185337	11.901517978011569
-0.034184818866180494	0.02647476363233673	0.618922957920618	0.6204314166702951
-0.043320427265595735	0.053549428610742245	-2.932547070913777	2.933355846781633
0.00016488811233891093	0.46752418983047284	-28.109391681417893	28.113279417290165
0.1601147796892223	0.12244767725091117	-45.34157808654102	45.34202612978646
0.10275670097924544	-0.019336310790202482	-36.6930770233538	36.69322599982572
-0.04117289640962927	0.15950081099775476	-10.188184032906177	10.189515670750605
0.024379960852598293	0.07892471546949961	-1.9150781496166713	1.9168588399624877
0.5132059248662244	-0.5407014846287023	-87.18774031061002	87.19092727392663
0.05777249813157051	-0.010979131842449308	-5.6459260938395985	5.646232342011375
-0.06680607278474324	0.09662369868874422	-23.218025423272486	23.21832258683295
-0.2562299185512388	0.045159278730084136	-49.27932008993553	49.2800069161718
-0.26507590135881454	0.3909996012681266	-166.014981396351	166.01565346060733
0.012637753076030359	0.006203935467557279	-2.5393072495705464	2.5393462759811953
-0.1565741335384978	0.1521503390948659	-18.738242040088668	18.739513866104595
-0.41299144808911015	0.25299191543113275	-29.303421826234867	29.30742393271244
-0.3291763632320722	0.4022391851355051	-11.978897604805901	11.990980821079388
0.26002278373647597	-0.024241792995651837	-3.733732194638327	3.745455299261821
-0.16461411501298323	-0.5695571045969756	-24.480855431212714	24.506051651196184
-0.07181792541897246	-0.13596927868082387	-3.3994663961582305	3.4029424382092466
-0.14118919807126695	-0.14088713693091737	-2.194906682898446	2.203950752997184
-0.2659853567109484	-0.22246871355802547	-71.01126460023337	71.0183267364682
-0.05131712908317374	-0.2898627912141809	-28.822250581751813	28.824091698918473
-0.18630871253274822	0.24287511727106761	2.909345359455007	2.928731716022728
-0.04331508266050493	-0.34731386809839804	3.1064968955173655	3.1292660267414765
-0.07548702321715345	-0.23086206707003	1.7714660003398077	1.7934790659346844
0.19355062567388	1.1903991126233413	6.389245950142492	6.503572517343482
0.07402899881935218	0.9003682230257872	5.895336880956532	6.037506998966304
0.5432217881571126	0.42037175705646224	11.32836758895706	11.350030587654473
-0.11218223782791437	0.15743206495578974	1.228758155362391	1.2516773141788216
-0.7356357254264605	-0.07172498613874656	3.0546376966715476	3.2802298146604265
-1.0012503312562384	-0.9910450031485774	3.529433414897623	3.9143228337992753
-0.42040991547787865	-0.4156268305788345	0.724904913184778	0.945757409375446
-0.8455755104198788	-0.47282928633242827	1.6630923405244187	1.9297464589542488
-0.32063691418244616	-0.3594184854293411	0.6813088592175756	0.8459617160091331
-0.884116951756089	0.8239850064204802	-0.1117233148277898	1.2217102599079486
-0.41522398625604595	1.9188362370199001	0.12767133673550257	2.1802374224810652
-2.493494937624773	5.8994887302808445	-1.212242439414027	6.585879424912632
-2.190428363991277	6.0626319511772016	-0.635518723524982	6.545239371181394
-3.25296359224869	7.198485908769627	-1.4367239557624025	8.083745358508763
-0.15074007399510425	-0.15777003481924962	13.261630829388162	13.264160206876022
0.2605768135477555	-0.10217207226586492	17.03706897156286	17.039939505021717
-0.04951097256528251	-0.2378865826886775	3.457823225551139	3.466350072019348
-0.025704202897839472	-0.012164045467920295	0.111974093341171	0.11552864418981203
-0.17859292628126824	-0.04313865731270685	6.987976490037989	6.990391391216668
0.010159827773496867	0.0006304374552689469	2.9590177330791083	2.959035242140316
-0.06198812059503202	-0.08581156181321145	-2.3163255507321514	2.3187432389573295
0.03042918879025	-0.09572027240884573	-0.8750976399034893	0.8808428835184587
-0.45463974791849476	-0.317432399406133	232.16603990222612	232.16722693880166
-0.14462267334117695	-0.25382442516754833	39.99348354747958	39.994794018770435
0.01707418744584674	-0.37449508327233405	57.556548265711974	57.559886260319395
-1.439833908519816	-1.0195009013057925	190.5095639538455	190.51837229411402
0.12638869457426088	0.22532588845591797	97.30357337135288	97.30401644576281
-0.9891773585849059	-0.5125058593031614	53.079617690562614	53.09149110793315
-1.4316309818301725	-0.30078721078744153	102.45315272888354	102.46789201937914
-2.2613095467010433	-0.4416986147059043	91.04719383681925	91.08117519380428
-0.32924751147459436	-0.03896375555031999	6.031407570015766	6.042125384217225
-0.7228644086884134	-0.21048831889117334	12.820706214719863	12.843551919729784
1.1215113281928502	0.5446124569869019	8.276649943785594	8.370025369109479
0.09128894423921219	0.07421141553660598	1.02165728689666	1.0284087793311087
-0.9642995314624477	1.192537688377658	9.996277942637896	10.156669878653572
0.01720510115814372	0.04311038888098757	0.3714281385839125	0.3994911365315156
-0.23702961443140091	0.04689910756473547	0.18217330376132929	0.3026048198743453
0.012092929310576893	0.023849463310136362	0.004681434702746706	0.02714685378396998
-0.6672290190598634	-0.23025399757901951	1.4026917211454342	1.5764629132163712
-1.1990220341190427	0.3611983979993687	0.8386247314631938	1.5135684147543484
-0.24810773591689667	-0.05284879358523116	0.0570439957876675	0.29510039979750347
-0.2215440270707256	-0.056782739718249375	0.04644879731740293	0.23337421929780078
-0.2759122367716919	-0.2359656146174596	0.029532106218267393	0.36425194437345243
-0.9804925215596413	0.35990784152953686	0.21306901770773434	1.0659726288867704
-0.003687210436108271	-0.007795354452676685	0.005998576291038468	0.01050456992753251
0.15330033332569587	0.1445143707857966	-0.13324618427545432	0.2856916626108519
-0.31368866024690434	-0.20976087700010967	-1.0446488239424387	1.1194512724329155
-0.285883815585295	-0.08682807026931127	-1.6173697345540492	1.7172284269868512
0.056556939994155786	0.18941911559780195	-1.144059348772524	1.1693715693607263
-1.269802431317753	-0.10671957453958933	-1.8603783409733015	2.3083575971094605
0.382648849846653	0.17832111621179803	-1.1382364927805269	1.3105421850033299
-0.6996309636049974	-0.9565332098029093	-10.144068866806064	10.214012542879248
0.931039379298702	0.8121189130348887	-38.20847860172276	38.2287024145199
-0.6155869319976478	1.108553332334834	-156.4970278333371	156.50497726597283
-0.1509339414226903	0.3825667235086456	-69.7546748994783	69.762197207925
0.3371857937989141	0.1651487545805605	0.007354538949702949	0.4006273141243326
0.07608072408609055	0.1559290710581495	-0.5508812914728917	0.5941819031015353
-0.244850708614277	0.7510357914792889	-6.193862573574048	6.245592045179798
0.4591436849919839	0.10624260872613055	-3.1547463854975923	3.192805186209624
0.439067435146869	0.4909889266566749	-0.39048815228288136	0.7783386927804773
-0.2575316755329672	-0.611979494211561	-0.9136677591617264	1.1380290085361908
-0.04731604297590175	-0.09761276081080086	0.023810311085520237	0.17836416346899184
0.8266129652621175	-0.0676876757944952	0.9775117339739843	1.2895268864008682
0.07387217495105894	0.1290337961578441	0.3266290734936337	0.38506253431645815
0.4484427020567272	0.3513662829935218	0.9619537834822464	1.1266738606661781
-0.10415823288849171	0.2856587283622695	0.6597135901974005	0.7396970005070629
-0.23177204697856968	0.17636393669696715	1.4307130957762961	1.4667113783064756
0.35765510154229385	0.12878374878264592	3.6983189065992166	3.7204226837039567
1.2055455860706883	0.12671766086378042	22.72980204933478	22.781485695900365
0.27255312734693615	0.03823939959842243	4.630134492983098	4.640406519575636
2.293160504203596	-0.1932114175993953	49.236655332820376	49.29933564162684
2.1908195452831762	0.8105796740620315	63.57521755128542	63.62503726501201
-0.01549059723683327	0.9339394301294335	95.95713672984041	95.96178433101345
0.2595061072728641	0.2861918266672735	163.16904157828313	163.16955861477885
-0.025172633607326418	0.0793617777136594	5.767631108607858	5.769920306479616
-0.375995630950333	-0.4323034523715171	64.4178432680909	64.42039110640162
-0.04555550581325762	-0.1590955052471844	17.434416746122146	17.435202148566102
-0.1077763816578958	-0.9238074019158703	274.73647798598415	274.73850292181385
-0.3553087013382327	-0.3063625640326403	16.268789149809628	16.27615072674589
-0.6808798111883696	5.3423093197266236e-05	15.866302912728614	15.881518983507164
-1.8097556915001864	-1.1997993325810072	46.310908290822326	46.361783408561124
-0.09728912408324557	-0.03922719149093146	0.7587300411121893	0.765947270706839
-0.8606461721914249	0.24267320355357763	10.233475690388675	10.273417474633586
-0.5299354627760093	-0.3975210347545037	15.546830825528398	15.561564287380628
-0.01828321192130168	-0.01595690010101403	-0.04938844378537926	0.05502832796419082
-0.11632925101357483	0.04445877155044066	0.059413330198122	0.13798195829304885
-0.19466803623779447	0.18070241161320622	0.027395006597142054	0.26701964774519
0.006449030580235979	-0.01488075778134209	0.012794339916881975	0.020657252515291366
0.10046599838532855	0.4172073279526972	-4.826009475121638	4.870137859208178
-0.49547326850755075	-0.12044412920534059	-5.321057747481734	5.3472549859718645
0.36773646244591585	0.21772578462574463	-0.6556711953190902	0.7949963046293342
0.20436800135033462	-0.32297754689651703	-1.6833520453399604	1.795403806035135
0.3116021366358208	-0.20495557967131	-0.3129054406992402	0.5064506697730757
0.8835600232603645	0.028345864831244155	-2.5004010268505614	2.6520722271145303
0.4904736889883168	0.3107665051653995	-0.892316909029812	1.0645983874039269
-0.18408914335793067	-1.3826178682939172	-3.5409152742320624	3.808291184588935
0.02432170423818738	0.1815447688657678	-0.7170050206364322	0.7530777070909918
0.06830586204061072	-0.13615139032317308	-0.1743693189857266	0.2703466962616522
-0.22715817184870857	0.29878082585408805	-0.39537356640524246	0.5627351587094048
-0.4287156567461577	-0.27690840688339163	-0.8739679215034846	1.0216531176769874
-0.24505156265406414	-0.20330261525297555	-1.8040871448011604	1.8372785397605613
-0.3124154721723673	-0.48584772219524025	-4.521697820335557	4.560579173717119
0.43675361432144616	-0.10208502237197156	-4.101160056580441	4.127973917796286
0.011909094423202676	0.014342562242676223	-1.5418385758464208	1.5419512734161822
0.14335925752072573	0.15275231436453307	-2.658250810876648	2.666492550109033
0.16391029763073073	0.06192233109051769	-6.8434518814809815	6.8456946042679
0.3259086913694793	0.17789448253872892	-24.041570106634694	24.044437113691362
-0.3698292481885654	0.4820654707129757	-28.37802122603392	28.384524824208366
0.020941075279989868	1.078129286924101	-58.20983708274578	58.2198242395815
-0.02429564739660356	0.5560115415172721	-56.17669997541013	56.17963010758374
0.1428259431520154	-0.016284657408900317	-6.947111388641565	6.950000062676081
0.006940693098621283	-0.06216186262726288	-2.5399234842541683	2.5445241915045362
-0.32240564382856796	1.9541234212842442	-122.97745663724096	122.99348301635405
-0.0071242811646817505	0.26980837662037316	-9.120495079934043	9.125555194259565
0.9159066149154445	0.22199284951978585	-57.34984751406336	57.35776020229265
0.13880755603902742	0.5618303713512578	-0.09407288392590996	0.5863195470699896
0.11615996749630943	0.2671140679266777	-0.13350032993629474	0.32041442137672427
0.4761820570574371	0.24826478913884084	-0.08837980062952827	0.5618500965995471
-0.1594082128904386	0.0678314856861231	-0.5237895362575863	0.5690758754157897
0.183510341185621	0.22916899462041562	-0.16657310730503977	0.36526820063434406
-0.07239217749621515	0.34254969324962814	-0.988748799668915	1.0581516401039965
-0.08921271051936713	-0.13615147047729168	-0.44734123223799627	0.49607468549760747
-0.13345255217146246	0.03581656995773466	-0.4716182055519525	0.5108776047867609
-0.35686475651990973	-0.4561188374826503	-4.765627778173619	4.826005067429227
0.16778070951841437	-0.35439485743891996	-3.686767886653433	3.710186426101077
0.05700942925183415	0.43600984641592755	-5.320182212115604	5.340147302856593
-0.1355239881898997	0.7234883163810855	-19.001618831499204	19.0223798727972
0.00628768138793992	0.5322096375380534	3.783478402926373	3.8232806911781814
-0.08474246160458374	0.5179611361401454	27.278648427319936	27.28405403948568
0.13943813771179045	0.14829154237631653	2.4986059623184866	2.5107658026232493
-0.02094514451070683	0.05486249608708494	-0.25091641688168187	0.29306556555866814
0.5744882871823834	0.6198731461796055	1.0961068851834193	1.3911181107694806
-0.18413457039909806	0.18091844129788245	0.20396304805119633	0.3289953607394037
-0.3733346741190216	0.1637145513182207	0.4367290311346678	0.5974223630303004
1.2547359014133068	1.3083520248494263	3.4238510265445212	3.8766458234010783
1.1511107477388074	0.30198051208794713	1.6531311915439937	2.0417077911876516
1.4690859328100296	0.6101667806724098	4.089102839271179	4.389847240309401
0.6099712246427762	0.09090081373066122	0.5222202137595663	0.8081100200394691
0.026191544566259717	-0.0035169527977641397	0.07362917717596659	0.07822801093826895
0.09128941820260976	-0.0791626031039029	1.280079633285132	1.2857699417692716
0.26436242169430857	0.23102837457585962	2.4182508092705373	2.4937550578396586
0.9676840399610416	0.7191279375755311	18.201652077054316	18.241537646972983
-0.041979714750772064	0.06219121303757509	4.514726301383156	4.515349778237614
0.0806766808163133	0.06499739986924256	3.0906754327656496	3.0924113600099257
0.23898319308874164	-0.14808483421054275	6.499202659952573	6.506777780494479
1.7272982259172989	-0.21040949562447162	49.322957755899196	49.35611120266389
0.000868058478628253	-0.10443656675768145	5.644389000937167	5.647080195003619
-0.8257611817428256	0.6578056997799276	154.5372806354799	154.54094983486388
-0.009989180558908711	0.12201229761309164	27.219837170709148	27.22011246090685
-0.0475942316317721	0.024102667994870944	3.3369874282250853	3.337413855910197
-0.1047321785271622	-0.07670490520439635	47.72249832691331	47.72267489395314
-0.03437255731983102	0.0553344300535398	25.068022848278734	25.06810748528238
-0.14355393859569338	0.09208999876527388	2.1662333028001517	2.1729369579717166
-0.06598294027067593	-0.015376526879974747	2.226646888526788	2.2276773896082167
-0.1372575409552398	0.015716545377592143	-0.3858481527224317	0.40983586874137595
-0.24841907835925497	-0.0782133405959839	-1.3128871879178037	1.3384700718875875
-0.02470296506841793	0.03329170504350881	-0.1888535531536202	0.19335004175490297
0.10650302704778516	0.5760145822762707	-1.8881489777180578	1.9769274786453335
-0.42513627682955596	1.3782163721579925	-1.314660697067372	2.013993466442854
-0.23803383894758226	0.08574606503654615	-0.20235900910102653	0.32397787689551344
-0.21292456165177898	0.1814050417540346	-0.10731893913893684	0.2996030921507521
-0.4659873700788706	0.7991904938869782	-2.9802870081135016	3.1599962084506465
-0.01881155412836675	0.010401060002612294	-0.004074187093825746	0.021878199614637137
0.05832909714616001	0.1832585487171878	-0.5143647228743068	0.5491421012719553
0.02073987467981629	0.11796854773544635	-0.04951239667499716	0.1296078627284897
-0.06546127442165646	0.004531630015778991	-0.0048733768738848	0.06579866200510641
0.016546783303026308	0.028206540928662774	-0.1328386736024428	0.13680467167934712
-0.09161357790103035	0.08889038243180145	-0.07804300902833541	0.1496170411513906
-0.7793496908523194	0.2921345022361781	-1.9990987380744079	2.22187758094344
-0.8577654548668949	-0.7208017866376997	-1.5774657524013664	1.9978315002227591
-0.45844226389364146	0.04286932965075928	-0.5180161498718211	0.6930712952335119
-0.41925821565057897	-0.05035346224772512	-0.6276011005202824	0.7564364242453625
-0.4280468450706559	-0.04010019348484664	-5.244408313144948	5.262000634936896
0.0020732718871677366	-0.02061555535030947	-0.30209813999315377	0.3028078363682866
0.019914998811827123	-0.08181227712109126	-1.9040236971172309	1.9058845964667905
-0.08815901922976355	-0.15266505000735184	-8.869481444476488	8.87123326962368
-0.14723401834756475	0.016191908996572968	-8.31975415430958	8.321072600466076
-0.37318148953521285	0.2690289968100272	-28.237442643208748	28.241189919225445
-0.0897888844314022	0.04014398947353826	-10.873001387709614	10.873446222830804
-0.012244217318955142	0.16711540242857867	-14.719893325330023	14.72084702004888
0.2924284972861013	0.15335828931734502	-11.06168136621688	11.066608687336748
-0.004073989835633547	0.024214233538642067	-0.333554683919974	0.33445725237165813
-0.0866330065791863	0.34588208653239205	-0.4943071546166237	0.6094909832951865
0.04639826806759689	0.09877534480587365	-0.17742971877413027	0.20830428014195665
0.20013153834334774	0.18044947875833184	-0.35068398378576465	0.44225999537340355
0.013044171916580659	-0.0008224149865187144	-0.12302071203523875	0.1237130646983434
-0.6302714113423543	0.5016143420781034	-1.7575042620701886	2.149528324128066
0.024412425674452568	-0.009254881583230824	-0.11351812846161183	0.11648169319621565
-0.028449474349073498	0.07132803971657009	-0.011334420160937296	0.07762429336832545
-1.9699455079630974	1.3572598351722038	-13.151077456593978	13.399777178250016
-0.12689952155010695	0.12015438300085589	-1.3933985496234647	1.4112334559939888
-0.5861613742073493	0.4005822857226182	-3.101048236339369	3.1812814223754105
0.006331596279578945	0.008345702803902889	-0.02478838427997057	0.026911036062369137
-0.8616675059095565	0.1622782202582706	-9.568637321487785	9.609740115454711
-0.09003264431736299	0.015258137689184603	-3.57733468325063	3.5812207288432254
-0.13867428639509266	0.3332577421960391	-6.338822193793937	6.3685613600777495
-0.2233790469431124	0.20732155425366972	-1.5906605895538921	1.6195930157392335
-0.3853710186816807	0.2389205746276497	-3.228642761966434	3.2603263559678206
-0.2219231173982239	0.0803063586556721	-2.2770292730081816	2.2892272258149577
-0.0065443684517079576	-0.03176744253509092	-0.42459482195275167	0.4258318470860781
0.5426741792427507	0.04843340606451126	-50.11452532716055	50.117681207445706
0.4953731443867319	0.0370033075608817	-52.83168098072528	52.83420065479348
0.15196926862863433	0.029260027310890314	-4.612353349239378	4.6170590218174015
0.1035736888955256	-0.2012477301662962	-10.22660259098817	10.230059066145929
0.5667360851625651	0.04010654753267935	-2.7204231358955795	2.7826210932493702
-0.15513375460303758	0.16862234259344275	-1.6371554714709469	1.658993007491651
-0.10552672805834541	0.12536430546664531	-0.13135024186633598	0.2521602077215582
0.07258267146085916	0.5374685428943715	-0.9473469958543684	1.100493886512638
-0.02127554324582751	-0.055722948053417404	-0.1982336015114291	0.20701269634580638
0.11218460469169837	-0.25520393578735656	-0.4260188757325492	0.509123282566821
-0.12836389284055572	-0.25524099693909014	-0.15027883225366545	0.32281416159637055
-0.004702337813541475	0.0071594205413106835	0.01512940810894784	0.017385864175447244
0.10050228189023391	0.1328929447840854	0.07064894811103042	0.22854387370420795
0.06790670508560184	-0.003986233341445815	0.00272014828705662	0.15528810243717606
0.042173928224318896	-0.32902649715401805	2.0624489384852462	2.0936123052777065
-0.06694668717775275	0.38015671411218754	3.5555697358377407	3.5791838339925923
0.04850973891503308	-0.23788711933100207	2.652038577434316	2.6631282531100586
-0.06930563847464907	-0.2524247346617029	2.1906088745672387	2.2061932733843044
0.5542029522108123	0.3026030832800047	22.918432210989074	22.927553823573316
0.0006119744079779443	0.8054616334296343	31.03786185069555	31.048625039850023
0.4134924265353848	-0.052341588785702414	-6.365348553731062	6.378979372846794
0.30420476903120347	-0.058317362597226	-3.2696287944359472	3.284267636732167
0.1008419688101789	0.05067911221067407	-0.09530337053931631	0.14771664606309412
0.005271339461135532	0.06136219949039745	0.028567003648860785	0.0678909437516366
0.1347733069983653	0.3030691260764325	1.3200688392744047	1.3611012011908896
0.020569835655946264	0.32382254310401526	1.6028799099592839	1.6353923576048492
0.2333537536630847	1.2700724915160162	2.619323092715426	2.923674290509573
0.1766335315272387	0.20210640261050267	0.4755701744531454	0.5636427753154812
-0.12890254926773376	-0.03442684815616288	0.1857461685023742	0.22869786661663555
0.032892105782365746	0.0009616029884068674	0.024394058826122375	0.04096199957421478
-0.025394795662886088	-0.00823017845231705	0.044429804006650156	0.05183279818981474
0.057209495384317334	0.13918290722004145	0.7787026211297815	0.7931094377062617
0.28411504089118905	-0.09474731366848427	1.2588958134987787	1.2940313285051284
0.030072890078197786	-0.043828197450484475	0.0910508852086302	0.10543032441707262
1.0614195414260967	-0.04640347271627053	11.469531177718894	11.556889804214935
-0.052385891168517704	-0.07005393445586221	0.9412851071010099	0.9453409375333457
0.0773280044258598	-0.05903776518231593	1.561150254940728	1.5641787610397049
0.32336612960146405	-0.02756759550955814	32.356979354735955	32.3586068703352
0.3914870114462172	0.020070664446166446	27.505365682263026	27.508158902891246
1.1341325607524189	-1.2223710482547776	-8.88941074885051	9.04552656795884
1.883689051582643	-2.363422412551779	-18.05932659246628	18.311002340163252
-0.045460873830443546	-0.13222719621279366	-0.6941580927550919	0.7217242999269934
0.0778856170697913	-0.03500362449073002	-2.3947214899191436	2.4003046103056156
-0.3502527186021566	-1.1711660153234627	-0.7480009137715018	1.4398930356939146
0.03908198638133445	-0.4728650460221513	-1.0408808409764738	1.1524068133350018
-0.6341537535281281	-1.5901100440386484	-1.2020734917912361	2.096440173206376
0.30654441833146523	-0.08316322487802669	-0.05536520724013251	0.35132704629025147
0.7478503753099103	-1.0331328708001888	0.6274357087052915	1.4282153430199258
-0.37835170317263417	-0.1312212446967198	-0.46378893958455936	0.6284496731913859
-0.3311575430836086	-1.1600892676123917	-1.7411554890962953	2.122869437643491
0.7717102959563609	-1.6273146451079543	-3.038745669824647	3.5351300917852972
-0.13303200740888824	-1.050145574765956	-2.9132061899327306	3.102700973854576
0.8614921272321341	-1.2315902374398742	-3.1776961773746772	3.549712120206621
1.1231609703844085	-1.6346528277291348	40.61838569486097	40.66977448709894
0.2539973622733821	0.8477716718289637	209.131654400857	209.13411897540584
-0.20440393678619695	-0.11602288560838792	30.669512296947396	30.670412889492802
-0.12105504460429789	0.01882349365723157	10.261654168262828	10.262385439884994
-0.02086301493516158	0.10228987976359183	-0.17179658963781877	0.20102873701394025
-0.008187015078026723	0.023855433614073565	0.02591198983392389	0.036159924584499396
0.4837247790730387	0.27473304144981237	-53.783166335715315	53.78622434030925
0.14337089842094242	0.011599936652771953	-19.640503585704423	19.64152617944982
0.0019907876036913885	0.0036756168364655366	-0.004721398923773545	0.006305949746781255
-0.0036974134566344725	-0.02945899600373918	-1.9663503991592113	1.9665745998325133
-0.008189489563713109	-0.057793695817240406	-3.55840373869009	3.5588824942192376
-0.0318079491737111	-0.018156621203831564	-0.05764454859304867	0.06829569903495526
-0.3271594894467017	-0.23846386410090803	-1.9755503595511616	2.0166054569845056
-0.01143337724224179	-0.05374633121526063	-0.03621079785298841	0.06580738648065208
0.1735693000644496	-0.12068972358964437	-0.3178836031702417	0.38176209407103723
0.036781916164078096	-0.09356067031463283	-0.04380047808634837	0.10965851661871656
-0.020271181375675032	-0.05535453247059262	0.07343736844258494	0.09417054817285153
0.5718096841222091	0.7426219011901378	2.419389902335557	2.598341949668375
0.07130782019596427	0.0061495272270588874	0.454183847838324	0.4805053323777397
0.0266537281384846	0.05379636934443597	0.6308658589109235	0.6337161845161764
0.008015780332334967	-0.08164903439591426	0.9039048376097306	0.907620390365044
0.8785160815732447	-1.3482950787007253	-5.704256932695181	5.928551008799066
0.32959913681524317	-0.694135197793808	-5.270369906639415	5.327920607658859
0.8283400054160642	-1.2551660720186573	-7.554965682515627	7.70445165354474
1.042050485876692	-0.8684802057832337	-7.6428482643627165	7.763551794116231
0.3319321639886176	-0.23754398975410335	-2.3233549223395724	2.35893709193738
0.3276055841179037	-0.40138549200280305	-2.5903151637688264	2.641622300705817
0.054202436830227095	-0.24111046051657703	-1.1879433896894818	1.221376862534978
0.8572040237203791	-1.111686388917113	-8.970811498020328	9.081056330818553
0.22271877681133	0.11588303153285975	-1.1247137880309122	1.1608158425988269
1.4154390934620058	-0.7512282651030954	-8.849542482075295	8.994536878602796
0.11265567141640004	-0.13150064134791217	-0.9268850405486622	0.953194304572833
0.18381369599540462	0.26827502736186465	-0.7812392257000182	0.8576558038128492
0.6411989328959928	-0.8460220850946281	-6.01611665055472	6.110648801722822
-0.2551869379627393	-2.2185976507682414	-2.6641959914014803	3.476382629961907
-0.05096525762860451	-1.1233868829268652	-1.4302532337214824	1.8194009615222377
-0.032355311063898405	-0.05039709994500568	-0.03182580910677206	0.06782046860800364
-1.1925998030738068	-0.7042584302269764	-0.8579297635739439	1.629207692733953
0.08791729380285901	0.12346351910825681	-0.0718924755689824	0.16775344748663093
-0.2910522546836344	-0.21111176578982394	0.2904370318795792	0.46220478372507606
-0.1334892446938883	-0.9646857975608379	-0.07726020973158462	0.9769376676494274
-0.0637440719925914	0.06929728905671947	-0.004974762286934227	0.09428769402535353
-0.18954355614506124	-0.13609003747548837	0.1308270574628622	0.3017329313160678
0.019449656685580213	-0.546635861260227	0.06503114143374908	0.5682410476347809
-0.12722472675997365	-0.759184448582325	0.4632490304816869	0.9091900831017802
0.15625667538018614	0.1640545188474363	0.006539302502795212	0.22665567769715314
0.20161613800943876	0.04346614983541667	0.04935587948800053	0.2120716297089028
0.032680420823894454	-0.041252090802138645	-0.016360316225097166	0.055112655967208685
-0.14680988395106673	-0.9872899404075657	-0.9202950319839087	1.3648140163589926
0.43358494793237434	-0.88925571002365	-3.0934363407328824	3.285093600104879
0.7118326988441626	-0.8652211906033611	-3.4782902229431625	3.6874837378942917
0.24945087416548978	-0.1917742632885826	16.160472873978193	16.16413828207884
-0.48031721114190207	-0.3644754121806686	16.18956729352864	16.20139240577783
0.1898061871198784	0.03482410058601622	-27.171355619677907	27.17204087509167
0.012456888745464925	0.05568182067699201	-15.376299193370514	15.376405058506942
0.32388942693446526	-0.4542346515589274	-3.762358948129547	3.8034955414890748
-0.005070141989047122	-0.033157571672884786	-0.4256502199264665	0.4269698357290368
0.009258074032729416	-0.13231799948751669	-0.8799129156608961	0.8898542038278142
0.019813399158952666	-0.015075056128906188	-0.21892149926384227	0.2203331842107543
0.03169361400086368	-0.07088005935855268	-1.4964271759184133	1.4984401963145761
1.0794321237147038	-0.18623948155898346	-6.968672377973097	7.054236568596479
1.2628936570728289	-0.36735671287758853	-8.298760888445319	8.402337985772816
0.6995827678502358	-0.4323865318348972	-3.7486353489767374	3.8377911800387423
0.5081863460752792	-0.2040166889312594	-2.2413615383730536	2.307287957190831
0.03127820279280005	-0.009754250147475517	-1.3893335873485049	1.3897198596481781
-0.031414359825036285	-0.06011138193080555	-0.36987643807506126	0.37604364066414225
0.1212575602752003	-0.3508865981086455	-1.797850073747352	1.8410783452176906
0.6672365146938926	-0.6861567683756776	-2.7006451077816602	2.868619783173368
-0.017530276495915098	-0.2141645006608725	0.41148853985745054	0.4642160729351805
0.0028976952658396208	-0.009120764818840905	-0.010627941123688485	0.014301682462663768
0.023631695529215152	-0.07769901021992788	0.0058979811468447135	0.08142714169336002
0.4767563868081418	-0.6620730120061808	0.4062814831992706	0.9114285321295854
0.4688037624724092	-1.5043481046676532	-0.0069751847344373535	1.581887678006099
0.33005163469190835	-0.027141700708970096	0.1436967790659611	0.3870391487874424
-0.01288746970285301	-0.31767006478439325	-0.5932152563419542	0.6730413785885032
0.14915992285642615	-0.49839088511670393	-1.0120694047700787	1.1379484333771932
0.2078362239729859	-0.4075066228043207	-1.723070330030409	1.7882138269110417
0.3972092810784298	-0.20974273933047186	-0.8514279380666743	0.9727160676667993
-0.8408560882113528	-0.2506416479056705	33.74029826531507	33.755315243255694
-0.44516417344009207	-0.6306798916491042	30.5884238610724	30.598481700185197
-0.05852458551895779	-0.15400612840211195	-0.26946494904428026	0.34530299500440187
0.15712352218568734	0.19821315219330288	-0.49800652351001595	0.5757313065006743
