-0.25517839315943963	0.24271444610712858	-179.50499166725717	179.50539139413513
0.20289977322810898	-0.0723348485377874	-216.40838961720655	216.40905992426323
0.18508507982655714	-0.298955604163331	-37.17704666029929	37.178971329328164
-0.2959319649584422	0.3427134710774191	-14.181779598083768	14.189692759347084
0.02305550466032691	-0.14334916437368103	-2.1124441197627766	2.1220227339126474
-0.24075657992772875	-0.6669002621449309	-5.51520422802742	5.5824651642154475
-0.2227634675068359	-0.14919107236635842	-4.49421539643913	4.5291912645106995
0.08609948384332877	-0.6370602245438203	-2.9062777168512093	3.017188916968871
-0.14578440286448285	-0.1671857437742969	-1.4985669176501113	1.7826100966322598
-0.14627659997361414	0.1932961313013892	-1.4599074488979051	1.75296371392096
-0.07618982893884252	-0.41055185814510164	-0.7250041057230722	1.258086029043903
0.12344965152976035	-0.2793004202835548	19.81613512619375	19.840685735974535
-0.07945166784881756	0.09135786481000309	25.53127202114791	25.531940577044605
-0.32927828605319764	-0.045524296967933114	1066.6391460268133	1066.6396104983414
-0.1983760395721042	-0.2664553903548392	-6.530042084954301	6.557097002622409
0.163474856429344	0.23371775150106527	-3.1968737341170357	3.212604780056008
0.4033014584053874	0.44671940001661853	-6.451443115923402	6.4809573638158255
-0.3017378687721753	0.7989578782792082	-2.0100554213749753	2.188419981314034
0.4502208878928482	-0.34199758027504434	-2.694799136837877	2.7570062324215336
0.10676468067752681	0.8409303713134771	-2.6291047566983075	2.7659056731984304
-0.08602532997666074	1.3398195957361243	-1.1088046556565505	1.8098852486612917
-0.048773205324463956	0.03474918622853179	0.006093616274691134	0.15199752813934408
-0.03684795167260074	-0.14484602978694663	5.0977842551140595	5.101884185325684
-0.06825122935598005	-0.32804924389011125	14.90469749582001	14.909116733178019
-0.18968171938090672	-0.0184329728829358	-29.944472012854966	29.945403701448257
0.36105988614406803	-0.008805536371863473	-2.7405238773644727	2.7677414413485173
-0.08984129061699302	0.26764650714589	-0.3180323778752463	0.44758294043015695
-0.19834673683579435	-0.0731041857894705	0.03704003510720999	0.2560027325910655
-0.40544035163907777	0.2435548009392658	-0.7166000696994126	0.8698829028041575
0.09490873123050128	0.08321628382842425	-1.268275724997955	1.2821605658719522
-0.5777020067327093	0.3504821360550299	-1775.6891015931467	1775.6894787337671
-0.5600500676674838	-0.6334648990983172	-387.26407869097017	387.26502689761116
-0.2646712576037123	0.008220729334905733	-36.320025201155666	36.32125863530165
-0.2741923691471257	-0.09562291455740557	-81.19752015332568	81.19815936357004
0.09250635234715401	0.005343314162348553	-47.974071863949156	47.97436437274066
-0.12121841431356332	-0.09172325245504351	-16.138432965564323	16.13975233477648
0.08718875467646817	-0.6407679316506139	-60.065585676776536	60.06922879395286
0.047592225451238604	0.013684043487192751	-0.11143003371698602	0.12193820313474248
-0.06818552297746686	0.11168605097186046	-0.1589662800185843	0.205896376141852
-0.3226988555083584	-0.5400129600169268	-0.37280792994513523	0.7312552912373521
-0.11686729416222166	-0.3999838875099589	-0.2823577412687727	0.5033596813082888
-0.6883856614581031	-1.000365216022928	-1.597236072759535	2.067216526770723
-0.16279449304726115	-0.3634177806005954	-1.2285337417511697	1.2914602916250686
-0.13699871604134664	-0.24431294022870767	-0.5664038286349152	0.6318787526515384
0.09037441175935672	-0.12379247291644034	-2.8036478877168167	2.9604533743753807
-0.13735234906315086	-0.034925456383960246	-0.4762882511984355	0.5161547620883271
0.0713002516722258	0.0353574764286976	-0.0420911684477534	0.16608831502916066
0.32958024965031196	0.3321624357795822	-3.3278017270695854	3.363435616195128
0.14853216778690181	0.4852877719163544	-0.22290815931908398	0.5543050368975917
0.05668037161962539	0.03195495679918513	-0.030631212423995573	0.07191700053214599
0.22081066996937815	-0.31985883557528677	0.700305524347673	0.8130034680121441
-0.46811882670907023	-0.2795123006358756	0.6613649773587958	0.8684156725342058
0.03872635259573461	-0.07278272819698633	0.8405789801992684	0.8560665060391087
0.18908290264730443	0.16753419422302507	0.9591250711674233	1.0016090741149477
-0.21562825870362204	0.13463045193348225	4.294209101004558	4.303990298849399
-0.26581265609349997	0.078097556247133	20.8874133638418	20.910311887232297
-0.25301702662558717	0.27382678287613404	8.438464464407684	8.44784949112814
0.1250194476734717	-0.04467421550860022	3.6415950054174533	3.646686114297365
0.10955863007281154	0.06099946740066493	66.17549812007638	66.17576410781803
0.2501927479482293	0.025842622100590906	331.8374974249677	331.8375927491002
0.6508120037795696	0.27004175832821525	809.7830563900673	809.7833629405177
-1.7902576316305847	-0.7103919119002036	-14.367868102616539	14.497061517948756
-0.35456489200012575	-0.2944837116488134	-3.2664629932975777	3.3017718259365076
-0.3260523344571776	-0.3321960753219625	-5.169750436090238	5.2144606279863215
0.21937417575493368	-0.13130366548573072	-2.7001096792298096	2.869896958834699
-0.2458936908981637	-0.12712776021238092	-0.5628647309244779	0.6425898107337397
0.805079694733347	-0.4649832684385413	-8.43900916493452	8.541755617760824
0.022829533056452425	0.007595889328304378	-0.9513500928819036	0.9618345331919991
0.7465179856475886	0.31344857610357935	-4.526633271901945	4.624896521377145
0.174079738066019	-0.05318727987208921	-0.3274265050116714	0.39977561585154736
0.08785371218892836	-0.11190603948804358	-1.1245398363027195	1.1420642997445551
-0.006708084073405323	-0.036207694584302716	-0.6027054854552999	0.619749693535184
-0.4046175209600811	-0.005817265841438761	-0.5858103992847015	0.725536206994422
0.9183585537729024	0.10672094352409985	-4.69371169036351	4.785935750741918
0.032441778373968194	-0.010674096986713951	-0.38837835158208234	0.38987709513148233
0.48117544516962574	0.06105023311310798	-2.1776751479347998	2.231036976370002
0.13659035588386034	0.24747642902365435	-0.15476590401386642	0.35118909178391167
0.20048822482659662	1.184975220008768	-1.4770732212832112	1.9093420034820658
0.9140880645929292	-0.3061782341723321	-2.3233130049524977	2.5192390130342015
0.35201530412869214	0.31078119552597344	-0.32815744090899907	0.5896327812777306
-0.15641341286496802	0.152731775337596	0.053096806610207326	0.26474743944756607
0.133754018745708	0.05068784065063092	-0.13023529949448998	0.19344412101397776
0.22554829573643848	-0.027829012229443558	-0.05739668722086581	0.2343946828219624
0.13673644045593492	0.07572199387335471	0.14841160529256697	0.25678096500759645
-0.12254270921968038	-0.06411197959267162	0.46307727798605924	0.5030381812518491
0.7802835111851201	0.46136419003235724	0.8413663412441947	1.3331212645330635
-0.8420837791823274	-0.047242169342526424	4.094056471720205	4.209542851600428
0.38457214312222804	0.3627886747656288	1.386077693101656	1.4900343996088923
-0.32062855267699486	-0.26619682559608665	2.867826146081824	2.9013048801874834
-0.25131991065303455	-0.456039482522115	15.966476895436655	15.975575042686955
0.07335259248261868	0.31448246172239414	11.557624851534523	11.562977636200092
-0.4270570861818329	-0.17805763190476367	-36.90903445506094	36.91528846415957
0.09123462665246809	0.038266186303192916	-37.1854189432438	37.18882748871051
0.320319991210221	-0.19222345650637324	-5.872187805247279	5.8840584951286
0.05738795345558213	-0.04116066052687117	-0.4942782923845521	0.49929811485666326
-0.013054186794716066	0.08910235930019064	-0.5647362631733316	0.5718712172934656
-0.15518543948830266	0.12217822218633625	-0.6178893435647836	0.6486888926879438
0.1959890365836766	0.04446516144846398	-1.0085321434501238	1.037788862108154
0.20727024900191937	-0.08443862791061126	-0.12812019762039245	0.25788684154689384
0.08584950838888813	0.04814756776769165	-0.08943072577319107	0.1329894021524946
-0.14107895433355097	0.8944137855703836	-1.6350267838162074	1.9331093650827318
0.22682960730075818	0.315280512727157	-0.3205663135415472	0.5225858960317746
0.5573501099152294	0.9178489733273855	-0.6082876385870584	1.2420062475762648
0.4408032381564612	2.602800341396473	-1.9855427468538998	3.303219204280415
0.13605903901299374	0.47442383648210923	-0.3958918430085152	0.6327087719324119
0.06551307580777599	0.4007170171254445	-0.3120681654279292	0.5307847168949599
0.7529411693814865	0.669611439946259	-0.6310965995100108	1.1971059217419155
-0.014178673250028966	0.18983057282377716	0.024946031157668448	0.19198694128573907
-0.07262155327203504	0.04113513331350866	-0.03188054972983353	0.08934404649129982
0.21322836818527854	-0.23525506654531173	-0.6503553965059242	0.7237219252576044
0.11705488214339217	-0.014345625501802475	-0.24072419545098017	0.2680592857562728
-0.024220666758551418	-0.09694083323232493	-0.03609927147625472	0.10624181496530723
-1.1768416972239062	0.18362142921871932	-1.7315057038404424	2.1016149057391926
0.07797412571908484	-0.44674606980544196	-28.869044658751545	28.887890080604013
0.14242496527936058	0.07176646923240053	-3.702501880932356	3.7085624249901143
-0.05813497165134116	0.23011561906486366	-37.48539426690704	37.49791871562252
-0.09963659478672951	-0.09771337020280801	-16.316333774291937	16.31752747730908
0.20193983938492857	0.007590886658859923	-8.03317097455387	8.035712365851943
0.054118944453837844	-0.077745334820063	-3.1498008274251452	3.151224912582916
-0.14863945111764787	-0.17021460910252945	-31.782623985825445	31.783427350176485
-0.01933763777173026	-0.021668334983556175	-7.717679296553887	7.717733958005611
-0.11326060152661327	-0.13183071380529368	-45.33010793871726	45.33044113283963
0.05280338898702597	-0.059904296228946496	-20.71493862374987	20.715092539216894
0.08017811040918552	0.07304700606274234	-36.68084721467253	36.68100757586457
-0.07137109083791437	0.08323352292185052	-3.103030527602045	3.104967005811108
-0.05915994764709599	-0.04864974165017137	-3.417629390395779	3.418487581791874
-0.1503333577303339	-0.09778212025936094	-2.6237768064364735	2.62989851353296
0.004851276789553112	-0.05674322264008611	-1.9108303955313257	1.9116788769792046
0.01388734598706828	0.10752506898590597	-0.11622011652424397	0.15893902706351634
0.03744493585716878	-0.014018513920398039	0.012570432910365935	0.04191250096854014
-0.11247314663040053	-0.11007771679178316	-0.3659088176968828	0.39831717928726873
-0.31061973199959697	-0.06347864461309222	-0.5815168458456544	0.6623262022838107
-0.13685741626074074	-0.039294959067257884	-0.19339003472435945	0.2401536002735584
-0.014182815249061263	0.05291120837408938	-0.033065517166491906	0.06398497202846051
-0.25536374307394033	0.12939504077823427	1.807391776236599	1.829923154305236
-0.03353863586507333	-0.007726126775801541	0.06736457121761884	0.07564733032949267
0.010652746208454394	-0.03914021990825392	0.07604465809744665	0.08618716749844946
0.2571701366707424	-0.09537896395288217	1.2916005464161893	1.3204035737086497
-0.06615172748547075	-0.03010576225713185	-0.3702033213068716	0.3772703368634143
-1.2253999928792103	-0.19052836304161583	-9.062606943467141	9.147062414319178
0.03636422155044613	-0.19308063968997358	-0.5096356024600374	0.5461967935889632
-0.0036924492229130704	-0.22143944951724692	-1.0788136574849048	1.1013119319973437
0.22675321316031444	1.8033593745027288	-1.582072333306156	2.460506174184122
-0.05793344332885649	0.084599273540225	0.06218379001021743	0.11991724096019908
-0.19358154862122579	0.023715437592419807	0.018715502641701607	0.19592475082521735
-0.22667063396529652	0.004495087700562995	0.6069118570958	0.6478748215505351
-0.06776212520375094	0.0343682365679404	0.512541310296867	0.5181423318526946
-0.030033918205452245	0.10365298041998511	0.7516330739386511	0.7593406708659711
0.08924448582670697	0.25316005394363417	1.1235860348200732	1.1552056824678067
0.014545969496754147	0.01444402470224555	5.5629969501770296	5.563034718816443
-0.010472843728704473	0.015010396861789212	0.10078317834464487	0.10243164309412793
0.013141676069131582	0.024374883466268586	2.5957100651943774	2.595857773674301
0.005221697054855182	-0.1351151423335452	4.55141697685493	4.553425069660336
-0.04311605097404109	0.015566715024658333	1.4993147518004406	1.5000153470663804
0.056627959641279396	0.12503537546315346	1.9463565800518685	1.951190535965556
-0.1406043595342315	0.007364557128637518	-54.19207058330819	54.19225348635061
-0.06679332059241598	-0.050382530380742536	-11.886600118679649	11.886894553601392
-0.14825549026285567	-0.07703578433249077	-1.6489240597532182	1.6573668143455256
-0.4361772761226723	-0.08314492615592069	-2.9303265266225287	2.9637775300415043
0.19845144361014225	-0.09541992433144585	0.09331935700840809	0.23915777182193151
0.03247937262829442	-0.114862335280321	0.06826253644111986	0.1375065074596534
0.28176605686966494	0.3042423282088321	-0.8832075472313893	0.9757105495813277
0.26870170565974943	0.4068673733614416	-0.7801383265281844	0.919976888105725
-0.09231303441489942	0.06923558158300777	-194.2053628964532	194.20603468666278
0.05478118878910745	0.11117584556013403	-168.26537020680848	168.26541585210427
0.008584247418437507	-0.0298257058615896	-122.77430417916116	122.77430810205864
-0.054244887870381016	-0.1389904404203539	-59.63404435765288	59.63423100284684
-0.00875372118300951	-0.012648348861071097	-21.374964075002946	21.37496961581819
-0.029551608817693052	-0.03646854495413486	-68.19081239836503	68.19082855533058
-0.1199885280280224	-0.2909027842455618	-176.49997526400156	176.5003109619209
-0.1452776052702458	-0.48968055339189326	-108.64629744282702	108.64758773413746
-0.47994689907602767	0.6830553395457148	1.2919953234337145	1.5445534382109263
0.2299030416265696	-0.30120014361003616	-0.48255633586682245	0.6292196256038651
0.2728067336576373	-1.0498473298737532	2.3702517288250236	2.6103976656574783
0.23869076624664548	-0.3542338271034672	1.0857517384333821	1.1750708525731082
-0.6662093143611475	-0.13220922781302014	-0.22421723010759323	0.8690842531869893
0.29087498891064356	0.06063672457818159	-0.8401407860824296	1.0187450880276872
-0.07381542572359728	-0.5065058031683806	-12.664210802896223	12.684161464137524
0.1588021348456859	-0.18508987722671516	-1.1596659027168819	1.1932230183446462
-0.5155765049780219	0.2779368242554528	-96.17355954163637	96.17544438527091
-0.08867364213438858	-0.7373730147982903	-121.16616073848635	121.16851723887429
-0.9781303940153464	-0.16555761413197	-91.45908317624882	91.46456977221396
-0.05121048664806242	-0.3060540063426872	-4.9616057383314605	4.97325877632411
-0.22663615207874643	0.8573186698427292	-37.33884076758743	37.34963010391452
-0.31301014280058836	-0.5169718088252608	-4.14739293711959	4.193516801013864
0.2946418980736224	-0.014004662673217608	5.647421702210514	5.6766276787962155
0.27299413082282564	0.6235005110825182	41.0125894715788	41.01847454052796
2.8318339818888303	4.028681946323053	351.07403301979406	351.109821243015
1.5508651052429112	2.538776658760395	252.54984247312206	252.56911191687988
0.9888914179829371	-0.704701703387509	43.95545217146993	43.98225867449963
-0.48469791387694267	0.14427333471441198	18.998097219970976	19.005339371534394
0.07768674915119057	0.021698488170698776	-0.05345122407758496	0.16983189817571434
0.7231173984374357	0.6991006573500762	-0.7781363929376122	1.2793031430994737
0.33288843222491693	-0.17543574708548845	-543.8149750545914	543.8151231492376
0.06542955883955359	0.14949927145539227	-166.76050726105996	166.760645515692
-0.24532457598462723	-0.20553628333067295	3.7070891615341175	3.7234955549605724
0.4110137647580745	-0.0898863347677728	0.4317521303736984	0.6187903966455983
-0.16167467370811586	-0.23475911772409036	-0.008919541686301862	0.2851843293329995
-0.10601351282704381	-0.023602331334490453	-0.02884928937000396	0.11237533734546507
0.2551002358683481	-0.19244294427445383	0.5630578211873675	0.6622871824528788
0.012246181821600685	0.49115225491522596	0.218610108424303	0.5555633815171804
-0.06077845622184534	0.06887488534931994	-0.8807032661491452	0.8854806680997418
-0.00765212072866284	0.0017783170392077071	0.0026689119598660715	0.008297014775657845
0.04665920848239152	0.031290650925766036	-2.2077877329233337	2.212908187231977
-0.2802712955328023	-0.3323774839095255	0.19402688681660724	0.47610211480039316
-0.09703746235101006	-0.05023740335799527	-0.004795026019005222	0.10937576546109538
0.0552227001995141	0.37600947588216604	0.4255271439901228	0.5873549248477428
0.7646428993646739	-0.17798983620412162	0.610227053313493	1.0040995900987382
-0.09089168257571935	0.18044877777977145	-0.24835862564418237	0.5884088788381138
-0.06771348965601137	-0.4723093621972556	-0.1249770767905811	0.5126015069463725
0.013208257242660247	-0.02322719063902656	-9.40408926292692	9.404127222955978
0.40545438842423276	-0.3854151864092084	-71.00906067505201	71.0112641492899
-0.1602016757691051	0.00664415330969588	-4.893962297469888	4.898576882692479
0.127699967442023	-0.3602509703625613	-22.012362075491392	22.01612254623333
0.22118971777343713	-0.46546742051352963	-43.00541766221305	43.00850535780329
0.377100255444942	0.05151087452855413	-22.002564524860986	22.005856121576418
0.07976675673539387	0.20175910923959914	-10.054717682306007	10.058026492777715
0.018034763762404246	-0.21391684725536728	-61.400288004327386	61.40082192014611
0.6408819662301257	-0.17940845564649147	-119.24450267778181	119.24644152235742
0.4236047522079236	-0.4165152310180899	-194.55374693021173	194.55470400453834
-0.3367073383085842	-0.0011167756306662904	-26.006724984892756	26.008904581291073
0.009532921726378957	0.013890061913220085	-1.7089789230127685	1.709061956079555
0.07385426550125808	0.023742861028718042	-2.1644392379087485	2.1658290307828074
0.28853913159219974	-0.0017679414161114008	-18.315989819967736	18.318262500609624
-0.1307428300998766	0.7409374791144454	-68.83839068596525	68.84264371778633
-0.1907293218286125	0.2389632688296095	-31.3274044947665	31.32920735163389
-0.07702459259454715	-0.027857881341694358	-10.42349131959019	10.423813128552771
-0.14451039717584324	-0.0044576415271590794	-5.898697609694321	5.900469186096421
0.07951170478430228	-0.06691779830935578	-0.22294644042209655	0.2828162002523208
-0.319430187558882	-0.48402353716894053	-1.885550281544623	1.9776486235907633
-0.36750679425562166	0.062374850087230295	-2.9079511246785223	2.9350658245031793
-0.1457015347917674	-0.1958389263545636	-0.3172765404471011	0.6355833287889682
0.3342871297104608	0.03395787827404813	-0.04602382292821447	0.36674105273866076
-0.08849358569076074	0.22837562479664758	41.080897355085575	41.08186453685723
0.038756550970769806	-0.011068348174519918	8.139383247030118	8.140679578850222
0.8101823435067077	0.5130931301219298	42.74012281742271	42.75110803503443
0.19957857817366761	0.160461464416662	23.472007362520067	23.473404293298085
0.7214087713342252	0.8959251581522155	93.09439441647795	93.10150044051454
0.584083026540677	0.7242122930400634	107.51288702671242	107.51691268468377
0.08549570084788316	-0.04977202239952879	2.999372734840305	3.00100376067419
0.5027675058373914	-0.3105517629681331	35.22961735057385	35.2348497373717
0.11207344079916351	0.03283719793080926	14.555194900496863	14.556332543400153
0.47941126386430066	-1.6924155308546387	102.97786428681744	102.99717195315651
0.4129029355498265	-0.6581850607643602	38.16502175054463	38.17318510961385
0.29155173858759986	-0.6539720298436511	71.67388211355637	71.68361633487088
0.03851761897848149	-0.017554397594373355	26.706834763035058	26.70723300173203
0.07173098193830518	-0.1363113203729019	5.9519713275395425	5.955599766487374
0.022118669149702536	0.16122089730715566	5.792052846681238	5.796019097354814
1.009827496318348	-0.38211719447306436	8.421366796340457	8.541986562506294
0.03977522657717536	-0.2909342758925939	1.80937231484147	1.8383505596466614
0.11940498865378404	0.243836554890546	5.977932051542068	5.984094370050514
0.07490901233266906	0.3884035147339297	11.934597098649894	11.941150554175623
0.06652074669726796	-0.058536685172612346	0.7485247071664685	0.7537511462616869
-0.047012327866034445	-0.05676003984389434	0.2507671500771413	0.2613733434233023
0.21011026134310268	0.16201811118595033	-1.5230416179779602	1.6240897981536777
0.039244719239561965	-0.3752927888808302	-0.07323395650242405	0.3843800694093575
0.03805593950483333	-0.01305512192435776	0.0005029533391091977	0.04023609948934797
-0.0900113417613087	0.0521815918364754	0.10051453542093354	0.14466558679639652
0.020144807141527818	-0.04161338691124132	0.07122571473260608	0.08491519100941007
0.06862277378105407	-0.21026107618704504	0.2858203882154452	0.38741693878864913
-0.11481099350722462	0.07897562302307734	-0.011558745632364156	0.1975654391906462
-0.04567501209727812	0.020445013959904793	-1.917035380080194	1.922760681599538
-0.13520940984030427	-0.6218121264565584	-9.861912339170583	9.88340663311506
-0.041349563873171534	0.08109699715427754	-2.243935598860872	2.245781262994026
-0.03308741434447855	-0.020555947035787142	-4.5719421211946125	4.5721080568486165
0.04249378679268216	-0.22801778351997168	-88.34061874280272	88.34092323319213
-0.06031306517628868	-0.07445577598439948	-25.96763302784394	25.967809811325633
-0.02078016857631971	0.018581873485952097	-22.646156821295953	22.64617397875759
0.055260322509445084	-0.08877666837396854	-20.7917494688532	20.7920124320771
0.05143270201006373	-0.01724514092545327	-14.44658050994971	14.446682357834984
-0.05079770015625786	-0.000463531902216392	-3.0068918022014244	3.0073208893214445
-0.006172156064508216	-0.07449239899076927	-5.536982536698617	5.537487049621276
0.05887849757538683	0.04222107083990449	-4.133580252099528	4.134215160927985
0.08638713391676336	0.32944064955997815	-3.252732108792876	3.2705137287681576
-0.033142999499603566	0.09341250437858213	-0.6096455831734251	0.6176504605948049
0.07639867093461115	0.14835060949652654	-0.48676704008662774	0.514574398482146
-0.057573730045398425	0.12225319148759536	-0.3313785158793011	0.35787190167238775
0.09291338525234726	0.00580745853221201	-0.4499647263803303	0.459494155262262
-0.04564684512288095	-0.017598307886546635	-0.1729315967645765	0.17971831311718908
0.14522897288634604	0.1272514804253433	-1.1844031332051446	1.2000396559206812
-0.024847377582753672	0.011403968959782754	-0.36647078805914124	0.3674891579100851
0.15433232657868984	0.2035823377600063	-0.6372511055774255	0.6865516781966755
0.015163526019024329	-0.022174683495838225	-0.07826849113475262	0.08275026171548384
-0.13403961521946536	-0.019717657951002998	-0.1157865455672069	0.17821876617697113
0.030021311798119954	-0.005997451594549913	-0.06334306544821582	0.0703533405609559
-0.008127584476574468	0.30646746235058525	20.415619485381942	20.417921229523245
0.1270597491971906	0.32210938783689863	20.6663640936297	20.669264706033108
0.03886507824569104	0.48050984122095974	23.09206970233925	23.097101189099718
0.030485071304509483	0.18824002558590683	14.106739828297618	14.108028644360038
0.6188536582363525	0.6150728327324727	62.16521329610508	62.17133614930692
0.7233161870197236	0.7216450354875977	63.10701089843294	63.1152816867562
-0.04106262544655162	-0.05409091906774211	17.974868445870474	17.975538584364706
0.4042755281425563	0.22060162885521223	66.15265652915714	66.15440687838449
0.051304581654606024	-0.02910858694824002	27.973833886714242	27.974244253890305
0.1853405987205423	0.04152482149873575	7.080051279448707	7.083973556758795
0.29487804176358184	-0.052844848472532215	41.09661856509957	41.09794742937549
-0.39587653879904305	0.15657412897545137	36.215840249325545	36.218611216354
0.12751198196124683	0.043157243859065456	11.00286509593254	11.003688571226093
0.3579551175787363	0.17614446487975832	18.620422576212704	18.624695854038535
0.02391919374780903	0.00977251859252454	1.2967564459288836	1.2970138434138987
0.47389545642098135	-0.3782235651827128	21.025036801249808	21.033777655542167
0.25367693064889557	0.47915140715776683	-4.118259234947726	4.153793107794001
0.563191047473602	1.3900140131542762	-10.199076707738454	10.308757869067096
0.4987913394918024	0.6973827673590935	-6.888553412507997	6.941707545088386
0.3028650147368378	0.3454479519141277	-3.0447593976601848	3.079224138362329
-1.9875583393455185	-0.813673924437998	127.9195147262146	127.93761831839277
-2.822910421967343	-1.8728089384123097	219.01568111929947	219.0419235957031
-3.1445383418775146	-1.660847888193969	213.2003346864643	213.23206147129127
-0.6353455337743397	-0.5770056673746787	125.93968445233392	125.94610383030434
0.9480537954526008	-0.9591880633204012	37.03192096125499	37.059759008430234
0.565891076550367	-0.2766819044219214	10.164389799900343	10.227020885085352
3.6022869664950696	-0.9170636932138956	33.64131894520538	33.85906330913963
2.726703712145444	0.7952096921969573	27.728070511374888	27.877533711118875
0.6936756906901312	-0.21145464221839871	7.307211037460617	7.34443408033978
-0.8397900377164401	-0.034813237552080545	0.29115441349216364	0.9003943282543505
0.4346693202160741	0.06817023076075497	-0.23895062394798477	0.519770895572472
-0.5484490025708622	0.012132956289696267	-2.335658585312005	2.4494824936281905
-2.0736355827246333	-0.6221651929235094	117.40097412759299	117.42197196482175
-0.3087078385745711	-0.2264007336189642	30.031460858518553	30.033900830869648
-0.7801245057031961	-0.6076349076446026	62.43562774217509	62.44345783174448
-2.1181435965068554	0.4428650880270015	272.24196556657995	272.25060138982514
-0.22278887235577594	-0.24375403899408532	28.081683455241432	28.083971876827746
-0.4660497751652901	-0.6964821448590531	109.24069786484698	109.24400138934277
-0.6514991694278177	-0.7717478166651611	84.30948311332801	84.31564782697063
-0.2050012602492691	0.07655463653587273	12.894280677390555	12.896892652934133
0.19797127494384958	-0.32614526287619433	57.568216600970764	57.577147530590516
-0.053391820419817534	0.07687167092826747	4.2226132565716625	4.225955801916743
0.10179230542444372	-0.16194638754016372	4.265430964604317	4.271998291734939
0.876149435615855	0.4017792178544428	7.490507427142055	7.552268923277294
0.09872440112535283	0.0014771775718084232	0.8898203909379274	0.8952815297771223
1.3943619054787102	-0.21611485768792518	9.029111620664468	9.13976406689373
-0.18995911515339958	-0.5851809987548962	1.0937436454746239	1.2626465117560652
0.012204148570378603	0.040316252743282585	0.037338752037164955	0.056289642753183385
0.42350832471853794	0.2755953640408243	0.09515185002149988	0.5141653239466963
-0.4429957100771291	0.44457333627634565	-0.2642206992478632	0.6809575819283095
-0.2764735149866988	-0.126593406216631	-0.3209553586634799	0.44212649461600056
-0.057482371135963314	0.09731302022387475	-0.09343003350410344	0.20244259175648469
0.029364937995289966	0.20262521530796648	-0.09168577985831627	0.2642070108651445
-0.14403845837929435	0.2808491562981028	-1.058118323084853	1.1129768625778083
-1.9112136033259763	2.223509864192462	-55.03726452579862	55.11548511826174
-0.152972595077383	-0.16236852578652028	10.046898487065517	10.04937477470167
-0.9761507790984395	-0.6371424138074581	59.141186349917405	59.152673174377036
-0.1868966806388142	-0.14930409004669165	11.485976977917518	11.488467661868128
-2.032836690397235	-1.5221309888793684	144.5565476800242	144.57885317336093
-0.6973290607822733	-0.38359148120384823	41.15934125343727	41.16703514537291
-0.2482476719117637	-0.23185459716360848	16.254564156872636	16.258113032905268
-0.5279078698615278	-0.39953897997968485	32.69048050952327	32.697481766093325
-0.13799437761204858	0.03423349093720954	18.28322802413329	18.284313526832427
-0.14191060791747784	0.04229174938652996	3.8228272987794547	3.825694155182707
0.0011958031812170644	0.022946782170050355	3.3518431831157667	3.3519219425512987
-0.08202477285534611	-0.0087259426104669	22.660536552514863	22.6606866853875
-0.06798089304200372	0.14728867334425358	47.03840347749604	47.03868319869111
0.04974483543931521	0.0306568601934799	15.15131311974417	15.151425795754722
-0.07195769956472155	-0.028877316804769036	16.066603706407992	16.066790795573194
-0.09050172407839766	-0.19255360557134005	10.815349658308772	10.817442196959469
-0.12540656757741475	-0.0654508177879767	11.169446463570685	11.170342202426582
-0.40401580173218327	-0.7796663493948662	90.05566136627547	90.0599425521786
-0.025698789378797174	-0.03899933079800129	6.931888414368242	6.932045774946376
-0.01637009846576691	-0.04628560249055287	3.1657395996666704	3.166120309012342
-0.020987314498792924	-1.8131206498327819	34.54597328730155	34.6062842430399
-0.015989336986151542	0.26427511975342527	0.4569019841861568	0.5280685760118576
0.08607939209343082	0.3362712772568235	0.40542328358740604	0.5337190951482852
-0.07074885201614117	-0.5427787301782306	-0.4695008492068722	0.7211415931711803
0.05321733726292214	-0.1781883828546701	-0.17777570302658321	0.2572690913349561
0.01988849666709106	0.07116740810940488	-0.8474449033649134	0.8506604590057391
0.10279313996485798	-0.02216025964269545	-0.6141824137492197	0.6231192053612887
-0.4151016058443016	0.1540006931969443	-7.876195137790202	7.888629501074929
-0.7420798217581224	0.4453048820397897	-17.28223357629241	17.303889050885576
-0.07234699584760443	-0.2716281182234336	5.666943820231687	5.67391118930142
0.05802186672814194	-0.3013782642197491	5.5538383738271575	5.562312116175951
0.1456831152146627	2.547614455295638e-05	1.4215174039265328	1.4289630157473332
0.37395330615933986	-0.21902524229488685	3.751596591532341	3.776544732628878
-0.02918796565894779	0.06487889961222666	0.54922835148203	0.5538167485963835
0.06850655426458574	0.006460127669396186	0.1910784850494128	0.20309078924335855
-0.08028217976705083	-0.001369973527684011	-2.5083193109980697	2.5096041263795867
0.04377051679091956	-0.03884965560240038	-0.9774255633311755	0.9791761260027917
-0.011256794885473383	0.052041648979049365	-0.13443235981601118	0.14459290447754944
0.07132418019118975	0.21331303522066203	-1.6992198844319235	1.714041366281408
