-0.769835499634515	-0.9241477377920334	-66.57514451595141	66.58783885215058
0.1573848805064193	0.04637646508835113	24.606751265137433	24.60769408917399
0.23178624691593	-0.15057301729572037	68.02769021318873	68.03472189575163
0.20416162795039286	0.16016043789357365	42.3382616175342	42.349451953052025
-0.014733783763444697	0.11165982205820701	143.59600585929755	143.59611785674625
0.5768195038247463	0.17063888816200184	905.2880547151635	905.288740788776
-0.18130228047663405	-0.35810565352096074	829.755839409251	829.7559482303889
0.34027725627856936	-0.008080520913429534	9.58535962978533	9.592416427740044
0.017450590706272633	-0.8065168413347812	99.24324033714828	99.24774680816611
-0.4031349768565357	-0.008024691525022332	-954.119288617659	954.1198351596436
-1.0155454519884743	0.7549353278053731	-850.9390365141106	850.9404946728474
0.17134532924587648	0.5816133191107651	-47.16561762845927	47.16972121322904
-0.39172410823223	0.2372672768887482	-0.46660834043201077	0.668540698771027
-0.27853948588764815	-0.04170347402240453	2.4197859660110836	2.4401162536133976
0.2307554984692299	-0.3384672741286476	8.6011179507629	8.611998489524115
-0.5955306084559875	-0.7187995759073681	-11.439179261288224	11.47804998650551
-0.24583092816378654	-0.4594622613860512	-42.807682165907266	42.811081166178404
1.2526934202125604	-0.4388505122135576	-45.67114559255009	45.69064291622434
-0.16178477678368247	0.1446760280980657	-127.73811152684459	127.73837215847314
0.8104040124151792	-0.017446570193821287	-5.497086430087172	5.558281933376418
0.07892710656816915	-0.6154120185790963	-5.994669087031879	6.028308111624545
-0.5176598548266579	0.6191154752508097	-71.43563928995752	71.44033395951348
0.4715340702890608	0.16492425342724068	-52.913933836050475	52.91859463683006
-0.48613290512624896	0.4352378691435897	-69.70881318200585	69.71361497147005
-0.13785582478089145	-0.15627601154014625	-5.335105526860537	5.340997770814619
0.26059071179246257	-0.73416334090289	-14.501261570050152	14.522172373760464
0.15160608983398946	-0.6125611783270346	-2.8870363487813906	2.9584918907702176
0.35679244569567403	-0.05455974728994545	-2.420704635209729	2.4967595976897154
0.37748473718264297	0.4346274531988561	-3.2558237937688457	3.3092694225238493
0.12349826248589657	-0.3046558336439897	0.1988999902251667	0.4087884401764819
0.36446402233591024	-0.05669214609987364	1.9020103685883312	1.9424652506864015
-0.43223299631295015	-0.02801252410886415	6.425639308141845	6.440221314748911
-0.17248167280669527	-0.06464486779886147	3.98003727830576	3.984297381357275
0.007427391921078032	0.06228371053416482	3.2586621481052083	3.2592657796261872
0.23290109060111938	0.18170641932396947	8.28665611006848	8.291919538162556
0.0017678734734326643	-0.2751687830385096	95.04381381326985	95.04431463765172
0.12447234234745197	0.21722094856066462	148.81615790912917	148.8164339477474
0.40436092051944905	-0.08686169091577925	30.21829542525643	30.221447862409985
-0.22102770489479948	0.12024742070723539	8.442927090145503	8.446675709297155
-0.11071122254118043	-0.03529974342569618	3.5948839216052595	3.5967615234400085
0.9826653390286639	0.020785881602961492	37.026031596950986	37.039337991177916
-0.3219055317903752	0.3078919545333443	4.624689649953887	4.648188332065969
0.026550131501397317	-0.01876215159664553	2.4288756217574936	2.433099566126123
-1.0988949648713107	1.1519183641037982	29.382992904068068	29.426420744745595
-1.021516141328877	1.1841974986923294	16.47525994435815	16.54990903183388
-0.5668231204962302	-0.26666785560382267	30.99158141155777	30.998225729374496
-0.3963901866776088	-0.46569935881632873	24.442677915477315	24.450725644396712
-0.040137855556111816	-0.15741152976463324	2.2345603021797817	2.2448004290202017
-0.2008985548328495	-0.16255451542344423	9.31671429521775	9.321342673855158
-0.3028554850111127	0.04775607051535895	45.35007414193057	45.35132530092777
-0.25729118322535877	-0.1952881836946779	98.80988956455408	98.81165079042769
0.16873117428890944	-0.49699210648384273	77.98570576218084	77.98759679829499
0.16878816545173458	0.04394035361272125	-366.53579145598417	366.5358595257073
-0.1806248051652418	0.22805650324357815	-293.43266913053634	293.43284653893915
0.16378529124819466	-0.0955503076679528	-339.67744497105747	339.6775265709134
0.30907925469514486	-0.3454535272036412	-14.783058598604606	14.79098270703532
-0.008985168683108419	0.22590123409866583	-33.03324960150188	33.03431808166845
-0.17566755350739371	0.11490957302146765	-19.07838160964737	19.07953637127113
-0.030816685520100265	0.14573728470731598	-13.665451894923438	13.666263736542142
-0.3892785006055669	-0.17423361295984843	-31.3692134268857	31.372423016230744
-0.055570243024424884	-0.009040395750591318	-12.61510928392728	12.61523491759441
-0.1347122261152507	0.04068065107318522	-8.219343379263712	8.220547906647269
-0.0445545064506682	0.24639544337681374	-12.29570412191411	12.33409208077828
0.007365580213696695	0.1262288749615917	-1.8826654663462488	1.892061580318857
0.4425536213822858	-0.47999618812772715	-4.598116536669268	4.738066728752045
0.25810377175548577	-0.011731358492826888	-0.5221100840345867	0.5990274672476199
0.11733925574828438	0.3029508201017856	0.4038306870430526	0.5367557256681755
-0.03872785441776476	-0.14155315417010333	0.40077818922251185	0.44904352129808545
-0.3298330738678178	-0.20968580846456092	0.8461438405470343	0.9424421354567157
0.16007671277286256	0.0801285794537697	0.6190698114761694	0.6593727015873376
0.01316809156990379	-0.03149486796865711	0.0932412727566314	0.09929380790982416
0.26498097656918	-0.2064870528086524	2.8301603155199055	2.8500279353832463
0.010057636742960327	0.19675293805324393	0.6233331962547548	0.6684586248546769
0.44493760163109647	-0.07682393917204565	11.157014335188071	11.166147064344411
0.08894354338995311	0.030015190698132372	1.506921676756952	1.509842642616571
-0.14813730822718849	-0.10960067399449254	8.97887650297234	8.98076724035634
-0.17946305567761883	-0.35729871227348853	16.29831894518337	16.30322268133109
0.41054615282577855	0.39988707701363735	120.77654267554485	120.78155699551384
-0.06024947862550854	-0.14603480321754403	88.96315140504144	88.96340114825112
0.017196867045032625	-0.03537199618310731	93.79301389717052	93.79312598804918
-0.624107342276344	-0.6004995130391766	-9.519038821647406	9.559377046271058
0.002808663523828192	-0.2264288921655451	-4.201808107927619	4.210219601463132
0.17861998160881476	0.1187833015236112	-3.4965721935582312	3.5059251931858735
0.21209229514707803	-0.2819427124489423	-8.981913151098029	8.989923162826898
-0.10465892344573871	-0.2677704962751861	-2.11263950719401	2.1366749872615713
0.5936462128099678	-0.11405350128639222	-17.14993740507496	17.16115546255638
-0.1996411332539627	-0.02612890891586883	-18.085714618554416	18.087373837864384
0.09373872184003841	0.08070962534976243	-22.076373002757688	22.077160726266065
0.1036619366183385	-0.7492564882873524	-59.802892466314475	59.80783860168178
0.4905179912248486	-0.20999214635076405	-22.84999344380641	22.856648590030442
0.32938274390609346	-0.38383232846246956	-118.73241669077647	118.73357601481324
0.6640665385468552	0.3412603153006628	-106.94293141210113	106.94562871744071
0.06863978167819385	-0.018679833972497534	-139.7423866844403	139.74247448934187
-0.10418236148171917	0.2869281151181485	-95.76223879401913	95.76272531914721
-0.23831444846242622	-0.16398834079683067	-36.37834728980653	36.37949748814622
-0.06253936729777043	0.35314717218490277	-54.677225287352805	54.68063010942737
0.33249226652786257	0.250045787218597	-38.34393620525242	38.34644699969442
0.04532634553305213	0.18339282175009405	-43.75587736876422	43.75650776170215
-0.1052495893181538	-0.0025476751016621224	-44.77886972712647	44.77921100008979
0.5492313774336944	-0.9776050763131351	-28.509331939353405	28.531716636128408
-0.1512423900495082	-0.1887879261283778	-8.405498977301038	8.408979022390797
-0.2689250233307511	-0.3161173705742324	-9.455521093273084	9.464625190966858
-0.607261448037025	-0.0634106442535666	0.16955438596810204	0.6336687351271933
-0.0983914362804426	-0.06850370873181319	0.03432731570936527	0.1247076479096288
-0.1097188839926296	0.07158585848482105	0.8903628955388757	0.8999493621265392
-0.08901440785022754	0.08340087099245927	2.2866353210611905	2.289886539025858
0.05612579720375166	-0.0380035249026808	20.037364096530617	20.037478741347453
-0.047720397445436366	-0.018539721047401477	3.9273789199059896	3.927712583439729
0.0007559433140185597	-0.017714617732326025	3.202953640687621	3.2030027167527964
-0.30433298181801394	0.1290708537525348	97.93675152609865	97.93730942462068
1.2715087209837734	-0.2012508193521617	77.14120626954158	77.1535518090508
0.36335135534557994	0.02904726553576378	9.762237066594336	9.769039896297638
0.1816412212680591	-0.07498243423653117	6.367063733654462	6.370095484930008
0.24529036797278836	-0.10784426880037343	9.430325695851629	9.434131676035312
0.37291527740432584	-0.3376019226300853	21.208264103210833	21.214228883789918
0.00804271061294267	0.038348717114702426	0.42802684103651356	0.42981657244229643
0.03821963308976906	8.993782537603835e-06	0.022569404415643174	0.04438601637995404
0.04265946068830205	-0.16766116011770724	5.117901193284138	5.120824417846938
-0.05588125094257952	-0.17811764456062365	9.198990722804561	9.200884681798545
-0.1664814387100054	0.15063068802635993	5.590594510947369	5.595100772948159
-0.15967818785438262	0.0022004736374746925	4.385443097327375	4.388349704120788
-0.6696905143385329	-0.4917096615455568	61.51362391857746	61.52124679396978
-0.06108476726727609	0.031697748501814386	3.4015210434214413	3.402217145464272
-0.7394760212319653	-0.08402671812071384	41.675511769309495	41.68215645224213
-0.042971095787383035	0.1346808243370514	176.81403556416657	176.81479229306007
0.07180309188299405	0.07034998732281264	-22.2717186942793	22.271945545951528
0.06720110129315127	0.037109395184905504	-68.72694359607127	68.72698646931048
-0.515574507935935	-0.3755482203674925	-432.40990722869805	432.41037767735196
-0.04984715148911352	0.005975262976623104	-40.90579412010791	40.9058249279847
-0.027184861050418594	-0.01857697683215308	-0.9036445536583034	0.904244214852861
0.05957413872380271	0.0343992294203484	-11.10387467742666	11.104087771491468
0.005092981670240788	0.03592441903590407	-27.35790667969752	27.357930740415718
0.014011192808696539	-0.051769125552568546	-5.472349087645205	5.472611889485285
-0.004934721521798098	-0.0032894595997840486	-0.04759654216224107	0.047964599933266364
-0.146762563146484	-0.16037068132946608	-28.042200986452787	28.04304359676361
0.12073371504701902	-0.04236655419877911	-7.25942928386375	7.26055680249678
0.04084931586820755	-0.01582242462938647	-5.881512993950685	5.881676153517784
0.1416933483372107	-0.058164296731143525	-19.61446856113592	19.615066588907812
0.07816827287809464	-0.03946841331605745	0.16109126938765858	0.18335329723612442
0.011195580806554653	-0.04048274713698053	0.5059563963540208	0.5076968277002524
-0.03598441541037477	0.05721386487760194	0.164848564050715	0.17816664546497354
0.00539767740507615	-0.0160107799605896	-0.020125718717810576	0.026277833819097745
-0.22375753209034815	0.11783830378130003	5.767914740837713	5.77345596298943
-0.0600041671884397	0.00552785187063881	0.5135193843120077	0.5170427596345057
0.08828627533228456	-0.010269707205852772	16.020495544918113	16.020742100103824
0.24889096382751733	0.046999427287046244	20.023944067079313	20.025545976566058
0.02385463782913321	0.03522782880486017	17.210540069664685	17.21059265490883
0.024891814807747117	0.22624649654912843	27.46934750317907	27.470290484995875
-0.062235811187491656	0.035835332848172786	-0.1283895533097632	0.14710997475897059
-0.03469098445686536	-0.03286013946822935	-0.5218976043105215	0.5240804924374876
-0.014219197915313161	0.04000304218854112	-0.789622095872577	0.79076259601975
-0.10095935293040934	0.013660331675461558	-0.37821639250346567	0.39169763231853494
0.042201089786207575	0.04284556525038653	-6.678484481977631	6.678755247084355
-0.05161202029636589	-0.012463950886524404	-1.5762340395433476	1.5771280538136128
0.18667359138662476	-0.3059192628596642	-7.6880044949999276	7.696352820670895
0.4070698696177849	-0.936084516653392	-18.369050418581796	18.397390395962926
0.025492380878597107	-0.2110724490423161	-11.533681153227779	11.535640527710164
-0.09343830263608253	-0.13212250227495573	-7.859943662942366	7.861609342662276
0.23419929433142456	0.010153910905788696	-22.9630328643435	22.96422937396968
0.11793096548530248	0.10875014689424504	-14.076208867435255	14.07712294422169
0.18572175118268594	0.10638378521458257	-15.15511260772628	15.15662390611719
0.12230323362609642	0.15612697281581478	-23.739377550954327	23.740205985192084
0.0725241640073749	-0.24926889601609475	-1.5324722326122422	1.554305594345462
-0.015845990208687294	-0.08201636480964986	-0.22278774014941202	0.23793309282898273
0.060657666723351586	-0.057483781002782744	-0.24581988920785489	0.2596365835949532
0.2438048399426694	-0.22646976002447683	-2.2021138941856915	2.2271135927811776
0.08286087638843764	-0.16088175817884887	-0.7422085567818406	0.7639518353343752
0.23054086374441432	-0.44910266687074324	-3.2520495871339707	3.290998148347195
0.009981715873949193	-0.008132179562039162	-0.8620759678119908	0.8621721065281557
0.10319702421721622	0.04787624079635597	-0.56978413819367	0.5810298825165383
0.05714699082092228	-0.0023898177106891467	-0.5441669352663835	0.5471646399629504
0.19604581074768967	0.010170772302321104	-0.5484340446881022	0.5825094899603747
0.11880432464569785	0.09914387418386128	-0.9248733032177956	0.9377284267567564
-0.01757702396031257	0.10785838474991719	-0.477499458302592	0.4898449914120091
0.02674293917589647	0.17859720861346665	-8.780076761815723	8.781933733016707
-0.04989173930253269	0.023912611593236145	-1.4310207418706722	1.4320898583217223
0.487931466901455	0.3669939990162456	2.4885832771916547	2.5661816428547093
-0.06943915722280769	-0.21079769564778977	0.3514264773147438	0.4384493344778642
0.06599750804987034	-0.0022236240324984193	-0.28212358471409005	0.3216117496680725
0.3434902419899932	0.0498568521885736	-0.8769111496642462	0.9533751629646995
0.7976158791649386	-0.2985208019237535	-9.621895494870412	9.672119654785334
0.700260586991174	-0.6531284368857269	-11.389376401525261	11.430411901820623
0.01989010759967403	0.3777605929069552	-12.835485153663708	12.841816756080705
1.109536709612186	0.7667635987316275	-7.613040088592767	7.73284276975405
-0.4270930037798397	-0.1335772321283329	1.151656783730043	1.2434003551681094
0.03402308689418979	-0.33403115682781753	0.39364177083028085	0.5358805956702845
0.4122548662761704	0.013294197495499288	20.674399026966064	20.67898415593887
-0.1394220672805952	0.02684934348123508	5.765121372283892	5.768558192664322
0.3463265064770087	-0.4465570188336474	17.215623042486254	17.225461147558335
0.37901286047080074	0.7502136513868396	55.60992169468148	55.616448483741166
1.373897777281338	1.802945293116391	196.67802375470544	196.69113532305866
-0.025696688076120685	-0.1386305407763107	-3.131963008514847	3.135134930640048
-0.0868698595728898	-0.2576281384397115	-3.1093807110621663	3.121244469205125
0.023082119076314928	-0.07059468490937669	-0.2586521702512809	0.30314538398960467
0.08838898554825635	0.07024054891062763	-2.23006740222089	2.237281106795868
-0.35417182315169254	0.12510244816092628	0.3285095979454094	0.5181569681985426
0.1758684097497294	0.34378785871923173	0.547856817308443	0.6846507624489946
0.1161924208001539	0.16128624244933654	2.092897383612603	2.106944036724114
-1.593256065647459	-0.23419674634093735	-87.65733759808063	87.67223977734058
0.052926005914296526	-0.5155536147471839	-220.37908231285493	220.3797359049438
0.3890105966934341	-0.17742100469824995	-6.6532441016504045	6.668428924288969
-0.41176577393171293	-0.8110639798614496	-8.087911895022778	8.140096709410843
-0.018358237673139488	-0.31105629443581223	-1.7082076030380693	1.7419948459096166
-0.6230430475742432	0.0037900797276181897	31.57259071020019	31.57904623231288
-0.3128697025422852	0.47227473980880874	29.096182340648156	29.11686022677885
-0.24741172656660565	0.1746148754744261	11.072264833408797	11.116183843532848
-1.5190809075419691	-0.06995404301150968	2.4577410026818285	3.038641440011583
-5.491130696763085	0.6690114432787642	5.370058950099767	7.76662201684995
-5.452160426160261	0.18335126910116303	4.965413131118675	7.377972509304627
-0.03084369930554734	-0.07777148006676997	0.004604449727254781	0.16279042587301576
-0.041229147447503584	0.1233436231552891	0.0027155151341147488	0.19078954608354606
-0.08493217675160197	-1.0423150436444308	-2.2273224751417273	2.4645647319611483
0.2677545010561325	-1.1725052686967459	-1.6314460457856377	2.031639009068058
-0.10892599263716907	-0.15283943914428996	-0.9856494258861916	1.013019911788368
-0.5217325163577206	0.6685503580221716	-11.78396129203859	11.81526080613544
0.18202931152819438	0.9507521333811237	-19.12017437488124	19.14517203370472
0.10044225035144112	0.7600884662285803	-5.334198427871942	5.411581647952923
-0.1453136694008939	-0.2869718523755752	-0.507445194662049	0.6168057368866036
-0.07582369329402489	0.1706828069122548	-0.4120746372609257	0.47346292844732385
0.7769872647623574	0.102016187653029	-1.5610420980477224	1.7522695936765507
0.952464934777351	0.3409107186432138	-0.12805143114873946	1.0292164611905001
-0.40590196062171086	-1.35474857701832	2.02440857414396	2.4734207018898546
0.0482564000482007	-1.7510036292912756	2.6454396699314344	3.3090006379696826
-0.4230813385346289	-1.817138939592045	2.4912662163186017	3.1155864440371985
0.33788102769859485	0.09644245502650331	0.6752151209572946	0.7738604399241326
0.14068828362369046	-0.11937969672631282	18.326124659564087	18.32758493440754
-0.4387696332863619	0.36349151471696967	7.664816381738192	7.687231935035371
-0.5121356990419981	-0.6267564370651302	3.6406813284793915	3.7321772366909736
0.03230546732098932	0.17408341467399094	0.052252802125755726	0.18460507526440753
-0.40347916498377123	-0.18519801572722647	0.5828072006549546	0.7326376831289583
-0.11443000622756505	0.13710050042036526	0.12598321642452567	0.2185464352521542
-0.025589224162198	-0.005241977116324306	0.1153943651013255	0.11831376172892694
0.07437063085156875	-0.03301990552445226	0.30534493466412155	0.31600131964778355
0.08602933282532516	-0.20116233482901386	0.39249855331482514	0.4493578144579901
0.2196174666718499	-0.035430302147634735	-2.4714559596167693	2.481447500613882
0.156959025953814	-0.14891261267024963	-1.498781246653241	1.520735385351473
0.126432120726813	0.17779059571167216	-10.265417687630604	10.2795970164688
0.9802584845618859	-0.10947902556627248	-14.665100416231391	14.698233314645147
0.7580254737073682	-0.09741578811108896	-9.7330822208296	9.763041635268785
0.907862548644621	0.6183412467836775	-6.038493352613173	6.139172750392271
0.8529814038295139	0.5256112839161641	-7.239807564597499	7.310139386794353
0.7221869416824258	0.18190102010310735	-7.6605729432734595	7.697954245380037
0.39135759253745667	0.02719427010069991	-0.2258075560001275	0.47367618771664527
0.1227869630572403	0.180448951730549	-0.46806908035845013	0.534983094466619
-0.17337265553547399	-0.22139690333971468	-0.35024073390113025	0.4703435160384798
0.012333546797189635	0.19347015613685592	-0.22702379817517238	0.32954879385320096
0.3614102955910903	0.6211741620163653	-0.2453887165876353	0.7594013191616801
0.012793395628413848	-0.005828201985966688	-0.0041473702380963665	0.01465740734189362
-0.02337129335602664	-0.10176320136952233	9.021865085990068	9.02354871329527
0.34071885367488297	0.12263726481293542	13.443215531278076	13.448816038643193
0.3698831179698737	1.0115566057139467	51.22982093496029	51.24133188257813
-1.018521041516601	-1.5895839400236518	-2.3315252681073013	3.0000287148985763
-0.0939182652203073	-0.23592883112719087	-0.33019146751291845	0.416544666413302
-0.055992275163959826	-0.7900626635926697	-0.59079002872987	0.997921234480869
-0.21908362380605073	-0.41439073627739864	-0.6529258633359567	0.8157875240805784
-0.9899496622344528	-0.6168928582320787	-1.064560653241085	1.8375631422144207
-0.16788853594993372	-0.35332824714512556	-0.02532458675717905	0.41611119947494923
0.10671063609380343	-1.0353355339079011	-0.5529615676479083	1.1785895481139885
0.1309105526973774	-0.7632762773491386	-0.2969202325762567	0.8293912664627175
-0.14018591799627989	-0.2762420146219262	-0.22142594355095335	1.0137963186085606
-0.2971877185990546	0.14835505208401129	-0.3494910572876984	0.501949744087029
0.017047204333699745	0.4600226673758484	0.7893925801756282	1.0386395186548225
0.33141521230673	0.28496935117615396	0.18622228586845588	0.4951788552756933
0.36058868674508193	0.1658483809181326	0.046580618655256145	0.39962437425164055
0.17991101192628864	0.2299230479226691	0.3910288420508346	0.5075587851608993
1.700530126503834	1.0668519582348293	7.874984850590748	8.128028173786703
0.213339849647476	0.3028102754349872	1.815552106802364	1.852953697983607
0.3732281739811827	0.2960300511009758	2.0079446807775403	2.0636799417717353
0.5749884353044348	-0.12934670295858106	13.072965656868217	13.086987931562247
0.034401935581254955	-0.06213080542241728	5.24632390105844	5.248660590081172
-0.02177940211118834	-0.09358357721012195	1.3258652351494946	1.3366490320790232
-1.3382638738115924	0.5441346362400977	-31.063503089839845	31.11122960449643
0.009754582138605097	-0.09230881262747583	-7.783604225329468	7.78540882614575
-0.11572543093122305	0.338283760530838	-11.858478504260852	11.864687964667246
-0.5862921279814491	0.02270796923095439	-11.304973836790937	11.359006917623883
-0.2697168842701126	-0.22708562301202312	-4.333515648072231	4.350075026344491
-0.4894541130866883	0.2010535711979331	-6.392510140515573	6.415890705802535
-0.15092320317127644	0.07203387329486127	-1.3094257273759393	1.3274193808180388
-0.7266122618133461	0.1302881635333354	-6.212375141187734	6.257637338830185
-0.5364331781040446	0.4993093252732857	-0.3483829938386842	0.9498215672807573
0.27777791405192537	0.35879395380542584	-0.11937279049770644	0.489513348984048
-0.8114147407078734	1.0664116472990433	-0.1327933114493843	1.3537878457863248
-4.173214378834145	2.9540761828772113	-30.92975157401904	31.363587303772885
-1.3427597892798095	0.5198307963305546	-7.417982725764114	7.614623261406648
0.044124733699399066	-0.05736635024735098	-1.3679966811421114	1.377001305293712
-0.878104899191496	0.48696645316090187	-5.402710541021081	5.496996044700097
-1.1279888392157609	1.4375474144910045	-7.357125278375328	7.581930726201231
2.03456777143731	0.7465961734442186	-5.276109490414043	5.705583493606071
1.0469159960547167	0.26926716003884876	-4.664811328602989	4.790457433547803
-0.006412993641047193	-0.027437593133044558	-0.7871341660047	0.7999086999128645
2.812348366613245	0.8410288582624067	-7.93515819432411	8.461846620535699
5.259067074553684	-0.09895539422053201	-13.872599008158721	14.866047682244469
3.2148122166494337	1.3518356268602691	-8.620180905788066	9.346271330524292
-0.5314022999699368	1.6330537983345454	-5.897874932143884	6.144400834318954
-0.013199981086700868	0.2663839172578741	-2.1993299924845173	2.219834865843918
0.32061361946895817	0.20185668778396637	-2.605787622101741	2.636882274920658
-0.1261554370670506	0.2537561603416945	-1.5386096215757004	1.5707026248524123
-0.027729504474067773	-0.16065138637158236	0.414350118662374	0.4666300452146348
-0.04416373882469679	-0.13266966124926527	1.7626357593357893	1.7736731039941454
-0.5204273283538557	0.11074457469461536	0.831720499799401	0.997169864972056
-1.2163231491548294	-0.3875577856547119	2.6448055075697314	2.940088263668744
-1.8148053192725297	0.24371091399166495	1.736693689158571	2.5275478455059424
-2.186591097469579	-0.4723976121254535	2.923454845434792	3.6838034895568486
-0.5145142210016329	0.23652148811018625	0.6241772419142058	0.8427719307584938
-0.40334687152171306	0.07400379790845624	0.5344639233375655	0.6736593695782848
-1.3090407623237097	0.4543493361180454	1.0721301531246765	1.7575448463112084
-1.0092191598940745	-0.6243551741929191	0.050035747309689904	1.1959623978819782
0.0560703343911919	-0.3194343944445424	-0.04662552171520437	0.32765248973280603
-0.06471506655791677	-0.14025541034650008	-0.0358086194418925	0.15856190336078527
-0.2137373453002296	-0.008217279627134977	0.1656732972460405	0.5664049169815133
-0.10988570639252593	-0.08557422706201007	0.06539892408558143	0.5208555924420861
-0.14179913003590855	-1.1691349183298916	-0.4674874996951355	1.3598705656452719
0.43752846144042934	-0.8098143400980944	-0.4402924609828034	1.0298386553714298
0.2504663806908814	-1.779872186740839	-0.8901202828460516	2.065602205005586
0.21552963429188965	-1.1448740966525703	-0.6807934697926874	1.3565210112108108
-0.1061728878092115	-0.5313247889291448	-0.1401204083567688	0.5767947877490011
-0.11335334340079209	0.016965364660978643	-1.7580488855770229	1.7673009005364164
0.06540881862450493	0.19835711981169862	-2.5467496595192514	2.559108726430994
0.6148633750846757	-0.24642105087708313	-1.9147008307892226	2.0308469564841225
0.4319871664889588	-0.2319641082169743	-0.79050384259524	0.9406361515325122
0.6755604931185659	-0.5678298881632651	-6.965342692280509	7.02241350018351
0.5351991708123044	-0.24216936653269838	-4.46025589956199	4.50093841648634
0.4794416450592694	0.2899402120117102	-9.06921695416461	9.134955805266127
1.265288593953982	0.4644706860848077	-19.292075354848645	19.36184935212235
0.15217005362664324	-0.03992856676099252	-2.2832119058504796	2.292877320656668
0.08174100083777922	0.0036275862438029938	-5.29933148876593	5.301800520891563
-0.21123325551826794	0.627649956625411	-24.974170622726096	24.98790463327055
-0.43722795505970613	0.6641268032190809	-5.689206633176396	5.820623283061532
-0.059025220171705944	0.11456127646898098	-4.287085545045575	4.291292406504275
-0.3552826229256065	0.8370887554325641	-3.1032434594847205	3.3671076443082772
0.6603792629501537	1.813542670743664	-5.014521277969324	5.374936392335239
0.4298314324424637	-0.08768390626805639	-0.6137216294597676	0.7671880806560526
0.3621091223278923	-0.8695304731582425	-0.768639734010834	1.2237209999931025
0.8318819783223964	1.0990869001383512	-1.7711322770125455	2.2988138016570536
0.8924666413892518	-1.6472290844519906	6.403073795771866	6.672982405316044
0.5339285421063912	-1.5102600968063953	6.794001905556046	6.981683674134822
0.9102953536443004	-1.2761859381453828	7.257920240816618	7.426585634498667
0.07646311120928861	-0.8830001293453374	4.23056794077719	4.324664232311158
-0.059630115656574924	0.02183119811487466	0.22142921507329782	0.26933814080505614
0.12263835423700298	-0.8845052443889649	1.1142615391048716	1.434729331863645
-0.3130502467606409	-0.18102462888596943	0.28044701511997455	0.4576252850858488
-0.1835707348914802	-0.0974585882315805	0.0476328420739657	0.2132258867322029
-0.8506972359351324	-0.2548775997269514	1.2233638270786815	1.5181393929329556
0.13554157378499276	-0.13832405301962108	1.0908921123725948	1.1167051748803842
-0.10984448799303326	-0.049502333866080266	0.5224651181573802	0.5361772955766088
-0.009075610062074621	-0.051124084000270034	0.8604176898326579	0.861982969460438
0.14455624947770382	0.06016336505860795	3.6007945887693253	3.6041972490790077
0.10244565593809676	-0.016984216936159098	0.9929103624994076	0.9983258806643377
0.3381951614398522	0.20862653769228784	1.4020794286293576	1.4573015211809883
0.16397254829317007	0.17527154142565832	0.5875775209601093	0.6347081636193987
0.14442858873276854	0.24028453628740656	-0.3971476448554689	0.4861301548314391
0.00192578041909134	0.03550486409903977	0.001554440829300223	0.03559101419186646
-0.3119939490066038	0.15740689190764942	-2.651695299992226	2.6746224252850372
-0.1995325699768346	0.03483262047206713	-2.32396499287335	2.332775138334456
0.2616663367861316	0.31134017317511625	-3.745866939487793	3.7678801870000354
0.1947853623776886	0.08503454888413867	-1.8585780569120125	1.8706909433509766
0.18258418383684671	-0.08175605432625344	-0.6986669249572389	0.7267437709644091
-0.002140098288249237	-0.05971192587648849	-0.3552675075330894	0.3602569860826248
0.08642530605728818	0.16379902755534473	-2.6306932308627817	2.6372042639625835
0.018905253316904822	0.04374253955487068	-0.17540884809161755	0.18176656006678968
1.3264741460335647	0.44931933005736724	-14.869044288361474	14.964380754131243
0.04512984548241408	-0.04495480776165968	-0.42057861155230747	0.42537513583826364
0.5952219350554984	-0.06474261404430894	-4.823558712069846	4.8605760365238
0.8765755960345174	0.28831181908537934	-6.469624672225996	6.602298362310121
0.0661596469822485	0.12466221322396849	-1.6411632520082198	1.6472202603285655
0.1498721883547025	0.16230602546791384	-1.2617900381637572	1.2809836139290436
0.06865902960159725	-0.16254958753116797	-0.0518636154003585	0.18391918158468992
0.061145519136138506	-0.03882896565412005	-0.1206061604970627	0.14068514148281602
-0.11157560148625434	-0.04129754462309203	-0.029405806731874623	0.1225532680448307
-0.03363262357314787	-0.16024307544908112	-0.04070374623651133	0.16871808307196753
0.13794409802802557	0.17605850350376084	2.0828517887536298	2.094826184854234
0.11933805180869492	0.44831810220892787	4.870231924864024	4.892278578877377
0.05139164978771489	0.09919915750926123	9.949185694491527	9.949812940854379
-0.0488526056628086	0.47492291887678706	47.84632150550646	47.848703430335966
0.44595949712725214	0.6596761397897777	76.3807524571767	76.38490294820693
0.13855171645432657	0.31569665550302384	39.7283543912658	39.72985028406773
0.45064786567583104	0.25195671324658253	0.3086848695004943	0.617520702281907
0.17672377201504358	-0.2928768746572695	0.41563102690586406	1.0817152576954152
0.4812684153398904	-0.6190988040805802	-0.28449961942169455	1.2564371990548762
0.16623940906767612	0.27555342267812577	-3.148755311509456	3.168233739252173
-0.619368180777956	0.8188872324404214	-7.166250393380847	7.240774663552601
-0.8208668511550712	0.6234006938379684	-2.7388636389639482	2.929727739934505
0.05305599327609494	0.7796954181763619	1.2335502490706445	1.542725449530789
-0.15134346980338692	0.5441122769607505	0.9539241395770094	1.117324511840351
-0.19315864303354346	0.5233070200140972	0.6666505505330658	0.8803767602570131
-0.3594207735391412	-0.34246160223032696	-0.43599248196440027	0.6607213374661932
-0.033220559478800864	-0.0010931632786777418	-0.0745305490780634	0.08160639266574655
-0.049016200224641225	0.4619849631174965	-0.5490039524798669	0.7326102775484742
-0.09359068285595029	0.01784511364374214	-0.012741512828034596	0.16946915662606
-0.21541706006003247	-0.22160002090878259	0.4349174771572743	0.5335393996402971
0.019724140231651564	-0.009787147003187332	0.02215866474525747	0.0312383798816867
0.05945195705666119	0.00405946459204465	0.0376405921945696	0.07048282508100152
-0.01872608400059293	-0.0056827879189499785	0.24107796141691157	0.24187092380330255
0.3329265074962487	-0.15864390473784334	1.980637577026167	2.014679418525986
0.04699268155293494	-0.012417465952007822	0.6828027104957011	0.6845305303932625
-0.027495549503078254	-0.17350721535305164	1.4933436597001892	1.510104575812153
0.24886275839364444	-0.22379509493683275	7.324703426742431	7.3336741809045085
-0.846962917469816	1.1485163327721704	-42.26360725143161	42.287922786989384
-0.06524711061954805	0.1353678815197436	-0.5475481057872998	0.5846968118970743
-0.19621959897549557	0.30918562619312784	-14.386321661705663	14.421535959440243
0.2921930084460192	0.014806214381456316	-5.484773488264868	5.572134850184642
-0.18683245503186768	-0.017896158926457573	-0.6797123239386741	0.7188290944109516
-0.047161084101712256	0.044394839261803286	-3.323700610771353	3.3243316350281
-0.19696645024326553	-0.02624389304387135	-4.571657700039154	4.575974065788706
0.013472475378648773	0.007943513093281833	-4.771399360950195	4.771424993507601
-0.16412912318225148	0.22930168208757729	-23.358229711514813	23.359931782571163
-0.2892632802415837	0.2621640243566196	-5.856063622559819	5.869061626225387
-0.49384915381437583	0.25434413853238586	-9.474117179209948	9.490388519598653
-0.07919743389806187	0.016606591562601067	-0.1502087112672088	0.17061849067413726
0.02427244924912244	-0.07018261774104244	-0.12792640423523194	0.1479186145354685
-0.07027571727396174	0.012357432001561863	-1.075101144959328	1.077466405256751
-0.027488251949523788	-0.11780362294704254	-1.1417946738871372	1.14818481739297
0.14718708586485496	-0.2646533786384062	-4.659018955160588	4.668850294624552
0.4770516762576933	-0.47586859930299846	-9.29322448856696	9.317620437672032
-0.24587674601490442	-0.8037099819825725	-10.932228039672887	11.004561127717881
0.08648308831811609	0.059510938316203896	-1.9319028667843274	1.9397807473871418
0.13977834724029645	-0.08019490184717445	-1.1843768170478994	1.1952897780036522
0.24873483072009542	0.003010728932627868	-2.7835744507645805	2.7946672079965804
0.1715069015154812	0.16279503026496267	-1.6520794646168429	1.9145845474815377
-0.5513403714836921	0.5260254644757169	-0.46743457684906836	0.8939653674157279
-0.0318203737528312	0.026276617352895895	0.006649763368317532	0.04179971480925439
-2.4807586551337795	1.9107157565193376	-0.1583240824639624	3.1383983984224306
-0.8021964236136154	0.3771417815789228	-4.400919204587975	4.489303383686857
-1.0238887056271293	0.3279142590255269	-5.079255126289003	5.191792415025487
-0.46453112244248235	0.4908265689372582	-3.457365623047518	3.522793910509547
-1.3322481166131217	0.6291754583739114	-4.167439684899142	4.420214964106551
-0.37179603732853495	0.14830383522933516	-1.345888687565838	1.4041519434287109
-0.6401043975221472	0.7434540422141438	-4.315557665139211	4.427863514004643
0.09444970021484134	-0.05862287847262152	-0.3896796692397575	0.42858770079167685
0.14677793537097683	-0.05436210935986341	0.08937535379583864	0.227962146006638
-0.37376729992734736	-0.18648147673654886	-1.824214593377447	1.8766235646106733
0.22183002310351452	-0.257295829364563	-3.110760203498749	3.132366283104529
0.4270218613965134	-0.7690622316480972	-2.4073621092041377	2.5668417356724373
-0.06648461272861851	-0.7767136965829944	-1.1885138888736702	1.428197962165928
0.3610728200900075	-0.7871528311303182	-3.6308058350143946	3.7352662498727986
0.9827506769565404	-0.41002266502210444	-2.8971871823936395	3.086682855221177
0.023927813535848476	0.010439513692408173	-0.05735878373099527	0.06302026481886125
0.718153942993228	0.19545394193641616	-3.241629604436705	3.3289021623525787
0.3018719523095746	0.19195619140141695	-1.0891681955766186	1.1464123225367735
0.4831093282298625	0.14697420617722912	-1.8297626579541224	1.8981642249150812
-0.0827017963575814	-0.06688477357374403	-0.08230827083770033	0.13449093465759812
0.04074687339208346	-0.116568874753846	-0.05954258340719728	0.13709095335364616
1.3863079406674361	-0.08367901153213708	-2.5697809341219604	2.9243983513887626
2.831580612422903	-0.35423246384169704	-8.59756082698571	9.059848859760729
0.5832705294419432	-0.019742415777052644	-2.1133715792290024	2.192472053502412
0.1714853789721807	0.0615684440215527	-0.09579063849950298	0.20584886427816376
0.43347446078196067	0.11747002140004387	-0.2947845887969365	0.5372124978722268
0.1982162506761021	0.23008524156872628	-0.9833915311564811	1.0292170830151037
-0.08549670133505041	-0.09851666713519225	-0.7381644556708413	0.7624839461643967
0.12022370718432429	0.20904296622847468	-2.2236137274348127	2.241002118525389
0.39257686229275096	0.8232275290542515	-1.6154605688251453	1.9197012656216208
-0.10711649553645541	0.20215687537866917	-1.0631348820155055	1.0963926797169894
-0.5735088802511877	1.8034661322317707	-3.14086228270121	3.7000186955107464
0.12565479879812938	1.2281182568484477	-2.10679441581495	2.4458385221993955
-0.5606887493146784	0.937612863898906	-2.454607188558209	2.6903654010521327
-0.03111498642810736	0.019212172268820833	-0.011341026496063911	0.03828666642177877
-0.09084519722220882	-0.20084567794529212	-0.053605504262399406	0.22685983843525948
-0.25110182214011995	0.0404321250578511	-0.2576883301980293	0.3880334292803014
-0.08042973325021971	0.03704364801320462	0.7119916681781094	0.7174770445135334
-0.19189619966188692	0.10949595778655738	0.6880661133530629	0.7226676224662762
0.031943590612474634	-0.004010533398016757	0.16651278884755297	0.16959653949636985
0.1851310481119407	0.0258852186151157	0.1630280374106649	0.24803566376582054
-0.5508828783549168	0.13823241444694345	0.7266183733136319	0.9222550658605124
-0.03681753983130527	-0.019047101906442876	0.023914446802941178	0.047856285858337066
-1.0522162305419351	-0.1783728121952555	0.35318501079718767	1.124151016455588
-0.15890783533764227	-0.07888388413127284	0.03933999527338823	0.18171957114037418
-0.15184434062464727	-0.19775904945824413	0.19883655236885356	0.3189064439303383
-0.24072934573204682	-0.1158126073802321	0.302820279000658	0.4038109697603861
-0.30004517448007784	-0.29956213625186	-0.29311411455700953	0.5154420087236757
-0.023039373408275755	-0.057998094793667854	0.003973022000079297	0.06253300433014837
0.029880047317029597	-0.011570854649482001	0.011428288386421197	0.034019225159173966
0.04864608223676728	-0.4573172970941475	-0.017360882100240574	0.4602248925968493
0.05364542720715061	-0.04505939110502781	-0.16769521846747576	0.18174120854624018
0.26218780816539966	-0.052848260376335665	-1.5166663695828169	1.5400689146914506
-0.0287025517558293	-0.11214176282038167	-0.18430963796923072	0.21764570773187247
-0.005219958762974911	0.008816116722803427	-0.24672046613879828	0.24693310894917092
0.06122184913792614	-0.030134435111073863	-0.5323567586681209	0.5367121365228837
0.08154376725136858	0.08301814924961615	-2.3010987180399582	2.3040392160828156
0.1106774608917746	-0.006301083138147305	-0.5889554045670169	0.5992976493920718
0.1185336894080217	0.06317172456657058	-1.8247713657491287	1.8297080203046963
0.06304977598450166	-0.051628152366427996	-0.5847735472697357	0.5904242897738006
0.03404349801014943	0.06738973384238886	-1.1077628081402897	1.1103327316993659
0.05924556982549074	0.04415126435719631	-1.511417342394874	1.5132223083804546
-0.04672990930402518	-0.036811654242535116	-0.8318915645748883	0.8340158017222995
-0.16356599188888674	0.11200234792942795	-4.1091613078304	4.1139403269146655
-0.018624582446149722	-0.020813808147222786	-0.17768077493088608	0.1798625793791557
-0.14507671835565367	0.058010024395170216	-0.6064217402460371	0.6262265917239589
-0.22660089562113256	0.22136248985660806	-1.966809619583153	1.9921569710985734
-0.0045867431297605885	0.04210023196896383	-0.13294423702049377	0.13952647742038138
0.16828923924504235	0.025303453114377362	-0.22715633151322792	0.2838336338979827
0.1749710158993168	0.14825963460912994	-0.1942803143244423	0.3005671575426626
0.2443854011671278	0.03618973679123669	-0.2577721421304403	0.35704397293772216
-0.006718311508881698	0.022798628726992558	0.012099169596682786	0.02667026595838363
0.2608080296524137	0.11295317071605186	-0.1310528106613295	0.3129761752725247
0.701643821793522	0.02073095807630801	-1.468556200620876	1.7020595911324032
0.20684697050012668	-0.1453178214094365	-0.044744700215149785	0.25671974334205144
0.013274323268676717	-0.053202664508226	-0.06930884499884489	0.08837673429183773
-0.004917366485898253	-0.027123396334359177	-0.015251999068688134	0.03150369180681251
0.07854885661826692	-0.0013748449306420323	-0.5278005693115767	0.5336152678102873
0.2329170254150526	-0.0657347422923686	-0.5598664323504671	0.6099359139657873
0.14683658469453362	0.012962609351053256	-0.16610496721479512	0.222080778050175
0.1412290328890935	-0.05884249092351891	-0.37885033873726054	0.40857760294735945
0.18180288033146608	-0.10558298212924297	-0.21982912414465083	0.3041790545621537
0.005080959889988435	-0.03830136036945735	0.091072059576546	0.0989289158692679
0.1276294642218961	-1.1064251547446913	5.131266861789492	5.250749042764123
0.8937387761648151	-1.9523712252370833	6.9722023804857445	7.296684741751245
0.43245676724104243	-1.5210254149376572	6.084106649272575	6.28779537461594
0.6053769786204339	-2.16054081310232	9.01127653163008	9.333695581801003
0.04114746706827054	-0.2193984064184959	1.3416678268114297	1.3672531284242928
-0.10796475052811877	-0.21973725353288284	0.34632371802399303	0.42412376214111797
2.952494788141871e-05	-0.05470510174579532	0.006454386368550835	0.05508455438809415
0.0061162931078126564	-0.14726129073465496	0.12908445800512036	0.24055327681969524
-0.08049214909425624	0.17158799951213524	0.6102797126141861	0.6540967360955428
-0.01408263757636213	-0.01704609936715408	-0.14122048773376356	0.14294095403523838
0.25712289622424034	-0.024585134488954476	-2.148649790316617	2.164119343758154
0.13993602557963647	0.0724450479791173	-0.5372636901641485	0.559895212517949
0.08489396802135765	0.11174732734788631	-1.0553234517812489	1.0646135631558038
-0.29789361065733133	0.1316994905911677	-0.45695692742093275	0.578251482929715
0.11433064022087273	0.16906729939513465	-0.44591641030802154	0.4904046206960848
0.022991430778916064	0.005211225827090292	0.0022551196108785004	0.023682236557006187
0.07072889642796176	0.03722038536272143	-2.228004531817439	2.2294376258768738
0.0590740092710975	0.23305025865403306	-3.9483523997879337	3.9556654098319806
-0.08847667034611854	-0.08562631249125463	-3.524102922583244	3.5290141938572805
0.2952979577800632	0.2017082099975741	-3.3145056917659983	3.336662232156366
-0.6826040511609	0.8329276514056888	2.17254931613497	2.4248066508849715
-0.24200804453080477	0.3617298351241779	0.7220523953916472	0.8430753400066952
-0.10186664742704946	0.18630291662730078	-4.046503020428659	4.054473093983993
0.29788287597210517	-0.10718552431317259	-27.22573480555137	27.22793305470562
-0.10962924118341832	-0.467903211495483	-21.265021007937218	21.270908542861097
0.4659108736732748	0.03426188986796225	-6.155679573336999	6.174958915960713
0.4047960478420501	-0.07964986553317338	-0.07559790651512335	0.6507954340631655
0.0029335175627960702	-0.2600119779867047	0.11786392983940298	0.5702864916680355
-0.10883471661501634	0.25176082649623976	0.07104754098630937	0.3158418073639739
0.02895314163015865	0.13835158707355355	-0.21943945479430788	0.2959947723802738
0.04585005776978661	-0.139581074601416	-0.024388679786625275	0.20410707186698185
0.03374492191365478	0.006513899725412671	-0.9311332698545892	0.9317673083311576
0.023500969832950632	-0.038349101535260166	-0.09308574561803032	0.10338232541839834
-0.26168331873455486	-0.1073100010384501	-0.0813321930431046	0.3257119987842076
-0.21880725990633032	0.30596530570816205	-0.027439647428245034	0.4021493558813589
0.007046839987196456	0.010301032630310208	0.007126996226149405	0.014372310261868684
-0.34932009319331003	-0.00495086427279659	-0.15495906311431615	0.38217973495058194
-0.22890205483792608	0.1595689164139896	-0.9114107948630169	0.9633316208281527
-0.8335300199512038	0.02217896477942427	-4.1830353519108305	4.267613939999061
-1.0838267803105346	1.0951875177991701	-10.208011330714719	10.324586737577516
-0.27119133642648835	0.23024756541411362	-0.9632472682342732	1.0362836325025608
-0.008973798141514285	0.17229826942417908	-0.9679072332617521	0.9831640935775021
0.03765556923291059	0.27368420905388485	-2.7848431201404895	2.7985124963046926
-0.017238358145545273	-0.02488761770613692	-0.004459076441357991	0.03060127234856057
-0.03741416385776432	0.08628497250983608	-0.2725375016876408	0.28830817880237036
0.22128053604794054	-0.1887407018246234	-1.209754438709629	1.2442242282388518
0.16198650441772372	-0.1700223910016118	-1.626273513596116	1.6431411327331675
0.45916944122389153	-0.4095930189709997	-1.7022125409962061	1.8100084396677272
0.09703359852460682	-0.11284078832756397	-0.6397827923536926	0.6568642052547156
0.003395147921458971	-0.027827486647173223	-0.05334379814562888	0.060261570201155544
0.0531646901867492	0.15852369879185446	-0.22733120079798672	0.28219801951388357
0.040606430294633546	-0.009045900190012592	-0.10987104732805318	0.11748343514080575
-0.048902465276984754	-0.12480728808602029	-0.11093947750536824	0.17399964924883518
-0.11343090832398195	0.06791280744180538	-0.4522410236209099	0.47116946401854154
-0.296760926958194	0.49137512328231936	-2.136539559442634	2.212310522646657
-0.05792930406758252	0.062330709142249384	-1.1652236099262525	1.1683265736520323
-0.0018138822898108977	-0.027676377162673002	-0.0583577811117534	0.06461348650319955
0.8451954882181253	-0.4252833282471496	428.9017201207795	428.9027864489468
-0.015648888942726646	0.2181929165865812	79.66047097431922	79.662301051558
-0.37044734871176677	0.19598066851199314	117.36313465473742	117.3639659155719
-0.9141740374857306	-0.06789168945571974	1.647112530728579	1.8901806596442623
-0.6791967148583617	-0.12024073742669533	0.39997712063542856	0.8094612370849603
0.08514831458596225	0.08935773619910672	-0.06856217996844292	0.14119423861292751
0.21023387914337047	0.009606801930344903	-0.03185303390306779	0.21285015938877797
-0.262133196104143	0.595468286340815	-3.0828737963228092	3.153868564396946
0.06719681266977522	0.3410871855095106	-0.9648037552604548	1.034979203084029
-0.002186704117080815	-0.009804988746114685	0.0058935196265838	0.011647019051930012
-0.16477178267991	0.15841350090068607	-0.045765870541793	0.2331080300259414
-0.13589666606217987	0.07813856287513748	-0.07007839739147816	0.1717113326398855
-0.4300691278758727	0.2981472763952171	-4.672384999433917	4.727858769909365
0.7264463034228715	-0.9177730326583347	476.07196952755754	476.0734288754245
0.4172484344845829	-0.4464215470093404	237.98161627017205	237.98244168594042
0.38475639163652897	-0.006456404112378716	139.29837543007397	139.2997817534769
0.6710880925290684	-0.28999572495667325	88.68465936251583	88.68778237603414
-0.9219189664846511	-0.2454183902376958	1.9018867938536517	2.1323268812651386
-0.3844047851346124	-0.6082750574213857	2.1268757360138504	2.2496323623338625
-0.715720853048407	0.2762828586071466	0.6807256497065755	1.0351114686433125
-0.3753034450063164	-0.34294640070196786	0.23013410011058988	0.5752446423233812
0.16269509094082119	-0.30450165455245415	-6.079574228704141	6.090968193765668
-0.06511811931908316	0.09069945117497293	-2.0513999320059484	2.0544362830083367
-0.1403872209687923	0.2667917717337425	-2.722991447686089	2.73962932628627
0.1398297702792435	-0.1856779431453074	154.49473527531606	154.49491013121832
0.09295974351604949	-0.23366147242026247	102.80383469597031	102.80414226768295
-0.3357598213406693	-0.03271530232600613	-5.592949540182328	5.603114268659772
-0.03995184937586073	0.04538758394230834	-0.7802608556841438	0.7826002721425696
