-0.10878616678218726	-0.9302878710103284	-61.23669430501495	61.24401586395019
-1.1826340130714623	0.9162796616407136	-9.064973386258295	9.188656806393475
-0.5804605978056778	0.100706628166886	-2.3727476645596535	2.4487726711834545
-3.121174507944356	2.012127758567317	-20.336715967798288	20.67345845681464
-0.7262118192254245	0.5071042308017355	-2.6726308400112644	2.8190377257424273
-0.7625289179170568	-0.06718495327682189	-1.6231057469917192	1.7999767274673617
-1.2417479682527643	-0.37029259316012286	-9.181665948033702	9.285782904251572
0.13052623463117047	-0.4397786940965243	6.73957779112409	6.75661386977392
-0.34788011378501615	0.017728975885342557	12.682393529022445	12.721919363839852
-1.052309269608147	-0.9429232793841152	70.90225096450442	70.92255242677167
-0.16590667818905647	0.040829634938341165	99.2058743581414	99.21047067237004
0.2213284933383311	0.16841037088329322	33.44715077137644	33.448598219702305
0.35973283893785624	0.1910738291956619	250.90208090400068	250.90245036401345
-0.5373282956506726	-0.19655900541584254	114.08503889169285	114.0865589622366
0.08461980274751102	0.37903831565855167	70.06384371754038	70.06505910092831
-0.2687017968667125	-0.8481735614614025	61.307673085986636	61.31428755232433
0.7107109740539713	0.6143159930530785	29.81221750192387	29.827341255882626
0.06831933823667048	-0.08867946049541595	14.137497244141125	14.138629342750617
-0.018377969878267654	0.46354928348910585	7.081355197040794	7.097907219706157
0.3186796981730728	-0.38190755101875223	0.2743029258693192	0.5849205139104721
-0.1350837140591249	0.049121475051268626	-0.010370765434094093	0.20061870997219777
-0.34658571337530286	-0.3056141646081058	-0.6645835347693879	0.8213846443120006
-0.4688364275707972	1.1565019541506576	-41.62266486599655	41.64160197083843
-0.17132138437800865	0.48303121092663803	-32.11684132434578	32.124723917305175
-0.4450167071508596	0.4295396116065814	-20.147577580876106	20.157552091211475
0.15136684178630175	-0.07867891115730476	-1.1956736032978788	1.3047825872062333
0.015862459755274477	-0.09823380608608469	-0.38272815500598434	0.4193591823507992
-0.06128288582990324	0.1041691296424376	-2.238789474149581	2.43096213342147
0.038065486637431645	0.06918731232556061	-0.5989265089136465	0.6200230749248509
-0.1723464907736435	-0.3586466665254281	0.2442372322750861	0.679486947866687
-0.4566339443820989	-1.7278001678427901	-0.19607569459662777	2.0285574781285045
-0.9494875423777882	-0.5038163494322238	-0.048274099252266944	1.4275988542459825
-0.01839238706908708	-2.7864814562410833	0.812422876122592	2.944243206313778
-0.07973248823013784	0.33218286800767083	8.453893693247927	8.461944285394132
0.749551752184985	-0.49694064845772074	30.547840809958785	30.561394532527093
0.06287849983147628	-0.033463715287919596	6.270277188337563	6.272234795467111
0.25217202762942614	-0.27528845291771564	7.613482711592499	7.623908003671508
0.5072689379970645	-0.011941325040772471	2.6591832172623233	2.751806624032655
-0.07524471372391309	-0.3248690376247329	1.0098760387404502	1.172506381463537
0.6193169477917158	0.2645913255436647	0.21102906247237013	0.7194269257422661
-0.06226232696961785	-0.0024057439774140404	0.17839764253146717	0.23492102656965702
-0.392006529609526	0.4487858708034301	-4.1121190205025595	4.2599756455604565
-1.0539519762355731	-0.6664961542910071	-16.040570755513645	16.116305179768567
-0.5899810614716311	0.14379261103706464	-18.566129438040377	18.576581926254715
-0.2816105128715058	0.15039406252747778	-4.640089635602465	4.65315317460415
-0.624832475510204	-0.13871428944169104	-11.925880212703166	11.94385850172349
-0.106621114219043	-0.3539170415462208	-49.70091969564773	49.702490115812296
0.7505417689500921	-0.4175924566083201	-431.38955398854876	431.3914322035507
1.4773505709973467	-1.2794091115175559	-599.731899153651	599.7350996853645
-0.6336791241473861	-0.2923667462623404	176.56605449686137	176.56748881920538
-0.56270956320025	-0.49452105034360483	129.5121140216913	129.51768861153377
0.23315506408682937	0.07017610673853472	21.26964899592717	21.291783536489188
0.5151619756446985	0.337973287031358	8.218676630293015	8.242920789509107
0.4476095251614277	-0.8762055814513555	18.47153001615327	18.49824292819545
0.3587965634762125	0.11102705799756145	1.4695645998003377	1.5232077597807399
-0.0867815125239389	0.19435951429032727	-0.691986594188553	0.7373139651110565
-0.11951299303610763	-0.3576688744876497	-21.583787258447106	21.59272569037049
0.5966171032426754	0.058335864025856055	-62.005272555278566	62.01013545895299
-0.3050617712531267	0.5144470454156711	-1.6513886172423164	1.8244239513815037
0.22353988097582422	0.7288643646281399	-1.308034938365836	1.5204106436411131
-0.7230324735208289	2.042975929405057	-5.314934192468116	5.741474711349063
0.3062361036465352	-0.21572327251014262	-27.72584845279856	27.72873003391846
-0.059809614727856154	-0.8309882538269551	-111.77219341597545	111.77538557066637
0.05618755391799693	-1.4131621511267576	-165.82963148570113	165.83572094930253
0.4194020934244829	-0.825267409480376	-44.776385848678416	44.786171681309725
-0.07387207900011264	-0.0038887033678688954	-31.656035095252463	31.656429203920425
-0.4755364657521347	-0.015931848788142078	-39.58531001518662	39.58841544615546
0.07660206410949943	-0.360756519505466	-25.231444289993938	25.234525434145954
-0.5071796855298193	-0.16302936070726035	-6.218893992268965	6.26116380837826
-0.22423917670730417	-0.09587516539509036	-4.317644789527955	4.352614355378591
-0.2447806630217655	-0.17054271087171033	-3.714719488415843	3.759237051482295
-0.4937277437311972	0.08049468660628353	-2.6010488962917773	2.648717017803604
-2.187669467399053	0.5313711022252177	-12.977404184582781	13.171228960005852
-1.4885311890683322	0.48685987214578286	-6.316558965500875	6.509312911935059
-0.5564013782078936	0.22657906359882565	-2.6518264332714323	2.722606064569395
-2.918680438557552	2.035989627411425	-13.579764816153276	14.06971049852412
-2.941988670423801	0.5677370804480675	-16.750180286709945	17.041976239615057
-1.8879578056291706	-0.44973914345484334	-9.951077734649274	10.139530454558738
-0.6712735983923457	0.25161867580486863	-3.2161503455323	3.2950786404849195
-1.0638984472278952	0.2222955287961224	-4.932781249934581	5.0511014707529736
-0.0657721341088941	-0.03141271743027248	-0.3637064747904694	0.37093817846927385
-0.41182633949350744	-0.07137236665924891	-0.9949158612580616	1.0791443460473833
-0.7021148983081251	-0.30415559421527794	-3.3888578159296294	3.476968943980663
-0.8189095389297509	0.3512770629247903	-3.8392713150354587	3.943791630302151
-0.04043347731574151	-0.06850172436299759	-0.4947183834321702	0.5010724810187508
0.043127372605716516	0.03145275053339929	-0.16817181389194896	0.17643980495255845
-0.1371060477440522	-0.16511762790334972	-0.8863708008337954	0.9226022332745393
-0.26889025511938114	0.35479643826465646	-1.3957308723196407	1.4716408987078327
-0.030136300181930382	0.1368232540858887	-1.0506773045684121	1.0691264577600026
0.04111240534085976	-0.6003202769406866	-1.8170063629001456	1.9191317235923826
-0.7547604529972033	-0.5393158619190465	-1.0093023682476288	1.4570299081612221
-0.12271357695691146	0.09148007230362923	-0.6049072631960046	0.6393901841329108
0.10095146791020737	-0.22060800264783764	-1.2787477238416953	1.3934383886759436
0.18477158214881928	0.07489562799294205	1.4515133989482745	1.740526594134261
0.042213498492640104	-0.23352938730757278	0.2873805808305559	0.39797655374374286
-0.09539434306770742	-0.05765772680230366	6.537532962735704	6.53848313701314
-0.5785980408622451	-0.46502657202306585	68.02567890946369	68.02972891684215
-0.7666334320223029	-0.3672563241033086	87.51987844401387	87.52539886698062
-0.08923972440260652	0.047743296977118224	48.63046206283442	48.6307676618465
0.16358250460845136	-0.1989716559023238	200.907129496283	200.90790116701305
0.6242192563803772	-0.0974067316592325	202.7809987174445	202.78203090604586
-0.07031347753099877	-0.1380490978884167	5.094732204008976	5.097087184767051
-0.13841554348323726	-0.10678877393901588	2.9116100561015004	2.916853754254496
0.052329806875850975	0.10623525869279768	2.688864679950966	2.6914712716217126
0.13804217797334783	0.2800179232333053	3.5562510240648764	3.5699281542341996
0.04467084667793528	-0.023835094971818592	1.1868225544357582	1.1879020885631348
-0.08879548504734415	-0.1340572389553123	4.695201406803717	4.697954047447966
-0.2412394478842606	0.04084243738527174	2.6549201783489247	2.666170611440941
0.08784109062001985	0.25340298488612095	0.4423376757074242	0.5357905693466027
-0.0855068518249236	-0.4108635127015713	0.4069298019816869	0.5845614694104792
-0.03389552594837915	-0.02070104111959925	0.007708657560160016	0.04045816585230223
-0.14795563367506098	0.13051713123795392	-0.1778281147476301	0.3000470202776066
0.2485445910060975	0.3069018505375535	-0.5318442267545491	0.6769794871441137
1.0812365723514503	-0.3092079597783433	-2.664527354942621	2.934621581246569
-0.33575586209451563	0.07097709540996017	-5.129443814735925	5.164560343140188
0.21878730075153346	-0.0033906043428457017	-4.832227528925797	4.837179164603714
-0.0032643158960451914	-0.02049557098113457	-0.1326046812621553	0.13421894680241547
0.40006424310811445	0.26490306945457753	-13.632321403166918	13.641476887014944
0.31152535529065184	0.0096268463434638	-5.2332078898498064	5.242480857527833
0.2876893123367454	-0.11158657290785251	-6.1764408085325995	6.184144060821429
0.48803225030757913	0.09119649762370205	-16.392346320119984	16.407410699722558
0.08180906106719671	0.0658926985385053	-0.9101074183763447	0.9161495965054168
0.0045100793881170664	0.2148424524680399	-1.3677498890969235	1.384527854296625
0.4077596667147022	-0.34591381576497304	-3.8058793262832786	3.8432592626528375
0.0612649287825516	-0.0021248223424098524	-0.3054413945854487	0.31153226461318845
0.08896438693642211	-0.5355810878445315	-2.032818496348856	2.1040705318258066
0.02969703606881843	-0.05336197721631884	-0.11422454662897989	0.1295247529096413
1.063361833791127	-0.8441485230055634	-3.5266737043044167	3.7815647978037275
-0.0012484249234017523	0.09354524482010004	-0.7143298342087296	0.7204299989824914
-0.0690910028517699	0.2908609142277652	-1.052984402012897	1.0946002873117344
0.5759905732658759	-0.5646415418800071	-4.152278597817212	4.229893942547337
0.12885639225652665	-0.2091594063623603	-1.0502667129396075	1.0786156847571753
0.1810397022631922	-0.1745799021675659	-0.8840954185324087	0.9297085618656937
0.09276765042554871	0.05518680614069885	-1.46825866770709	1.4788220720338485
0.16179396337658702	0.3071021807622285	-1.8167992858252318	1.8549200699461668
0.8273169283895387	0.07040785253813384	-3.389616519879228	3.4926194328092928
0.012506449475564785	0.6784819118338483	-1.062946877604112	1.572622639247105
-0.21223346379760427	0.1198560667627028	-0.4894723691843228	0.5643327963092952
0.059645899260417634	0.05391047893327252	0.13002689378932547	0.5168083866830135
-0.32569645066434855	0.17291901268340865	-0.18246335725354856	0.4344557797555412
-0.43051002261762367	1.3243095102544002	0.1930189375754076	1.4127528636273279
0.1750473413231289	-0.04438412772913111	-0.053341907785648374	0.188299977760977
-0.013696083820345928	0.023754669921769275	0.006551327066869081	0.028191965902420558
0.009936630418270167	-0.025447495098007096	-0.043849918605584445	0.05166359446020735
-0.03443881284602162	0.05427894022537497	0.06267120588436069	0.08977703063274625
-0.3003789036027705	-0.12563878532791206	0.4376794241994121	0.5630769515579594
0.1867032464260137	-0.14112287185929295	0.13026062225793697	0.26784621875033476
0.14235849531223405	-0.2887237706702463	0.11874685784737699	0.3431153933973722
0.35833739489816724	0.14318407446287637	0.3823304036840873	0.5608597777015505
0.0856256734284504	-0.13816268472538526	0.03734702246700103	0.16677974543616655
0.024527025603730025	0.032791914785505034	0.0059329872262640325	0.041377348848045635
-0.3702944578380734	0.4337501107267778	0.9542264953768304	1.1203950791753026
0.16322266853865147	0.25124409732625486	0.586865180615715	0.6735397249496711
0.17278492717272734	-0.05141042459255806	0.6584059315094701	0.6967609477874925
-0.09986401343527189	0.5583887093202419	0.4488150826195317	0.7366719318411032
-0.14200962826020083	0.19707025216814475	0.35907008888469033	0.45542785646013795
1.3438590988134276	0.02670569450827273	103.65980158814999	103.67277331850973
0.8111512344407232	0.2114706321602856	57.31328215968283	57.31958197556677
1.718381409487494	-0.5485897919239136	149.0735665460803	149.08744018186707
-0.33023680739860356	0.13171708480450936	26.297492786444646	26.299896056686208
0.007682216118312546	0.020694357004411357	0.09350127400128644	0.09607164564104448
-0.09014002935941982	-0.7615996100249477	51.77104569296774	51.77672576876831
0.23290299328916297	-0.23469774070571925	15.546379631252158	15.550521735867495
0.31344677800656984	-0.07322252808025209	9.223479082183928	9.230149326291837
0.28646124026597275	0.31795390265402307	1.9103230199557864	1.9626432563919098
-0.04498196619490823	-0.0787327001608782	0.18085476736057188	0.20231327745461788
-0.043219520814931967	-0.45308025786157774	1.5669229478016693	1.6316853775746287
0.09372615973262685	-0.8662998777104778	8.03414110774747	8.082460219217733
0.6718838500026308	-0.25735918244264955	5.97659596393126	6.039957029247918
0.2593687522174612	-0.39427224289428275	1.6339452522415816	1.706452350159985
0.816269598020998	0.15784584874721688	1.0460575092811755	1.3434758897142993
0.07242075914682093	-0.0412431847328899	0.2467637119998393	0.2604574748442686
0.1501373738430518	0.07158326898113772	0.9760424878600775	0.9901132932804224
0.08702056660382676	-0.03707569392026602	0.5666800403331546	0.7574915158625252
-0.09644190098055061	-0.0746271352280134	-0.9029800184438653	0.9218041810417037
-0.3253574591643625	0.014062370472467167	-0.44805181379994014	0.5712140047710763
0.17269637009079747	0.28520454513049254	-0.18903733707082662	0.3832763801911856
0.4986076067937921	-0.1999748852818753	-0.2936549302232676	0.6122358355573156
-0.4953457902759248	0.2564926990923925	-1.7966366867251662	1.886409055750784
-0.03305029260085457	-0.06720312171343437	-0.2383234782194279	0.24981325361085005
0.022988178854082775	-0.44820130979416367	-2.468415551127807	2.508881863204768
-0.803695084800267	-0.0421941337900249	-26.225439833487002	26.2381569546911
0.20085063317408178	-0.23704083727415715	-69.12275922374037	69.12345746588899
0.08551231226548633	-0.03073383763186681	-11.032116988704791	11.032491204473875
0.07847870968188711	0.11995701371560821	-73.812673489362	73.81281268343709
0.08247889805260708	0.28466726583524965	-85.78473713154817	85.78524909883791
0.03339415340874084	-0.2763302552639671	-5.287375217094311	5.294696428106078
-0.6423950248086517	0.21928137868129438	18.17627844712169	18.188948674352673
-0.21000185074197014	-0.07409020411795661	19.37196961807965	19.37324952142676
-0.5421243248391292	0.43136465001275487	5.506251100972839	5.551419207439437
-0.21118401128037262	-0.3612948692246733	2.059737733384911	2.1064500906449592
-0.36548675299662425	0.2282318082645633	-0.32509288587714036	0.5397737575759454
-0.09955099449309922	0.06334038194203041	-0.1973185689078301	0.2299065508526486
-0.02896473194070723	-0.6463942558014344	0.3029010845103521	0.7279377319022795
-0.04877268966690776	0.19905240687983047	-0.12073878303921054	0.2757866468337211
-0.05326741051246432	0.16677721460669404	-0.27915304879190933	0.32951248987631543
-0.0707129696521243	0.19375074039450074	-0.11947514018949969	0.23835683880212066
0.41527382020136694	0.21464926268751153	-0.5135416313106839	0.7083300386868882
0.1545769320641907	-0.11461543158637003	-2.6523557354875473	2.659327297016635
0.14908533853811629	-0.29553289867059396	-5.97795388665543	5.987111056539912
-0.3622777430654335	0.3564963555195786	-1.5268147936960244	1.6152331143733898
-0.000956127140635199	0.5127013593958689	-1.3811015035781367	1.4797921293854996
-0.4533843310920675	0.1869971606594075	-4.183013985565329	4.211666094695734
-0.6482824222743823	0.20830986739487625	-7.23787232247616	7.269832106476081
-0.2790510770631023	-0.39370101714516625	-6.501968227288648	6.521344999927723
-0.21347977074432134	-0.3599283970833558	-23.643212355342275	23.647327382354515
-0.040575274527202304	0.015403788200871956	-1.3503001798083465	1.350997485262037
0.10363650742254446	0.05720119547696906	-6.056272127688414	6.05742887593823
-0.2016109459238219	-0.21014740605648807	-265.45594460551587	265.45614103858554
0.3480956981680128	0.03474660286710597	-432.34125354431325	432.34141760187003
-0.6670426994282743	0.26030658645614174	-155.61874738448952	155.62045727597734
0.459189865534958	-0.4355924496933353	-376.96764575543335	376.9682029326792
0.08041969878531943	0.07908666325663521	-173.17247410057436	173.17256707668005
-0.3096466509685149	-0.01196435378983461	-49.543726665122534	49.544695740942764
-0.10020500545869607	-0.13691721702468262	-12.336056882423579	12.337223625023048
-0.0969970440093848	-0.5010911349259649	-42.65027223075182	42.6533260380628
-0.13239483862977564	-0.0058485295543957705	-0.9831884914360169	0.9920797388748461
-0.6346834679371505	-0.21050150133428444	-7.1158794067574425	7.147228394143516
-0.8015184041462418	0.2738057916035945	-3.234426645929703	3.3434887605016526
-0.9161579941716474	0.1846315933125411	-3.292311940620363	3.4223898389700094
0.008211691284710717	-0.0021208436133146567	-0.06080901352428495	0.061397605630710006
-0.4592628064348889	0.28055038263236715	-2.9078865085505385	2.9572681294025167
-1.658577156014563	0.15763173792073196	-6.762747132097356	6.982699365721273
-0.5141031809570975	-0.13058855165280372	-2.350901062001819	2.4099981854379604
-0.2364220047487962	-0.15234272741305474	-1.084735887287393	1.120605022340278
-0.10576196280646136	0.021335136754140473	-0.4520513115211021	0.46474850089585207
-0.05318471109903645	-0.07353714972834208	-0.862652852973302	0.8674135522505019
0.016264899185131278	0.06323265994005316	0.6781936856329731	0.695477804362607
0.12219410917482101	0.18432843787550962	0.42280616309400737	0.4971450590893265
-0.05483330437022223	0.017493168354683224	0.058900394669504905	0.08235264840590237
-0.09443877966073513	0.14016029113608808	0.6363221129724629	0.6583839470801988
-0.4079233189975093	0.12349202700733217	-0.4908217965316306	0.6500444222257896
-0.029966054626996894	0.03043078525268515	-0.018456831178233553	0.04652862408394445
-0.015027227265916331	0.012918218135626835	-0.0029122684973665325	0.02003597634012104
-0.04024839142112971	0.03837133110453926	-0.3487666159481754	0.35317197576062664
-0.008447134659833898	0.2559665051417839	-0.6907174533785277	0.7366687221812656
-0.06892449566425829	0.016664913627686344	-2.0680946564047464	2.069309984825535
-0.05647114114696321	0.015621539051419076	-0.27153426441603945	0.2777838710521812
1.1727558136779768	-1.5100238835750228	-8.498612631021441	8.712142375130226
0.6619858003399609	-0.5746521996275098	-3.0911709166379957	3.2160951122684582
0.19426878781534382	0.1482380641556548	-0.6372879414114936	0.6825326408695475
-0.0049147316973625205	-0.019669123214505656	-0.03643102344740633	0.041692307025516635
0.20314766089488806	0.12026847860756718	-1.0307457547291887	1.057435714341958
0.4080388360189696	0.08067831611474657	-1.3783432383160872	1.439734268885235
0.03948123244559638	0.01627343935132996	-0.11251944960742506	0.1203504012610778
1.3866068048961884	0.05189590752101903	-5.706590113988818	5.872864918051219
0.18867332848445015	0.26030163701011505	-2.5803701066747875	2.600320067709436
0.1000515102497346	0.26480441067123905	-1.5811307245026869	1.6062708515628947
0.002633925443640009	-0.38764821658762966	0.2921803274284183	0.505101183945346
0.15754338107947163	0.026354480848328282	0.2698595040317578	0.3432468680104785
-0.3570588436208735	-0.06498478138243517	0.0345718952341412	0.3645672167917445
-0.31839453038034676	-0.08887889028517977	-0.09422178948236105	0.3437328609948501
0.39827333333633397	-0.011758913779584532	-0.2909618937536107	0.49337485111910356
0.23321091110215286	-0.07030694636119429	-0.2939283696385663	0.3817384998164552
-0.06703815719004735	-0.08570489310907889	-0.08324136745385266	0.13699842509263915
0.015873115014736074	0.031007999813638353	0.0064300574954777034	0.0354231205868256
0.004470350104242942	-0.01501177882430637	-0.05628617226767063	0.05842491525086103
0.07453871874847058	0.11992985601282563	-0.011254424847462311	0.14165399053527533
0.2162650625767193	0.07053390461187897	-0.0338088418341418	0.22997531775665833
-0.011002734970004355	-0.008245910107202893	0.019509767839221016	0.02386810112800204
0.11140341837553912	0.18773593336666847	0.05583450983933655	0.5462496745004143
0.014171032032959392	0.023276032538649474	0.05370285504787158	0.060221163056787014
-0.30235071639204253	0.4353746000680068	1.3972152565895344	1.494381969689716
0.07725493681483607	0.23571188966668194	0.1390983578601069	0.28438841986248437
0.17137434545962354	0.1356861872983693	0.10671090205522862	0.24324293272924316
0.12238737677876944	-0.007322947256387716	0.10039951318074306	0.15846879124369737
0.4451333663299845	-0.1413030794918111	0.7474250734997125	0.8813367770552775
0.013207003389528672	0.08135803494711565	0.27256330788739835	0.2847530712661548
-0.07250602135124451	0.6566305368847282	1.2653608466412698	1.4274308590311562
0.7992022112482048	-0.22148792883897753	36.73651428589661	36.745874094311205
0.08274940934548038	-0.07120811629800108	5.358931428530123	5.360043294252541
0.8430080700386178	-0.03416213927961952	39.96647501934617	39.97537936192641
0.13871081318178305	-0.059583749099464484	7.947019949801671	7.948453748710881
0.08517733993290123	-0.050594122600686256	3.2066517883734624	3.2081818271972224
0.4990670448215664	-0.1993252853162426	30.3542057715079	30.358962539975515
0.12337773176902676	0.037318164883005656	5.10576126020721	5.107388056175036
0.07725311544854374	0.08664223325328574	11.627144894374894	11.62772433949213
0.12403835451148758	0.5113646161652946	29.90732200590631	29.911950602543858
0.10266765270152031	0.32298906896089147	14.117889530181358	14.121956924307051
0.07527318122987278	-0.0732849018843275	6.5308049475976375	6.531649867546671
0.07502429350642514	0.05178634581148482	3.330255684884475	3.3315031737841716
0.059942574964692436	-0.2791615587806219	5.3938102454524115	5.401362166355968
0.0075030984448559886	-0.18168571920638554	1.9591326118661077	1.9675534523684821
0.09355836614789496	-0.028622583860838966	1.5568093730785837	1.55988071476266
0.21085149608319587	-0.04293514604271029	1.3919667656372523	1.4085003574031725
0.016190658896712517	-0.015593966736592524	0.009498686272498252	0.02440357094760925
-0.21343165085451704	-0.08245593707569124	0.3554786100195996	0.4227494450936411
-0.16771356149356717	-0.3553711529745871	0.5559085393358276	0.6807722079975336
0.017457037374405848	-0.12299820172338438	0.22501673049041357	0.2570327504067783
0.0015922022544071907	0.09298216257655995	-0.22474207438786398	0.24322256816667526
-0.2200410036986724	0.22192138157669397	-0.6400882119586427	0.71230615748991
0.04110163076922999	0.03654819176055996	-0.42734849525325885	0.430873358155365
0.04878264666820156	0.4167887246827921	-1.9119836361647613	1.957491765653303
-0.016133636446957943	-0.028431153294053296	-1.2792470525785626	1.279664661633497
0.14189514554890426	-0.01578320498353329	-2.028233511591342	2.0332522026133515
-0.315456416853364	-0.25611913124591973	-35.74332329015775	35.74563287431147
-0.0507608305316822	-0.10397029520717001	-15.886634600052316	15.887055907240365
0.11239534329183468	-0.2233016450860406	-1.6807443054708981	1.6992344624167306
0.0005647343890816843	-0.09505857769762052	-0.30209966063329496	0.3167027898102208
-0.06727086951840801	0.03631150575791685	-0.00684095054729663	0.07675085628551948
-0.03524482357365829	0.020528140556626506	-0.16957499301282158	0.1744112393131515
0.16374935074429553	-0.0768538209716706	-0.9873144745367268	1.0037480915532826
0.06376167292172426	0.051037451774224675	-0.6279550488794963	0.6332439623325544
-0.6833161960356472	0.3370524939354537	-9.723679033147667	9.753484472080135
-0.20790007649182196	0.05718523864654212	-2.0920752463105305	2.1031574904294814
0.09088273918085742	-0.23098053274084157	-26.75290192509458	26.754053395560746
0.14165771638972452	-0.20904714856572515	-44.306028604147286	44.306748225190866
0.23331806589066525	-0.0056870995855536	-184.65286554040492	184.65301303240577
0.10495721959474334	0.048965510627333224	-46.90828620991669	46.90842918698767
0.1940774113279226	-0.04210082747586324	-74.01140777313407	74.0116742080761
0.25032907460759113	-0.02635008419815184	-52.23701467238524	52.23762112554059
0.5115538516194176	0.17910368140190294	1.4407183222393414	1.5456113808892962
-0.40030840846840265	-0.1558529786825319	-0.3704173502457444	0.5841453339005641
0.747063479450686	-0.17968952877943653	-0.037254095695640935	0.7818310697510309
0.19640977535818124	0.06453335514083373	-7.600512846511346	7.603324068048526
0.29332735848681374	0.015145303348501782	-17.363347120683716	17.365831208232034
0.027926523717222644	-0.006470851963024028	-0.5227079136971987	0.5234933864851915
-0.08834091201980601	0.048547317882976664	-7.6122761390600635	7.612943515888798
-0.009304693919157662	-0.0329350115046734	0.17510757339198282	0.178420723490773
0.13258589386975644	-0.21320649141960915	0.37335753359610674	0.4499242993323102
0.08281847526522577	-0.04167363262463368	-0.011500354471532345	0.09342296106611409
-0.015655065293956764	0.056443451756803306	-0.013571564081166627	0.06012596500007183
-0.11981458225441718	0.04211283416245215	0.21483753996883853	0.2495680137795246
0.03314827840819447	0.028753800858864396	0.13163572358233944	0.13875717332197446
-0.09290546736522196	0.040941108417490824	0.642660453351128	0.6654320727364141
-0.022550274156679942	-0.3948674059799383	0.7429363718555956	0.8531488854214268
0.4340838275523754	-1.3243218662422303	-3.786466635180849	4.037210242108727
0.015942859534151393	0.09695054257752206	-5.357068281925432	5.359786744319936
-0.3288684367281935	0.3331284335283578	-5.867540809450015	5.887838647361393
-0.39877364304753204	1.4411669886252505	20.14634391119967	20.202243327925853
0.02243336853675884	0.003106496587250665	1.057266882228575	1.0666798730182736
0.28230262504634235	0.4856524458743124	9.451613417364934	9.469320411017074
0.4337559284345136	0.22342605863327647	7.743859746740685	7.760470795719556
-0.2796492369458195	2.172217590038181	196.74034315867766	196.75477048788767
-0.6034083412418481	0.024218600357258147	142.16016671564634	142.16455423407112
0.21699528279943336	0.11734091676542799	-0.17919968916086926	0.3353329047378278
0.46409437051182645	0.2741473857890542	-1.5101658986493653	1.609540679889507
-0.17027040805990382	-1.0752913392622645	130.327606445163	130.33222826678883
0.42777281636436604	0.2128937701802045	177.37456948133612	177.37590008784036
0.2504184000196879	0.502965296980339	32.48048867219505	32.48564771763871
0.11478849252401213	-0.010974056394141146	4.61725171636546	4.6450005578696585
0.013163878182676631	0.10881531542603903	0.7268340159553813	0.7481854931832771
2.1613802935206166	-0.040231780087956005	28.36747741086779	28.450069205721494
0.030835250616062668	-0.10117587472672973	1.0383477928650984	1.0530115356229939
-0.10346686188515342	-0.05506176344411293	0.7624427545601586	0.9158471955971798
-1.3501332833572457	-0.29290183575730133	2.870612382213693	3.188815862046222
-0.0802012404818111	-0.05184447116084173	0.15921878202603593	0.23227245556592144
0.29851492439575145	0.08891114308623149	-1.2243654637465378	1.3563948844887233
0.18998822788948463	0.3954409056427303	-1.642499022811004	1.7057994786689412
0.6790848461782409	-0.29466878469565555	-5.735195090002522	5.858603965645057
0.30319505838447963	0.3672225529700298	-15.0423561917509	15.079111712539477
-1.7163415830125384	1.1370309060659132	6.905087558307853	7.206828822979284
-0.011227914411087551	0.3086655362259379	1.272354117527797	1.3167252046670965
-1.6979778033392225	0.005460892627376646	12.337605811156246	12.463683064642542
-0.5873302583293678	1.207628953573301	13.8766979834611	13.95026133763992
-0.45767868569820724	-0.8894513054500106	6.109582174942274	6.192500911698077
-1.0283797454942871	-0.18650815780119392	2.510697937940372	2.76399606943413
-0.30091125873209634	0.06178884315750581	2.1625020347027863	2.1842116419578406
-0.24004212147657883	0.059097913608866924	2.8311756305285214	2.841947964754891
0.37925415206799196	0.36342069750680966	1.6088435075020637	1.7640582357078494
-0.12627811647375414	0.8084596951095527	7.089701184379765	7.153819683743268
0.0677890075216425	0.009196413451460883	0.3318372342715784	0.36643643174519375
0.4836966021826278	-0.42209437846815967	-105.42130320510448	105.42335023757673
3.417147693358378	-1.494493867272592	-259.3059644112376	259.33325530957643
0.6905161621365968	-0.13614304288380236	-50.02664259569356	50.031787862122805
0.6791842903564163	-0.8952540871315544	-31.240627989432877	31.261143423423103
-0.44297008749361844	0.7612127935819037	0.589566414992227	1.0689881936268788
-0.03128388618293886	-0.1591817390614081	0.0201539288185942	0.16347381573862596
0.02703092354427957	-0.008435379606891204	-0.04505322812354059	0.05321296666340668
0.23768617724838617	-0.11580609357906023	-0.1286801342043539	0.2940482054083035
0.42386179358769216	-0.414521309731835	-0.2120219958723	0.6296348648374269
0.02720199304841335	0.07137017125702239	-5.941945961702889	5.944075642727668
-0.29121059251591	-0.10688882430340396	-6.1516386708248785	6.1610361913595755
-0.7857992590585685	0.0017659536245850302	-64.90003330570504	64.9047903214836
-0.426787118234669	0.07496134817366179	-41.79607638092826	41.798322541561404
0.1915959898094505	0.24804682579909443	-5.019433744219505	5.031146106863675
-0.15319770860317575	0.15671915912294296	-5.6762584258664965	5.682202032212325
-0.08495959530878089	-0.04645927807394501	-2.799322624178142	2.804472060208442
0.009488536441966386	-0.07149332304776797	-0.4222004615474059	0.4504823439326624
0.3466589600938667	0.6989745775610491	9.021240570676358	9.05599244222339
0.1311685250110439	-0.02339639128313719	11.84388722115919	11.844636637762122
-0.02512029062420289	0.01079104269465354	0.9063454821182236	0.9067577452437886
-0.1626054090367962	0.5178156473735783	37.36047413049923	37.36467691020913
0.28704385356198037	0.42169673146636855	44.16228555355794	44.16523166044971
0.10726638759912277	0.2684329426634409	32.96750816569093	32.968775484957185
-0.48748113100540924	0.026763933283277384	204.05800043182631	204.0585844663155
-0.15333848959583907	0.0675632523823001	13.081129121733696	13.082202283443456
0.012896267095916177	0.09273527912075878	0.8141955209518623	0.8313604975801343
0.0753802309483715	-0.13152213591471715	7.8072430267626665	7.809961825469294
-0.03515830344937208	-0.44816663179093275	1.2318480623728505	1.3113119708612473
-0.04227861434344195	-0.11891651370988914	0.19882837975727874	0.23550232071175045
0.10735176639585065	0.3508812219550972	6.583521510401746	6.59521624334574
-0.2770684004981555	0.2412879252033399	-0.32214374889536046	0.5081762895451694
-0.27211391909972044	-0.4265315588685007	0.006478688467571714	0.5059813525050723
-0.06379821415844586	-0.14112377706862897	-0.07099135629489482	0.17036990712127448
0.023865875331282965	-0.09096412416841725	-0.030743749320775258	0.09894053776564099
-0.07726076065888432	-0.016814569857174715	0.021977842456547884	0.08206692668862438
-0.4131275929674153	-0.31761976578663664	-2.124483803460855	2.3807099654844346
0.3244895061232164	-0.14051152509714035	0.02210072095027643	0.38079542412656997
1.0312894455630819	0.06280877571088866	-1.716263322272474	2.063197178316668
0.32128999531649366	-1.5415246991702816	202.20003873768337	202.2062181807592
0.0007532790073801338	-1.0825160510482372	175.47605962515183	175.47945413330575
0.33392676254684817	-1.4593564827837402	353.1571267580299	353.16154626318917
0.27678782289585335	0.29209475288565956	46.66619415729432	46.66813782180255
-0.01059652656441687	0.2908113835951945	150.76761443001064	150.76795987294008
1.2104036337806785	1.4395470321228292	518.5095887068604	518.5138510641319
0.6526142426291295	0.3944783470782075	155.9594333383293	155.9613601040773
0.07281859205839511	0.5380508770238116	89.18271864189283	89.18437142040432
0.49626162496720294	0.19556566829830166	97.98849734386124	97.98994914397561
0.5447241409291173	1.1354300388533833	195.03272840214888	195.03742894496256
0.6542471290448072	0.08570403272196689	76.9790112666998	76.98757271060495
0.4267850417615109	0.2320886879227704	62.09899883421423	62.101055922001635
0.27283853880415404	0.13837854942571204	29.334749832449837	29.351345587834864
-0.0720088570360887	0.3084691947526674	13.669997070819612	13.674378897073156
0.4419362005842932	0.03835190587800217	17.931174054471573	17.937203272269787
0.47297526846762056	0.594297126144991	8.942076775854966	8.97536135923847
0.17355722766575304	-0.06209908004624942	4.084280450422674	4.0908195987628755
0.7257237925624508	0.22832467722477845	7.277631114945498	7.318620198606009
0.3906336718776346	0.2049799492575666	3.727035555680824	3.755647116464924
0.8076441725434247	0.1693009338918626	2.5261996220045413	2.6612245735329996
0.15687181049625643	0.20555050954849885	0.9640443823733895	1.00782991272819
0.24027678431117488	0.22436071336670704	0.7042270612660977	0.7896114243732928
-1.896456281069862	0.1895352556740231	3.1728722021369538	3.8183685839827124
-0.3809761899960596	0.0377294093949586	0.8490906914740161	0.9418073863190013
-0.8422025144050833	0.19788259952822532	1.3719627422571363	1.8737915992735195
-0.6213638534903447	0.06409751799021834	0.824280598068144	1.043609035744926
-0.5478165333331906	-0.7124718436141237	0.617031781574041	1.0990573627015736
-0.6419110519550406	1.0622228595178516	-1.4462196684699302	1.9108632385059856
0.2360028865882931	0.05383390965255854	-0.27943801356195186	0.6167665669683597
-0.24872457072959195	0.03927363271466176	-0.6751155618575716	0.7339394641750029
-0.19542878535779123	0.18029976014813573	-2.043586321899908	2.060811846994356
-0.1054094419201273	0.07266255191581698	-0.047932639393817755	0.1367060160201051
-0.00034205559015485464	-0.013355368102861753	0.001802227986280866	0.013480759804411019
0.11777102969052823	-0.008198032092295705	0.7756612598971748	0.7845939161565211
-0.127951809122827	0.9594899407250066	5.46200270727578	5.548868891134322
-0.7638633999477403	-0.7792182874546767	3.0320347965972294	3.2224064673873665
-0.12265555275403679	-0.060015297099639715	0.34571039793024044	0.37170135827629364
-0.17245494656904542	-0.19897173184379835	4.916662589198701	4.925685866921999
-0.7529670711647356	-0.6181710791133952	3.1678359921519834	3.3171915156324867
-1.5948596871398442	-0.5380532345016685	4.152900257014561	4.481033279226244
-2.84578094401651	-0.8030528159751942	7.564076391362177	8.121490913676865
-2.0810029114034894	-0.7701328095073549	5.124818143644729	5.60669727906543
0.5661868764443664	-0.5169523931818782	-52.03774048418284	52.043388072405875
0.11695371011426386	-0.052926934808107715	-6.4972140770518765	6.498482145376621
1.3082142469876952	-0.494172527517594	-111.00267456159894	111.0115708861744
1.6354654615931992	-0.703403928652593	-131.10939890263808	131.12155995395602
4.741940032586998	-1.2674783713029458	-375.407448016222	375.439561051485
0.46720633871746703	-0.1232317497677169	-32.9200424815098	32.9238841055608
0.6059270562538905	-0.6760361391066315	-52.4421238353774	52.45016686921822
0.2602004249806739	-0.03801103173519338	-18.036666120808796	18.039122862216043
0.6707209158612658	0.06384655423394647	-18.789372696803145	18.80196662729016
0.3131394569533985	-0.2711236179798166	-0.6277810566010137	0.7521126183987514
0.0054093173022444554	-0.07152403665020332	-0.13413057205153403	0.15210509160211624
0.27694621548818504	-0.40986675228737157	-3.1094233880100157	3.1516160222507303
-0.054778856578221236	-0.07544689635386223	-0.2512927991994722	0.30219333733051434
0.21916429710170954	-0.07289785967653312	-0.31361532521444885	0.4137407934672026
-0.2522071542148549	0.5190434474282455	-0.15075893897036735	0.6125541539609574
-0.03587208440818673	0.15391398688785507	0.19107894443848558	0.24796670100485022
0.08744768778218129	0.18398828699815037	0.14512242943229844	0.25011858662501685
-0.15671713285290687	0.3325375531522091	0.7720940600740152	0.9874161554216495
0.2590339762468847	-0.050962699001376205	0.07065120373727982	0.3068667056383003
-0.07421931467499512	0.15991664296901384	0.33768869249317457	0.40570343516792495
-0.027909645263277057	0.015291477254818725	-0.7389276490938075	0.7396126338636044
-0.39452426825440656	-0.16079807924955827	-21.15238583196903	21.156675821239414
-0.016927993751851743	-0.03904446732699761	-2.5133487346604455	2.513708990599464
-0.17953744599894583	0.07321519581235206	-6.967420656982558	6.970117988295531
0.17361389021294077	-0.2653135183055406	-1.8993856399226374	1.9256684177227559
0.0537375406070778	-0.1437640146759184	-1.6219697935016202	1.629215095135668
-0.012436961491053765	0.03574806853460839	0.13074193997658995	0.1361104598623019
-0.3501255205942535	0.5066335811104199	4.905295931485063	4.943803560126969
-0.00019085059673280488	1.5825368035932115	54.81182428662322	54.83466517084617
-0.00837584205747405	0.015722938923390762	1.1598418196283646	1.1599786257071254
-0.12985996354617815	0.03675268630259158	3.2459482699988125	3.2487527670770757
0.02534344677709735	-0.013531262025699976	1.598378688363151	1.5986368620671985
0.048946637217477926	0.020370855045982628	0.2339090873464395	0.23984204421545477
0.05539010854545872	0.18664820724521047	0.2994199613329157	0.35715253133238967
0.045656620855387645	-0.06626768895620946	0.21272496264534566	0.2274375592552673
0.06695204879596614	-0.016043226803837747	0.012649306980410203	0.06999976379489761
-0.08676744298043516	-0.02899076484406745	-0.08051112811291868	0.12186507029342677
-0.024168820363835115	-0.1569141029455404	-0.0626447625425002	0.17067669394205276
0.03175506674061114	-0.04313763293992487	-0.023340275199726507	0.05842951382443047
-0.03066425021799651	0.04938612166265109	-0.15343093768086688	0.1640741841117611
0.06164763136090498	-0.12348348265829288	-0.2434217838398578	0.2798263136118712
0.04899632888714159	-0.050440121958217475	-0.00567953054699015	0.07054858761740714
-0.18598608406466308	0.008583127221919284	-0.7981271493723519	0.8313550535143527
0.10948957986191073	0.9719511259994527	-1.7052037795334059	1.9707553562187659
0.004060014103369259	0.0004904293765902665	0.31198167922057934	0.312008481302649
-0.2542759327166072	-1.3344075029886993	230.32324828712663	230.3272541432459
-0.06116954385859443	-0.05281145278354783	10.220363350290325	10.220682842873014
-0.03461061934075744	0.07933339071451025	9.80487461722974	9.80525664842331
0.18607954850236963	-0.0020644275315628152	8.959829747019542	8.961762045256961
0.06133326202288472	-0.02210069344498307	1.0233758976439216	1.0254503584082555
0.12302087783010764	0.14137021413233025	22.376959757616497	22.377744472305828
0.09628350705255094	0.2351903506334082	18.04554942261298	18.047338833709777
0.03280848894672859	0.0025018285168481036	8.908003332787438	8.908064101309835
0.00978497846059582	0.12489642129637335	7.527639278942717	7.528681689096528
0.1698874228747904	0.3611256886427961	43.73755332236068	43.739374071033446
0.0468797266461959	0.4217639461629463	45.71232449575275	45.71429419054888
0.36246353484952115	0.09832568386805932	12.554683255685724	12.570152549468093
0.16745023042892734	0.04417242208339599	1.3362519351627355	1.3474271842179708
0.34845167716944153	0.05292537665782139	4.630740451443511	4.644133589320167
0.6336959149549245	-0.11805610311306941	3.6065503564408634	3.6637021207593445
0.056687172283497386	-0.0108748763192028	0.645229456147581	0.6478061048778098
-0.007103643524671566	-0.02309616442708596	0.5956652221633383	0.5961551404269425
0.039937099961782484	0.09805583892312394	0.5247349095575554	0.5353098586880788
0.029449905115719842	0.09123357885169069	2.83373885758117	2.835360078682573
0.0869953152919669	0.12308158789924105	1.579804586230933	1.5869781954516062
-0.23572952341927017	-0.07608452089075785	0.6552613628656354	0.7005174631621841
-0.08506760667369449	0.020985823563615384	0.1003498409983237	0.1332178407129556
-0.11356073971655714	0.12731467238642238	0.2856037661717407	0.33267789025018785
-0.3245536826004483	0.10246331090154381	0.4586462509899157	0.5711306387487223
-0.08906516855674719	0.02208136288123909	-0.010897218119881029	0.09240638614017435
-0.6742637276067437	0.400101110380331	0.22969182516592082	0.816988866167567
-0.049621374666037686	0.03134170571929145	-0.025811376618229506	0.06411560265699794
-0.4535414571371635	0.20453181460761607	0.16844139580163328	0.5252671894839696
0.03766195473685533	0.004254166701924862	-0.00448879942736162	0.038166347601359264
0.14559579678500148	0.05627336222035795	-0.40772645373899474	0.4365841137920842
-0.36187554732143723	0.13673831786895502	2.02701791433217	2.0636019248746504
-0.15891287998573406	-0.029053360052602964	0.7888228231503296	0.8051949127252124
0.4081740641280483	0.009468754568333657	-33.177367043840725	33.1798791391058
1.9365233759342426	-0.009735043278546827	-135.57668741433227	135.59051732256268
0.9527485629267973	-0.3499477262014969	-103.80421353321594	103.81036824998178
0.24228734887028225	-0.14117949912023092	-24.36886847341272	24.370481847613995
0.9639727659505818	-0.38097473741847476	-73.79718646199746	73.80446541335336
-0.00042929576114359574	-0.04441062405727472	-13.40147689553332	13.401550487512159
0.08623754238793117	-0.19511430773994004	-18.630225173906922	18.63144644243375
0.431540303242973	-0.13786366913737125	-30.24390656400568	30.247299345179513
0.24562046595981807	-0.08339268485958676	-25.59919308156368	25.600507225060287
0.056069604043188316	-0.06369500013688723	-6.457609559526516	6.458167083378091
0.02798006081092495	-0.02090623905918975	-0.3322197319734704	0.3340507520528992
0.15346152334619992	-0.24006661072302807	-10.502662444571513	10.50652658309799
-0.027432079525593712	-0.024028520621598614	-1.0670956149752686	1.0677185679240615
0.11528369512439372	-0.09327340400402025	-3.078226604325832	3.081796438091813
0.19671019755881264	0.015532064396923534	-5.36983442555568	5.373458653858889
-0.08695065325596507	0.0835852922641246	-0.39799790853399675	0.4158716777828876
-0.0030176047142059653	0.14351730952950048	-0.9426488854346726	0.9535162532878128
0.19916453984530436	-0.039297376512356555	-0.5062758010009621	0.5454594250828485
0.3001007251302601	0.05463381112962623	-1.1490378266932046	1.1888369214127301
-0.1934805876250496	0.11478152254670103	0.21466100791821316	0.3109483623149293
-0.10446532555267676	0.001046753530421489	0.233833315410849	0.25610958461527716
1.0454985688689942	-0.019538246731226422	-2.722840605286404	2.920066736786828
0.2818202566618641	-0.15047853911797365	-1.5075314629525964	1.5473194060994755
0.6899936610399344	0.176839357120183	-1.2494836289991953	1.4450095274907253
-0.49637931566244997	1.0862565671907143	0.35474752071716437	1.2536631697299923
-0.30432888917300827	0.19428320685007233	0.14065396961468196	0.4118559958499972
0.9921634874021525	0.27274701340506324	0.10535641056043304	1.147821852205978
0.020010274953160427	0.012488805036155869	0.005519398391378796	0.024224886244004436
0.5294097911017495	-0.3428693353232021	-0.02372924108556706	0.6311871235234999
0.008688934502337629	-0.02247737094133802	0.05688108339017617	0.06177529793421155
0.12735334273437698	0.16249892802330887	1.098342948751636	1.117578636421967
-0.00014389153817394307	0.08159242639217233	0.12320529128354978	0.14777309819314596
-0.18534121481208765	0.10161536917200654	0.378184966063075	0.43324463956996945
0.062383377351250394	0.07049162766797529	0.034213202652478174	0.10015637062498074
0.5508647225599319	0.25640381109154314	-0.019340038400649785	0.6079217827884087
1.793791810706171	0.4710176028784224	0.34403943944773485	1.8862422374322367
0.452933538885977	0.1296931807573786	0.15684087607912783	0.49655631321332455
