-1.2089117309270776	2.3216426372191057	237.19184753126967	237.20680375433503
0.22522080289479463	0.7272336860864057	88.01929189225335	88.0226949044554
-0.26093473375508786	-0.32518217802872096	507.66892351369063	507.66996176898874
0.2968122911549312	0.2609131176962085	-10.406428157231971	10.41486437586669
-0.7446635121036267	-0.10806732951982326	-5.754183088711287	5.804851858340489
-0.1901881880760854	0.05963197904772988	-0.019238975591084034	0.5327453429084179
0.20113720783656763	0.45276648110303575	19.399906188193885	19.412509722236074
-0.07306437552656042	-0.6299354319539581	4.3067705188999374	4.381112792004758
-0.22164544766991054	0.6074085366388247	13.622683624053378	13.638733839356444
-0.5249648903028612	1.0600098887592422	5.722588443370939	5.8452294546425385
-0.03703944729138475	-0.27960276328488964	17.780676989504425	17.807649323363385
-0.20274139100238836	-0.3344952438538324	35.25371796875482	35.268405316163545
0.25756912659409026	0.25410545748002683	9.507236620655107	9.515142636057595
-0.9669868522635693	1.135218459703133	121.53190289434062	121.54113166096504
2.1917677550706816	-2.767778508483271	299.80108948130214	299.82190910226166
1.3131488727105536	-2.1696284483509656	249.77024192737912	249.783155716738
2.382811527245483	-2.072789727816342	285.43761102045625	285.45550923574376
0.36987468418112474	0.12054186918444704	15.213903020326132	15.219515843843821
-0.10974780378181206	-0.06518495792805767	0.6333221222744342	0.6609616892356219
0.367870531875104	0.24613016954160424	1.3101726114533236	1.3899427489228007
-0.13807373924669356	-0.020946542231115528	1.3072311932273246	1.3220575980446307
-0.32587246003959547	0.2399957650184668	-5.2518366008162864	5.269255952600198
-0.10962397035142751	-0.8968460660107717	-2.694530650969839	2.8454042761812515
0.09678416766040832	-0.13832509711864932	-7.3363588616840545	7.339628201749238
0.18985477923942698	-0.02828501807842517	-4.758720226537884	4.764634598666357
-0.09114659587584849	-0.016517734962446948	-4.611104807538731	4.614146494045768
-1.7973945791088575	2.859211190779093	264.51333946000057	264.5349352126726
-1.0868618604352211	0.3071229170615009	149.67265321308565	149.6769144291612
-1.0796367983565616	0.7680999872803997	100.5907489535757	100.59957180839797
-0.1663087625917854	0.27574394679601194	102.04712782719221	102.04773133633553
0.10762721824170485	0.2523556330878815	80.53851549530651	80.53910370097425
-0.5726401691171314	-0.7884592809663846	426.6395397829052	426.6406754761613
-0.17526383954745522	1.1182104540201723	-21.710903920349164	21.74599229775376
0.0044666573257826775	0.449083948259703	-17.24722844291669	17.25363918397121
0.41117273192396386	0.40354640698686867	-3.5944794311912256	3.643031002369679
0.39931299080506666	-0.041782968959017217	-1.3996271045837847	1.5374890748900643
-0.09109784821564766	-0.07075397807813201	-0.5866976413396929	0.6140023213449285
0.18088544084698505	0.05043863162547133	0.39101300001785166	0.4556693421260845
-0.10922894486114468	0.2324233304584014	0.6081497747112642	0.6747425437292478
-0.24229254323048255	0.43020921823264696	4.270836628714625	4.301547505494731
0.28038082888097116	0.2853469563043147	5.117566393393306	5.135075644074262
0.013843374412711452	0.18678854676260115	6.718352903735469	6.7209632746614245
-0.0005193719129382916	-0.0242949363339578	0.9403371159070643	0.9406510539148247
-0.24096036734092885	0.1943147644738732	1.5164228021417734	1.5476944921970612
-0.8605247567216646	0.8474611285989496	4.834676466870821	4.983250922914841
-0.0005063639107609832	0.07059055514244422	0.9373977873293706	0.9503566064745006
0.09664306846557673	0.6225890721195608	6.006849028299985	6.041413085453901
-0.23735217586507884	0.040164934526395996	1.2749599061815207	1.3049719631562164
-0.3125665304361812	0.2386520344485362	9.438700800962176	9.459986318789227
0.1261903066287142	0.02942230633696591	1.8528345907539567	1.8625964327227789
-1.3657747851647875	0.44022474096228287	164.95424116653226	164.96315833905985
-0.2030976614803171	-0.027363478198025884	8.586424731199582	8.590003892286294
-1.052216913482031	0.46219908127018894	120.03112621633723	120.04030506863482
-0.3351009746532856	0.5523364025812552	40.752722870184954	40.75808225718949
-0.6532563759804233	-0.031328718384477594	75.85909345945247	75.8620410063966
-0.3411507280769852	0.4059311458364717	22.6379138221608	22.644553118110018
8.204260096027689	-7.980164812838934	1028.494313250572	1028.5580026341315
0.17441813567045972	-0.3805147799254796	53.47953270968067	53.481352935527845
2.1658390123013436	-1.841597323632052	228.5583247444491	228.5760478027029
1.4784272931801086	-1.254485356378014	169.3039247884309	169.3150847069515
0.7492840622488317	-0.29249302172928127	77.65125066728461	77.65554190624177
-0.7270172039671764	-0.7798578535763545	21.217618719503452	21.244389292537267
-0.016456876804762346	-0.02643306109528206	0.30688231144144856	0.30845792028845753
0.0747585917569057	-0.04868107518343029	1.1500755788939405	1.2547320326231908
0.2036544960710836	-0.4416750807767736	2.0737581214734875	2.13459704909999
-0.07943614886438795	0.1334426594029826	0.018039667112078474	0.1563408925536126
0.02805991107603007	0.12408466319559089	-0.06422744406480191	0.14251149715393213
-0.09931890344325253	-0.2688747237096099	-0.17784737849589913	0.3650579906931949
-0.021136222580284414	-0.3605515740080437	-0.7709345087313368	0.8627073542502514
0.016706257509956662	-0.12951361483204496	-3.7699984896167438	3.8871959148053477
-0.0864771914615213	-0.05074122217743408	-0.20266964928707576	0.2657211845398832
-0.44825051449194353	-1.1082555659704942	-25.369240654027536	25.414765827567848
-0.0977063922971355	-0.013284033786097993	-4.878102243520241	4.881094578861032
-0.07666794976451649	-0.06874576648674591	-108.96926191218685	108.96939994983275
0.18818211000875734	-0.10900923136122001	-273.1952966452728	273.19541885691
0.04968662711355859	0.6918822746763893	-3093.0204139795824	3093.0206344698154
-0.24072691216023756	0.1941802948463858	-1370.8335909687528	1370.833632963353
-1.2875936917747162	1.1969932348015015	132.96206433985887	132.9736862835502
-0.08644333158699692	0.0411218988681557	8.215583035140977	8.21614070397036
-0.015560699071159069	0.16652659237933187	32.40578468875444	32.40621629464379
0.058855184149919755	0.08973103009635225	9.8885216166439	9.889103870083334
0.5911627058865508	0.040754851751000534	-8.588710853286774	8.610259473966993
0.11439886948209446	-0.14043312684059617	-1.7415483879175548	1.7564962672352142
-0.22624754083697027	-0.04304965872565165	-1.4121914614099698	1.430847981628516
-0.02152096662540326	0.020513038334164426	-0.047530495656290694	0.05606322113046394
-0.06696762991996585	-0.07965744571429192	-0.0383638810419455	0.11091329714431639
-0.1224934514245377	0.03389646791735698	-0.11538441397161248	0.1716600686436436
0.08352460875501384	0.05541644710452208	0.5142074084363396	0.5238860580013397
0.12440830602413727	-0.080227203879442	0.6377759098584147	0.6547304346414925
-0.032155951385672114	0.04599283835137759	0.2606392499556677	0.2666123871964441
-0.02269827045920607	-0.09047364450031373	0.28362681083595476	0.2985713644273055
-0.03875178923527978	-0.015130653904954511	0.037949268752587355	0.05630972256531866
-0.01565148626908255	0.054418675162220265	0.4740166940966876	0.47738683215102945
-0.21231053044481832	-0.2932781047376041	2.807423999981146	2.8306743584747394
0.011873407012749117	-0.0917608370784801	0.7211938370902193	0.7271049303039746
0.08150303198534453	0.05085784401280459	1.0809211649513728	1.0851819337605415
-0.05038786313407796	0.04637354765819045	1.2505688320638781	1.2524423525269488
-0.1364980519612263	0.0984407324071424	2.294865843700875	2.3010283650079137
-0.041603538598685964	0.011728001092846677	2.4444190191447865	2.4448011660644973
-0.08135450734410252	-0.48495827395575936	4.384705502814419	4.412192814208645
0.03379491445224444	-0.20529319969697782	2.4209930952602696	2.429916657291472
0.16623487151120464	-0.3777415030851905	2.587651476984956	2.6240698593790963
-0.19032135093579522	-0.23174359370693912	3.152992537654107	3.170294787121336
-0.09313405607988022	0.050392192846831246	9.298254669942832	9.29885763051653
0.03411682718367282	0.0658990084992511	11.72467778879101	11.72491261750754
-0.48218771242328107	1.082921174175949	121.76663742560513	121.77240743780288
-0.1293142424477246	0.3009396714657707	41.74992787515659	41.75121273017035
-1.2258451914895738	1.4576534576878821	144.22618861573963	144.2387636270469
-0.17274995045826147	0.2902522725924047	26.752587180193576	26.754719392305084
-2.6316608375157626	3.4567029956716544	356.13668182062884	356.1632070446873
-0.6829982453700287	1.238790595560619	121.32723065404852	121.3355573057973
0.19372970565556358	-0.1556099729960216	17.754805379401706	17.756544137950403
0.23491728064722533	-0.21460929561296296	36.429369805809095	36.43075936247974
0.5647991421256379	-0.5003974019253393	58.69773137610001	58.70258141114066
1.0356730413237103	-0.6890499346796943	98.74793680228754	98.75577163472312
0.015582320201339817	-0.32757714694942214	35.7025579087405	35.70433685993585
0.6560290276008313	-0.7275185640215064	102.47033653772185	102.4751140876892
-0.11075632070071667	-0.06696411996269953	1.0130052806192116	1.021239861393956
0.005970220887573126	0.03400271072131643	0.11367535335916709	0.11880199423905079
-0.1432581787156188	-0.11919048110557476	1.3864285864918424	1.3988972449743626
-0.0012261965139835351	-0.10295877591580581	0.464872527387457	0.47613913913432265
-0.20379631915624308	0.11514847270433576	1.24320884075884	1.2727293966545725
-0.13889867691654328	0.06850727955699921	2.278597667115961	2.288115644649056
-0.0062056808328340984	0.09999251274650717	0.22833225152945139	0.28574886713418124
0.15219893318124483	-0.12965888320175387	1.4751650403360494	1.4951814680446962
-0.0613628438482475	-0.11258332676738636	-0.0027519844117371295	0.1282496685740705
0.058740014033681336	-0.0489818754919877	0.037368232953131804	0.08512342926262534
0.00882266346392769	0.03840165125242135	-0.20990566027585905	0.21357179688656144
-0.2293652934686504	0.058417683095499676	-1.2260814494110694	1.2487180563026048
-0.016378113669533047	-0.06876977427657915	-0.5411732590109514	0.5457710332455893
0.038938739523274764	0.04691279966387376	-0.8946563585401834	0.8967313065151378
-0.15222690283887122	0.04361606014910822	-1.6519955404502091	1.6595676112524689
-0.0126932113997603	-0.051863822633539725	-0.4218394096851363	0.42520519902431425
-0.04722302311925217	0.0853190632508924	-0.7388936355364397	0.7453007185712298
0.02230519472435387	-0.02732241040329801	-0.8036022270984781	0.8043758917443856
0.1680515572631649	-0.04820989610247496	-169.78009423245686	169.78024161511493
-0.14610455216757443	0.043632271388247754	-475.21437090553013	475.21441586429074
0.01217385167733838	-0.04695887583076605	0.9565925075605618	0.9578217810245045
-0.10927534188564941	-0.01672330599309956	0.7634480089442576	0.7714101578722666
0.14748046067474396	0.09756280308584332	-192.75951239570574	192.75964403318955
0.00583750995754756	0.8016564662924492	-675.2243764488535	675.2248667797227
