0.09712235044648536	0.3406398747039372	44.34505873628888	44.34669302648175
0.0752771619079092	0.16852132809847722	77.3464176946392	77.34676383707094
0.09726848635103749	-0.006030881053955994	0.4143202017937183	0.44792694100455344
0.004172631522012429	-0.08034898689027052	9.72368429423773	9.725018735686506
0.017012661130401514	0.4491459054421496	-0.9953987162817389	1.1010539788264455
0.6567055620643476	-0.09358976201571131	-76.07884464295566	76.0833381456688
-0.6968972904430655	0.15573829481435558	-343.35129524986326	343.35206617959005
0.5397228039286688	0.21843274710862248	-100.74360676008637	100.74538598062897
-0.3380213023006171	0.0965838442069849	-638.6682807077841	638.6690666688576
-0.6419248527805065	-1.065259170625833	138.24711634805269	138.2527811761996
-0.32407599658158104	-0.03142382766395965	27.77343004746187	27.77568917407205
-0.46611371167421567	0.21105327972600235	23.79379166221585	23.799701824370114
-0.32396492848603853	-0.7421442702227246	4.583354514467181	4.6564310134372295
-0.12698873645817915	0.1018765181058148	0.49066920646015755	0.535482043766969
-0.1761400136768734	-0.27507208637647973	0.721453431340897	0.8041547087564388
-0.27417308082615194	0.2284788847959283	-0.15960240986120144	0.4151219015913249
0.3570595734669322	0.3962058041162618	-2.404033997024286	2.6351851225233425
-0.25186905759102785	-0.09346614129065949	-1.8621272975869325	1.8865767408345653
0.13564651058080696	-1.6162037853016389	2.9504732041035564	3.3697606093740853
0.26090113070153065	-0.20639718073497826	1.353773526327849	1.4010181089846145
-0.09897452571530505	-0.36818618022349336	0.6602950781125477	0.7751299214504573
0.16167412182720142	-0.12406809489638368	0.781743397526919	0.819837751214681
-0.12327988645806134	0.013406600772680466	0.15613123775762494	0.24338121466768642
0.23555601293766895	-0.312774598313776	4.068976615593709	4.090154650832884
0.012270775685937811	-0.022749453643189144	0.056566052246099216	0.06219186316317115
0.03008345107014153	-0.016634175779316696	-0.07926845293029404	0.08640137419109142
-0.028992270286793662	-0.036384947324904146	2.810067558249038	2.8104526500284486
-0.08850305472694035	0.12501508843628933	9.09900374302625	9.100292889717256
-0.36271742882003866	-0.11436516281198135	6.572455728800087	6.58345028314727
-0.0027179562052759496	-0.017993643024007282	1.0069559662329945	1.0071203882393767
0.41846792804139793	0.15090262991961265	13.727774160921648	13.735688923701055
-0.22747231783830485	-0.06415783005183426	4.235111743766313	4.241701470486463
0.06513587330830281	-0.1906814602778111	21.781416243144058	21.78234825858739
-0.6385371616859343	-0.26605425615667483	195.44882365357373	195.45009762577436
-0.18138352059419752	0.2683520456052382	586.342294132218	586.3431343092773
-0.11054459074379806	-0.11632121871356356	118.47292781380008	118.47303649145803
-0.25566319116583075	-0.1203585785996381	154.0730446449048	154.0733669905038
0.05875756213683877	0.12483485592603116	33.80172464876043	33.80229437786555
0.15683418329003923	-0.0026251714579151007	4.605031034772785	4.60981501458507
-0.22768018994486294	-0.0700383586688467	0.24270042106273373	0.3400693090568203
-0.11733156386682633	0.08891174720928506	0.40124228014623187	0.42739602483901307
-0.3693801126980422	0.05049970857624866	0.7551771135669147	0.8421902166840707
-0.18541429540371462	0.43440074667102	10.466134171646821	10.47771572211528
-0.22945164953663738	0.04032265411126431	3.8204407917198844	3.830081148467604
0.07852476222668467	0.20640312208240408	2.1375166711021363	2.153421856308623
-0.19738815333936813	-0.019040209066854316	6.601145380801956	6.605597984741656
-0.49693080801344	-0.680206660520546	20.784529388551157	20.80206150883647
0.3032992339311071	0.3563150469008793	63.72406280647672	63.732706855951434
-0.4917473104254435	-0.2614395169779015	73.12584902819012	73.13398876531284
-0.03998716560917343	0.2164902221088618	14.957356788990985	14.959627966221518
-0.05138645319373815	0.5234406220325349	70.67351825929511	70.67561314614952
-0.10127624188284937	-0.041851849616551605	64.99220341735105	64.9922958010934
-0.3667829321550316	-0.4823956443773819	347.44605392833586	347.4465824060572
0.04301490726081095	0.020378244907467036	94.59807092501875	94.59808289965494
0.1575380499282865	0.21749291042183413	188.92643980206518	188.9266306736205
-0.010356691126951121	-0.06643819659415867	0.013935559909284412	0.15554831965588345
0.041588771067463	0.3085707250149784	-0.32806753228705954	0.47334301395087
0.03742401055588581	0.4022729785386463	-5.1840887795145205	5.201680532733321
-0.17170733133184446	0.009960421571690836	2.794012647725732	2.8027788136387644
-0.7121305348223098	-1.5086616114287374	92.65367291953379	92.67344088696218
-0.04641267636055932	-0.025297197911333807	16.902342067893503	16.903000953964696
0.058890443633924025	-0.28298030156928755	41.30580889691573	41.3174750578596
0.17083960497913958	-0.3349380076408228	15.438916185738364	15.444124527299886
0.27463015663707585	-1.0891768745612402	107.09266251968297	107.09855318136526
0.01426267288998656	-0.371856695554545	34.97304759324271	34.97502735931863
-0.09292136259428012	0.2329217009970206	8.941844876102705	8.945360623625291
-0.26679993582782274	-0.25901767393623626	25.743704964392453	25.74639038107776
0.5461268900276828	-0.3082236893720974	14.677562573228103	14.69161595259786
0.4356182591464409	-0.01627010656061001	0.4512133779643933	0.6427295554300485
0.20814731514175286	0.6691556559562919	0.5144015777608862	0.8804449811327818
0.07873247457654804	-0.10797186675252765	-0.6688104792350134	0.6820294595525479
-0.04863040541103826	-0.1536178528920677	-0.6732708684257825	0.6922839181494964
-0.1295026540635175	-0.7536522687280807	-6.602405033210244	6.664850699342667
-0.4236603138044308	-0.21473300624163902	-4.595591196134131	4.622178766809865
-0.09994027477689163	-0.018541584367881045	-1.2211593498963198	1.233305230513742
-0.4769700720118878	0.27718418802984157	0.9175708383558557	1.0706389527239597
-0.11931807383737893	0.007833753852095865	0.26641522822745844	0.2920192532610929
0.008706767163461741	-0.3247516923084038	0.7368988743354469	0.805331869758337
-0.07081693677564133	-0.08298006619242267	0.24533987857072892	0.26850025314081927
-0.27840436141180286	-0.10062370785690752	1.704890283564881	1.730400242149175
-0.19398760822508138	-0.19198337940933613	1.28064154450574	1.309401227900892
-0.060867051119589156	0.08992392830153806	5.8975665059339795	5.898566080218774
-0.17326399685999877	0.049570823055471745	19.10915377939908	19.110003554259958
0.37276372748989994	-0.3069311045678869	57.83232210201	57.83433789030628
0.02814070714989732	-0.060391198157383745	4.3796904203700135	4.380197161600677
0.08499550149308253	-0.17198201641228267	65.52930964858892	65.52959045400702
-0.010245736379267296	0.0024657880010506977	27.356585494592313	27.35658752436353
-0.012476970569299334	0.045786199384417685	52.52719845015244	52.527405312440905
0.12389257531282052	0.028772323400422063	18.100112559253922	18.101097526375934
-0.22636639099625788	0.1985178109500022	9.216325339100402	9.22229817373529
0.0004549856617721004	0.2616855814328498	22.60872328775738	22.61571276712332
0.5738241623987158	2.2056325624401496	30.159465903809256	30.24954691371396
0.5785673494192454	3.2598928279341868	34.8517398564789	35.01212836137658
0.017621181432515662	0.08064750271388756	0.008684790653415757	0.08300573063203402
-0.12659747084017237	0.06530806127273318	-0.02155265135423584	0.14407143808100412
0.04582328399026547	0.041402712149935045	0.013616806270820167	0.0632406146557728
-0.08747913169192803	0.007864585026157785	0.02214688538212918	0.09058109466846002
0.05035738570492154	-0.06491812194631316	0.12753937929867348	0.15171197093163588
0.049106870971605064	0.027394502137582415	-0.009111572522596041	0.05696458792813658
-0.05083938240455278	0.27363106077905597	0.23756734149862202	0.36591917409869446
-0.0011324849023483085	0.04398121228107728	-0.016740679268870337	0.04707313350681485
2.931926048021366e-05	-0.03991876437033737	0.02602285665736439	0.04765183812911403
-0.123281233992175	0.08050209171071471	0.08362098433268467	0.1693260713688262
-0.030514734418642428	0.08520665703563182	0.03899963206130392	0.09855097523994957
-0.16470803615562002	0.16703193998012306	0.36142461776828483	0.4308783592578249
-0.005138592500394501	0.008829155774930254	0.01820185447975745	0.02087262875359406
0.5368923050603328	0.23019009556546188	0.28453817031698614	0.6497713426250594
-0.0397718678020936	0.10517751082999624	4.119175436304371	4.120709937050432
-0.0010238246167285601	0.0040534257580348496	2.3764511958112084	2.3764549281799447
-0.047409888693815544	0.032292191866093715	6.290751344776391	6.291012893495646
0.012368601896438212	0.015211357641472738	0.7607524463453267	0.7610050277984817
-0.17061881438298723	0.03242300843459699	28.04421664782685	28.044754401162898
0.011191899124797	-0.046644844660927415	1.0033778738545067	1.004523846347239
-0.024978557979378382	0.08286579985399371	3.353811030713466	3.354927584744488
-0.039686758883346655	0.054333246068239596	1.9803987750431897	1.981541432484202
-0.23014847131672875	0.038303911110376856	14.54172406430932	14.543595644508569
-0.35892671846875945	0.37038329536459763	188.13368201611854	188.13438899126524
-0.002487633003588348	0.03384709441252533	5.898329288017913	5.898426926224302
-0.029848882686582742	0.026599099335436513	-0.3716690589997512	0.3738132652820854
0.004414036558418839	0.33569842016136153	-1.391721282248502	1.431642776840994
0.1228358591154842	-0.08617127227770259	-0.483186442808942	0.5059478974805184
0.0489430563375814	0.03269097333528741	-0.45662738030361827	0.460404916290235
-0.039802038231903945	-0.06054980775437612	-1.9895484855191814	1.990867564078077
0.07667737303117719	-0.46944021635951905	-12.669370519125753	12.678296529390824
-0.18789784014824415	0.43724390539563174	-8.528081146217119	8.541349768485182
-0.022153993719666677	-0.0038249241477847293	-0.2677601494461137	0.2687023020256298
-0.029728468937184643	0.1148853754453646	30.318628471701818	30.322943962427896
-0.11785813454091716	-0.044037000989551475	17.170637587791546	17.171098537036404
0.03235027058459967	-0.0454000708146981	5.733481097918959	5.733752105439412
0.031881294726397204	0.014902553514599955	2.2638641613832498	2.2641376822645243
-0.03468505299749957	-0.11200771315554288	20.36613668520859	20.366474222636256
-0.0384697685667684	-0.03344346739840921	1.0997991449745343	1.100979812663214
-0.13671735029616455	0.04167204658891621	10.04159876103382	10.042615887851875
-0.1180688780736954	-0.03946192740604683	10.767849658506687	10.768569253707142
-0.20425496724807896	-0.27845948466319664	23.543395090391765	23.545927719215648
0.04369972338906912	0.33434795602650835	-4.788093271929007	4.890796049225035
0.14825751507259816	0.06512479504613396	0.33540789018240624	0.39774334362992886
0.25233186585493866	0.03555646203681048	0.9603374864259683	1.003326220754425
0.1952865234943319	-0.07729830210969484	0.41430312901537686	0.48501414554575195
-0.8448497084099456	-2.398984768101729	19.013165184021993	19.188878789671126
-0.08995298051431772	-0.2871902454437611	0.3326109674406178	0.46976549079646185
-0.022121538632051824	-0.2391474389005876	0.19912990038684797	0.34177969824469623
0.5053917278743832	-0.479389935201624	0.03736555011577414	0.8546061287586968
0.12208293038312937	0.007899276593982481	8.285048497850466	8.28712706775369
-0.08746648282417331	0.7625466278101136	4.716274856351652	4.803758550162259
0.22387685981350702	0.03869791612524698	3.3241638061179577	3.368293830617665
-0.09195816103388732	-0.011626782548376006	-0.37147977045631947	0.4075150183875943
0.12251315962556861	0.3600406120005528	-4.316634081979654	4.433770303836172
-0.3134092961896837	0.23011248706844067	-5.255020589590984	5.271233093458122
-1.8623405179511052	0.8204812416942744	-32.489622293167024	32.55359485848422
-1.4617938076594625	-0.3860361690191123	-25.268408330522075	25.31398436443382
-2.744775966614817	0.42167574256582435	-51.754220214564086	51.83718460083718
-0.49333911971732064	-0.1352588664084608	-7.193335803243413	7.212852293726049
-0.7217455815427916	0.4222464176164564	-11.97497544366455	12.00494587172035
-0.9050284337346464	0.3021816759383378	-12.650154750247916	12.686854819901619
-0.31359780208365556	-0.6163177512994726	-13.04088637931587	13.059953617649823
0.3417531566941526	-0.18019320262665867	-8.468423864981236	8.528998661054358
-0.7980933101538825	0.6944198652930591	-6.45377183492653	6.5413930139701115
0.05641006067763099	0.08604449059925545	9.37961787248442	9.380182150850661
-0.051892075871616226	-0.0019324642679006201	7.78182810985082	7.782001365537069
0.036734041743870904	0.07655593819126087	2.5887445549611074	2.590136786414178
0.6541180347689384	0.47490434507055584	28.859768247701663	28.871086364240377
0.331948779241665	0.5157483783953373	5.566458569359769	5.600147086126959
0.4381263929714946	0.9523917718137326	8.668177660018419	8.731340605478586
-0.2550892517838237	0.4043858333979097	-0.23212157281401652	0.5495076324257978
-1.215256200070754	-0.11172736971935893	0.6152284983783022	1.6585018923931427
-1.3415423344521547	0.3787618659163194	1.9465611359789952	2.571506802480519
-0.5701669577686922	-0.03478361835791431	0.08618331690888548	0.5943127197449942
-2.36660235631894	-0.7141181357096263	0.14409570634288585	2.524926719663405
0.13365445278355073	-0.2936160185448615	0.43392062747151405	0.5584270542696506
-0.6286320925320504	-1.2162073654681758	0.7622047165042801	1.827043097012666
0.5289728882820139	-0.7162367834301905	0.43401333954930293	1.3643773738532095
0.14690243432174024	-0.07094312126473462	0.03572839850093587	0.2176454801365691
0.9535408888208579	0.585846845227919	0.48160920258928075	1.5377759165871534
-0.33660968195418145	0.053002202744347866	-23.802009800689238	23.80485802621994
-0.3798781538615403	-1.387000962157775	-32.70589693030332	32.737795479862896
-0.7314973658982273	0.14478263797275975	-60.06041461811218	60.06520568759436
0.07091247330779915	-0.15240155144232878	-2.024325215975589	2.0360813286033714
0.008479937814468853	-0.01920400694576624	-8.982436903049125	8.983545692285803
1.1179969603450182	0.4050181622710182	-6.546446571842342	6.655028130518792
0.3064156225358433	-0.14867332373852665	-1.2484263597331633	1.3015538603922956
2.138973195197618	0.7464155896526259	-7.813999351089889	8.13697783000443
0.2996916655518575	0.3484437323430759	-2.4815874958715938	2.527644044080706
0.5290446600589305	0.006231295220163413	-5.120467664640922	5.149620954100434
0.43602801457390494	-0.2700400290831848	-2.087217052931843	2.153833061718107
1.099336789862952	0.661491355501962	-8.184881783930289	8.286005176969407
0.9053689748729132	0.026569672647977785	-3.87586433128903	3.982738131942095
0.3947611803889344	-0.34085802556361067	-10.159194866387159	10.173531378103691
0.0698924511567705	0.3619214813682398	-8.557999489604587	8.567071095910018
0.5113206086761428	-0.23564184006801897	-14.221802698912137	14.233626650763751
0.05714053978410358	-0.5964219046588493	-4.476759066109196	4.51883122616176
-0.033088904495997565	0.20842126760308932	-0.4213242109622882	0.49145516177268767
0.2909373050347739	0.09662841480279025	-5.119047822472847	5.130118123364432
1.174415102457727	-0.049350450153444525	2.017995266249183	2.339545036821316
0.1068268321418322	-0.17271656642959682	-0.12480218265969945	0.2762215670097352
0.1932124009242643	0.6004853791365514	49.60687660106029	49.6110834352582
0.7041780397662887	0.6672720196684042	72.17435190828624	72.18255961091614
0.003193187650593541	-0.0670768809907413	5.816059474459118	5.818121440787954
-0.09506307023805195	-0.1413148246910596	4.16368316729129	4.167165029679693
-0.8096529734467937	-0.8217313429168449	35.88894280926804	35.907478278267526
-0.06033599882218761	-0.02216672166485009	0.98894542848677	0.9910322178557661
0.004181705977638256	-0.18162650697966715	4.38892539827127	4.392683897834345
0.1631174935864507	0.3021867221702821	-1.5926447101591512	1.6292456243819933
0.012187356889815697	-0.014709114650689026	-0.10518299843095977	0.10690347459598372
0.47665420650376233	0.5332379895924355	-1.5397906229657234	1.7681111648014345
-0.09917105377854901	0.82905860772881	-1.4844644772602247	1.7088849118955471
0.0985703961924621	0.12375994308654947	-2.3260522208786303	2.335600857525261
2.227268083696007	1.6624118021697132	-14.828835170319634	15.095112075355804
-0.12883525608328777	0.11203498050302407	-1.190554419831776	1.210805505251498
0.018433685334181892	0.7010273882202557	-4.878554075230557	4.930674279410331
-0.08917764048160483	-0.03646688449170462	-0.20385812823397226	0.26517995130374483
-0.5337686120598494	-0.40243360943058004	-0.6096043249614436	0.9154009827017446
0.26915232774435105	1.1907756041810869	-0.3530465815916958	1.2784800306288
0.06572946565526287	0.2593456813845856	0.5093224248530634	0.7580961812107785
0.5895786442627428	-0.32848371162898665	1.0352805265635465	1.5516639095364508
0.0020874479009779234	0.3360105258183946	9.08916082243973	9.096440604542678
0.041921787773297164	0.601277085383298	5.605044366185941	5.63908624703594
-0.016134647689642345	0.3842506608340761	5.8812203629311925	5.895433965321297
-0.7058541103087497	-0.8992064765733558	9.058756760505567	9.131667763528004
-0.32759031520062115	-2.1508692649206322	39.02512052114681	39.08597018732332
-0.019461197315434497	-0.31098269928221434	45.72136728777488	45.722642043368026
0.06751658781837436	-0.4123044129692504	31.844241466978193	31.84728791923573
0.7776177404610274	-0.22120487784933515	23.29133847881252	23.305783592657356
0.11781069203458117	0.16009744527975475	42.66611806922695	42.66680936551569
0.6773558291688252	0.4616709564407674	122.40283085659807	122.40565523081517
-0.2359990666802286	0.6534768830648667	93.15506196615097	93.15896101533124
0.3333679345615981	-0.5294416669437927	149.493480138323	149.49485451449684
1.7668509091821003	0.8762816040423516	51.59882879650562	51.63669474841374
0.22029918963070153	0.6510908659643346	0.017764662072423665	1.1632356703663616
-0.7618963500623397	-0.8473381311445196	-0.3592203144976386	1.519966768050402
0.054943741523347855	-0.05753927823266266	0.09787393205968202	0.18811877829962503
-0.19285691424776769	-0.1463013702801325	0.7194109807040462	0.7717705775530529
-0.0752752734383651	-0.35184132524535466	0.643893462076457	0.7506911884033498
-0.24836349739946836	-0.5154735168115908	2.1329055748841186	2.2127275814357166
0.08969099312391676	-1.0557000329757005	11.936435260612473	11.984177633428384
0.019905109653573394	-0.8724240968596719	9.232106846089904	9.286599622460946
0.2199041156004441	-0.39954492018526333	0.6185819141164043	0.768529470987142
0.10259948935804758	-0.1844622942619715	0.4717357715712098	0.5168052161122281
-0.5441171456104605	0.01133758927459294	1.384168440559251	1.4938520896722212
-0.11057901645921184	0.09118472878428464	0.07438856661308252	0.21343808794893931
-0.48548675310553663	-0.5557037085389682	0.6138206437717107	0.9598332052212176
-0.15379600903875634	-0.2581034134208459	0.16853291597839243	0.34449082452791274
0.08053313450163845	-0.23626319316678351	0.38480490856296057	0.45867275900381566
0.030995387461021373	-0.033753369620040524	0.2379228819733201	0.24229589714036912
-0.6359793160995066	0.03262538540953362	0.45009488902786354	0.7922116512072527
0.024811329749918953	-0.08324493793957613	0.1901191058991751	0.2513371860756479
0.17728995305252604	-0.12790897807531346	0.7878866445732732	1.2445514821503243
0.04900937177491338	-0.18754471554013596	2.7671806311869593	2.9283466627715127
0.15683443257625657	-0.0967717444249401	0.21535722224498616	0.3159435516569987
-0.19450300881296387	-0.1426286501975198	1.4378888301407924	1.4646427636246733
0.027910679777990454	0.35818128236779834	2.1105590305668533	2.14546313030348
0.06086542434993806	0.18450567616423608	3.566498114329532	3.5745119287581373
0.6542805118673921	-0.21596059738725248	-4.327401103620252	4.481508012304239
0.6100142832494879	0.03417577481512085	-4.892782546480817	4.932756454701559
-0.11973207392469026	0.17580757078032963	-2.894835755487321	2.9026398541186316
-0.15854620937800668	0.16646549569534722	-5.593533446570897	5.598255449662197
-0.07404617305950059	0.07690480021647783	-3.026207999355189	3.03130530041143
-0.13867839431149032	-0.12718051615252093	-2.2308646810910853	2.2431325397705026
-0.47409337083338327	0.09498440343897904	-12.165143047974704	12.17474812630027
-0.18551884618678985	-0.043161030432707206	-5.496909074234082	5.500208131265168
-1.0307943120176806	0.40354028750012927	-16.08684856340818	16.125494044036337
-0.7220090442724704	0.1780865880717702	-19.202248070586293	19.217149180929447
-0.29721903751279943	-0.01061507868766931	-3.9789653765875723	3.992505114478661
-8.330970308803053	1.3798702810855756	-146.22902386231823	146.47566118570728
-0.9033313236779985	0.2726423013692112	-11.897392621991253	11.934751463966299
-2.2445744450411835	0.6250497388204869	-26.883911532140132	26.984690120200916
-0.38570745182306393	-0.21464558252695312	-4.848245216358924	4.868297920468443
-0.46985149499583295	-0.10219267764938858	-5.201999263783418	5.224174586584774
-1.364713073740338	-0.1166112252490023	-11.001870001397494	11.08768069814612
-0.7152687000009945	-0.4952391189871594	-6.0978239899997035	6.161153162849644
0.13788792373159497	-0.5912859667930946	-9.512597004052356	9.53297507184632
0.08129403015494936	0.034420844972021164	-0.18023688537750854	0.24445579080481353
0.044252569968784336	-0.11716131928547893	-0.4788614222647567	0.5142694928915982
0.02385771244422291	0.5164012258513472	-5.008135583978634	5.1214267579373685
0.1861376500869053	0.009580646323084627	-0.9850392338996707	1.0121862925299343
0.024389078407924807	-0.10819547702463211	7.843355901047175	7.844140034375069
0.09571635775186199	-0.12064465815591528	4.421767086746455	4.424448092600598
-0.021046882549990695	-0.019123221109219397	0.11122999714383625	0.11480758300427295
0.07145762764201649	0.08318948274161961	1.5575568505814743	1.5614128299012797
-0.25041477995077854	-0.09808311532902457	0.1731342169309923	0.31984889651638865
-0.32500394039438224	0.01982416330873614	0.2701455638145578	0.4230829521163101
-0.38030397707984376	0.21998087612963235	0.41721826430468195	1.1179828110552141
0.10016669090508695	0.16910187926461467	0.01175731762083293	0.2413438023967815
-0.34068419918162346	-0.026238460906804956	-0.23495183823662735	1.027009411638254
-0.24425660671208177	-0.18078832259454672	-0.2019847160837121	0.3906703443319806
-0.9129680356613389	0.05186093007377959	0.6897074979511562	1.2472435870099656
-1.109634311311364	-0.47285086553439476	0.8092033519473173	1.4591662330176245
-3.2210829310833686	-0.6069608609353134	0.9834616500011378	3.42497493969619
0.0437166927399712	-0.018925986025609437	-0.05408293591299976	0.15707988740807105
-0.8948981268501717	-0.7970947455507238	0.6342947855398926	1.3630892673217032
-0.18283395465847027	-0.7684390382935182	0.4582285952234975	0.9237857115857674
0.09975921473786425	-0.3821766838133227	1.1241884946811744	1.1997043281780675
-0.2749797184781729	-0.8113726337622209	0.5576550292948075	1.0316968125328152
0.22953390875584334	-0.251726859677901	0.2334579373908615	0.43592960507727496
0.08465887378955793	-0.18473967746861367	0.11607257418376281	0.27248578076693997
0.04648323428113654	-0.07985942516811584	0.1177373424537107	0.2046462449337376
2.074564980183875	0.36688342364450066	1.7959052185866065	2.771854729706635
0.9231113083977782	0.028237481841988314	0.2741228539419165	1.3447772213366402
0.6536836217773514	0.08373756920628084	0.13745869959672288	0.6875237718590929
-0.20805343337194504	-2.1897695995733626	-326.32990029201613	326.33731352961706
-0.0029971964216898156	-0.9039472186861177	-137.98581476140768	137.98877564833626
0.2648520269916214	-1.6719516278900488	-203.4873860135613	203.4944749010626
-0.1104002139518143	-1.1259396930992587	-87.11849783143585	87.12595521766478
-0.25118524042568313	-0.40701282853124504	-127.47040730771194	127.47138099372134
-0.01241345482268572	-0.20965162524850922	-12.512925576039457	12.515466198038014
-0.13267489054972129	-0.21990772060511157	-14.049798690737866	14.052145931580114
-0.09876394715012524	-0.5125220229828711	-25.483358476855628	25.48870323106353
0.04763743836004748	-0.37112421811610563	-7.970301805479816	7.980300318041959
-0.3692381999928015	-1.623734139670035	-49.447589826306555	49.47581701013352
-0.24178576670825905	0.40062050104762237	-25.46780941889789	25.472490132004104
-0.41721471783113206	-0.5317100934371646	-24.921352016280558	24.935480460093586
-0.6557720699337842	-0.007839838477220251	-44.78085344350623	44.78841981262183
2.377718704047601	2.8451428766081928	-22.501273793506485	22.80472991627469
0.25765801415123035	0.32658962117809753	-2.2694227504127564	2.307233853125558
0.08992281716787681	0.4872987402492497	-4.021416367798936	4.05423427584015
0.5181142581195067	-0.21094827647865205	-3.211140815205861	3.2624908704541995
2.517529878589856	0.364490322407753	-7.627337187056925	8.041552227939766
1.3528111984566589	-0.09365441630959448	-7.291589552003619	7.416612938751244
0.895601985334489	-0.03168550593611365	-4.2742285131643385	4.367165702165255
1.063193855136049	-0.054911169186731945	-5.55738816402177	5.660162488887554
1.4715776422066438	0.7191605038744853	-16.102847086406356	16.186534424034726
0.8657538275915874	0.1112400321357741	-9.839947100166036	9.879571992434949
1.436257426943511	0.7795363336928363	-10.367010253994856	10.495946535845734
1.648354917502985	0.1958032450035342	-8.019595796202651	8.19077587070855
0.524094883034375	0.19213143324817217	-5.880456452794409	5.908539397531019
0.07686542829382582	0.09722629723296489	-4.95367148877995	4.957186929155666
0.2919872550194552	0.08508873464372085	-4.432710836053154	4.445323586739227
-0.1791142984878867	-0.11092378754405238	-5.728307018136123	5.7338788875850435
0.06892885590290834	-0.5583372868238324	-80.02692464519909	80.03441729447592
0.12973729831903436	0.07390066185506339	-14.73164125252448	14.733058978106978
-0.02596170606550812	0.02144262002467462	-4.374331267790841	4.374460862381554
-0.22620315484584752	-0.1839240949550595	-8.369771697042621	8.376010624723625
0.32980063668206944	-0.6999791440703269	-29.338820756416496	29.349354719041532
0.36738390327628967	-0.23592980349997766	-57.915939559297115	57.91775348393292
0.01664628483109476	0.14871792243420479	-11.832587071278054	11.83435637048033
-0.49925639255043397	0.40073641771910506	-8.83226382037494	8.856534909296801
-0.3466154021258301	0.376480098443692	-5.648235038262789	5.7486720496019315
0.0656892976344137	0.03382303493177495	-2.226434866824913	2.232028468149402
0.17931068192496918	-0.024016704147800313	-0.23232753147333948	0.3258603834635564
-0.2716075696360836	0.027079412338310994	-1.0384014476563754	1.1833838113862571
0.04614582567208591	0.05840470338001914	-0.1320199835058784	0.15155798444410296
0.4199936043073865	0.05333248320221854	-0.6870311585090733	0.8070011116386048
-0.021961357770504127	-0.17091859808098483	-0.06705504932870557	0.2316713900022366
0.9422589510165457	0.28778958019102296	0.005078237590834811	0.9950780605733176
0.8745540179179814	-0.10378208014003062	0.8278156973528283	1.216706235744038
0.2452867829461542	-0.14084642391845636	0.10966436168754061	0.30336379685622844
0.23336344772261422	-0.0033541165379499666	0.052268447993836106	0.23916885141343092
0.9612946462212918	-0.23036254861268413	1.4050478264556487	1.7235989905383422
0.4596480072069587	0.24387290330353945	2.6083020057225466	2.7058465123970517
-0.05444916476366693	0.9794473623102405	5.506101670555974	5.614895650471097
0.07189170628611992	-0.12291285665319583	0.5250750449012476	0.5440402471705801
0.6882544299862486	-1.62858635855237	8.305626669399837	8.491726683019442
0.19003253556453692	0.1918602633068828	2.342305137929221	2.3578201976357103
0.27603081098640647	-0.2106223473079165	3.8776504669805383	3.8956652462414803
0.39417858711136755	0.6623687682618391	18.01784335334327	18.034862573200336
0.7344724554034805	-0.42992352434250003	50.5356107061047	50.542968979358484
0.28395736235629043	0.6731198502365907	58.05375792790403	58.06048697160746
-0.029607395880695428	0.16611422608959844	19.92502300627825	19.931852203875025
-0.19207392695611214	0.33545859879099366	30.9178055795	30.924162828750603
0.2074440421142497	-0.09997390481889917	22.6333043647951	22.63490609802935
0.2786477853207666	0.7118721121854994	33.68318754145718	33.69215055810846
0.20608864234601978	0.26858281303348186	-0.30697186694189726	0.47782922467634575
0.2537344437303008	-0.12455066936413356	-0.6727548528868296	0.7297212681955753
0.11540360177015177	-0.005450166940326406	-0.5249124451846701	0.5374762978317748
-0.07480750466878995	0.012809062950658694	-0.162531623452651	0.1793788267064963
-0.5193079984086008	-0.20992466511805274	-1.761768418943875	1.8486690142435112
-0.12132195695150165	0.23520566685737873	-1.3554544559082875	1.4666347355091511
-0.26824577740616423	1.0033399996068142	-5.058142900808327	5.165552859259589
0.2297051652115353	-0.055343786203374795	-0.967030490613209	1.0052139833248477
-0.16432837599418246	-0.22970118783005022	-2.1941046624203766	2.2166058525146632
0.2460217440914596	1.9030108477125807	-10.279064108326281	10.457562608612927
0.23441615677508337	0.03155853657278701	-2.9904261577804307	3.0030110332506683
0.949884922794545	0.9793642947982368	-6.041051970982974	6.194773965972877
0.6020721871424968	0.564501009859093	-4.713668602267882	4.787410968944334
0.2329029792311338	0.5563221672877259	-5.662250855205759	5.7159809841293905
0.23963078002323915	0.30120773483559055	-1.599813330971477	1.651372607594478
-0.44238206653628287	0.1906430824546629	-4.391850896893963	4.4203937339482575
-0.3231568941863047	0.649871850938557	-4.186378774008733	4.251118773366995
-0.5433069484732673	0.8089117248379308	-4.274713201300932	4.386590174282991
-0.6465956105165936	0.2857298525976931	-3.1215621590139166	3.2390574951507807
-0.18958389642283968	0.13173607940745669	-2.597142603254408	2.6544419116152453
-0.023657217101425317	0.11324445978963704	-0.7894367191783483	0.8099840060649998
0.11304800942991768	-0.17612432328234526	-0.48972030707530345	0.5505500828713591
-0.7209767198042627	0.37731974059216195	-1.072938869813334	1.3538298343575403
-0.1843776614240938	0.12785907096498308	-0.08938714908467466	0.27894965743254135
-0.2148033739710999	1.5685197534250443	-1.8131751897751123	2.411115667086493
0.2757882155755471	0.5342895843250566	0.4314235232654942	0.8917771404871278
1.2713954013769244	1.8508236561990978	3.373673200383316	4.160103018060152
0.5166966108775132	0.32853560829728123	0.814397524967965	1.0284134125853863
-0.39153771998899306	-0.21032198888613224	0.4096090467471742	0.6203196605463397
0.06014927221786112	-0.2973341141049393	0.03279397463478133	0.3051244912019586
0.07920781714022933	-0.6954825134610414	0.2776635310406878	0.7530384062557436
-0.18946482421342187	-0.1793739040756065	0.44126896432113455	0.531290881580509
0.3030267932922574	-0.1700374546428114	0.5754551247981198	0.6865612565465766
0.29197931538410904	-0.4336448616352879	1.2734147391053332	1.3836056769562508
0.7000897581689154	-0.7110402498824824	4.403857086315672	4.517647720666001
0.050508147970391326	0.10344479684735543	0.6608111521926486	0.6707632055117255
-0.0876704108705082	0.2476798700678793	1.6053524773435097	1.6267107903656348
0.45521544334533864	0.25887995844590905	3.075663378278195	3.119927106396349
0.43465949843906587	0.10602512760982127	2.716236846846936	2.7528372301022386
0.07920787034636032	-0.19517243206524404	0.2653081040074993	0.3663800484676016
-0.44342641203480215	1.4243737468406676	9.706818376979374	9.821775315193452
-0.045620756944852445	-0.08418554920541038	0.1778962858132791	0.20202858378308192
-0.09176747690990285	0.03906098495492217	0.2601421019257506	0.2786053545041907
-0.2642876818193357	0.4888970697510429	2.935178872141227	2.9873304696730223
-0.03481913060431243	0.0684680690368387	0.2085896747440919	0.22228337936858786
-0.4730488038819219	0.08304429947674646	2.910391435245258	2.9530542862904925
0.32757558397081993	0.06820520633340948	1.4230468596741463	1.4685025921370574
-1.0119584089844917	0.2281504644035803	4.981386143541133	5.112146350544514
-0.18151250673640174	0.06515467860622376	0.29507152671751946	0.37912915085155385
-0.12481845753198209	0.020342986325675355	0.7355658177517513	0.7592959512456999
-0.15158693587520755	-0.37170118909942995	1.708800188087063	1.7608572460061453
-0.26653948857413157	-0.23334244070566462	15.520384881232703	15.525054545479078
0.08643360969884506	-0.09038162624382504	2.504808751483247	2.5118093625223863
-0.1534500807229855	0.117966287740089	7.090694543578048	7.094708723234845
0.03293293441975143	-0.07095723903594023	0.9547858881051001	0.9579851773726686
0.0736721034785932	-0.37869309482954583	9.711143997521452	9.718804133199693
0.034272922385387525	-0.18096119412131545	4.6548872142858935	4.658529442292807
-0.11035033126389873	-0.29802572050722526	9.402768292895962	9.408137334009508
-0.036521174509606194	-0.00025745464298988557	1.020965599872408	1.0311083374181769
0.06713035170806982	-0.06475790019586108	32.18640963863417	32.18684739580161
0.03239903892888643	-0.48015919724264483	28.75657078163368	28.76059744983626
-0.04346914710434632	-0.5476927452376595	26.41322654562352	26.418940051795552
-0.0223165337048761	-0.00908800065153613	0.7337933085382985	0.734188830675072
0.19379698973319762	-0.17976441306713328	7.108768454387726	7.113681287177081
-0.28466390053375606	-0.1825253547362642	190.44412840968826	190.4444797691761
0.47147704244004124	0.2965649586774791	72.67173200138552	72.67400053143051
0.15806016186934774	0.24855791406352076	28.828717243829146	28.830559858611235
-0.8563422407469252	-0.32035101078433825	394.65908856325996	394.66014763640175
0.6332024690585828	0.4263208977950279	25.27679372203594	25.288702527531427
0.7641283687657079	1.0733011133618409	28.553967548190247	28.58861049665405
-0.8739732187200434	-1.3866777274799866	0.1734507460377233	1.7206130914967424
-0.4783293571505133	-1.750472676862731	0.2842056852885818	1.8420657487737382
-0.19399670975428301	-0.17581462694323138	0.08289836727566749	0.2746227334720245
-0.07652946581839437	-0.17347295485814837	0.15555173635409958	0.24524674898648766
-0.09731383572266844	0.017369415173616034	0.42510254326521285	0.4364445571857713
-0.008518396186580313	0.028011027384960478	0.006201535167672037	0.029927241222478546
-0.012687977985135913	-0.08484946744454225	0.5900757001596002	0.5962799248925089
-0.5028907922934968	-0.6761460093856092	6.576159588399452	6.629928167565597
0.16407261636236276	-0.34874326730607424	1.9315253961119967	1.9696020018665985
0.024420063705479222	-0.2358439589151545	0.8784491990655502	0.9098855465425632
-0.2089469361964333	-0.0853784120917534	1.4756417768711139	1.4928050606306653
-0.16108489387400426	0.03377668108180634	0.7299772305796745	0.748302054242852
-0.03665208651895634	-0.017092259871732393	0.25386982455178053	0.2570708241159773
-0.19024503445764554	-0.0669457727196962	0.2890034569033021	0.35241723528069213
0.21615849159836528	0.11601101289203622	0.030858006108951546	0.24725546534573678
-0.003045912487495493	-0.013452580872692525	0.028194664466696023	0.031387714466131277
0.18975993150932421	0.8041637418797042	8.25524440366953	8.296490120507436
0.054859392333845555	0.17842091201275012	2.6119710520693484	2.618632534667467
0.11022777507662487	0.3333058457994306	3.0914055531472258	3.111274858200721
0.14912574874986695	0.8406511736604254	9.192695254444029	9.232257520552306
0.01472052424286541	-0.021526576433658552	-0.10603101147131529	0.10919094614742159
0.04965952379383747	0.1750553173149859	-0.3383975684750042	0.3842178376565516
0.00646359384065227	0.0237169815187418	-0.5847240709837033	0.5852405594671749
-0.04938333048344841	-0.17704761777184055	-3.6518043386799106	3.656427149594223
-0.13755234109714998	0.17345574248122683	-4.6894207346608825	4.69671738054446
-0.04565987293627091	-0.08521317039965517	-2.7391968397272297	2.7444535376059402
-1.5200474672722468	0.2563326166806576	-33.43312046508577	33.468638973613366
-0.3447837182007338	0.034712021419721226	-8.927586110611742	8.934308842834742
-0.5469367885201524	0.1640317567998838	-10.99985935519479	11.014669858962725
-0.45171917886640667	0.2546464628738412	-8.932752603784206	8.947791018906477
-5.830697983629213	1.14924959248645	-105.02073895347603	105.18992841355293
-0.9793968200982399	0.038178713684356276	-16.42585178729763	16.45506860160923
-0.6808937625167819	0.00038496371648743047	-9.715246989085433	9.739078011956003
-0.9536945345150442	0.18184829717611833	-17.456258314539305	17.483236439866403
-0.5878811724079331	0.013375878270965563	-11.309865927979455	11.325142405102987
-0.18129840039754236	-0.29691179510066684	-4.09769929464794	4.112440301501634
-0.02645693363986915	-0.0012604552791976188	-0.11279140967549367	0.11585965726567773
0.06331998137224959	0.05476546151476775	-0.7469268041392242	0.7516038361780376
0.04590881133916858	-0.06037976733484549	-1.567562888852809	1.5693969369699143
-0.5279452545888933	-0.31262533198758935	-4.076765497440147	4.1226784632277225
-0.04687041906907951	0.0067430937546634415	-0.48391340788097853	0.48622473386704385
-0.11868099767827008	0.03428241078514945	-1.0523840551581638	1.0596096745737515
-0.21095461791550976	-0.11108782281097551	-2.5973351490131242	2.6082546331782464
0.004868003281947475	-0.041952123868693764	-0.6023260864325444	0.6038049292198531
-0.306163729157133	-0.8309460675282673	-7.526171960193344	7.57809157839839
-0.6549635514777639	0.1809214231099432	0.543211304809013	0.8699358233667603
-0.7987376763174887	0.34389621989960717	0.5768571920485887	1.0435567572722064
-0.8005897669879078	0.13355302419777204	0.5512565050299953	1.1001271888813624
-0.3369313342554771	-0.0742826272324183	0.12431776245197085	0.3667363341322905
-1.257658025197943	-0.06961502440419345	0.6262491583702617	1.406676213038042
-0.5921641074728652	-0.7538294346780852	-0.049165379598884326	0.95986164696654
-0.035524592993547724	-0.014743415691960783	0.017137649881620243	0.04210776718241151
-0.15102017534957674	0.12363143771586271	-0.05817928372602589	0.20365818129695049
-0.00841301242295802	0.05096107155577746	0.04557803063901145	0.06888516871629613
-0.06461985746782582	-0.4276678230707976	-8.27667123608181	8.287964903584788
-0.014337958150446849	0.005812500178893202	-0.1791114427122083	0.1797783944546795
-0.09243297149061402	-0.07327491752252598	-4.534762356597177	4.536296143173118
-0.3888378420590559	-0.11792674533743283	-9.608880780803963	9.61746803708683
-0.4066510489839278	0.22128850760795138	-24.25409994922852	24.258919551606297
-0.15907610743791667	0.4640978003052736	-16.35707312112951	16.36502407120391
1.0384987111088637	0.5842689580867954	-5.489973869347809	5.617798757029337
0.09277194104642592	0.024993111795515402	-0.47407494706414083	0.483713350278461
0.1481803958963044	0.04207369611989126	-0.7466084480943755	0.7623333008075053
0.759168127381862	0.3806074782351306	-1.9974209067312505	2.170458149047818
0.4877145480288873	0.3677522995917881	-1.3630483092283667	1.4936558932713988
0.5983846522000331	-0.19382955869280663	-2.5614360940414262	2.637534635539371
0.054498326426473225	-0.04033659952510274	-0.2339567698633521	0.243583948835773
0.11677491359075515	-0.04339847329972843	-0.34098196211536436	0.363027226992576
0.13796877351406628	0.08266749165030834	-1.5434775847850035	1.5518351559925683
1.093246776665999	0.9253794785731208	-10.913874144690311	11.007459495278397
0.4369681820053674	0.10828661325214557	-3.549987963438957	3.5784188859405717
2.1480299480144964	0.36536101334242405	-15.313158445661516	15.467396125708175
0.8103077654801633	0.8185898178165448	-11.46770771822846	11.52540707633995
0.10416245999933675	0.1433130123679705	-1.3622015305287738	1.37367443281224
0.345213029825143	0.2928788765263671	-3.0530147282417546	3.0863974149706452
0.9926832615680866	0.8534717906219339	-7.394302803735071	7.5092974444024545
0.20246723699286756	0.23301582401556498	-14.118072408848098	14.121446735295045
0.21842251506737964	0.10448782220421922	-8.37307203630358	8.37657217632644
0.13788700558019656	-0.5863703580925781	-42.57625787091891	42.58051875346451
0.01549708409962873	-0.09687578870165395	-4.025317084404361	4.026512474592595
-0.002340776829372823	-0.38232523278457453	-37.227837981080356	37.241655314893414
0.2503871478052004	0.03543310424414593	-12.035954208883627	12.038610507322105
0.022666033576117725	-0.008692566076376747	-5.192938545094554	5.192995286240095
0.8945389272108885	-0.06977432964541597	-2.8828665399903457	3.161698662059524
0.058090537584961785	-0.0843882495097201	-0.48811126352042034	0.5179075957038339
0.09289413587651123	0.4033408567699466	-0.5603156823767871	0.6966109611092283
0.013364127587361642	0.0009231321712129953	0.0022505642338643272	0.013583707835033829
-0.02910069855945455	-0.17857780467402148	0.5231365798253451	0.5535420165897083
-0.02956176377515566	-0.04816594763165659	0.03463571570384616	0.06628340056960902
-0.27999158216965736	0.16906036142378916	6.683400088710247	6.6928538922168865
-0.04166611764105338	0.6003943205951714	4.215298273272589	4.260331996818687
0.017922092086453116	-0.07016394345880006	8.179293008136161	8.17961357848227
0.11022444777068624	0.007535842736224901	5.723156556544884	5.724222845813638
-0.30295157684655527	0.8057231050862909	-1.2870645297680103	1.6263825490550052
-0.20719477348201895	-0.3953151196045288	-2.4059563987919987	2.4470042727454255
-0.15834511757746775	-0.1451232868186312	-0.8817052046058891	0.907489951716699
0.5507587123199922	0.11921759467024831	-2.0964279514009667	2.170842727949353
0.8080378313585108	0.28072000197981983	-2.716578141949116	2.8480740260277333
0.751535923617479	1.0748246273914812	-5.454664170487325	5.611853100521519
0.2321072980717393	0.13753678758964186	-0.8649119268572294	0.9167020191308226
0.5819139901140234	0.5293839278867547	-3.2036034967500138	3.2987795621084097
0.9180772890826601	0.9357921979328658	-4.715270232401444	4.894113434628643
-0.028642442616961687	-0.04130617618707197	-0.21448675195740236	0.22029788123243407
-0.20845741671563844	0.07952032162976039	-1.320229986121343	1.3389492867132122
0.016669062762920486	0.010048447968065498	-0.06205544113872337	0.06503619557510011
-0.27182345830402416	0.18062243215211723	-1.1723098319333327	1.2168906267731976
-0.13430034536706084	0.057616412587879154	-1.2365821843381957	1.2451874286178088
0.029001161127211097	-0.009750651555208996	-0.3445322811105419	0.34588818320334525
-0.009692695277231787	-0.5425441470047307	0.38075469879506796	0.6628893123631961
0.10375831837209021	-0.37181833948592713	0.2991259350857201	0.4883553944110608
0.017237519482926802	-0.5011561258916182	1.4872391061357553	1.5695014346651934
-0.13003608239653086	-0.7875160567880488	2.5754544764882144	2.696304263781671
0.09435655771516832	-0.13049909574160565	0.3556305132864264	0.3903924127766827
0.05406301789425412	0.021116528016130343	0.2567901636888431	0.2632677455113582
-0.10760284829526995	0.01152020356095821	0.9366917316460228	0.9429223129109662
-0.022372189996943327	0.10702360082211637	0.6373415725164646	0.6466520285872078
0.390337333412382	0.07110826645892268	2.034131961730536	2.0724653090336638
0.08331474865858371	0.08598299746221702	0.6801409296052116	0.6905983690401186
0.038861775947697394	0.31644852199855583	0.8835105067896394	0.9392767006120001
0.063879348414823	0.18525699582544325	0.9064149382094725	0.9273557924903754
-0.6032115130351835	-0.6690091827752236	3.7675859747172287	3.8762896277086605
-0.15537233833344277	-0.17213711869665238	2.3203781113045707	2.336109183123459
0.008940005016917892	-0.028229649465907544	0.07442959810674177	0.08010369450282319
-0.17871906323424377	-0.07961527631618595	1.54593275436771	1.5582641550177436
-0.0025450720380015834	-0.04998050087036536	0.9866600276828212	0.9879284073686697
-0.19006079943320905	-0.1450797469318199	1.9594299066495113	1.9739647412057548
-0.02108772310134254	-0.1675971146548628	1.9854292035463375	1.992601969084864
-0.03313402857283678	-0.23837916413250795	1.4586235328248893	1.478345392745734
-0.5854698508202002	-0.7835881042193561	5.700781105533768	5.784089425009291
-0.25570949561028444	-0.513064413358003	3.2720005166484714	3.3218383192665346
0.33415666561165325	-0.14102871741778908	3.061230491842512	3.0826420324934842
0.2548582053999432	-0.22789275065364603	3.5172749224004636	3.53385210364092
-0.08596793602269209	-0.04979867470108833	1.059635623059056	1.0642828795398998
-0.2247200361989686	-0.17670489846848375	6.591834718162994	6.598030665841969
0.2126541989715991	-0.2487192151204454	15.565879273345193	15.569318565970313
0.02614642935821245	-0.009831463921643233	0.7835584679184417	0.7840563928817403
0.1330179083579172	-0.04868264417125074	5.91640891716459	5.91810429952135
0.3037046701701842	-0.02820920664359252	48.770824992623105	48.771778753159005
0.1236298930979979	0.07422913092121737	27.11639745132882	27.11678087555336
0.007308679971561635	0.0745892264400984	7.643579404675574	7.643946826416598
0.539619165560859	1.1157974977085314	165.47590548230082	165.4805471591361
-0.03083251693190551	0.004703619671749648	9.64758248023684	9.647632895229336
-0.24413749402143708	-0.24338232919610964	43.02583167935542	43.027212665641926
0.30616383591132756	0.7713416832164884	22.880037804124296	22.9004901676131
0.32676817486043375	0.6669961545093163	22.832577112864218	22.84465449345039
0.047631283914903365	0.1466244725644859	6.8682286604429255	6.869958690362835
0.0415689780309422	-0.49864546294275613	-0.5466137943022099	0.8904391389474022
0.35674924448923356	0.8191530599724014	0.39317879215471097	1.0938881405820364
0.1409074245977511	0.05119892780130814	-0.8584666830300525	0.8825650476239103
-0.6142549945402	-0.2199799491957743	-4.581164671003984	4.629497802582999
0.19493128551215494	0.6748273743127631	-27.543120616083133	27.552429352929966
-0.7737338106535745	-0.0846258412981703	-40.33614467576227	40.343895109814184
-0.10047239559424724	0.0449041096437676	-1.597839938203749	1.6016252837222276
-0.08018231030791864	-0.031168880417965845	-3.7473363703900797	3.748323701982143
-0.4201925597051542	-0.6230354822867141	0.017764971341074076	0.764545864240045
-0.4162334706319282	-0.326822177770288	0.3302462124512294	0.6392224837215885
0.08283610595527575	-0.03365869466462224	0.04990931276843956	0.10239954920495432
0.011485256284843079	-0.17366714804347977	0.057126556968285565	0.18318196672307896
-0.05157330280791669	-0.3143597657067544	0.5284726880890385	0.6170617877601698
0.006619712746432627	-0.11888446219038643	0.08053165697363827	0.1437452041706521
-0.024629917886587575	0.004598618971444375	0.0022728480558039457	0.025158417872142652
0.03561225649160826	-0.1959422995708921	0.24181033493362086	0.3132632369976777
0.46611985580644977	0.5390744815267577	-51.949733335197664	51.95462118632719
0.2777961536604222	0.48022616138035557	-44.83731416350418	44.840746305852626
0.4273266903907219	0.7121293527681702	-252.52146899397846	252.5233249719802
-0.41192581900466285	-0.5151605862907407	-60.83238418666088	60.836120183065916
-1.3164056196767457	-0.3947608868004059	-117.90715017318696	117.91524202434826
-0.6369512130922583	-0.6062216503248301	-116.23684656816633	116.24017253793379
-0.08833552884734437	-0.028100857094210157	-10.563396722945535	10.563803441477058
-0.32906870192195437	-0.16047928732728614	-34.7060003397659	34.70821198478793
-0.5944246749324141	-0.07862836534975669	-63.328497217141724	63.33148950309343
-0.11154400115765517	0.1162555720850584	-0.6265509428976017	0.661818170784811
0.0288310332109404	0.0008917589601507217	-0.13890688661271688	0.14187017607126423
0.03130051966529852	0.015172232549958267	-3.3747379366865	3.3749171931297695
0.2658415324876656	0.21182813595511155	-0.6491861627307728	0.7327929813110338
0.12928984055476841	0.0022413429860843603	-0.24875110458183752	0.2803533458329737
-0.015326346077965323	-0.0253865711993442	-0.005005262051424181	0.03007370162724175
-0.00730131689794716	-0.0583309268318692	-0.42204425225678954	0.42611871246930916
-0.33556862174601093	0.02465910266409708	0.4623124550570489	0.5717929497165839
-0.10106901047426162	-0.06269484874425373	0.22448940300133324	0.2540493672442548
-0.024464528625180233	0.04502386787381235	0.12298619717984678	0.13323387908460418
-0.22826867294604075	0.25125451131512294	0.2371223874404793	0.414080237550913
0.04647057595322359	0.08727898778045512	40.48569369266068	40.485814440518325
0.19444070539260175	0.040310458167507245	51.80295363421807	51.80333423004641
0.04646815878307876	-0.032487695945908085	4.5929098391373095	4.593259793503178
-0.0845691437244763	0.009435927227995904	5.9801775159112625	5.9807829001397055
1.3766571453431007	1.4483095659199448	1.4644008010976746	2.649076403902867
1.4234550718004688	0.1083345960346801	1.1472537353172187	2.057790672598111
-0.010233678798484774	0.003485551704700312	0.21813147654861786	0.2591871972411387
-0.061830242959971596	-0.11223449236757368	-2.0337057995630428	2.096687573721429
0.2720502282789563	-0.6121280296714366	-2.545852503083352	2.636201206996885
0.02430484728635629	-0.01860775102683203	-9.634599743099525	9.647288174722124
0.1956517309890186	-0.08513553589240203	-1.0449548829013602	1.0756105947368135
-0.5312265938133214	0.09445048070423923	-27.286197140427074	27.29188811274203
-0.4540983657465498	0.10774368907897727	-17.140841448962426	17.147761935356993
-2.537843858612333	1.2184463284850677	-119.77439345863324	119.80751961093755
-0.5438860331995726	0.3861275480624284	-19.212137590495196	19.223712890505855
1.7569812813824854	2.661202263891862	-179.45389087570715	179.48291157337178
-0.18476776295540526	0.1355656386705787	-159.08869024318977	159.0889165223244
0.05408608318427298	-0.1895925167113974	-101.78423619690012	101.78452283426022
-0.25908446676844826	-0.023727978580097585	-24.50329595886308	24.504677117348926
-0.9693231974091484	-0.3431655306364401	-89.36836561981774	89.37428110815706
0.00904669170273539	-0.1272238831008478	-8.1868995598635	8.189082485068468
0.07974436685460752	-1.1976660129301595	-52.168558968064836	52.18255252123962
-0.09641172744815593	-0.5376816385223215	-24.307263606382826	24.31380144240461
0.4002475388174657	0.5243305660520763	-1.9698890094571548	2.082081441564197
-0.09734414219926402	-0.21880492239380167	0.03898108225727697	0.5500826694763413
-0.35745620349158225	-0.040792656746375	-0.1685978573886869	0.6337066814979149
0.0675491521017859	0.1387830716005432	0.08884256161038485	0.2262662470764189
-0.03273809407074063	0.028963850153576137	-3.169973441498973	3.1733455677136617
-0.07487675326786772	-0.25331962683610476	-3.6591596579403878	3.668681883704111
0.029748522557136774	-0.5778232908135829	-8.632829792956665	8.652197117736119
1.0020416709474524	-0.5547459251678624	-3.3617290107738906	3.5861773806916357
0.27787528176114096	-0.09875502733591786	0.5652453646049608	0.6375496450044863
0.02165203173311405	0.0013885214880882107	-0.001947840029647721	0.021783768059630067
-3.6481931966171803	0.40200850703307384	-145.18064189783098	145.22702815352864
-0.3341377917370186	0.04650359818067814	-11.86067371652645	11.865470562030477
-0.23316487702311278	0.03402053625203416	-9.173678950059307	9.177765987451691
0.7023947641756434	1.3015688641202825	-79.63120247573747	79.64505839931059
0.5070067082737273	0.5275315493874099	-64.24206895390766	64.24623544470496
0.025050906109954973	0.02540066451779259	-7.06120898582113	7.061299107324089
-0.2099845275756217	-0.31880819347588707	-11.25947809903491	11.266812282699808
0.08249029149645362	0.05427060384555413	-3.6043623662490507	3.6084148595699728
-0.11651209390267432	-0.0967052539964702	0.0697400380838206	0.16670527012677283
-0.39005010708032245	-0.2618410181178575	-0.021233667399543528	0.4702665982542268
0.0858552009961701	-0.08877674574819057	-0.4889960329340425	0.5043506184679094
0.03556015291917239	-0.3429961893054356	-1.4150039569555524	1.45641584327882
-0.02674558622654394	-0.020485661769397173	0.015139110162234837	0.036934826075615046
-0.15665945944201032	-0.5160072926692447	-0.1854672214038971	0.5702664311843975
0.15485381614740945	-0.15106388570996246	-2.1474196833401984	2.15828897470615
0.6492222897333322	-0.8327460266822263	-8.172926588044021	8.240854600100555
-3.8633567538920084	1.2028773604655798	-204.52612016353143	204.56674677036725
1.638500781322574	1.5642220514235767	-153.76975231994288	153.7864369961577
0.025110119432212773	0.036955835922434746	-4.3726943758411325	4.372922633253338
-0.02181408306168678	-0.25111787471109814	-4.015445607339538	4.023349284703185
-0.12103081549755029	-0.14184330338937073	-2.619964611372166	2.62659143108686
-0.016873152374791655	-0.07460459511957182	-0.9140557681266458	0.9172505089285096
0.11490962673373029	-0.3328829392842178	-7.710410256769629	7.718448134261243
-0.08005077649643128	-0.17710899174930259	-1.320204047198059	1.3344341302643117
-0.08097682580097272	-0.044550593367893826	-1.3549380779087095	1.3580865939450182
2.0482152416217247	-4.507090441594328	47.945036657188915	48.19995425292345
0.618968088139731	-1.549370828060095	16.047435959012677	16.13393542554303
3.14885004965609	-4.402262049658381	53.16989855988877	53.44485719358642
1.0525379849125671	-0.7865955737859	12.096585568275	12.168542681927136
0.052229301024515576	-0.003755673480181465	0.2922559613375029	0.2969100064095306
-0.030602653050185072	-0.125541369737904	1.3095411961060455	1.3159009469516452
0.5187577774093435	-1.0317823764808383	14.021398745134446	14.068877257055625
0.21608221239658273	-0.427544426774007	4.848647999899097	4.8722554516676615
0.6368521756916149	-0.4414653169612298	-0.5601097876066087	0.9662686369926032
6.552709014230583	1.3257181609830562	-27.88545306058549	28.67600907111302
-0.1397407992081276	0.15550223506657235	0.5536773577294559	0.7707055176500929
0.2712351641731276	0.14926194191731976	0.9600368004810177	1.0183310290700083
-0.38454180912463665	-0.25682220370158215	0.6171094400486682	0.9156276812526839
0.08658198082538493	0.05058502952294924	0.0735821647181586	0.1869475982196489
0.20878830473860438	-0.02483720497170752	-0.6397394341898752	0.6877177993217923
-0.012204814364645905	0.017208299043383727	0.008067566083938826	0.14138583228938026
0.08293246457877122	0.10613252577829002	-1.7030771647720524	1.708395076051556
0.08980738368951424	-0.029500239648083744	-0.8590419293474576	0.8642272077882369
1.0277020820210974	0.535340948809062	-4.9127073821601925	5.134223126091575
0.2506795042254289	0.3885707141193081	-1.496352598646751	1.572379819918451
2.5762364329960463	-0.5491430732301705	-11.426649046676943	11.76391314547995
1.3179418767032673	-0.27651542911895266	-6.097931161844545	6.246413035687261
-0.00497530888579379	0.17614979456132399	0.13387734490792944	0.22130668155774783
-0.12215755712175125	0.11965033446113142	0.08751447123779776	0.19208709996937814
0.02870962945279718	-0.3688219729611697	-0.20831036356306062	0.4245551767792512
0.06826086734374232	-0.1964707281079061	-0.22802082320798284	0.308632125402099
0.2515761162214738	0.13874771290154803	-0.22467315324883125	0.3647183788613672
0.17157599767636822	-0.014509848478367095	-0.17605848483360148	0.2462629666909131
