-0.18689583234274637	-0.10281915992271849	370.9587812824359	370.9600291985307
0.09657392472891961	-0.17911737778633874	16.978480181545958	16.98027321976922
-0.008928797265191649	-0.005737882127127725	0.013766392005391037	0.14064830308522677
-0.13947256245973474	-0.10674441327461318	0.7162580320099745	0.8874640704069251
-0.1754171758716013	0.1639826949747316	7.94237198400438	7.947226813614899
-0.3313281126636698	-0.15807136983123676	5.503448574602328	5.595132069432677
1.7623956951708792	0.1432273909323351	-0.7031572750637785	1.9658847290075907
-0.1653536923702532	-0.46106502210413325	-148.0844615557532	148.08533741339969
0.2829503297210625	0.39248487181669356	-35.630142081759395	35.63370047882981
-0.20565965421861598	-0.1697224371055599	-44.435214455063694	44.43623369561637
0.19339015542889204	-0.23213745831437133	-3.7542084707795405	3.7689320209765422
-0.0750287289778423	-0.12422876990994752	-0.5079120209352738	0.5463666382164298
-0.2342432771429212	0.5137426339565256	-1.8389647890038694	1.9287489953146546
0.037439419993425094	-0.40215553776483026	2.174310032160711	2.2159049364941352
-0.12460414206972203	-0.9805911315957572	2.9212386794723804	3.2235184465007665
0.9028168130308961	-0.7590927006775804	4.54147714697141	4.785301075948809
0.808661759096202	0.3748242056421417	3.30177259527057	3.422807193158794
1.0594815813252252	0.010231666552513452	3.1880814997364655	3.3624320576079674
-0.07831649909333305	0.07908395344419764	1.0320564859382435	1.0473815545396032
0.14597059662471598	0.19404679612409823	0.525555481400389	0.595524913916284
0.2515608246904755	0.20276854992280935	0.5791348443605919	0.6776982265059557
-0.8049388639089103	0.08257344065298956	7.054505141787311	7.102131196206942
-0.07672732411884015	0.15554533516567554	7.668672556846756	7.671903284230938
-0.49878799696129184	0.12544033984836273	111.16800378018633	111.16928113917618
0.22371840099705645	-0.738775860010242	1777.2904701229456	1777.2906432289913
0.0877605205516497	0.21555941618335178	647.8018920924196	647.8026152757294
-0.1979425093893737	-0.11551077539057987	119.66168082079514	119.66198168432196
0.050495895036450134	-0.15000595208445605	6.331207788148916	6.334723629543259
1.1844399299715809	0.32075752818531506	14.564498834523164	14.616767406828542
0.577705677085656	1.0391795898016063	20.452861349670965	20.493337829657264
0.36852964196046095	-0.15534237098596548	0.2009558211718198	0.4688372598139861
-0.05490780830979548	-0.07202558937965742	1.5681206222990856	1.8296325947901515
0.2891051440762379	0.1205160478033411	-205.94801385886095	205.94829933285823
0.4191359684590771	-0.04991479380418333	-696.8814939582039	696.8816357658234
1.589561703995085	1.3771312541797631	36.322477983000475	36.38666409098257
-0.01888245676715422	0.11079528129124648	2.765912560028327	2.771711423678956
-0.02928807917223023	-0.1051534654631887	7.9587818496507525	7.959530361347385
0.0069248520555303394	0.013201886768816225	0.11857441829203101	0.11950789121870177
1.0444966926586485	0.6813545878134507	14.31209605225092	14.367003536195908
1.0001794851082435	0.5076104274291304	22.757139674747147	22.785190657734613
0.268263614264547	0.231724320713819	5.899801280117548	5.910441326366859
1.4014589664552306	0.8297653750504492	27.088738210215265	27.137655308332505
0.3744412713764812	0.4659823520787416	23.63740087693656	23.645370494455364
-0.342145781730741	0.014119962545280938	59.89973059300247	59.9080573780896
0.1779298018696913	0.05877328750152015	10.7438933922409	10.746433749037623
0.07661866719153483	0.03368786452725645	6.359148855398022	6.359699635791659
0.220105978851959	0.00924019946479954	40.867723173932575	40.8683169392183
-0.35364815612705836	-0.15568233956042826	236.76808007217943	236.77025445707505
-0.2964112216513827	-0.338593346093809	81.23347960511504	81.2348459320622
-0.09406385618969484	-0.3069394784942163	13.561257785498617	13.574037443577597
-0.037005122883640475	0.2244059767423478	13.95452156194733	13.95707273138857
-0.1908374169178986	0.8473946084818225	9.197187235893459	9.239168219009844
-0.10492590948606675	-0.14283322609833687	1.5859907960563449	1.5958626451341582
0.010246601655409396	-0.022118431386785944	0.040546407505566484	0.04730992511201142
0.30729602371481535	0.3925315265783317	0.997484282917637	1.1238178344894534
-0.012935524056509447	0.22653999125981078	0.9384970995728463	0.9755738240795808
0.3894225434158743	0.10305865650942601	10.441009212289158	10.448777171282254
0.00439340498095286	0.006141637653923624	0.025936785078629357	0.027013673215868828
0.6603134101219488	0.0828665515748774	39.95195767718674	39.95774371369806
-0.07443649428145392	-0.07594704184499387	25.844681737181656	25.844900519078355
-0.5644494860985642	-0.18274926019870785	184.32665591923922	184.3276107447934
-0.10366775175526963	-0.4018530487677837	8.61520510137769	8.67607874602704
0.057823264554086026	0.014739487688609866	1.6353765112829322	1.6424058271258504
-0.1959781845826681	0.37487843105226254	1.2477345981015178	1.3174911438791839
-0.16165500228122626	0.4516395724179933	1.8659818861652635	1.9266548841537048
0.06525465880109907	-0.03253753811032528	-0.041722840949630635	0.1629031682885171
0.44256955535956566	-0.31664439269442896	1.7121549378450533	1.8019672024882105
0.05045462436820424	0.013163529412510512	-0.03356285052840083	0.06201139058529807
0.4327869152563677	0.4845921112549353	0.06906493459418517	1.1444194066853888
0.34683058758421104	0.05143468994109679	0.014767247257022867	0.3776702798803421
0.14708170697118284	0.013110562531620497	-103.08564900910235	103.08575477020682
0.06372673648221927	-0.0954658665113576	-66.78504635492307	66.7851449909172
0.04483857282834553	-0.007802047350540686	-1.2798971225275704	1.2882887093778699
0.10709475197820009	0.22174219903349388	-2.1295833377569005	2.14831186425186
-0.08700869729742987	-0.03768259338395731	-0.3065159589709066	0.3208465744766351
0.045036290263659406	-0.022079985999589977	-0.3372604855370817	0.34096983492262595
0.20417789455741525	0.034390518036793216	-2.393605083655342	2.4527406220914254
0.04582119269608019	-0.4886197107123857	-2.1238354973887086	2.184263218631191
0.44967456638916636	-0.05141057702285751	-0.30389260969739257	0.5627439615098502
-0.7987683539574594	-0.6278250113531119	0.9270397480386893	1.4612726525217945
-0.15595497047164775	-0.101232819047152	0.7919083215033266	0.8253293954738689
-0.4003718599652931	-1.8372843512212285	4.534489395474289	4.9336827455323125
0.18883705954708013	-0.266826832673956	0.9475900345302499	1.012058620898139
0.16474254196602395	-1.2026061746354744	2.8071940500277424	3.061571481415378
0.6513737158347835	0.11778239241536764	0.9211204055621189	1.1428486321846938
0.427185035806013	-0.09038987853206695	0.26608104899356766	0.5113281818862948
0.1542731653728533	-0.006007287492905817	0.013939922470797936	0.15501812312008562
0.11751684705208121	0.16944573280788705	0.3248731062674933	0.3847916330739976
0.4811086536073529	0.8371768319054474	2.1140470305645906	2.324118205232704
0.7457202038920723	0.33940533022722097	2.31166916383001	2.626385483622315
0.0594306362804737	0.20771976960133903	0.2189824947576881	0.33780559664137627
0.41430210768770603	0.9866954387438964	4.463968406706434	4.685618405957283
0.2310933167172333	0.23383857214770082	2.717101226438909	2.7404750424828315
-0.3100034465805434	0.8516412357781329	3.0710690534170397	3.205049117739906
0.24451892798898928	0.08171396064719977	1.0892191359824575	1.1279826189263324
-0.016298423671729415	-0.03161436814387726	0.22707418514384495	0.22984297345374938
-0.22583286239840403	0.09394097922035623	2.5904795264625915	2.602001069626565
-0.5052788511477264	0.6740404001665143	13.747088644242151	13.804797498117289
-0.2157071764462906	-0.12140304588563892	1.892297239503858	1.9135142834728631
-0.3103030412841136	0.17282968122503944	9.593602992247721	9.646044175407189
-0.5661199654577287	0.6120263229556511	15.686087795518448	15.708847766430651
-0.24059974638340523	-0.09576181250350174	54.35869554294414	54.35949153071695
0.062276834085989	0.2044039793171511	66.44001710977635	66.44222413985175
0.17996609200955163	0.7081908108414644	172.41306129200328	172.41531644851426
-0.007225246013657552	-0.10113706754233742	78.7297444382061	78.72993344339085
-0.21686664083000595	0.07961774623663995	217.51421762034363	217.5163639538612
-0.08440361219284717	-0.2507331317144295	29.54975428608769	29.551268149203832
0.505855008633675	0.23884882331535467	111.2775167491933	111.27901038247087
0.22356038129720798	-0.12916643824133633	33.80490574961594	33.8061798453799
-0.10930168613509139	-0.1285996732924503	70.06747338512041	70.06941580498243
0.3584465306135984	0.15121430528445348	10.00710279825448	10.015634572066025
0.8775036894161539	0.038859598654636465	22.230225850870525	22.248009887604745
0.655781614849058	0.2563043953224766	31.5256320679293	31.533802475070903
0.493358601478624	0.17957646372346647	22.905950646561642	22.911966860981053
0.5774584448711068	0.16190834925118064	20.832574900596224	20.841205568729986
-0.18287373482518648	-0.5700367821675479	1.8757070045416624	1.9738645565741086
0.1626102007901412	-0.06194084745194428	3.843817148671977	3.8502842496767475
0.5865205724204283	0.31365258991962097	2.0014006784510703	2.1136387557101797
0.13506303709606002	0.23280754453077296	1.1739207728466776	1.2124401604207111
0.20759014331749945	-0.19708883239124433	0.5531576818705771	0.6382796263146383
-0.6145083799006129	0.5747790367154094	1.0887994986084988	1.3760362779322675
-0.12530946301913798	-0.5243076675576808	-239.67938535079062	239.68183317662897
0.009183673450920797	0.12162002502059306	-39.673559781137506	39.67399275675103
-0.0010778156283164607	0.0524141428350256	-4.422669285129866	4.4251815549858255
0.0832321895973104	-0.17135792112984463	9.047328211252065	9.049333616164045
-0.05352857426893865	-0.07974139319854559	4.793997592482236	4.794959532131424
0.0978272293059838	0.11650107658859596	5.802365803963707	5.804359705484093
-0.020798281120717556	-0.016108638119300328	0.47122643467463965	0.4719601778283921
-0.09165538830800883	0.1590402357116642	0.3669355816569403	0.41028798162635804
-0.0568201157875976	0.34334467952169095	0.43550160728138976	0.5574726400987248
0.10339850870568229	0.22732526651289875	25.627189703892405	25.628786548188096
-0.07730787755592324	-0.14790367542078237	17.233999970550396	17.235373125493002
0.03568566675629593	-0.02699306409630685	0.2874066776445749	0.29086885477108315
-0.11681678055796121	-0.012881017170069647	0.8412157418214328	0.8493856633540781
-0.18500978384965303	-0.1630120809220772	1.8778483760355738	1.893968342403348
0.0003951460986153354	0.014315124166380103	0.029544429296314734	0.03283218272949702
0.0006666649294457191	-0.018754318355646754	0.26622609437534106	0.26688668424157325
-0.2691138642427375	0.14190513406818217	2.776885114606137	2.793501437036271
0.0022911193922347172	0.019782208006730903	0.6775074847583017	0.6778001009775774
0.06830615395554904	0.25770926610674444	47.350850874124106	47.35160143332054
0.4227344459141795	-0.5499988031595504	0.4689086348488742	1.2585190455353232
0.2364752251122408	-0.003497749350211729	-0.31618689623054846	0.41879195860272844
1.5642520447817816	0.2347602415004656	-0.9613824955942691	1.8562685469318296
-0.07975422212321068	0.22700073755115793	-9.233815830828044	9.23694997650447
-0.00801948173759559	-0.011622294425791097	-0.13748999384835583	0.1382131984416836
-0.45953519036023976	-0.2773869308462064	0.6146704552684716	0.827898335584539
-0.0024900166369487553	-0.3078315078646007	0.47792402053885524	0.5853696197489837
0.038425395616045965	-0.02710012289290949	0.08054197658860213	0.0932627346900109
0.9434114966602275	-1.3268511435642074	4.119514802489455	4.429555442382234
0.05446920550506296	0.022256182371727315	0.18415914426439878	0.19333086256030638
0.13273125256113236	0.29927692917170173	0.5216917565286634	0.6159111580178211
0.29807164737813563	-0.09033678976287214	0.5336786157671531	0.6179161006823835
0.32459525556177593	-0.1072981186617263	0.9216723350567889	0.9830334986207713
0.13815073333861877	0.022286491144799577	0.20190478810556978	0.2456580067278499
0.05636346957121119	-0.027601146731243725	0.3398552293658905	0.34560127449175654
0.04839157543486354	-0.0020347765364135476	0.20032363745552398	0.2060957171123004
1.143689684637476	-0.25320855740848613	2.7667576435666157	3.00451136235584
-0.10479609996949094	0.1865173685496982	10.047995875155822	10.050273233026449
-0.002110760595929767	0.2910084078985744	16.824911258631843	16.827427884546545
-0.11053725332609302	0.37378116887460083	17.3811390385697	17.38550905566672
-0.4737823745019134	1.0242432414140146	58.00722733009366	58.01820375090162
-0.10132631054165547	0.1165692841602507	4.714241075144532	4.7167705407193035
-0.05558171010154761	0.25611422583507076	12.514195699097277	12.516939634690166
-0.04146504333706749	0.21083804798164382	10.406419309042525	10.408637512561802
-0.09937830516658142	0.1366006206924218	4.695990992471656	4.6990283228010306
-0.004253613036895747	0.11926795964837969	208.47110237150895	208.4711365319709
-0.07363022916861514	0.06342541724423126	66.9674932843636	66.96756379759898
0.09153628126254079	-0.01524886194221526	45.3451007613262	45.34519571546035
0.13807474628828229	0.1282066801967407	55.37547327451555	55.37579382695112
0.11628729926186565	0.06326912369187485	11.81613219859844	11.816873776627096
0.19232400153777665	0.02725875239541258	8.225363988142126	8.227657278871975
1.6730160725913423	0.21001708282481585	41.85144770085681	41.88540037545041
0.614762041079572	0.15038660743137208	14.762506315579202	14.77606650013335
-0.15540016909740853	-0.03074816019765532	10.623094610169135	10.62519240030107
0.17851097353537398	-0.16384371290618435	6.016663488713625	6.023157830511421
-0.03620870442440673	-0.18654122269090917	0.33215390050063265	0.38266814821317113
0.0009227771461742754	0.02201153911986935	0.01732668550552631	0.02802808239417124
-0.12890134910764947	0.03289703475508292	0.041643538575359754	0.1393985545209373
-0.1637173722219464	-0.08361488120882035	-0.03378889954093918	0.18691312436266255
0.05935326176688336	0.45626312991369333	-11.438085417486402	11.485723636933637
0.06866514461733123	0.014510853151721625	-2.7915351139157996	2.795902992607112
0.14793111538505285	0.2039562909435484	-19.154244793440032	19.156410289389786
-0.15653105928342712	-0.07330008326174815	-11.351519832328437	11.353693547184207
-0.2019291485834138	-0.3490013163822073	0.42614952309902143	0.6030427023202083
0.99394583033104	-0.2457569956894997	0.2733448165227589	1.0688882019101205
1.2251160822830216	-0.25076046474786	-0.3398826421037155	1.3033764694256473
0.09531001682409959	-0.4999159419064052	1.0757291311620958	1.1981956838554941
-0.22170589686161976	0.29524501313854823	0.20933048848987612	0.4467909587243307
-0.14186022678467086	-0.22225924491243781	14.203264190512256	14.205711427499159
-0.08510616532606176	-0.006328158905703159	4.209458694185488	4.210323693378627
-0.10270193866246083	0.12210806525320998	12.65038272006192	12.65138889734428
-0.17756060421283376	0.06250018161560661	8.472386521785051	8.474477412524939
0.09970583127567735	-0.06269287101743375	-0.014115620276959874	0.11862082280352698
0.08765320739220982	0.01929776275840458	0.0929547840462306	0.12921331313259785
-0.008374333593125043	0.20543257778272006	0.03145786717639534	0.2504836437471916
0.03235200529054243	-0.09316179792547391	-0.25502490448071624	0.30699065074432574
-0.010115261742477552	0.10758147675291245	33.20581196364983	33.206281093233414
-0.27990607037139403	-0.24203046953903562	130.50301558510017	130.50361482635728
0.04322351737331283	0.19844854372800652	-3.217439708003574	3.2614242769072552
0.22695785256236245	0.7951648996178418	-17.248442817562776	17.26881746096289
0.14174574347041294	-0.4172745684972806	-12.378441165758762	12.387069685779514
0.6437549250899774	0.17902728441974872	-33.551449397197175	33.55839250634223
0.2618793169562991	0.08278661237075792	-2.745568180471972	2.762799091203967
-0.1449566360531493	-0.45740766003298083	-1.7313255275036212	1.8019994619528565
-0.597940446788422	-0.6349500322299708	-0.130439269985145	0.8928541366811469
-0.23182060646158265	-0.5453673176755682	0.3257596701249391	0.6904820434658452
0.058008468850194575	0.3766571046031644	0.20408218610968332	0.6562050274065951
-2.256664986686231	-0.747382304860734	20.347131246389758	20.507063634622703
-2.1804022210139475	-0.6503390288371205	21.552324428105138	21.69239805888295
-2.847180094534854	-0.6422717144332426	29.345372068668095	29.494296554365253
-0.5229072638205705	-2.058491936270803	-296.5742359440626	296.5818735638571
0.33323744241414444	-0.4642739908445086	-63.91754856216643	63.920255721589584
0.3251784804538632	-1.0185728986364138	-128.05119429427455	128.05573424009145
-1.7439647208241884	-0.11136203195737293	-24.732839578898428	24.794891568023964
-0.6446677207559167	0.3279602899568858	-2.35017706706997	2.4629182798978206
-0.4681353628786159	-0.8047640152347201	-4.20127975698143	4.305464808765269
-0.3862989650525236	-0.10244998655533105	-1.0354255401780954	1.118619114935436
0.6514563182658594	-2.302096946901028	-8.823205690780167	9.189983467572457
0.12276607227938516	-0.8616210681165721	-3.3503918789288996	3.5864939298454104
-0.2370856225244313	0.05128345907852931	-1.328156158909891	1.3573202101689685
-0.28768068159875076	-0.07362869124552071	-0.42899727769844526	0.5400924068271351
-0.027304341827155534	0.12925723069846026	-0.40790855968166434	0.45091255996259294
-0.3006814385529951	0.9041431957903401	0.40310761184907495	1.0439634943880616
-1.58572395740652	-1.396075479325079	0.25144877408599997	2.1321945230102943
-0.43262182725719495	-1.680135521313364	-1.2099085693205147	2.3144518889822487
0.7937768221577721	-3.2142266329067395	-0.6869030716839748	3.5094105068901196
0.3125727712179937	-0.8333598460440688	-0.9032364893171968	1.2757375556279376
-0.0038826948076578494	1.2978169329110458	8.209598031804159	8.312720583261076
-0.6707999443458681	1.3449681415659387	14.742900952160703	14.848986192507644
-0.7737603010332483	2.060411971789458	22.470662150092164	22.597677105256484
1.5336375471247923	2.338809449275074	22.245983606845495	22.44072661468224
-0.4918462039275201	0.42574537256409234	1.4487278921931692	1.5941970082446244
-1.7736897168272536	0.20468813481343479	3.9317896778760755	4.32045394606458
-1.416823861824094	0.1838778248353134	2.788252176564094	3.1360852818306313
0.08909627817228966	-0.08969174909949594	0.6501713818545027	0.6768939114242899
0.3434908522241033	-0.6869963234338737	0.4599202947635534	0.9060664304611965
0.8992549413888071	-1.1048799612698077	2.07880677402589	2.520090629751971
0.062092729052220214	-0.08404733041043895	0.09660620130749403	0.14231029084833607
-0.25697332754316116	0.709781475038165	-5.005341811709074	5.061943469204199
-0.08475270391391788	0.38450354334470366	-2.1097088176949486	2.146135431682999
-0.9737971480386387	0.3819594563681852	-4.686356491659081	4.8273933743639
-0.06551474502936304	0.2517703512976	-0.6527932816294482	0.7027229611655813
0.047184003269495046	0.24002261963999622	-0.8394662838787658	0.8743802547362366
-2.386263155851824	2.134499392784822	-22.406388179832142	22.63943874048551
-0.3816260538171374	0.2458430148762601	-2.0124180312006597	2.0677000145371744
-0.06935367288816108	-0.03789370997519306	-1.3161505637334954	1.3258876108157738
-0.10502518938469528	-0.12735839734540313	-1.7523313119100212	1.7600896222863134
-0.023429817602430493	0.029907376247298022	-0.20376549354676027	0.20727707028814202
-0.11907552832599297	-0.18756510344737765	-14.64846971912641	14.650154427911014
-0.31908060446279574	0.08972545843387722	-4.933926736617165	4.94504763701435
0.13756105061730017	0.5048972501949083	-5.41110535443417	5.43635037802821
-0.030376596515873037	-0.09895352917899716	-3.467299695925725	3.468844435820017
0.04264753226045652	-0.5936310826625198	-3.5512821606912834	3.600808472989799
-0.05160505940283777	-0.15535007008159207	-0.9730540995574593	0.9965494428255449
-0.5332841697326864	0.2898001726029379	-0.2751291384113854	0.6808465123881922
0.036393770553014626	0.30902838590554454	-0.31158159456877005	0.4619371437809141
-0.0007108121977710269	-0.03242085603449492	-0.11282490904851591	0.18237560736511851
0.23474550406152217	0.2044795915086578	0.26395974139780903	0.4313605046819237
-2.317076580294501	-0.9603220893705863	27.00117172032449	27.121911005811025
-0.10233649523020824	-0.06009287381190599	0.8939396854965841	0.912519510993988
-0.17153412981421107	0.2509821611277194	-103.06496766513025	103.0655105047374
-0.26224104482144334	-0.21620470822375729	-4.406494529360304	4.4470696892593695
-0.4422902736050275	0.15717080106942768	-1.2587551005076965	1.3506544838664514
-0.3211421536074251	0.6333829058758278	-2.3068818030852127	2.417744739749215
-0.2228726991652842	-0.666740955238233	-108.23636569282282	108.23864870799108
-0.1466345646556985	-0.31025960450135365	-67.64894247043733	67.64981286068925
0.0020279720431505346	-0.016711793189508557	-12.946223362109814	12.946234307254747
-0.15772683792270273	-1.0918804939717353	-337.4972269509027	337.4990300435212
-0.28938541358547754	-0.018571159996788295	-20.9566447684229	20.958650928803728
-0.040746150089272376	-0.05001535336627817	-53.83191646043188	53.832136046901724
1.3404405792613916	-0.6620445278056359	-327.61126882877875	327.6147097236182
-0.11534804160676952	0.5108224213196154	-350.68514079351456	350.6855595799018
-0.05740952535582915	0.4963756403577967	-219.07415207811067	219.0747663998709
0.1404564674993904	0.3256227711238456	-166.07704393273153	166.0774225463617
0.04711027169144238	0.4140199145848459	-77.74287866539488	77.7441206448088
-0.015459911033039536	0.16167079416777802	-20.05529185472132	20.05643506751605
-0.12365076614004662	0.2456146347103958	-22.009089968709894	22.01080773873412
-0.6303749720403444	0.645449758742866	-513.1543499062436	513.1553842857036
-0.4407707472442583	0.33006751344309193	0.22175550632298943	0.7720873409409929
0.09156042749775817	-0.24410649381273294	1.909539276613843	1.9323020793954644
-0.4035694171449747	0.09334299848302324	3.4244818226979525	3.5747737742001555
-1.0093188555174113	-0.41751104282215157	26.086298987136733	26.126009750097165
-0.049802016955998826	-0.43693720956266746	5.978510800260202	5.996287646512729
-3.9905972998388055	2.969534310156101	-0.7139906265051433	5.027152596481654
-2.567374942686378	1.5915864038420011	0.8607611036444707	3.144034166429469
-3.862984371542945	2.4969411012393175	-0.2402438176969674	4.608097220619903
0.2779881622288247	-0.11013067188611908	-2.5544810289823507	2.5757055917864875
0.016952780460230465	0.5117727174895843	-9.714476329530454	9.728963400745194
-0.07754609683309201	0.07720589197786742	-0.7637765628659318	0.7840972961141
-0.043629129008640376	0.20978727876761388	-2.57278111400083	2.5854586921260463
1.497904960435236	0.9588688277647166	-14.828312517210016	14.93524290369268
0.02911402490869401	1.824578292399103	-9.609652526345785	9.781377983118961
0.05414074259399201	0.248964829043966	-1.332794113217145	1.3569284632344465
-0.06865746182753144	0.1532471393256669	-0.606312931083501	0.6444328421760995
-1.658552921136785	-0.25215415070381075	-4.149943159127451	4.478380010318157
-0.30632900152553705	-0.05782337800546093	-0.2409722153055325	0.4180052555517106
-0.6556546042534733	-0.33646444842071044	-5.217983708838416	5.271615032960292
-0.417603461398928	-0.5766736422787848	-4.714319846446967	4.7698256299549575
-0.9748583477321855	-0.8789492772497121	-3.859554594954675	4.079036906728924
0.41181059630747946	-0.6069451908589296	-2.3591012643901315	2.4744310441968307
0.20438309863522008	-0.07528459305335936	-0.8830006352054934	0.920114192713192
0.948148249059123	-0.7386486220735091	-2.579490101643194	2.8457610710599357
0.2616053526850027	-0.28081877806597044	-0.9383360287935048	1.0137904367273713
0.4954700617361166	-0.3523383210949593	-1.123790923852847	1.2853087955907094
1.4740208057465292	-0.34107058216465813	-3.45883742499739	3.7778436435689553
0.36456265082973915	0.13136380260906905	-0.641108374330944	1.2006385449223202
0.15817712678858034	-0.0756790836902538	-0.4937863007132959	0.5422656386121183
0.0855657467230843	0.08191191930991457	-0.13797208716041554	0.2292316323562573
0.145242794774109	-0.1401049473660829	-0.6123083854010651	0.6596409701062438
0.5757982858660923	0.18755726174142096	-0.20150387075229192	1.134758033796821
0.3624477987681868	0.30764314241348145	-0.19286769675439525	0.5316864143997767
0.18284212172597344	-0.3052319307866499	-0.11403966669406523	0.3736346057697217
0.12454922763725564	-0.21803858637025267	0.03326832466394941	0.2532984734997844
-0.07272750679189802	0.19167146236737487	-0.18914708607720634	0.31190326192861734
-0.44830701204473333	-0.1912679262025565	0.4177637876566004	0.656939086841004
-0.20398341597124042	-0.3353240116567937	-0.146063288019676	0.44143594755300614
0.20763234611628134	0.06683955114731305	0.12251476617798507	0.2864757748623291
0.28513068629754645	-0.12177691631008425	1.7901111702545114	1.8221160534895902
-0.27771487584763577	0.1834613223490832	0.5255836310771642	0.637574738537686
-0.27489924724166764	0.08267531068638462	0.6885593882784932	0.758945728769573
-0.009348332010128163	0.10628312386687559	0.47963939276565487	0.5108005733384403
0.107570816902269	0.4619884451467234	2.652998485058277	2.698682187794558
-0.08365766714392828	0.4296407770151711	5.948307636934791	5.96602324258487
-0.455408111045479	0.19263964527554805	1.883885020174675	1.9526927906551088
0.1256641058737096	0.3869063149154086	4.439550606291708	4.460333769433802
-0.4254853476211139	0.7447982610264151	6.147908854770952	6.2074588615019675
-0.07118645999485472	0.10582901621022098	1.3657966963997332	1.3717390089426806
-0.14342013359245576	0.3358545145287755	12.055992286783392	12.062329683503501
1.7439496768596736	3.910225330737306	30.28420749733673	30.599751583096303
-0.025651113218021146	0.049592703204215265	0.5145004072126543	0.536011072406543
-0.2530773030952686	0.23161606796693462	3.1059692830155057	3.1279736405887903
-0.05850329781190683	-0.009583836638424973	0.13976588219495373	0.15181893032594576
-1.1953012431809753	0.14225825221372063	1.7638702323645357	2.1354673186201203
-2.039896866366919	0.23838280295482256	7.342174187844005	7.6240099285612795
-0.18293999596824065	0.05110373122047361	0.5808286830961267	0.6110978584291515
-1.0442132595479292	-0.3808475255892701	4.091113790260043	4.2417116826723475
0.05637572638521858	-0.13362317885170455	0.035589955288662364	0.14933191678052157
0.02555001099059674	-0.1668616684427062	0.21105446742592704	0.2702584090783206
-0.006803847567623177	-0.017955734840733907	-0.029632458729901872	0.03530981967914216
-0.03041816750486742	0.18675894269336757	-0.02641503504235654	0.1910547609105506
-0.0014552586879983745	-0.0022970113609133355	-0.05837709112490257	0.0584403867821418
-0.3131610618555909	-0.23472042636777335	-0.35764536058687	0.5301638738787308
-0.5863292399762062	0.4792375813574685	-1.679000569722366	1.8471527644091756
-0.5224556919873148	0.03737559918596714	-1.5163982694928164	1.6103727463308801
0.004309486089280959	0.07122650528377972	-1.371983599146693	1.3738379755461738
0.09270307810849508	-0.0029883068661644106	-0.7434654132002576	0.749228677570304
0.003273830096829869	0.07390629850767541	-0.843211910713565	0.8464509349583292
0.17528785090537885	0.13348986787806752	-1.3426651768608602	1.3606230751592943
0.14936679539922998	-0.012300778987642492	-0.07836251087661406	0.169122534992903
0.7166903156172008	-0.10867549368488488	-0.74686428085162	1.040798551804884
0.007696441461987495	0.10431602504458196	0.10710036780725872	0.14970489997568467
0.09865647146193168	0.041649594530742205	0.25886205794324285	0.2801380965318802
0.24576755370959297	0.4227609576056349	-67.27035705047436	67.27227917947285
0.161445687616792	0.37030301094549256	-337.58665712039806	337.58692767128883
0.8429351338751039	-0.012692668409438917	-28.138657561490472	28.155611697297168
0.0019447895286143213	0.21556758027926357	-5.3471222677891665	5.353285859680997
-0.5070321217976819	-0.16417604024143678	-1.3412961526393212	1.4500312061155995
-0.4659786584950131	-0.06367736035768076	1.7717016236447027	1.8383681199695046
0.31420788883547673	-0.253242668364449	-1.4535573540002802	1.5149809281819655
-0.05790911741014915	-0.8617640226130447	-1.0305867792433236	1.35188002093402
0.3630337312569631	-0.6101842541505248	-1.7097796396498914	1.8565948710219196
-0.1220599345836432	-0.5171053566028767	-55.44385670443431	55.4464024336954
-0.018167845863555424	-0.007206128305490639	-5.097178205483621	5.097215676952048
0.012895052126010144	-0.11371072189432664	-27.25043091839393	27.25067121464723
-0.1265053638408128	-0.14521835873612135	-30.2005589672002	30.201173055199888
-0.04366097833400813	-0.049415243536941864	-7.594380402168096	7.594666670773494
-0.016798382318562725	-0.5803846346898055	-74.72343361050386	74.72568941838686
0.03404026305503253	-0.3248180431624357	-51.54964794916212	51.55068252878152
0.13774517307600734	-0.37397287895128595	-47.572338316225895	47.57400763358437
-0.4646302598759136	0.9147874590928333	0.25949906051032023	1.0674909465712674
-0.041183873266431456	0.08038578795981205	-0.030023851315306237	0.09518097483714348
-1.1717582801029125	3.2325634514399746	-0.4130942217453308	3.463109985347655
-0.1526686672523303	1.5167063656948347	0.1331087436662177	1.536523232574189
0.15441446292897318	0.6082714112304284	0.680716324427923	1.3190922770316567
0.03012859641456046	-0.08053372681188745	0.5201481567669648	0.5453689607634395
0.1210759342165294	0.04705771973968116	1.965949629510484	1.9751738003289514
0.19728962587613527	-0.11925072326265394	1.1056300079488954	1.137998871200708
-0.4830851786981553	0.45084104332868313	33.82759443755482	33.84705489345886
-0.038897441247005046	-0.031897057127168546	7.938770005195424	7.938929375462378
0.01152603018106095	-0.02833899602026236	0.3903453104682962	0.3915423469712589
0.026844529352485685	0.41242018625604643	2.0728555120049683	2.113655840584509
-0.06666647556784078	0.39716176451825774	1.8210090646236292	1.8650083540623401
-0.010596690189900254	0.011613633473591622	0.1068909169103125	0.10804210088834298
-0.4994126654273548	-0.7121574935744089	3.7263768790694627	3.8265475236702478
0.09380824295055509	0.003358980737708156	0.1973941365726988	0.2185765640464408
-0.539241924594783	0.5817913657599437	0.5921232454497718	0.9996763322273249
-0.8604535040939345	-0.48002538751165863	1.6775808142779205	1.9505285895614604
0.030468101617419106	0.0770088852124679	0.13273270723721542	0.15645013642805422
-0.042700062754213196	0.3157813786822094	0.20380173095033466	0.37825430601647253
0.07453479803101459	-0.07721659424531337	-1.6000003580930426	1.6035956424367819
-0.001440201881658748	-0.17018792205030486	-1.3331405149960243	1.3439604293717602
0.017358102252179215	0.014691579587085557	-0.27108451811355205	0.2720366927188637
-0.143307642387534	-0.10729278572338113	-1.0768269515370505	1.0916066625811398
-0.08387065530754687	0.06267398087704987	-0.288490452844791	0.3069023559428744
-0.10801872956674839	0.3865619749118498	-0.9586653326766728	1.0392966017749887
-0.6566629704915873	-0.35866493862599735	-3.706878755898422	3.781639446846494
-0.14229433640935527	-0.05843058670684747	-0.5151683728786265	0.5376432497962723
-0.15029903037565714	-0.04166118188137543	-0.16344026137241743	0.22591629344759503
-0.32762570125235824	-0.30965220022114665	-0.5859896320478004	0.7393287050361383
0.3304362487494889	-0.4172552321434121	-1.0036935184837874	1.1360857019983357
0.2991757180003249	-0.20383959372047664	-0.6381093116075423	0.733648542402553
0.041211122577054116	0.054864888924666975	-0.28849585197464367	0.29654404271094786
0.16965943269000727	-0.0242482494384775	-0.3421234510530666	0.38264965237405585
0.15342056210996938	-0.09649542048459658	0.04618825785182204	0.1870363339461734
0.07500290066611488	0.03844157786062679	-0.017491967369592902	0.08607647146116436
-0.12047417215575784	-0.16056861615037285	0.3113698047694363	0.37046924564829653
-0.2824122707051503	-0.40262608880305145	0.43518700306818087	0.656697940966124
-0.24236669014209117	0.08243163945117564	0.7893223367055555	0.8297989749905452
-0.10967858117363247	0.013435912006116652	0.145189938580927	0.18245556490507647
-0.207419679603854	0.18358567772651166	0.4298737494001825	0.5113883700052623
-0.07929338613607907	0.16239490752717406	0.15249625354012275	0.236462797115018
0.01408751847743495	0.037324432023388185	-0.01051789123799577	0.04125769551023046
0.08254970041866193	0.0038950514710642814	0.18733647900047032	0.20475492870616482
-0.03982653665537814	0.014032624600675215	0.8388732676873877	0.8399353706182763
-0.7301498438139669	0.25572929828044955	7.387647611882727	7.428045066218779
-0.09318439919985724	-0.007063476104404352	0.773996763774299	0.7796179931748652
-0.3354532920122601	0.1014256618889872	1.5186496464468278	1.5585611392128826
-0.05774723114287318	0.06750591070089124	0.7573901401470674	0.7625822021764074
-0.14031915841184	0.7351200245211506	7.078206253190324	7.117660758941241
0.14313808496984923	0.4247380240766805	2.8097312367642537	2.8452557922468382
0.06151181454099751	0.43610614644255064	2.161906795204136	2.2063121414348688
0.03422079369206927	0.014102358252732882	0.05554449069275493	0.06674675779033122
0.11610386579110031	0.33864343692144355	1.3074512717873095	1.3555767455662031
3.130858518289682	-1.5347665826104735	0.9822162317740823	3.625191310193901
0.4256427214936938	-0.22547312600306618	-0.2738501100201493	0.5713873682259705
1.0835237874580088	-1.2584740778070964	-0.5383991302915901	1.8142145320767638
1.6229321038184685	-3.71802065683986	-1.9064120300655816	4.509513608924062
0.14408627940023888	-0.1581190052131341	-0.05454824264018365	0.26118532002416833
-0.8523406392739082	-0.23776909955138306	-0.5604203492168043	1.0566785049274048
0.12167291674188989	0.2652659024214906	-0.7179274785109949	0.7749775235818912
0.04894712303426467	0.06682526215946474	-0.07480688811699884	0.11161320273946884
0.05480000902850474	-1.310931998807899	-35.37725501215339	35.405019953162295
0.05489132152586407	0.33712136252661284	-15.034784729884132	15.04676495751188
0.009403622240760322	-0.5027156553407017	-14.308660399854826	14.318172148759404
0.1506976984653249	0.1541455346275606	-13.202433756042677	13.204931181561058
-0.3183009701383962	0.057252747874364726	-13.348276037991635	13.35292276455053
-0.09354532409622385	0.47116254786991013	-93.07285941859637	93.07420364963043
-0.25399709361378464	1.6697034530465114	-63.400545576805165	63.424958206715665
-0.13987803845024815	0.5523012546544597	-35.08309289903017	35.091191627613824
-0.005853266881829418	0.046785686964056925	0.3431687116942429	0.34639273364748147
-0.0756313732321203	-0.058660250974494337	0.2566752530783871	0.27394034971909675
-0.5088640558316367	-1.1239048331788106	18.312883541582565	18.36113896306615
0.5017522587408059	0.24857009923607667	0.03737198449931621	0.5782896104125949
0.12916782126798526	-0.3573921324394289	-0.11357864401460413	0.42046801977905124
-0.3340295977562885	0.90739963645887	-0.39765061306255856	1.0455026936799094
-0.510311376528704	1.442583428305516	-0.45044525734714563	1.595106760847954
-0.11596110051379235	0.05564484712123991	0.07514555207123576	0.1489636863118217
-0.24318827280301827	0.2086338647896554	-0.015112743686911727	0.32077565460572244
-0.1655207216508839	0.008971799945378188	-0.03564955835934777	0.16955380709764628
-0.053536381622481345	0.08079883492723562	-0.08325049630722298	0.1277702665655261
0.05759510988147411	0.1068763880834614	1.250713611540887	1.2565923352884478
-0.0044993618652719655	0.2751070729104392	1.6568210960543046	1.679511920217636
-0.09219928150399988	0.076113708217991	13.878068915062457	13.878583890848208
-0.06104302844382645	0.11804845150952364	5.928622220197245	5.930111560336948
0.06454550161555526	0.13775560243399682	1.289452103613226	1.298394953507342
-0.004779396926975845	0.030042254258960413	0.39365030635390463	0.3948242703905995
-0.035080439363384536	0.24518208787598433	2.827821147875748	2.8386471423788247
-0.016236316065282263	0.018623906704032484	0.08558463023785816	0.08907972156020234
0.15426393094971314	0.530354895066235	3.659486190226782	3.700934051232649
0.12507996003913788	0.17986834803249907	1.8810210922346982	1.8937365097761485
-0.002112660035742335	0.03208633772820623	0.06752923702522186	0.07479434640695594
0.06648805717792823	0.10484126863780299	0.02280143790587562	0.126223052282279
0.17085885648692686	0.2807862160971148	0.3091728199899846	0.4512443690626126
-0.035332775248254455	-0.01678915632626323	0.1600736719246612	0.16478428693396538
0.12842251929260695	-0.07637997093531974	0.6483413209001022	0.6653365402621666
0.021291753975581106	-0.033795688723667054	0.03147693539589773	0.050855528957834906
-0.09764091403742735	-0.2484416389571765	-0.05102113530629822	0.2717722434497973
0.026086024139252574	-1.2557656086143234	-0.46457392942281484	1.33920001505871
0.07330890012216251	-0.6193984874360046	-0.15390254278481239	0.642428730483594
0.3251042473525985	-0.19675159198918543	0.14461357047860762	0.4298800184511367
0.08212477322145534	-0.284933523861998	-0.1809088696222142	0.37435196727822667
-1.6444504471315637	-0.12419423967630738	4.952327407648033	5.221558006924933
-0.3365109849825901	-0.016639957156464994	0.6849035939087738	0.7759441017478493
2.158322693917255	-0.8209857151050685	0.26105485046897203	2.506167317506593
0.04730652197281633	-0.05009273883407911	0.06706590179621455	0.09615105141808539
0.2247301924521336	0.025007081032270263	0.1269734242366335	0.2593284866028097
1.2941521619553025	0.18599239436780998	0.38448767942092865	1.3628109790733067
0.5699695779555473	-0.2697267331386862	-0.09891882683134343	0.6382811016050702
0.5737468140748906	-0.4064738012630066	-0.18483556320364866	0.7270285711023298
0.8321408041473772	-1.2751256950749292	-0.27523434770930905	1.5535886158267047
0.9604107065954849	-1.8689079084173514	-0.7116210380018139	2.218470192996727
2.579626195923921	-4.833434560045511	-1.644866027037101	5.720327368590025
0.09598681051762492	-0.2965435334940135	0.0014786199173157377	0.3116949171342412
0.6594458893940937	-1.4385238585398379	-0.23473744924951753	1.5997879367926493
-0.06179431116906378	-0.4483255968876855	0.36379199660792083	0.7621541424892578
0.369642780282513	-0.33603003601170356	-0.21499171786541987	0.5438505390893138
-0.005953441379131702	0.0024818261227152402	0.005990292270426675	0.00880264316232814
-0.11437087813261804	-0.19992222440858554	-26.693117161596394	26.694475705306314
-0.12794513700128363	0.029259848646078605	-3.119267258094446	3.125145454078116
0.12174554318754943	-0.21514480449934134	-26.2464359362357	26.24797112928947
0.2755169679108197	0.37016467993533514	-18.549618589418706	18.555882115590368
-1.6412346318409823	1.066502593104548	-142.02944061044735	142.04299545841513
-0.39998008861793677	0.8344089176354041	-26.449060740606477	26.46561006586304
0.5792166627048514	0.026380170146010705	-23.377397003578547	23.384586344826694
0.3347869866859298	-0.04704833566056376	-10.701642015654457	10.70698079308838
-0.027243667962804176	-0.048085107597912236	-1.66968019220579	1.6764146635487103
-0.3840592918882918	-0.16767645634691358	-5.902184061263025	5.918688487462918
0.21257215456464384	-0.19121303104007736	-8.963858984878998	8.969503722605374
0.1489525416744005	-0.22892646548048323	1.765933358830738	1.7869288777396437
0.18019205718931544	-0.07652731658279459	1.2719592776307111	1.286936677388721
0.1700790100586245	-0.16154413325715916	0.20279618704614946	0.3100801027682771
0.02489002930188189	0.012253049121363189	-0.010616133379918465	0.029704428278613488
2.7522597670616182	-0.833908070368519	0.990571224070065	3.183450899584833
0.24845544867063044	-0.027725602388983903	-0.10593932262713218	0.2715178798544435
0.07110673444083249	-0.03720021560621546	0.03651885242954242	0.08816830670234464
0.47373594677466146	-0.37824797154731243	0.220319144220753	0.6450099228355377
0.00985864238807261	0.004279334435991287	-0.010732799406164159	0.015188762821372924
0.10240024753776537	-0.172084048323793	-89.45795009777365	89.45817421804529
0.043920970010182386	0.003030800008752105	-7.619455611115661	7.61958280006965
0.02432856472849903	0.14705604072518924	-27.528783332808217	27.529186859456555
-0.095101285000574	0.21020330485270572	-27.556482276074036	27.557448087864778
-0.2201563734411006	0.24386820333244683	-23.91124015428217	23.913497156315703
-0.1735871205215718	0.17469150127493085	-11.225734985526877	11.22843602530249
-0.4642223410073725	-0.12407191136623377	-15.043559424185919	15.051231722689456
-0.06058211254938922	-0.07580028656942242	-3.104381365767219	3.1058975417627184
0.6837387155297608	-0.46393622006538304	-5.659522263401336	5.719521631862075
0.16606471112161178	-0.061509839156365494	-0.9345631020263188	0.9511935345985068
-0.14044453594974426	-0.5191533400435456	3.5206374135306144	3.5642127378438064
-0.1449716298770972	0.0036974943733876497	1.9848196799608715	1.9949985944340514
0.11402522713522148	-0.14882689986277772	-0.6144876007335546	0.6424532745665512
0.06482086622595785	-0.06662536999950996	-0.09896118542856217	0.13577187060389717
0.08864309730747523	-0.3565836646563406	-0.3392046764605277	0.5000693163279462
0.12119626700227011	-0.538421305887473	-0.7592642360913053	0.9386523413789424
-0.027329419183824928	-0.10141379971027885	0.2243375773064506	0.24770749790091035
-0.06882767192304945	-0.018366007087231306	0.02670886219904725	0.0760783935072427
-0.2533740422180091	0.30890111629425676	0.36320886395784024	0.5399435005398957
-0.07547501234903473	0.00856274032978506	0.08954767320339557	0.11742480056267675
0.281098563087398	-0.1160344108869995	0.06476897266285038	0.31092668991177635
0.5621267919006883	-0.055144620648714816	0.20428629085304228	0.6006332891120371
0.030971325265621005	-0.014851835132759256	0.03963295041009962	0.052445884049455924
0.08913538750156803	-0.11142336178025364	-0.10602473558180672	0.1777681844725316
-0.11889226022541108	-0.8264596452945558	-0.21111824424092096	0.8612443485406909
0.0016926026966263136	-0.09562406938077148	0.018863778372760626	0.09748163767255788
0.40105418498063883	-0.3449287719149202	-28.386889843314076	28.392161155472696
0.3120345185621276	-0.009795266798393737	-35.23515546506975	35.23681486628097
