0.005421759316623281	-1.0154153717277057	944.1035761124804	944.1042512594087
0.12592773581421796	-0.3112096842423964	0.8786810427754808	0.9509308187489529
0.12840171741563133	0.207533833585008	1.1268376703317446	1.1613785831056322
0.4220051507413711	0.017520943303751896	1.3582230048422481	1.5056178147156756
2.0603801595344797	-0.51073695099253	7.942203888225881	8.274356278887367
0.29786187583639834	0.0021951068919415923	-0.16544592538876168	0.36821006870913864
0.9032332375705433	0.050622455270166955	0.6643649063070265	1.226170292235989
0.15455187042791751	-0.21289274741473074	0.08703143943531627	0.31026417599320644
0.4400700046265085	1.0292047382440088	3.0810492315552063	3.281046807706775
-0.6900275818929581	-0.04123885166313812	5.363721101093121	5.409881934189613
-0.260837629192645	0.13969354779135681	11.656591246888402	11.661181322577601
-0.20490416846710774	0.03510726206359224	-214.6151708955697	214.6153169663284
-0.22973463119896598	-0.3426993239285428	-541.99249086263	541.9926658655912
0.1404382791645366	0.1446280490993599	-444.64269911559495	444.6437347670349
0.01020210197066724	-0.07365560471190959	-8.299217979508251	8.300724551946242
-0.33570231010747226	0.16348892038041346	-0.9388303750750155	1.0199543745492476
0.26493349783470804	0.598621984640545	-0.1772477710820207	0.6924121576225166
0.20784657155474795	-0.6610083709884874	0.746967796271066	1.0283836528212833
0.19457648915524123	-0.6969007019582545	335.5831458320706	335.58395488600496
-0.08918197396249498	0.3285859299471627	544.0589831689327	544.059901004233
-0.11981774436554696	0.09815104062680315	292.3072173471917	292.3072917033749
2.205956789956761	0.8820450309601844	6.529293941075578	7.011153882041398
0.5098325067520334	0.10485893100548943	1.5952248310523949	1.6837893653479399
1.0063036124927927	0.0541598805145435	2.4607931101142624	2.6591508012820966
0.5398378615291759	-0.02194674476949133	1.1113938995820563	1.235760080426043
0.1230102788574958	-0.11954868559293513	0.2688030566310571	0.3480779870744437
0.1062791449601795	-0.08558529720575458	0.04810278421713785	0.1446857892147833
0.18242713462720994	-0.056886119999750746	-0.07556875000199723	0.20549045251248185
0.4028526608346795	-0.10324877808310032	1.0828328573658321	1.1683138954956789
0.10713347547685112	0.20701389974356538	0.6032873639568955	0.6616402078659122
0.41944185290980085	0.09874768877880037	0.4258236192122762	0.6216816818843893
0.17493985024311076	-0.08464095552877261	0.284669817088473	0.37186655162449117
1.7662755969536899	0.6065485007448128	0.9207472782677991	2.0868363384528874
0.025039798243116106	-0.10961229748000492	0.6094952345115662	0.619779225327221
0.020511558324492064	0.03133034116782568	0.07599814769980662	0.08472327163414436
1.0915285516477573	0.6207130231736013	0.2399577997063274	1.2783970360727008
0.7152154903177068	-0.0029153240692649796	0.33387339792010945	0.7893118157886317
0.514017641683928	0.12241423526418793	0.09688719949381394	0.7295933475459992
0.7334231376657357	0.3828213859800806	-0.16310271839744497	0.8547186636992308
-0.3146030887358577	0.30069431972593874	0.3141955676660483	0.5546087062051742
0.18514510881137988	0.20705185837864798	0.3240973312127399	0.44907465790673357
0.019586622309284377	0.473205123801588	2.5840592374124802	2.79006463228405
0.0039442130366892335	0.433633332667021	0.9006610627059372	1.0093183634468237
-0.032186052959714655	0.7018700385176545	5.6242354291099605	5.745087662336374
0.0764332785813832	-0.029463717002422785	0.5215977907146366	0.546126539249548
-0.29876646472189106	-0.01605349275412872	0.8324720063885716	0.8955492959031554
0.17954264151703148	0.6676152976429726	10.063031214679045	10.087716429315144
-1.5648010494507274	0.4502385366222212	14.857515535617685	14.94712563472465
-1.5411699134436787	0.8283504351832609	17.64781586763401	17.73488804104461
-0.39010903305605454	0.2122562551950442	5.097627033228244	5.116936500039915
-1.9990955517525397	1.3717154970402885	30.13571276113772	30.233080723797507
-5.037521931714143	1.279514803985081	50.96147198400017	51.22582758845534
-0.6542833756617898	0.37771041035873787	7.690117139102759	7.727137471462687
-2.529033181276258	3.084352141988706	44.06388572815113	44.24404211225899
-0.3994701588138157	0.3614524678350789	4.2218821367579435	4.256114785924203
0.029828651522522273	-0.09707415065951054	2.458710837938947	2.4647620389555573
-0.5417329167420433	-0.0038201975596606173	12.098777651592103	12.111704652713247
-0.20728668390012514	-0.05401352325753683	5.192049942638336	5.198340852788298
0.11206910473900521	0.5923954282301398	23.002139971399465	23.01046316084007
-0.06694766520213058	-0.1639998835726329	1.9965046351168323	2.004347452347235
-0.166417270925489	-0.10538011172248894	3.271657779012806	3.277582081197043
-0.05862367072251218	-0.49515360595744295	56.08129627952208	56.08368645162956
-0.06592741001688439	-0.1286174625849519	21.29141841769861	21.292366399662782
-0.7846396758190579	0.5169824572794011	-1025.0086061425623	1025.0094662719916
-0.05841960483086203	0.29391965837647277	-50.21596289424395	50.216857040359415
-0.3087606278725296	0.5659813931009054	-102.21182062474891	102.21385397043059
-0.20272227220760125	0.1433324768856933	-65.0964581990122	65.1036931453756
0.26934422148764364	-0.2488329318567345	-22.544554853143193	22.547968809826475
-0.24350993539567808	-0.6830193326211109	-0.19383494991551306	0.7634554800899368
-0.05373290892324228	-0.006023687122583166	0.23918884446967686	0.2821605899601276
-0.045436421197624255	-0.5032162650998994	0.7733808262178317	0.9342851626210057
0.4011666781893223	-0.1835664312655671	0.03371049024335071	0.4639477561423235
0.1284966264665089	0.22820853451379927	0.417216282011659	0.511995829195796
0.04224157405534508	-0.3140361425202416	2.509197825000764	2.532973856808777
-0.06396497318739024	-0.0056289300456792354	4.9498901504788995	4.950306627316767
-0.01785376158147864	0.09350546343914246	20.757221868976796	20.75744015398873
0.08954634139059721	-0.5049602944997099	0.020560810043606444	0.5318890655835335
0.09840042265677199	-0.18480548480312797	-0.0571477258671316	0.25803363707884164
4.1781073414148375	1.0146285781766624	12.541060261661215	13.257610817739955
0.6500600703843699	0.10826657700688963	1.9898894994087246	2.0961774654503915
0.170154176964869	0.09877943702520495	0.4063906521982786	0.4515121076026097
0.6791447682884787	0.7337271411832404	2.222948326064823	2.437435618505018
0.17525392913293547	0.16638755103773747	0.442545072584795	0.5042270303007852
0.7084721941455544	0.3485794282673541	1.334686602130541	1.5507510417843928
1.760284005073847	-0.7386414069998745	1.3926956921924964	2.367123144790975
2.5824961072270547	-0.7977607792550234	2.4985972182820215	3.6835005428080403
0.04433894223420856	-0.00301922532768005	-0.008391498975471284	0.045226925333070274
0.8550160854768746	0.27572227843846986	0.33553899286174166	0.9589899358085936
-0.024708913474830695	0.45312316440494127	0.40082695383065586	0.6054695528617576
-0.02265765743641877	0.013677980458405618	0.0003961335262227944	0.026469104852586623
-1.6364129668349008	0.7727686633768468	20.479526874378106	20.559329750833268
-0.05404388129540422	0.0026131183788406023	0.5093102675000525	0.5121762568433923
-0.2763587986310994	0.0932223528789686	9.353052361594203	9.35759868082512
-0.02732349956517234	0.0651971112501028	1.4452585975170573	1.4469864030601043
-0.01635179798168454	-0.17844907793438075	48.69491399975327	48.695243719464834
0.011344374562487032	-0.0842418474088239	8.288429430926536	8.28886529116852
-0.008127055830125962	0.20430649859496225	-63.61405945809246	63.61438805751518
0.050809637716041786	0.010889740190191795	-20.466676890301507	20.466742856100186
-0.009667564402933138	-0.05362554338069872	-2.386683072674666	2.387305018236286
0.012799905682786371	0.061385845760195554	-8.239606916351875	8.23984552013197
0.2020598187102231	-0.10870216971556221	-8.326213991980511	8.32937475278248
0.009397079886228794	0.028417536162304455	-1.8766030013614992	1.876841678509648
-0.18280536350889456	-0.029436416389208644	-5.906711952508951	5.909613387815617
0.37249425140080905	-0.32478933410284416	-16.168405334395153	16.17595657561467
0.9216112164884224	1.2703826415499684	55.75940404438165	55.78367232996866
-0.010289098358365847	-0.14392876581752026	42.681405210237244	42.68450412055928
-0.14218670633132108	0.7928869165921131	404.0244658469246	404.0252929822582
0.35606611859873133	-0.42142194969146346	101.04131318051952	101.04291577626418
0.1639357532614989	0.3496834351349872	65.34315816237847	65.3444485159567
1.0621020921067519	-0.2215021713549533	275.83687997851416	275.83904901252123
0.16619897327209754	0.19608607129615557	59.323680719189234	59.32440177282258
0.22334762027599162	-0.4832537425141068	27.113811261253865	27.119396365607667
0.05321452854428865	-0.9369760494451427	48.17764879657675	48.189317482321485
-0.47595430276694084	-0.11982171949865883	0.9293603085209274	1.0602264431432058
-0.11450564804515143	-3.0067998068695188	7.800044793033077	8.361467286322853
-0.21626669983520388	0.21193079380825947	0.7129970648970366	0.7871026275356967
0.893676430608662	-0.2895870281992011	2.5550343259561537	2.766665602985099
-0.3641930466151406	0.13427328371923988	0.3548014747649004	0.7212973858395116
-0.5366573229780464	-0.07668012935801526	9.883531714466178	9.942757699366062
1.1880412417318738	-0.4372924593716897	5.426330804251736	5.650494073720497
0.20904953019289318	0.588546526708452	-0.37096177576545203	0.7397169351539227
-0.6977936492809298	0.3003757539796907	0.6178358088142404	0.9891119461965927
-0.15269635115509764	-0.18286196283161463	0.5913376965401613	0.6526214288208254
0.10467215980461951	0.31794360208434014	0.08813485373285863	0.37321834425312145
-0.6222468311362316	0.9615147737485125	0.2961889673209381	1.509894127499799
1.317954380726819	3.5493201418851505	-0.37632935412160595	3.8073325028085248
-0.4052519118967559	0.3543170994105054	-0.4653786501573577	1.1786173220994738
0.00407982031484265	0.03485433651627581	-0.47355157948272075	0.49493671619548585
-0.15045358352604377	-0.3363616495101562	-0.7895088470163031	0.8823714889285768
0.22182678545279522	-0.5105335745545658	-0.00735901676185359	0.55669184350005
0.0074283061752760116	0.1297116668191136	-0.08395186717567724	0.15468746634394448
0.18889160349653994	0.1866896364823317	-0.3252845349344572	0.442518781306427
-0.07501504107250548	0.08182038739942207	0.06562164582106057	0.1900205712062931
-0.9966723245193427	-1.810982893221518	-2.5201187050277114	3.2966244845044628
-0.15026844567418884	-0.9830951820615231	-1.814811413664768	2.0741448827952764
-0.03463308451054342	-1.198142118399789	-1.6709705690267234	2.0611565718983456
-0.27082751663928156	-0.35046876323093656	-1.442263495229848	1.7766965076630956
0.351669805717415	-0.724096155949853	-1.982879120013169	2.1445923353399543
0.5189401564564426	-0.32650224955867774	-1.094791008453976	1.2625172244534282
-0.996707260981073	-0.5843745234707949	-12.253438221483576	12.308580217896322
-0.8175825170465955	-0.41171443532949525	-8.887746185546673	8.94839103691487
-1.5439080919050574	-0.9643368855555681	-141.51811193942882	141.52988760156174
-0.5778017093687988	-0.30963742981502523	-93.34008232720242	93.34248860399599
-0.19430181380130368	-0.21172130646694093	-9.338339216709658	9.34380212856074
0.0026444299254270442	0.27895098145006225	-103.69959032993242	103.70114066480306
0.5219773353464316	-0.5229972741115987	-17.386578583280247	17.402832559811145
0.17081954332839464	-0.6074836855339223	-38.20276243905194	38.208228871594
0.9262031121971083	-0.15505186950825134	-37.11802008148038	37.130160083702336
0.48304797041632896	-0.1472914652118017	-21.12352426293028	21.130020993575748
-0.3891720715732365	0.22533393899068355	-9.599396664343782	9.610937851722275
0.3824203617398255	0.9563052225899455	-16.734247334198685	16.766492735180538
-0.0366041699283744	-0.008914929305767962	-0.7832218605796248	0.7964518874423517
0.12688167939031927	0.6157721829494832	27.132518106015127	27.140160148753694
-0.020997427164760357	0.33949920419710133	33.630407614222165	33.63212774863241
-0.10026376401404677	-0.02317842508316073	82.63952881345921	82.63959288726149
0.13153276168002787	-0.037674178797675054	73.76075312586322	73.76101207067717
0.20214000663259782	0.5522914058366575	66.1211926892946	66.12395548376526
0.3794235186067751	-0.014979950845327633	38.16364282853536	38.16578703936706
0.46771788299662104	-0.8009664978113469	209.76009946192303	209.76215014540762
0.5205105334308624	-0.707224480544879	220.6986980416297	220.70044498131796
0.12409855768785731	-0.12999863799455946	11.899346273930542	11.901521819906284
0.1979086527979568	-0.7342463062803017	59.43302366765507	59.438052353169226
0.07655795485924087	-0.12738273717938747	9.906784868841063	9.907899571537946
0.709828560315383	-0.7093403580406954	85.8625039451524	85.86836788981084
0.14611163612500505	-0.06330138233862159	2.549040987529174	2.557820442529305
0.17750763882216714	-0.3119667067889358	37.28817033953198	37.2901590133756
0.1873257137196228	-0.19131442911371221	15.926271666189372	15.928522257857885
0.7080604901612454	-1.1491520708942062	77.73173969160565	77.74345796028955
0.14092027915541444	-1.7515250549641521	153.57622912853068	153.58634487371296
0.10438773668333592	0.06864257836213583	16.36952100586635	16.37059273054991
1.5421420609542715	-1.9792176742279313	82.97526162000852	83.01330631550523
-0.26020922916649103	-0.7176945496088453	31.127870467685046	31.151363770393115
-0.024402576223469866	-0.05013460895950349	7.004739942955536	7.006352147735553
-1.1545431637624362	-1.617932782301501	62.11248646832685	62.15138327879778
-0.33206795232116604	-0.33046594325228573	21.598017430263827	21.603548633673324
-0.05615099895908296	0.11354808121892797	0.07319597011157467	0.14630021009271882
0.02983881165497368	-0.010597868066127863	-0.015050990980917917	0.03505997458691009
0.4993482234764137	-0.6787498100704674	3.412173456843556	3.517450417198152
-0.1673942303506712	-0.670750733886826	3.6620884322372893	3.7293831722941233
-0.6197070845092263	-1.5185687478430574	5.835108095063781	6.062842087544044
-0.25942204224836624	0.017244894727157012	1.0287796628976171	1.0702637815464924
0.3102846656525988	-1.356668096061409	3.5634230270910106	3.8255468323642954
0.07035502987491984	-0.12615246654362924	0.33091034900884336	0.36106223026633066
0.3494001614287495	0.323800139799911	8.696711066555594	8.710866212001616
0.1958063609377309	-0.0343666202635995	2.784237783755342	2.7948132347194288
0.10816882717053887	0.38695303995923325	8.859250670857698	8.869455190951568
-0.11429100167424952	0.20571573161813606	4.0531458179923785	4.059971972465818
0.03486054353179595	0.10945220653274444	1.5999530461218248	1.6040713178673585
-0.47255955689674356	0.12263210316343923	1.1223114437973787	1.2318335639684803
0.15468985192021195	-0.13609049223640396	0.43593022846722534	0.48216671023177354
0.13815708237212773	0.006440167725332312	0.2128457636945339	0.2538349351303297
-0.003206452273974292	0.023394181007896343	-6.691478378478072	6.692975440234391
-0.20609814971502738	-0.16134628987100572	0.03779937381312325	0.29902784173344116
-0.08694637690433274	-0.28629080129551465	9.389854948925887	9.395657392760294
0.11851342724111699	-0.15838957755888824	9.517090654780223	9.5191463494381
0.00712803504992604	-0.2516731582066285	12.370897729897253	12.373459533655993
0.17038645524307977	-0.945147084268785	57.49172684261258	57.49991712764039
-0.2061250614542612	-0.43071529490989924	20.769323718589362	20.775280761488823
1.2738024226968148	-0.21333631437002368	0.4214996258852046	1.4468457560564745
1.4628914237792743	0.6790867807846767	-0.6955736441555951	1.7619627274568994
-0.2769700451846799	-0.016916192124379205	0.2712617139695653	0.38804829718902095
-0.04418932796180604	-0.02197568963376824	0.16148794327114027	0.16886084052419845
-0.022595821381787458	0.07132525953498194	-0.13457164315477615	0.15397204594674505
-0.045803030791491305	-0.060958482295258645	-0.1676562099651147	0.18418050638787556
-0.5272278518287328	0.4461357160109045	0.3763172002612366	0.7988120585951103
-0.019551118366770398	-0.10492840541753634	-0.16275230065285962	0.23950013102430043
0.02675773932408569	0.5563769783855088	0.09566717332391418	0.5821540274213626
0.031711436567607984	0.08061175793540865	0.0837349261105388	0.18437785517072205
0.8123905916104065	2.566349739538269	-0.4324256944696134	2.8837325162196947
-0.08725900406240443	0.21719307845152303	0.009104558241745185	0.2726713131189078
0.028094562018941935	0.22293904527637443	-0.36930922977469116	0.45426887899189516
-0.3841740739318687	0.027600342379716453	-0.686725794003964	1.22486505666186
-0.17460915346704192	-0.28418073927833204	-1.622918258575977	1.6627057791354845
0.027671001032113188	-0.10201934752512719	-0.2960212863638728	0.34392152949196686
-0.5274480626461955	-0.46779562177593975	-2.09464762140537	2.2145118300205886
0.0741056639501212	-0.03458879888852462	-0.7315845710640272	0.7492554997842692
0.9265808486585789	6.525023482626485	-45.689495598333735	46.16501068439697
-0.30396623863717687	0.7027358803393295	-5.890458604189685	5.960491229908808
-0.5162747215687855	2.1359758243871894	-5.220692702480221	5.666043098064794
0.26291034841189787	-0.21344968706810852	-2.6238889113788244	2.6493311277317306
0.7207591113731373	0.4700591140938575	0.4579842977024578	0.974781454641044
0.1245814435667987	0.12988981981310305	0.15163474456068698	0.23534017321794543
0.18616801265244035	0.4304551486672841	0.47996967590740863	0.6710596499118356
0.08756205944612316	0.07716522701817263	0.0638587364122867	0.13303956077568213
-0.04498100497748048	-0.8080151578655513	-0.960231122091851	1.2635012381802608
-0.45018519163437987	-0.67424607738727	-1.291312356638312	1.5310917238839075
1.334729155129947	-1.076761462482325	-3.8970759868963163	4.3601502493818804
0.24372530752196353	-0.24166759362157353	-1.5239157663248668	1.568312564218952
0.9269456277474415	-0.17849731404473335	-2.4053513172352328	2.587717958384675
1.0721417047667234	-1.1623106061899215	-3.8355104048158166	4.151032839030796
0.7701563116591683	-0.4505047143651956	-2.578004965234759	2.7316084323579006
0.04002760664505754	-0.12486472658561931	-0.08637189990850835	0.21007926892684636
-0.25426429717418164	-0.7837158001347095	-13.073808877572475	13.109193532311249
0.14125373292375376	-0.1418444752810674	-1.8059588390092662	1.8170194826771544
-0.20999066148610163	-0.12964876037762296	-0.37384179285519914	0.4479537532647923
-0.4072185087740257	0.37400266244094155	-16.299239598296214	16.30921200343439
-0.029297536165012267	-0.02489576842254054	-0.54450096723842	0.54585661875099
-0.7756483763355106	-0.48110543637934855	-94.97970358417503	94.98419166138795
-0.4472217146626235	-1.0869849803737792	-166.78946509185275	166.79366501465483
-0.5031724564090405	-0.3366489666850708	-75.86080344432133	75.86334750095408
-0.4001644914651252	0.004433150135310246	-61.20068265446966	61.20215019450749
-0.3857140403113225	-0.11724226124425997	-79.65117980015346	79.65232227882619
-0.11442251349674737	0.008400210566912952	-66.11394747105832	66.11404701938153
0.1719716569554009	-0.10919478772183962	-67.9308150544691	67.93126387387362
-0.0078212976557595	-0.06791206232208416	-11.934423208821952	11.934618994679889
-0.06727833965307774	-0.07694943137058699	-4.455934464890027	4.457106633834277
-0.0140576008109098	-0.005402982495362056	-0.9235783513799702	0.92370113104735
-0.3192030887716487	0.5399438105560675	-63.77945718175886	63.78254140695752
-0.33328366499544226	-0.23707952067680824	-77.20809856709396	77.20930804528345
-0.5039118871105404	-0.2860775808193743	-23.33121607715993	23.33882796963559
-0.6621205256958975	-0.6528210990676458	-70.86088954130967	70.86873683984868
0.24224250393898059	0.22380297932658974	-19.066398302753957	19.06976122630876
0.04675400621857764	-0.05024758330484438	-2.830715705276537	2.831547661761091
0.6425882363751696	-0.11766557205179515	-24.35609465784296	24.364854028090956
0.21494138017775088	0.0565825879535803	-14.451165976000128	14.45287512753348
0.29093112353177597	0.19158804141344749	-32.44886538512086	32.450735148497735
0.24369331649607312	-0.2828531629176067	-19.72660111803482	19.73013390766342
0.03775954602504597	-0.04255261227466363	-1.2266919228279984	1.2280104159407064
0.9916868817263425	-0.0940305359135673	-44.69430007548288	44.70539949324222
0.4191261775774678	-0.11909374701284295	-17.796382396337105	17.801715548507268
0.030002833552085485	0.02238318716433984	2.682035863409325	2.6822970658938234
0.4750470367448954	0.599763512266514	114.61367236776667	114.61622607459876
-0.3180871919543804	-0.021018032278534268	74.51142503945596	74.51210695336582
-0.05298397078952953	0.03338876128588057	7.173272381821272	7.173545760245813
-0.12753083748479557	0.1231488607846228	74.8745404373599	74.8747503198659
-0.6400719911097172	0.6489698565504222	275.83844732937143	275.8399533771474
0.07896389806418574	0.15411074162457739	39.023146880515554	39.02353107903194
0.4486273243181225	0.42105596858126876	174.87784552443318	174.87892786117004
0.311385591447581	-0.6599307498029344	81.8633373526677	81.86658947395927
0.06259213620863505	-0.33993331119585546	35.971668427683746	35.97332903558962
1.0772649790173898	-1.1703952603343797	44.48927244150693	44.520481836870964
-0.7013058795189493	0.9530458573190385	17.771835358722942	17.811183519360963
-0.4483268787019075	0.540867858116739	12.09439371117687	12.114779992681044
-0.08482745548892856	-0.07370674840471499	2.492028192544171	2.4945606615995715
0.05046384879013073	-0.01930975069498344	0.9392474041605143	0.9408002724961766
0.13606504912801717	0.01967967751887547	1.782067370812428	1.787362610500672
-0.018662574138864917	-0.0006757640151241273	0.047670425069296966	0.05119782961005495
0.11517880553571846	0.09820917882728668	0.9425223189892498	0.9545991419666362
0.12338848321340355	0.03332977472432741	0.3337222856913816	0.35735998046781753
-0.06405351256896452	0.06632597962351312	0.3734707099738006	0.38468475308202155
0.05968601725386549	0.0034540493937496378	0.25074717699801563	0.2577760615055583
-0.025196077978040746	-0.32273271259949127	0.06907872003115459	0.3310031958885645
-0.002831786807253568	-0.024005259367967123	0.05857598721903506	0.06336732417050295
-0.36582927506827095	-0.06313843282229223	-649.6746601520783	649.6747662186352
-0.22507549403478144	0.04723703455228385	-488.0366501391812	488.0367043262725
0.0003104205460043308	0.002023701572258084	-3.5528647065410723	3.5528653331940063
-0.04798039349380842	-0.02356779556552887	-80.24236195620455	80.2423797620041
-0.5768411326542164	-0.14885423932365457	-438.23680525632824	438.23721017794657
0.01254404063817512	-0.17188959417676059	-110.42094960656867	110.42218769497515
-0.015629023840394347	0.1756311410636794	-8.912352438422282	8.915189080196182
0.04350168399177448	0.34450949053130087	-60.23183359783562	60.234857663028755
0.3336116734188252	-0.1307131144600237	-33.15819030199471	33.160419879053535
-0.2280109940786045	0.33757638859476635	-14.884057911494027	14.890285642967543
-0.1533999625082057	0.014952238960531897	-8.117196709057575	8.119859439447373
0.04406380310347886	-0.036842910402829054	-0.8873214980797486	0.8891785308617061
-0.05330438406949578	0.49096508889331386	-2.324213652776879	2.3801968331479415
-0.20756311021583507	0.09948222243573598	1.1936024721615177	1.2235790958304549
0.009791855515791079	-0.08099762343016374	1.0235251653276323	1.0267717660194569
0.16315966014047895	-0.038575001248759046	1.8102005404871195	1.8179480471669975
0.1585960814324472	0.41076565752928595	6.691444049910386	6.707367918970322
-0.23472187954291518	-0.0634123727086592	1.6205228945206236	1.6445940916573303
-0.8291928158434356	0.032828920356548164	28.515959831067917	28.528031890597305
0.1295183424404663	0.307551132923875	15.813521678202914	15.817658181674203
-0.45421653108458926	0.6392444555601658	13.668485286370908	13.691673233747327
-0.22291885185794047	0.32732461338857016	0.20914481171975255	0.4691007932341727
-0.7154855089294465	0.4843235672505562	-0.11922254048899822	1.0022089541822026
-1.5450099889598425	0.7116301371547719	-0.395063306144999	1.8147364206283043
-0.7757492200913573	-0.6762716250780211	-0.8731186623568209	1.6444628748663743
-1.3001221385616837	-0.8077576524801615	-0.6571881163212795	1.9124533995505297
0.060130900315964395	0.036798433430471525	6.2680789845096605	6.268475413202753
-0.06896555009836706	0.06113246825794828	5.146360317955834	5.147185439442236
0.4113298677648184	-0.25268952531868244	14.795801850705091	14.803675106595984
0.07999553480058286	-0.10928690324333529	2.899346398875795	2.9025079592453484
0.0813107164585918	-0.29305684769194373	-0.18575744246257292	0.35636999876586795
0.08235652985103872	-0.1491288925368074	-0.23230834443001305	0.2880784467643722
-0.05399713156923666	-0.014235175352134855	-0.16349501417997958	0.17276848698973768
-0.2795330443788139	-0.38252310340966156	-2.296011908103437	2.344383358091127
-0.6770283493796476	-1.2420915538987576	-6.058872989860179	6.241691792574154
0.3801393742919222	-1.2768914240104938	8.441255932266788	8.546884762972288
0.03165906142348862	-0.40345687837564903	2.637617146261802	2.672130936917779
1.03372458547728	-0.35501935509561633	7.833103844018234	7.908991155152838
1.0198393304758238	-0.42111213712898216	8.806817369490433	8.875665601608763
0.501483296613759	-0.21365076044193765	7.165059795905987	7.18711999399122
-0.016997039691777825	0.4713190548644736	-1.4659026504416395	1.6171026788081355
-0.23947108005111367	0.5434828457226886	-1.9591700023870313	2.0519617162434773
0.1186620579662895	1.206249821379524	-3.2707059552083995	3.4880706733286835
0.19949833621380508	-0.07351629770786107	-0.2463786343677684	0.32543304019978325
0.010905349380870922	0.00105917859429102	-0.012585907583266463	0.016686928240631626
-0.16928520800073338	-0.5630369178196326	-0.9380036961004357	1.1070316103769406
-0.1780404835147856	-0.2873186400597524	-0.5127897382733037	0.614169138246434
0.0023166728897202893	-0.17137036734207328	-0.2558834388524218	0.3079764667229888
-0.46881366572411787	-0.6347906156303416	-1.024099792975143	1.292874999694001
-0.05275862229604926	-0.027213864554327352	-0.12653785499009185	0.13977086747978626
-0.1069661661048805	-0.15173252719956953	-0.18754888445840218	0.26389222149039576
-0.4628835060341023	-0.9797455174227213	-1.510744659039132	1.8591696651687288
0.927546710361203	-0.43984224747871636	-1.5862661664732043	1.9538833551588004
0.11615370264937058	-0.15590830233241812	-0.7290560759876802	0.7545341896229016
0.35918301290871785	-0.36733908751766703	-1.2598454748468026	1.360573798980585
-0.06954759182627	-0.10013087856514506	-1.1020426182923129	1.1087655265671086
0.008279022233489954	-0.12197791496515517	-2.615051166556969	2.617907515108078
0.11686361195098244	-0.1384392506618753	-15.167785359698248	15.169509386684151
-0.7222550823671894	-1.3085573646800972	-39.739123316859185	39.76746630800239
-0.2504999092527878	-0.4485408824020515	-18.37666335708795	18.38384332144561
-0.0024310422439349708	-0.05975463837534639	-3.917952911681204	3.918409313091854
-0.259937329852724	-0.10821725428518408	-25.16946799431482	25.171042837085913
-0.2959743615307427	-0.010970040382005282	-19.56880288701847	19.571044111019013
-0.48228204251293494	0.49031055196394807	-50.9362771725383	50.940920021173
-0.0465243319874729	0.03570995597241487	-8.289776486770052	8.289983951433683
0.16547685825349323	0.6653007033355642	-27.685641083407067	27.698598259258777
-0.04184438997668739	0.15856148146989155	-1.841838714479725	1.8491248055593146
0.052387261671002404	0.0304088493468365	-0.37383854754678986	0.3787141176875746
-0.03452557880406192	-0.021726946517943053	-2.409784714707306	2.4101299647599337
0.12102138507280494	-0.10035516502223825	-5.84721677761741	5.849329994045651
0.026691050802741482	-0.014576087246556272	-0.12725860832754804	0.13084199595633655
0.030726658078634783	-0.09164205757667718	-3.088662978308666	3.0901749768917823
0.03043205966835401	-0.08080759498003795	-0.6640745438156519	0.669664824674316
0.0731515251694152	0.040003267416643486	-1.0558138827872448	1.0591007327562838
0.03921872315876031	-0.023785090211680307	0.0011344297084185315	0.04588164876445256
0.13460473318547098	-0.36513495788959305	-0.30642659375551945	0.49531730136305235
0.00803098207092106	0.08105770426110276	3.25633892872099	3.257357528242285
-0.13927694408164576	0.18037383490532952	4.758411519194701	4.763865339561524
-0.011678673941325712	-0.008409315723716712	0.12784451977104744	0.1286519694814609
0.05916291248948999	0.26033502009613807	6.891558856431981	6.896728068045655
0.28981224198928796	-0.3534061055339815	0.1563352861393002	0.5027996794229389
-0.284051895578067	0.43694891864162966	0.4509611240837339	0.7031753388867158
-0.38184014732949784	-0.1090792717575741	0.6347145071969693	0.7487073468893349
0.18879077412658163	-0.04696773608192611	0.18908999137023974	0.27129863520551073
-0.501150407403483	-0.4357762000180311	0.38833047201533355	0.7818778470697862
0.329482174447146	-1.03531787615913	0.39856348732074265	1.25972622958258
0.03990927366585226	0.7141281966730966	0.6632757645899318	0.9754519830829518
0.05538333073766245	0.09006997737912313	0.09516505145564774	0.14225435377249143
-0.03693431638784088	-0.20319390209417112	0.1380305674985336	0.28492828578303697
-0.12107105403592901	-0.20115584581580848	-0.2842813325563289	0.3942303075249875
0.43187756565846913	-0.18115523616701204	-0.05913830891285138	0.49225255285359665
-0.13802432153452576	0.1676092985874116	-0.22935908241277103	0.34529547331706867
-0.0482230722143942	1.0324122895596988	-0.23389727407704394	1.0688256733669743
-0.7724747928563014	0.37117062973786386	0.3279346734093958	1.0438590920725437
-3.7044033062987802	2.393884278287	2.8707194399944322	5.34575604396693
-0.4818447308765905	0.3992490144289478	0.2076608723136728	0.6739265115619775
-0.3455516371941006	0.07121475252930906	0.07129000890986255	0.3599440794286001
-0.15201499220394954	0.009842585166654854	0.06294996876319435	0.21598129040455527
1.7943937628741662	0.683558871589324	-0.19388547298487624	1.9349865810141333
0.20621241616623773	0.037999931674965085	-0.0904416598161876	0.2676322740603749
-0.008590541257734582	0.004370616849826295	0.018511182065948248	0.020870159372355167
0.09665860230034734	-0.31834517434827847	2.7420340935341385	2.762143643175183
0.40657809279610846	-0.24109280722975202	2.4862733084210253	2.530807470236816
1.4098814530552863	-1.1131458951735793	10.0574090830743	10.21657168329555
-0.08552735215110582	0.22741979102482535	-1.2094732429263422	1.2336369865849992
0.014719136159677931	0.41966753394106976	-1.7798011780255698	1.8286688397068165
0.007002068726117916	0.4097982937079563	-2.8766908028627065	2.9057414967211517
0.1519654215899413	0.536419819530429	-3.486610179495877	3.530905019383606
-0.24250719168661916	-0.23480242177167904	-1.46222168785996	1.581028112285675
1.0424942734557028	-1.0974264166120933	-4.079431110147567	4.351194920077221
0.16942356034442713	-0.11008753250725792	-0.5855497212624557	0.6194288366583026
0.5017926796228054	-0.16829212585606707	-1.3283077810170105	1.4298670197114571
0.05629199352980249	-0.06554676019352218	-0.3102009780094716	0.32200902637264556
0.009792849207429634	-0.6386921574702479	1.3865275441152083	1.5265916947565745
0.015971595365628213	-0.13692690067502655	0.17898001550645665	0.22591572308647184
0.10058704095948114	0.08208923430352474	0.12793103884041312	0.18227107805768475
0.21095105503823974	0.08267047926748032	0.036959097309539626	0.22956639701401724
0.021737096762853028	-0.06566087246064083	0.12163447736447547	0.1399242567666496
0.05591134037900004	0.011265668003312322	0.49924342787501663	0.5024907895025882
-0.040293710752585386	-0.12579761261769434	0.08399710782624417	0.20972344048698555
0.16987650539051796	0.14930611797823137	-0.16105470547879885	0.310755123861678
0.04168979747275556	-0.24379672239903952	-0.04207824172124859	0.25088933714326234
0.0314307698546772	-0.28791318518559356	-0.20707536013089373	0.3560366557964375
-1.6062755499322732	2.701411605951707	-0.31789610284835673	3.1978773352627177
-0.17967116942406958	0.036046631339751486	0.20462186097514334	0.3081087139989513
-0.46145217989946213	0.20462925518479552	-0.13624223621874315	0.5411589214282007
-3.2945982407276775	1.637006181188774	2.1755220069607795	4.302868638469785
-0.04133273283895329	-0.019316742498056073	0.05719193261806138	0.07316042988707323
-0.24368733436827197	0.21883213146181296	0.38974651256611154	0.5090907215311238
-3.961653620763762	1.7407776255306506	0.9534058718320384	4.529275825317174
-0.37443946631814223	0.2515776794990175	0.07603624906893058	0.47828604289817817
-0.4911357696717341	-0.3637394951396753	0.0684930286868434	0.6306281348419283
-1.0691357950898195	-0.4011379912511576	-0.32162366348850135	1.1945227508018084
-0.4891749131070855	-0.10010075518241739	-0.4042745221891229	0.65744196017037
-0.6654059030162525	0.18114231700090214	-0.1523922153826633	0.7199171667536242
