0.09916232398399649	0.01528980279813754	1.5382081105821315	1.54778258193073
0.22430675954229778	0.21201526601066212	33.71327951452373	33.71498123097064
-0.037625973992082395	-0.28414152972578094	119.1994052453752	119.19983155507775
-0.26599656744977807	-0.09771107269229501	333.75325981086195	333.7534092946306
0.0289113264399002	-0.09023007675185689	17.507666896738915	17.50847958229425
0.2448258801834622	0.39214527921486503	28.75173475754316	28.755789834129637
0.016897266098515704	0.16426450025030007	66.8311859968425	66.8332133750174
-0.20170714961890693	-0.1769464388299789	119.21065114669366	119.21103481817451
0.005962692990704906	0.24823560486506324	32.91581997745232	32.930126204589314
-0.08609670225687399	-0.1436838341721303	18.00260197917673	18.003922225223587
-0.4269946121298434	0.4877523508859132	10.865967741124201	10.885287396561218
-0.09477678186556997	-0.1448617824756621	2.007411960615247	2.0148623660250276
0.3305227993138522	-0.06403101253024024	1.2236249917339093	1.2767471154178196
-0.08575660868923365	-0.08789023604169288	-0.707229022989777	0.7312534207676689
0.09444412066215016	-0.10114380447334241	-3.1560912188341197	3.197464852834637
0.1417576983133808	-0.2178227526179462	-3.052457322956908	3.066678576238863
-0.009112222568489314	0.19153697470175463	35.14293138263062	35.14373166575318
-0.1628084167223843	0.26634057335736205	3.937884570848869	3.9809670580527996
-0.3238515412098603	-0.43031222677054837	0.6590531867500418	0.8624843889124112
0.060788058339624765	0.3606466064241303	-0.6069915907313755	0.7222740054027614
-0.6381367864649824	0.4701409155629901	-1.275713425666631	1.5083685120196417
-0.374254203032009	-0.2885848417987489	-3.446262076627911	3.603173810005123
0.052944792135865004	-0.3130437623746468	1.4233259484416978	1.5396026260316145
0.5056298679002631	-0.34194393045745797	0.206493267688579	0.6593227353809661
0.0420812499052528	-0.10065405737966422	0.4872842257005552	0.5184860387485536
0.4545956120202642	0.007498635729931535	-5.362281867623707	5.404118815334456
-0.08792014288412536	0.20242903538281237	57.920767630602896	57.921188095412795
-0.3689845060635277	0.44168701108684344	193.65880570768917	193.65966091344367
0.018169023242000006	-0.007667246174559196	8.792598592535906	8.792620707703351
-0.0015391090185532235	0.20786714949415627	27.62275403654569	27.62353619079563
0.21458117055680292	-0.14169380357319047	30.066656786044835	30.08243281863095
-0.059399148180130125	0.09321892070149854	12.852307245819244	12.85354034310466
-0.009591915694189213	-0.026082226643436644	0.6823001645736329	0.682865874070868
0.1876708106407506	0.03889240724392047	8.529083178093508	8.531236300287636
-0.06225430856412427	0.13487365269376986	0.16712786997011475	0.22360283103418988
-0.13150950810183673	0.1793764356906971	0.5685322305459591	0.6104912395537299
-0.227642820573924	0.049937026339444246	-5.927847438076634	5.9529329033569836
-0.09374454931613192	-0.130775905302075	-8.9951184649792	8.997640044025088
-0.07534055959621366	-0.19054808811264684	38.07589291890267	38.07644424503878
-0.3438018584448796	-0.12855475008983602	12.86466804880008	12.87951962456514
0.01998515999581233	0.021113942797463526	-0.10149763414552532	0.1055792353526566
0.2485447957154548	-0.16542990958666504	-0.514462232580873	0.5948217877778058
0.3483188018767713	-0.818378647500252	-1.8749408754627168	2.0798924659236846
0.4441368000271246	0.05258786100851684	-1.3803314218055296	1.457675409406174
-0.02837703625640057	-0.3152459901582352	-298.991659954065	298.99186006840165
0.5114596458403552	0.02387568156414055	-126.60560538831425	126.6067176596248
-0.2729470312063429	-0.4332368954139202	-1451.5703534525758	1451.5704504764865
0.001986897932301508	0.08722778713049695	5.520588742809303	5.521278176459133
-0.10721573989008701	0.006684301679106781	7.905005712034688	7.905735588929733
-0.09917826635994972	-0.07683661538740522	0.28150093739224347	0.338323449726839
-0.20189432869231896	0.6818372446992482	-0.06669946960823878	0.7277306866988673
0.3848977098238278	-0.009919320186156863	-0.19467092704757438	0.45345473277731385
-0.4585827490732911	0.0996266375713045	-0.5293010101639597	0.7210152210057492
0.21761351315212396	0.037029991746788865	-0.40281813380977227	0.45933572724224747
-0.19392672503372013	0.5244173656125395	-1.3457390085158687	1.4572695794119812
-0.03314082138232	-0.07904343262120123	-0.07403745023373964	0.11325953522574025
0.1251904039967205	-0.2578436824868753	-0.15952807655296025	0.32803232929079074
-0.27935800792529586	0.24703278007517854	-1.6940947837173979	1.7402594669020357
-0.15530938893875457	-0.06126139041343146	-1.167874733078692	1.187975227566443
-0.06333498756151486	0.5822107697764725	39.44962472772346	39.453971560025536
-0.0007894305549394657	0.014041137021654083	3.7484449734645082	3.7484713545418478
0.007065511500379366	0.02674496641095904	-0.03722569694515568	0.046378520827403125
0.22137112461341102	0.041487419912666926	0.03295205450862662	0.2276229749387254
-0.22225819028460614	0.1196022779950455	-0.2864440759728573	0.3817769200857171
-0.001509758501885665	0.06905633714379147	-0.06111618943158824	0.09222931031450224
-0.013652996908623264	-0.12678874907109428	-28.240039635042805	28.24032755440356
-0.027729429176272434	-0.18359314586321845	-17.5686239425428	17.569605078058487
0.009976276366318218	-0.18702669784726214	-33.33873881997881	33.33926490819136
-0.03232415266630213	0.007943406043072573	-10.552346290275679	10.55239878787947
-0.06120289216112345	0.09189998896310708	-14.654108506715838	14.654524472959919
-0.040942467094301445	-0.049312876971466954	-8.141074429890995	8.141326729622866
0.00048702405056383347	-0.5150723235654893	9.896473729451372	9.922353940749984
-0.31284030800953944	-0.3067214578053904	8.64722532772564	8.658316983077807
-0.10523965397694218	-0.042426870943932216	1.4136406404133013	1.4181873234433489
0.11569201915879901	0.01734757076883457	-0.15804815640637115	0.19663367273199264
-0.012881246630100741	-0.05182112132802621	-0.11322554273160179	0.1251853771704398
-0.2725678525979971	0.6315979600438775	-1.3679440049210427	1.5375174154788924
-0.36574869151945544	-0.0917014489311817	-0.11460205102243393	0.41808453222144015
-0.0891166355180468	-0.15063791460755194	0.8881793453400877	0.915956271026142
0.07737361532300924	0.08161275047457678	0.5987849478803673	0.7841624025648467
-0.04640181075308235	-0.053418346527954005	0.12565922070381558	0.20069048914892726
0.04438977036181166	-0.5506863030300331	1.0294585759555588	1.1766437866092305
-0.03810925050758017	-0.5747102173417413	1.1624771545931847	1.3048283675419952
0.7428155124751836	-0.9394913821924451	7.7745413448221345	7.8674895519496175
-0.4693577771316221	0.04510046054394641	10.902777801346733	10.924129919697704
-1.2333142310687852	1.6649749356663603	88.67226006975453	88.69783893280342
-0.46124937250533804	-0.6150964965257646	37.55490439797818	37.56303260933354
-0.9038311095510774	-0.6674362141336665	114.57285072600504	114.5822119573665
-0.9079243703480668	-0.14374551561199603	81.31412276825209	81.32473118061199
0.017045152827895538	-0.14944441617862736	10.18608157529836	10.18814810523947
0.38548875434721364	-0.19222391333174996	33.08317299321061	33.08627157441867
0.3073859980857716	0.11698830966481297	82.56871416775647	82.56948717000722
-0.025689971402059947	-0.5506808095703914	48.044894856616104	48.04826022757594
0.0078051687768054545	0.5016978575740015	83.70172925870605	83.7046890114352
0.2797210579636089	0.3197286922142295	161.53820501074378	161.53951797731222
0.21058344467704893	0.21548957528117163	84.40336103826931	84.40401421428703
-0.16109014097331847	-0.03423371306824327	23.481396211545345	23.48238850306981
-0.0024844434794773426	-0.06756951178650394	11.551413365607933	11.552454385948819
0.1410340541325807	0.07753745056109418	32.7407422001057	32.74143525044904
-3.607754771777232	-0.043732447930683094	10.412862137718767	11.02111540200539
-0.9212201655086043	1.52127612431455	5.988426540570133	6.248492606737562
-0.05187995695215361	-0.032410556466694496	0.25867004857040876	0.30021984116852707
-0.10868484356418603	0.27489974231503583	0.37502865065752644	0.49750229874790475
-0.14704307639744651	0.5720897683838804	1.1452546726410882	1.2961467584776785
-0.25797723060887895	0.3144335170112725	0.729807153942752	0.9704427404431053
-2.123718794205548	0.6868012329957833	2.7452231107863887	3.540848367750601
0.08230108449886975	0.013348550216852911	0.15043183597380516	0.22149757216961036
-0.3623164745447949	0.34486259067611985	-0.3426932939877072	0.7818964575431708
-0.13792660608936103	0.26472837608567357	0.032159948544526175	0.3310874642185569
-0.9350275799622524	0.6926884766454017	0.980506745881064	1.5280599348800643
-0.15778030117938197	2.306028058123263	0.8647585318151569	2.4718307246935645
0.45080942781068567	-0.4045871798562215	-0.13008264728398475	0.7921877074478108
-0.07721489300540513	0.6744124106940641	0.29425952061244953	0.752902842185553
-2.343545807771037	1.0535179433801427	-3.878149088378072	4.746044579092447
-3.0612351981465458	0.23788534634174885	-3.2041119776211326	4.536174128757698
-2.499156249395073	1.6717482664368735	-2.747475481640244	4.075368146847525
-0.5918417146066336	0.019217696317195693	-1.991364670966277	2.082224525038759
-0.36708544017265726	-1.3769440574134402	-3.5914378945943044	3.8663461553850693
0.018778678184323855	0.3008991608830289	-3.3260209713096174	3.3759485167528602
0.7975303335394281	0.7046728282090753	-19.68328533168157	19.73441490546458
-0.005940660251694818	0.09759590368149067	-0.06994455238144874	0.18420715829596335
-0.0948992904170492	-0.06942603852472906	-0.200760873089455	0.27131266688184114
-0.20651464859223892	-0.2382084703869509	1.3663037197384544	1.4865723569400868
0.1585656104810892	0.0013185699039380203	6.0125074094992135	6.034824776506505
0.247466897158223	-0.9666526391692014	-46.013807574477376	46.024837039102415
0.563689877834575	-0.8732318652575782	-40.69316757865046	40.70943241676803
0.7217598422711142	0.20934735180350122	-3.8147446030877252	3.890568050466318
-0.009930950581802829	-0.7797011135832737	-2.3861586925808145	2.5142127080621948
1.0749886112655238	-0.7525317268402796	89.93808225050512	89.9477627470398
2.104196530716612	-0.848397407899671	101.54068417981851	101.56612350922998
1.1604668728223475	0.3209699941388813	99.62994390690045	99.63731684352547
0.26513875469069886	1.4131616114601704	-7.36839733405024	7.523584485747621
0.022277805525877544	-0.24421067115697684	-0.9295385241549078	0.9714199942939581
0.2554934360580956	-0.06719124157180775	-0.24700462373520343	0.3616667567793626
0.37776428141714324	0.6104739377655212	-1.1384829357256951	1.3459300412518285
-0.07357806802908826	0.09251076990152535	0.014495331441368456	0.1834717258224308
0.13362878316660637	-0.3472366452464545	0.11465732224315324	0.41358919949216544
0.07155508298266411	0.017145295677829447	-0.15901630836163544	0.2240090674269657
-0.17438336711732783	0.019165721705549664	0.6731964376813474	0.7095421849492302
0.3978838283632894	0.38104317464516524	1.0791150245939554	1.3083251203432218
0.24859062600525805	0.30512372909358476	1.071858226358608	1.1503293579259302
0.7562983400103229	-0.3233785640478133	0.39756741026276365	0.9241755814730427
0.8750634411682103	-0.5283430924865421	0.3230227991271067	1.1802313843494008
0.3242829902430503	-0.5840011136386277	0.5370658947743174	0.8684102249063339
0.5395405357149923	-1.4820600366432786	0.6834181320543886	1.7245712713643953
0.25208427876945505	-1.0337064460154006	0.9113466228818295	1.4078806597416635
0.4760229568403791	-0.9822628152967621	1.3866564922579383	1.7702356075321923
0.13622642139668806	-0.1301664202243762	0.8345186742310488	0.8555246065899709
0.042902058765654116	-0.5872843864610922	0.5420900817463902	0.8003781568453258
0.09465652588933313	-0.0858230875653082	0.034962588507768594	0.13246827109856946
0.05367802428759316	-0.022246724841179864	0.1504004563188842	0.16123443899647244
-0.0422992734831198	-0.0516439329250323	0.7161711132993621	0.7192755993842785
0.0010787143559467562	0.04024461579288522	2.1634412852463423	2.163815839537488
-0.14200206215826272	0.20311351708793013	1.0430963933088895	1.0811797062075488
0.7981952038313976	0.23315915142781035	6.928654706925289	7.041170741717031
0.4067293644880554	-0.37373724892135674	5.663903922651049	5.767604922763879
-0.03375057949145227	-0.44060824502117224	1.7470676659628965	1.8074844235980816
0.41952261148873055	-0.263351127570044	4.831807720889199	4.859135589226465
-0.13221523171382948	0.059956340695795446	0.5841999935421168	0.6019678253373518
-0.10147249245686818	-0.060090148854052755	0.2942973941173331	0.3170464459648839
0.4583381542220974	-1.7866809005825097	5.990289248324063	6.269397703735896
0.4312127122088515	-1.1045441426175335	6.789924984653976	6.894093359412063
-0.5108351757256137	-1.2727004361417922	4.118495898222442	4.343064266792423
0.14796949248441582	-0.3053609965275818	1.3335582284797938	1.3831115799358267
0.5477902826352705	-0.7759894449418493	5.770872502224009	5.9233059892458675
0.18613408411499094	0.09103873217562297	12.659244344438678	12.670561205512092
-0.04848021538289938	0.5105715534759112	8.91959484441601	8.935417484143368
-0.012127137596427223	0.08959044130833509	2.6843918034629555	2.6859137866169873
-0.18556319482085135	-0.07668566208090583	2.8503530699276594	2.860822748474107
-0.2862532839109081	-0.06894573059696821	17.7283596031291	17.730804512885964
-0.12983875675005063	-0.0059648802251755055	15.016710436746601	15.01727292232664
-0.9652425993912123	-0.2558664113129649	81.28847888264357	81.29473193101143
-1.3891124698779735	-0.33273066757333203	79.42610582107969	79.43907167658347
0.10986190028614831	-0.5946414341686868	25.20389187780856	25.21153136256362
0.2543610334835782	-0.8494672550618331	60.79340867638131	60.799875268344856
0.08279023115298172	-0.18767271012466533	10.522525146175262	10.524524251499003
1.4051422238997686	-0.9970589339694541	196.79059101388702	196.79818277252215
0.2975291899757431	0.21802562695258015	56.83485521323108	56.83622353470306
0.242997840098228	-0.44768621706879247	104.46048199049837	104.46289048522867
0.5329221123619043	-0.68231079811098	132.10041404561557	132.10417353349789
-0.8482087721032262	0.04603812287144551	186.75063624568548	186.7532206837156
-0.7908888229886982	0.06448111176693341	288.9311132402656	288.93262463963055
0.10942238997910901	0.9009688736922119	114.9188574695358	114.92351863733714
-0.09687941666342886	0.09337513211449533	59.086246917995	59.086564963414844
0.1882035383815308	0.21170614081535089	62.21056867251462	62.21137013765631
-0.02248162451347113	0.012683906451675152	1.219905796733748	1.2201788630476444
-0.35661275213305943	1.1958881651633821	63.36529599634159	63.37758324409776
0.06956873885328797	0.12453087463285274	33.22266585094775	33.222972082459634
0.137567747954059	-0.024144563099369104	2.0749491306694874	2.0796446186958177
1.0260291327209166	-0.586687027394291	8.443198202419556	8.577139681708909
0.11843623586254698	0.1086754288422746	1.0583398037325216	1.0795371303776142
-0.12335659815140773	0.15396759330410714	1.5401609127831701	1.552745474107213
0.0016523202193859457	0.07022832197809203	1.3398473340565014	1.341687603709701
-1.2433573647973477	-0.49820776050031584	18.041236778117533	18.091430368498212
0.08771699948026862	0.08419009050329734	8.095484032661423	8.097599875970214
-0.6603002279519963	-0.2949643491832834	2.191590236417428	2.3120440972400975
-0.47950354541677376	0.14037697541939725	2.152043693905446	2.2136849799990403
-0.9803796782242543	-0.07872218610012034	2.223744407310242	2.435541104149764
-2.572640683641211	-0.7676232864292202	8.850029031134998	9.24933615098006
-2.106335425814801	-0.2642555060663279	7.460084639158055	7.756245401090062
-1.1774304303048522	-0.19125259729802657	4.538814095834149	4.692947194538189
-1.2695750249565343	0.2717017967948865	4.635134204979561	4.904375953518088
-0.6275865366664235	-0.0835195084401423	1.7957866511116702	1.9092327910723472
-1.696492939776473	-0.004105809529644178	6.229954796430002	6.524816756265612
-0.257375204629925	0.196902085312735	0.8929978926383842	0.9601757382455544
-0.36279911081429106	0.11165741211451	1.2020544855845199	1.2682686401948184
-0.10171295968576544	-0.026166511461535785	1.0933426638434516	1.1072073780328595
-0.5666516921789851	0.5240852799985952	2.0455371523496675	2.2413615739106665
-0.6245783313519295	0.8822265129969353	1.3746956870066276	1.7543345544689348
-0.5357780554224897	0.8275994736202309	0.799939819703057	1.277248023468953
-0.10735207208829806	0.1617830829902705	-0.1293997065876258	0.27188656143408685
0.9334746687640273	-0.18785628986855846	0.09433142357015839	1.0785077989704401
-0.09827778137410864	-0.25020544486782864	0.5467504975646016	0.6250417413584989
0.694059788160737	-0.507560466279472	-0.38788261075442926	0.9535561447011047
0.9554871413231806	-0.27416278604412136	-0.5341135431225611	1.137047919980664
-0.1828505583098842	-0.18618947331765381	-0.029305630374199337	0.26260172623227523
-0.7743021274213091	-0.635325876802209	-0.3606615613512365	1.0645466246717294
-0.018417917974139192	-0.005827538477735501	-0.02143672709219084	0.028856770013927037
-1.6183428235966013	0.7006273995223092	-1.4390264380384734	2.2761171624109577
-0.2874197935593098	0.14892985271385278	-0.31418144310358537	0.47220758448980615
-2.8205217592672542	-0.004461626350977105	-5.019161344384713	5.759064445417806
-1.1272037739754284	-0.4727741627015182	-0.9229263807941513	1.537978103305883
0.02424519363575217	-0.26288601935668265	-0.414915800258618	0.5112062155254831
-0.15118491022711422	-0.16699561503787547	-0.6745996560008748	0.7112166395682525
-0.7444827459917825	-0.4630577371748577	-2.9864814370202617	3.1125148032906726
-0.6179980014179991	-0.5109105225148994	-4.314010106585991	4.390115496931619
0.11637844234826139	-0.2119637969861492	-0.3489784265745847	0.4469209328177252
-0.14482487733183066	0.4515877651692066	-0.8954815058760294	1.0228747073863442
-0.5165104688336004	-0.7890331347480809	-5.3539588458113245	5.438171701931304
-0.031410063869845906	0.0452973179661704	-1.7203406032828255	1.726872900745956
-0.04423135877784221	-0.11997980530386734	-0.7955513069744888	0.8177611104160586
0.31077131197935015	1.035721262247308	-12.91503805121075	12.969777211569292
1.162082722834732	0.6639905018646379	-18.587246694521333	18.65897665782268
0.21483076611166357	0.11298188726394157	-2.10283708830512	2.1213959483720624
0.4580993607816638	0.17944196530555212	-3.4137145688795587	3.451808422543442
0.041377109647804916	0.2265285707258588	-1.3710584679035935	1.3972502874818298
-0.09729538073261915	-0.020977089648471253	-0.6942976863276235	0.8577153659821634
-0.37874322490637463	0.31004620504412783	-2.5061795892443954	2.557340610501454
0.3451243407597163	0.10771180866424938	-0.025771503695348724	0.6156236892885719
0.06933235139470026	0.17785364366470494	-0.42914406284313567	0.4899829640796128
0.2724789307064096	-0.04032695367850475	-0.09950830691554222	0.32442675431766466
-0.1472013319921887	0.2827886398754765	0.6801687130463319	0.9010454135558319
-0.06003327150489324	-0.05021067464265675	1.611206747868534	1.6191331244875298
-0.09404370728746181	-0.1786708752672752	6.346592347580929	6.3692713585638625
-0.11813717326660536	-0.7529098669390051	-304.78576821702086	304.78675302099987
0.23769244884719132	0.09077943298525518	-1.6872374599832758	1.7120130364465442
0.30962362997861487	-0.2833391518812984	-0.8792001438333669	0.9841852188722204
0.05346063220110815	-0.08924115407111441	0.29781383841081505	0.34495635959389154
0.110110705711517	-0.10137909940348157	0.3571176505877369	0.41160040156619765
-0.3809435492320631	0.27620621173897447	0.7672625409293132	0.9108125222668089
0.40544187868064435	0.20224661786588566	0.7827995190446618	0.9151730346458193
0.27269726796321325	0.10980323947246212	7.111048006190094	7.178872897787899
-0.09497567053731111	0.6815764553252452	11.378137311299854	11.39978312522402
0.031116204792410028	-0.017684057272364336	-1.2599653419155399	1.2604735645425653
0.9039332494924187	-0.6203370544758534	-74.97543414521334	74.9834490980771
-0.32539269781569774	0.1356011999532843	-3.7319962753978717	3.7486083141352786
-0.0850107849102982	0.1254661035223616	-1.8026035475489677	1.8089632739003496
-0.1543148257485629	-0.6295125306360678	-11.45680878257478	11.475976923863879
0.34016929842304333	0.09136285121870882	-14.818997301973015	14.831401258831072
0.3116980095042432	0.13307199017916935	-2.9051257117588776	2.92815624407607
0.06873327888832505	-0.2700154288613259	-1.7864897628719703	1.8080869083913684
0.07136506347058087	-0.04038668296344401	-0.34172623627543675	0.35142691559401856
0.144629975680151	-0.13817824519987537	-0.3066175379009034	0.36609475803426894
0.03263742179266819	0.006575277774086431	-0.20034111970698495	0.20308865016176406
0.6178437956312541	-0.8339864166564613	-3.0743689573628386	3.24784368002276
0.8376797093865564	-0.9303841287484931	-1.4137895383389707	1.893568738166576
1.0693753966935808	-0.2631738473565557	-0.8941531965240496	1.4254171097402264
4.674879342102995	-1.9130859822040018	-4.706182311919177	6.921435308803205
1.62077305660972	-0.23911474745346095	-1.5031099243060857	2.2277568074027276
0.09275397029398318	-0.05355331742574367	2.2899744460891567	2.292477747013902
1.3502967633542389	-0.4020039874018906	38.936596935927525	38.962077582001356
0.047500188454620146	-0.19364367174688857	33.49874139304655	33.499334755450306
0.013579030680372965	0.015274713754580144	10.311480327559758	10.311500582000974
1.4683837598246412	-1.1889411553770428	65.73739902650652	65.76454487569428
0.2746005752853282	-0.26738750957432084	15.180262417119316	15.185100217279714
0.34710144148431316	-0.0843962993092393	7.405483325408344	7.415407285767831
-0.27910865080054365	0.19852772774257732	19.278989468139947	19.282536907657807
0.025202994095393415	-0.06907270547412302	0.9252893387680784	0.9282061139589396
0.13320504130346406	-0.013783379988231429	0.731406345576029	0.7435649312208314
0.9264457609001265	-1.4971293663862042	29.122237539365912	29.175741587348536
-0.08730721387715924	0.09798441812545512	-0.2480614744713455	0.2806385413788955
-0.05156022359590344	0.24289135616987337	-0.8382254941237336	0.8742291727906802
0.07128794511638899	0.1187241335970447	0.12623979538438204	0.18738697114788117
0.05704376458830633	-0.03140519246190247	0.0897310160658937	0.11086898771159104
0.02398878796964725	0.032841108767816006	0.007904283128786486	0.04143040025310194
0.44900222290853137	0.031740659690452505	0.3537893863650085	0.5725184674391881
-0.028153269439229155	0.1851865953301467	0.47438588269957593	0.5100280848882198
-0.06077021028556125	0.0033767668799916106	0.13996366620004902	0.1526245356057534
-0.008074941653586402	0.03168123329939428	0.2212116590655546	0.2236146313026377
-0.14636478383287452	-0.03359521227700093	0.2751937104570075	0.3135009832671599
0.02374203494503358	0.033458364170098384	0.022709601708216228	0.04689213543885514
-0.11357290249736349	-0.013571296165522148	-0.021929954029143616	0.11646418825118861
0.13337409358886934	-0.7218216288382551	0.5014086767766147	0.8889464403698568
0.053808185902404215	-0.5277150516818923	0.4104652470574341	0.6707163907380305
0.16039800862478915	-1.509417764414294	1.185354629296266	1.925911567807653
-0.22663996072788883	-2.2415422589094165	3.881794321010696	4.515730310039159
-0.04732490862497919	-0.11135676039199438	0.09220789867311602	0.15212584145724337
-0.14562313085674666	-1.4903737511462338	1.3206194883532991	1.9966110906645662
0.41898783739387135	0.06123251812149999	2.503297517152019	2.5388577527185245
0.5373032399801215	0.22612741795257393	3.113203888775941	3.1673122413069215
0.2804313667908496	0.06383693470398577	2.467367293345685	2.4840729188138977
0.0420515869033367	0.03959238049331334	1.195104540922319	1.1964993757989864
-0.016595884391843625	-0.2339322161399453	0.7740884685842383	0.8088341377080871
0.020271411452513696	-0.004291883652527733	0.01283970823943293	0.02437639217024748
0.06662280983125281	-0.029064063704966767	0.342739290265325	0.3503620123250184
-0.01607724421077157	-0.1456813008483006	1.2002302707731358	1.2091460714398492
0.14106845146388328	-0.16256908406330195	1.3013310978743935	1.319011615334214
-0.006571593896894396	-0.07201281868953478	0.20612081454442285	0.21843722688775796
-0.01590347800323799	-0.14236271086558333	1.960084720372645	1.9653122329787465
-0.03433805923257484	0.024971188999926664	0.5367730002269122	0.5384495485786301
0.09287082222350557	-0.36942557385959396	1.0620300141569015	1.128276559719322
0.014267289716208664	-0.16122306542753045	0.7699905202776609	0.7868175352006075
-0.6860879136366471	0.7361599605189694	23.22799279350597	23.26870533400547
-0.2578502959789921	0.2390838263769696	5.571209040562982	5.584039560185994
-0.5566326304734621	0.22493041041821477	21.727664211097753	21.735956975598224
-0.059264174424160695	0.004626050842215693	1.1390339270033076	1.1405840300395003
-0.08208783891766117	0.14087388218314362	7.11164717823917	7.113515969739343
-0.3430581249680533	0.18906845167845024	16.497579611532835	16.502229206849318
-0.11207555507493759	0.012498815401795177	2.712362873228982	2.7147061547251807
-0.4629522862909552	0.3238447901312772	11.078834168600457	11.0932306747325
-0.18630198719839305	-0.020930505543309344	8.656125186937542	8.658155101892714
-0.291866114259003	-0.2086852112181149	14.51590711821283	14.520340726395355
0.10465731582150771	-0.36371267379636685	28.930511542003646	28.932987024240013
0.1898962145929115	-0.28923494131260513	21.189507036277345	21.192331770337116
0.36832090053709793	-0.2536038544172785	36.72203883320398	36.72476155495211
0.12576921521196568	-0.050257318020323044	18.26904318794069	18.269545224125082
0.0032439955799163298	0.021561696660408747	1.4835482162313436	1.483708441761183
-0.21803880362167735	-0.1318822966153259	16.80924687694179	16.81117825823112
0.03063991059856013	0.02447577840899884	19.995371611093255	19.995410066651914
0.008347617916230975	0.13565931125219394	15.264595435857752	15.265200521180967
0.07724211036726192	0.31175363586254756	32.40573760089788	32.40732920392136
-0.010426046993661935	0.06815835587352834	3.136067837487162	3.136825743526838
-0.32414124972201536	-0.04705032860434505	0.5396356729910575	0.6312590140010982
-0.059979363909333346	0.025793390474247557	0.23772411156178638	0.24652702956261394
-0.5023786250919692	0.6827274181285413	4.378295698416279	4.557227756661307
0.010958931885717227	0.06543611331239063	0.3479218332965393	0.38069852915125996
-1.1630666068677133	0.7902837855983125	5.085093221488738	5.35871216412312
-0.3116820310417773	0.2739568360055596	1.5814256745837532	1.6409098042248342
-0.018324378058274235	0.04211222146384662	0.11417419832370546	0.12306489991343365
-0.7557224170107865	1.0833320473335424	1.8459886167615915	2.2698895721082746
-0.7272113070748337	0.7035440832344996	0.6739762611009503	1.2237378590283856
-0.4213682823932742	0.2518588295188586	0.6987704846507266	0.8652999910624516
-0.0028275449142146566	0.003399803051097175	0.0043585930896018164	0.006208945542431149
0.942059758380272	1.0324389833691021	-0.2593027616243641	1.4214938497671186
-0.09192975831117177	-0.1072018968644399	-0.08043155849502931	0.1625194227051764
0.03375531036106203	-0.13984437937718125	-0.12794730550049543	0.19252632133242906
0.14494633844635374	-0.12990950986863326	-0.9730523542799249	0.9923289807080202
0.006464302819458791	-0.10085069144032505	-0.27489268365953745	0.29287990150311766
0.2365382250842805	0.045609842593851896	-5.959568775931078	5.964435479131288
-0.011556545721145416	0.023869155247741115	-1.1635284835889264	1.1638306674271781
-0.015771406871553758	0.09510255715805599	-2.2197249003783655	2.2218172442873088
-0.011511902896691219	-0.04732635098848668	-0.9171045060684069	0.9183969634407361
0.22820843313093891	0.0473781959589189	-3.866909067762071	3.873926886344776
0.03720273152097183	0.08491683557774339	-1.481896041976242	1.4847931813629842
-0.02746656938180074	-0.007597137101282292	-0.2722363482263087	0.2737238722167597
-0.01724685908513917	0.2621225497991104	-2.118791603970543	2.1350137110373684
0.13486323923347274	-0.12124515564398816	-0.587769420610089	0.6151108622581785
0.016544977337122138	0.022225847080399153	-0.022923955957087586	0.03596153931980202
-0.10893598783237414	-0.009836828953336908	-0.1943362444965603	0.22300311337265954
-0.030526781699233382	-0.030149806445986284	0.01379687095389899	0.04506937849318126
0.029757275598944796	0.0922885416108239	1.309713811640767	1.3132984956841725
0.058933374122557836	0.06438311212476967	0.3130032579619878	0.32494517569454506
0.025026468118461754	-0.05410341925503907	-24.787996863232706	24.78806854104846
-0.09057170460955222	-1.1361746478139925	-526.0892381441173	526.0904728153913
-0.15504066566333963	0.25145404549186834	-40.6434454344175	40.644758620397496
-0.15839866902396826	-0.021101505963332386	-6.097541603309102	6.101231744565011
0.11423986857257509	-0.1485887384169167	-4.413139328382787	4.417117622666923
0.006908066661459128	-0.21689500186380897	-6.67200140414249	6.675529484625011
-0.34571673684771115	0.3502549984473826	-1.5107584337232856	1.5888957395436742
-0.3525509242048819	0.2220412107715583	-1.0449319356191022	1.1249343107556544
-0.23693331858490255	-0.0351454006999396	-0.24792469497251077	0.37191267244237153
0.3227167683425225	0.3452250623452435	-1.1054711390923122	1.2103192473503728
0.24498378805372098	-0.022759221694914962	-1.5627528396048092	1.5820023629167574
0.03685168324977795	0.03519849022266927	-0.7604618788845232	0.7621674681517681
0.1973223124080173	-0.04045839855572461	0.093512809988478	0.5413294422250498
-0.18408384695882557	-0.394604497011944	0.4565757581073056	0.6461739545698755
-0.45728215237840714	0.46355104053511975	4.93659994388001	5.067227775113458
0.1421136239613645	0.3914301204295771	1.8633245059401358	1.9143854942597156
0.04573192378507901	-0.03963395736170413	0.46956428087609414	0.4935915904914904
0.32843127172298137	-0.3049847177585316	-13.351646062739489	13.359166716639882
0.15784461142926112	-0.29438051664315834	-11.183282066524786	11.188269418877582
0.7096702807319047	-0.1244566333741223	-0.6890818671045396	0.9969730089211036
0.1736765265713844	0.0228192157180536	-0.11602522572328153	0.21010974630422616
2.634880796382873	-1.887969082270446	-3.196831561272597	4.55266472496108
0.2991918763969273	-0.19900085870559933	-0.4176773078192872	0.5509731882175829
-0.3937690987855227	-0.25858400257403547	12.12641004092814	12.136359423450198
-0.13950465647613297	-0.3922861248171774	3.520851885596791	3.5481301749108756
0.1137745169790876	0.3459659510242014	-0.23307994358607184	0.45436012697417816
0.42151955979702455	0.09871573476926535	-1.691326645433632	1.7514248890649873
-0.017253883521591726	-0.36680914520609703	-33.56157021414686	33.567209622293845
-0.5039170149227123	-0.4023099890462919	-77.44944204962687	77.45225199610809
0.1767075543696059	-0.9795715649492822	-66.3810015568843	66.3886107211968
-0.0383110322572812	0.010379024435876797	0.07305581481487505	0.08314211579653394
0.0012604055356378804	0.017022625085974664	0.6684276385159184	0.668645741360773
0.00024723257038535007	0.005435080673064436	0.2496649915819784	0.24972478925508412
-0.059093275416471545	-1.0885247932058304	1.427940969272406	1.7964948239140188
0.034654973077731195	-0.5910838306993139	0.9033838723045889	1.0801312340698361
0.04986870580304226	-0.3614735391589945	0.39421532656866554	0.5371738368835914
-0.0017627725862614588	-0.28573313947842166	0.16414211394820521	0.3295287057826247
0.022380988659708917	0.019383999754018985	0.5333233100894298	0.5341445508330082
0.22133169749888446	-0.05053771142952106	14.79920602200753	14.800947289360172
0.006466588961350528	0.0738195485594501	8.671908909055485	8.672225508453884
0.06176953337949647	0.03114347101720604	35.44818693497115	35.44825443329615
0.054582317826637444	0.0010068632110586048	-0.15109336044297095	0.21281266800358326
0.11360963058453084	0.20163992918062265	-1.7214137944995427	1.7425013761816184
0.230896104197657	0.2799680166409976	-2.550649060068817	2.580113469172527
0.044629222277939196	0.12655762455734185	-4.747498414767551	4.751444999464389
-0.18339064342051198	0.1789218930118813	0.9659926541204223	1.0090920496207285
-0.18309355461845864	-0.18204036794723077	0.4681928514669885	0.5525814658219866
0.028513993980298337	0.08567948521994337	-4.663806109565673	4.664680208724107
0.007296662373283087	0.1089906763385746	-19.729521416070234	19.729823808538807
0.06713958370531257	-0.05186872819310173	-0.10730199137752192	0.1367911035779532
-0.0008375475393746987	0.01726273550527642	-0.2741254959237164	0.2746697854486898
-0.05948166482453553	0.010787481298375555	-0.17187656347053476	0.1821976708783676
0.029120899972705644	-0.09200001059266613	-0.4297495561568586	0.4404505758666777
-0.10512266301525242	-0.04469744931424515	-0.6821937214347895	0.6916913399918095
-0.01868269109834507	-0.14745218008129773	-1.1819842786615609	1.1912925851194132
-0.06035994024082965	0.10726937645299925	0.5463067651402467	0.5600010028102576
0.027589964818628358	0.04515464132460447	0.8282713234889353	0.8299599587365422
-0.12613194109556122	0.07144553976924682	1.319650623179771	1.3275886030605337
0.004341848424415963	0.017009399368140467	1.2104351679912997	1.2105624590349473
-1.4672809459030327	-1.4316583688599702	609.6898438856242	609.6940143121968
-0.5988869822763161	-0.7460325803568202	301.9769226524338	301.9784702998667
0.060879998822080075	-0.4522671212461731	211.768679204698	211.76921689379319
-0.00943973329153559	-0.6633728001979402	78.84429674432663	78.84721150093351
0.03153760884299339	0.2808202919819544	17.414134422796405	17.416986310417855
0.0801764074869168	0.10888349340562961	21.41971176184605	21.420593260153172
-0.024645144624633963	-0.0017018226034405878	0.15016012050890262	0.15217864878159126
-0.447482204770552	0.28181355718196155	1.1740040989657	1.2876120646320968
0.04336086269934595	0.042575977610373406	-0.04360101484001648	0.07479255831023489
0.20934298030550363	0.037665851405723746	0.06986000033807754	0.2238830485153906
-0.36478274934837035	-0.00026088743423346994	-0.11325242717187299	0.4066600784988978
-0.07069454490929723	0.1461583425790893	-4.815687633176779	4.820444704072148
0.0569295877655831	0.41280129540027627	-20.600428688431123	20.605115574038507
-0.0037314368194036607	-0.21943843652317546	-12.102050205604113	12.104040082964328
0.08441039861356112	-0.08577512110679157	-8.966840421231353	8.96764794283448
-1.0677948594557072	-0.12205890892849872	-163.30768114926428	163.31127727861843
-0.5878208883589295	0.08949701689862571	-158.7947533136175	158.7986384502032
-0.2601544774848019	0.1724357496461009	-187.83877787092172	187.83908902639584
0.04612343486732337	0.07877062369922522	-19.87644392657786	19.876653524896856
0.007131183201312957	-0.0380267073195422	-2.5143379932026013	2.514635645238785
-0.9087830948165084	-1.6656500545529915	-902.0358443023846	902.0383292715
0.25821975997106794	-0.15814195235433653	-285.0886909122631	285.0892791606373
-0.2193139267586268	0.04387677757210833	-261.52945571102015	261.52958859000535
0.19803384358749576	0.10239386798858997	-39.92684423531555	39.92771058154296
-0.3976982641800868	-0.4790330120039256	-119.46975472381719	119.47145855847688
0.7247129495318869	-0.9914522151595593	-133.10530524669747	133.11190062080388
0.315759550862166	-0.6237496348043228	-75.23859212222418	75.24348561800812
2.30185746007907	2.857949123950597	-3.091253813364232	4.800182380404994
0.6132357606091172	0.19004252011212885	0.8420601281553126	1.1683147946377093
0.6470324096940532	0.17332607471303918	0.4187251350382755	0.8021866310172123
0.278180356913556	-0.2323349703799456	0.7480294173474913	0.8428473429697877
0.04338689091938455	0.02205939291610729	-0.5996395346774182	0.6016116776356892
-0.07160415687170828	-0.048047568316595984	-0.5880213508251378	0.5943103845034732
-0.06167820456009057	0.03980074896996263	-0.2147268097332118	0.22692708819030238
-0.02672321545409108	0.28519753920363516	-0.5932795304678732	0.6588113295050372
-0.03185002212371145	0.0013307660656367067	-0.01962243993231229	0.03743307356469101
0.03154017400010503	-0.05125513391297517	-0.44269106097292377	0.44676307680215355
-0.05177870225710911	-0.1381023833457427	-1.5060791071640336	1.5132837074815872
-0.17904956100438205	-0.1299203803667334	-3.6252514227543853	3.631994758904973
0.24686571480771785	0.1583164494386589	1.0721787952717827	1.1115638300794253
0.019307812896707695	0.06260925269953804	0.15295932051255282	0.16640169775309038
0.002657725992344682	0.015560972121437575	0.0264379520415641	0.030796652252583823
0.3566769290712011	-0.1405186196660475	1.3051815249792265	1.3603171421957505
0.046911014120028315	-0.019748189001727565	0.44790502472089894	0.45078769435827176
-0.2718357385972973	-0.41144521768353837	140.7078977423724	140.7118987886198
-0.009836822421585366	-0.025207258368336413	4.133705273587415	4.133793833494143
-0.08653115294829551	0.1662957585340049	48.08825013793859	48.088615526428796
-0.016280340848311044	0.00964711312287089	1.7078357356179947	1.7079405774626935
0.08252903827635208	-0.22965223434551943	11.783496517099538	11.78602313587563
0.036698914177075444	-0.30520568153656225	0.2043461221079468	0.3691268832861266
0.04498930683742812	-0.35498467771582687	0.07912636134689849	0.36646847095312535
0.11145706612828576	0.03609139823886319	-2.6887106166328416	2.7368788352265314
-0.3351236148013481	0.2057049528413141	-15.06582592665984	15.079169371332668
-1.138354729853426	0.687279097611707	-115.3840457490876	115.39179215724764
-0.08401966171333107	0.16988789050719869	-22.752613913317294	22.753831344902668
0.10717046074714462	-0.03284976512655899	-17.7110576039397	17.711412311410847
0.05284270005009142	0.08818500903382391	-12.69233165665527	12.692748001488896
-0.029695427052134286	0.0072856959055241435	-58.713621077158734	58.713629038681766
-0.16296876539200575	-0.13321610136368653	-107.2748230341221	107.27502953786765
0.2292884115484612	0.49272249544799984	-1.1252294509288137	1.2573661898303448
1.4433825004384793	2.6637768469017082	-5.249141921977715	6.062345324593901
0.5588906681346192	0.9548505531487708	-0.2677806093414833	1.2423447688205438
0.08834362053543662	0.8329156662752768	0.9439756546003969	1.2696940276280524
-0.11351523389078902	-0.013673821075227688	-0.06834365171138401	0.19293346349797608
0.3023015347011515	0.3468274204354074	0.016004921735387978	0.481052408650353
0.066911675969068	0.07717981999281379	0.16984336574758288	0.24240555023262136
0.7453124380197068	0.6065671435227932	0.3367399947421648	1.0277586967898804
0.544893595717089	0.10761037806882673	1.328752149333396	1.446910876101128
-0.03632113633253986	0.003955414022038781	11.59019827564807	11.5902558616745
0.05565005860396889	0.02962404498319732	3.2822727693458673	3.282878164881113
-0.02457982797270615	-0.042756992279359786	-4.923404819218801	4.923651829916373
-0.14839030168074552	0.013749900622881252	-44.266030059083164	44.26628091372772
0.05577447455783235	0.019389628094973854	-14.572235029717072	14.572354665976368
0.17730435907153486	-0.18528724393181123	-52.54137416748864	52.542000034320644
0.43437123730189225	0.9318734307296089	-1.3929964511299897	1.7313305795126743
0.13472943247953237	0.20844309276316544	-0.4414760760035814	0.5064599377842737
0.8220031114971674	1.5901234041823837	-2.5821986275271827	3.1419629704760785
0.5559642682188136	0.9033112714460092	-1.6514666036017704	1.9627555791461795
0.22708952479061603	0.18888045213595944	-0.22134307290657795	0.3691046374572377
0.25976905464177613	0.345168206531074	-0.1750873357916705	0.4661294108978593
0.13746348376196948	0.2813397569789085	-0.15003564983417644	0.34721601985808803
0.035753738031948784	-0.008853865123263013	-0.017802380645225765	0.04091021226436824
0.09330131041691479	0.19647344504685954	-0.007260585590317236	0.21762275900559938
-0.030274506515203112	0.002016010363029591	-0.005823214766755033	0.03089530502750662
0.05793529540259793	0.4880274425338539	0.4262462677747341	0.6505483563205818
-0.04363338937250514	0.06881939161159503	0.062497782333056855	0.10269349602809746
0.3305452730780784	-0.17698711615763943	0.12025247549576137	0.3937578884326229
-0.0033848377912402416	-0.031252145195472404	-0.006997550586335732	0.0322043385338098
0.003687363676873598	0.8392729713649492	0.7390914578587794	1.118324148086972
-0.024177814289045075	0.07353235536435847	0.02979513400147976	0.08294169035769641
0.20389186879330345	-0.002245572389345127	0.37087147277060223	0.4232287632834247
0.7077554026956868	0.1752141813382515	0.9961664446510425	1.2344898966114166
2.603794153606691	3.9326170452682887	-6.6355122805568865	8.155915888906184
0.7889017946744323	1.3634132956102805	-1.8538914163220064	2.43673039639182
0.9113748643664755	1.8652652840611754	-2.68370382178225	3.3929463488790215
0.18821302396527054	0.5258534372424629	-0.6695854003442712	0.8719464365453089
1.973672970770904	4.918502923281197	-7.803026808592405	9.43261805531683
0.16274978563446857	0.3195623369422569	-0.5538957088589812	0.659854556859658
