0.11726582512501693	-0.011311200332495774	0.1738024837441171	0.2521235912223151
0.49563745629193795	0.10815162637864251	0.12759121352925798	0.5413987117067766
0.0997821855467248	0.05432751042868961	0.45583735710507217	0.6814804483434554
0.1920207330046633	0.3159063958330836	1.0718418324213428	1.1423631259193545
0.08296737735659401	-0.6659109922407819	-0.076343395442797	0.6896587085075264
0.04863944609441956	-0.0011112411127409128	1.0197744205065866	1.030430339320775
0.3301180534152442	-0.2586528144852219	0.24526999728802734	0.5054862649978391
-0.718399400166901	-0.44298782115157265	12.332754812773324	12.362388804949164
-0.42934090314627577	0.038941310498824905	2.0561173145644616	2.105456775364814
-0.24117609212802504	-0.2728003617637419	3.417542673507113	3.439718542982073
1.4165410986380513	-1.164977192427977	15.895946155700692	16.009015730841906
-0.340814680957455	-4.368524839623879	48.97704845021573	49.1816204430969
-0.5444096396408062	-3.229291577456536	41.27792920313703	41.41826282982011
-0.04117270619460406	-0.4708177631186673	4.9594541555407865	4.983876991220212
-0.4823323230770807	-0.007162937156912574	3.985717707232038	4.017228049812042
-1.7611820476230795	-0.3389759638903014	55.801763602421886	55.830752886150854
-0.31379284084140185	-0.5436210560217052	47.63890807215422	47.65228119093119
-0.21474979933713953	-0.6547087838064034	22.48293372377409	22.49392250543303
-0.19094285521310675	-0.25832464720589793	138.97746939273944	138.9810078399205
-0.6063332340468561	0.045726710297527694	126.81117980894629	126.81271440689437
-0.4048910405454266	0.2111476108614227	4.073606430003196	4.1014959709537475
0.8250841965025045	1.0888217222107848	7.806770772411265	7.926628939968806
1.768428027841807	2.0834760525539	16.633797154998117	16.864019031276193
0.23692804842947787	0.39326243332628835	1.7551409422825544	1.8195575708877163
0.24028200272543515	-0.2340226311858865	0.6120215404662463	0.7117247948720001
-0.1807737912447933	-0.5344054304081521	1.9043987456924383	1.9911008751807846
0.29393354430391744	0.3741285447982752	0.6944351555206687	1.261507458013211
-0.010375605874125022	-0.4903965475421323	-14.806469909132325	14.844357156238852
0.02580944698209168	-0.4435967669452372	-25.559077851306927	25.5633210794933
0.23026937490230354	-0.21802628837610524	-750.2308896483574	750.2315450138033
0.003407200435610173	0.07963864218187255	0.3727726394984311	0.40594722317315546
-0.19001802916395127	0.7168646619264544	24.94098375638652	24.952397726794953
0.18964300402521472	-0.8957355991510753	3.7898703411973345	3.901397662447322
-0.36930913983180036	0.17274909526352006	-1.1632346210440863	1.549883240496925
0.29969489270069	-0.007682528176727581	-1.5474561756319694	1.8350172888426923
0.03813592134158419	0.7015923887144796	-6.930412453609105	6.967336850650961
-0.5809880958693823	-0.22992233836794687	-37.889980818386334	37.89538939833982
0.2890482126515851	-0.4355286629558107	-32.01961729843748	32.027688739062796
0.2146125431623709	-0.5957623884144789	1.6576525504856117	1.779967171091478
0.17675412619478115	-0.3820744401847077	0.10243487032186088	0.455187419122272
-0.19146578576658585	-0.5586058948421478	2.4548912851349387	2.5287686132983933
0.4102451535242345	-0.00012726395963652873	2.437890903508119	2.47610438885235
0.5938285779910735	-0.8185243938573021	2.20486186145008	2.4297140112275515
0.24553888140697502	-0.0018465866206707066	2.213786764852582	2.2317312511369276
-0.35684508265573534	0.0926934541937906	5.047061337329408	5.06243404076846
-0.35111824790652885	0.05362800255902904	4.205390920719935	4.222671259717608
-0.938884798082058	0.6287255563085228	1.2230998992832645	1.6710037814893717
1.167199008978096	-0.6336910303119844	-0.68961832599686	1.502987381486626
1.2378293629324242	0.44418723270705	0.11843012942230446	1.3277911394088386
0.22298816014012596	-0.1202146682490794	-0.17660018026257615	0.33888448561964146
-1.130671661184648	1.9604634765820732	-2.718621815106033	3.5400875422634313
-0.1539304236130053	-0.3569877424640636	-3.091725699898239	3.119195795697109
0.06570651512526708	-0.07796982238820345	-0.4237629725724744	0.45765869505190704
-0.1408261869374792	-0.4323409346077298	-138.76190515383877	138.76272032648578
0.21022388465916775	0.15016224142328433	0.04021306480096164	0.2614572068449102
0.2802079380939515	0.048649117551381585	-0.01957494830044771	0.28507262900944574
1.3941454112702483	-0.021901061609752914	0.3596917994649895	1.44671319195198
0.7627473267142184	-0.5451575347676714	0.7217695974482246	1.19139051482888
0.42547927938668634	-0.6706249117220711	0.7195664402116111	1.0717025012980328
-0.0005816801239925326	-0.06714466745269959	0.04828651568075962	0.08270630154763604
2.696288794201002	-0.5761113227619348	2.0772687799672482	3.487211356453035
0.7571031799058274	-0.1928823013904322	0.8312263357275214	1.1492718622328608
0.35705441408313876	-0.20350921781856485	0.12359159708852693	0.4512854131525529
-0.00942405603143201	-0.2265771609072425	0.7405073377763192	0.786928792761735
-0.18314807949441847	-0.22006932256481068	0.5642531002152756	0.6479468124461901
-0.2676903221850842	-0.5613205429846148	1.3482272675801197	1.4912864951157616
-0.020963823792831085	-0.15236454326670115	0.07218905480889329	0.21987605710283392
-1.033204924120179	-0.09963525840589865	6.920636471058285	6.999437730945669
-0.0553674283391337	0.026065826008409176	0.22521580635064664	0.23338195910687287
-0.5149371935175359	-0.03234657721183573	1.0364922142837067	1.1578094509010473
-1.0348306890408394	-0.4715270366654748	7.046139787262895	7.137317297341939
-0.7582841393754656	-0.467159087381644	5.803862920985211	5.871801874598515
-0.5269076549097056	-0.12627888518692776	5.431386075970405	5.460129350554957
-0.4825893405706051	0.05745342212015052	3.100600184183539	3.14155927119077
0.027271219524744327	0.0021929971675805626	1.6940835445824327	1.7000433434403732
-0.06492296755138896	-0.22164501296765926	0.8298398716603752	0.8726141764757323
-0.6449010851036442	-0.14178545468044282	6.431732429562412	6.467044329143847
-0.2729502702108942	-0.17861378481031948	3.4867990858112337	3.504804186234449
0.3531884516621299	-0.058423133078398304	0.9466091960358203	1.012039680489738
0.39930825800624625	0.07745703174407109	1.0675939425868648	1.142455033218704
0.0757736488726383	-1.2889348370378997	4.417519331425003	4.604459956217122
-0.024394711592541946	0.00038108323133889677	3.351792777001241	3.3547861112201773
-0.574888094233305	-0.5528485397368311	8.707519566680237	8.757896709558723
-0.255598708578423	-0.6563509121223556	6.902462773369541	6.939711762193235
-0.1803389524297338	-0.3344829986193617	4.890867273646452	4.907592432899734
-0.21352229660897432	-0.8295590486243525	12.232837827539088	12.262792557210409
-0.30714688599625173	-0.6877555430115372	10.681034637273195	10.707560311254383
-0.054828489127276864	-0.2293062436131453	2.1675205718106456	2.1803057000802197
-0.9101846007067833	-1.455312106357498	19.618700166219583	19.71604821791626
0.0005011467488506005	-0.026060343525261043	1.9936778816420047	1.9987272633606803
-0.22938024331856094	-0.4038317054236252	4.360012363931162	4.386899011928909
-1.9590036187086464	-2.007541783044284	74.1680870902238	74.22705607523925
0.1181428332047258	-0.43112973174362723	28.358227317779498	28.36209383960194
0.5065980691220909	-0.2643656864622923	193.07513057361513	193.07826228921596
0.017308619077741685	-0.21147610679258516	10.915447818652426	10.918402016717582
0.18908662840255125	-0.5141157556981855	420.12708317769346	420.12848801140916
0.011436050329845383	-0.1818988469766386	19.46540627085152	19.466259508777856
-0.10587822292735058	-0.3295316131324877	25.129649255678224	25.132032806670324
-0.5532465975218506	-0.15768195981210456	273.7626090694911	273.7632490852598
-0.45222925990924856	0.36730809290101196	109.74617745544634	109.74781260875247
-0.8693817796230969	0.11638472411207992	86.13474073019758	86.1443165933424
-0.15656312532623481	0.08029157731679262	9.620482318937748	9.623103375912251
-0.10182460875451826	-0.11127590459383634	9.0393343202106	9.04059265371626
0.0783480990145417	0.06031000999742844	13.28824341829997	13.297778341073279
-0.24854743893109743	-0.33986588626892794	8.969915121564346	8.980876445148175
-0.2047425550748274	0.018876698694785986	3.4199358355770646	3.42895271883069
0.15460718258753853	0.035737314731887425	2.6295295492757336	2.638007955254522
0.23802353856321906	-0.4121971539607402	3.2949522311011505	3.329154833269541
0.06844568034542346	-0.06412493469976725	1.140850904637456	1.1446997881629486
-0.18439177750102792	0.2496159176621554	4.8283242132623565	4.84029987988718
0.06358598808984807	0.28206696175258383	2.1562726704630273	2.231755472779094
0.2927776073979141	0.424364806180001	1.7420903121142244	1.816778156980119
0.05403705639135214	0.11667482500126833	0.2563932535382811	0.2868283784991719
2.212744073499559	1.7612330256901678	14.391801843340284	14.66770664379616
-0.027753314266957485	0.8059876726562801	5.188291146827498	5.252450017284819
0.18389129397457718	0.1887596080111134	1.0592545645720672	1.0915431416956973
1.4095261839103663	1.4722038463663458	9.890853629801413	10.098669900266101
0.45468015865331574	0.3732299953421432	45.1509176688747	45.154749484606796
0.3898913226265139	0.2811896931948408	28.8671239639859	28.871126213557165
0.07420523377123153	-0.05802779589075652	1.4116167293078539	1.4216241476483116
1.6379529137975366	-1.1548169260229562	117.87274861132306	117.88986740536063
0.347239790930026	-0.6436395065175653	93.20789296576004	93.21086652417857
0.6319656909917237	-0.24989354638482664	36.81562885100591	36.82216499472885
0.01098238936112492	-0.004857752451382497	2.9541247981273715	2.9541492063783847
-0.02162306506954859	-0.023542917718748516	0.16650542717839462	0.16954610935545944
0.03132292227682703	-0.11879972540805805	5.645839613392982	5.648900709454399
1.2924879457368987	-0.4932978715532388	100.53444470559172	100.54405959541587
0.32482692748376774	-0.4108857652322477	54.52938634541892	54.531901808508856
0.09419721181359716	-0.04039011590640173	7.816282139848892	7.816954072136872
-0.06574350534371026	-0.3756314758892072	11.325542975012505	11.332820684980804
0.057694013482227774	-0.30497736605056897	10.788747371230421	10.793211275298296
0.3013283309239378	-0.5743423957667557	21.266136981370597	21.27602524112554
0.3209246321257371	0.3678497206760829	5.9523138927697	5.972298277427686
0.20099370652673626	0.1124656221864992	3.47554594969094	3.4831690505415107
-0.23198149760400122	0.6419333229726367	1.282711411811991	1.4596993379686103
0.010013249861596449	-0.16582395331418295	0.5012907853122021	0.5462326290184976
0.14216455651908982	-0.20826808701976415	0.9896376499163138	1.0307515802719038
-0.09933920667960021	0.12829078392304277	1.6338953120338284	1.6478532940797386
-0.34384958101271657	0.05770342205455291	-4.63897564857176	4.654152669629693
0.11058640553671532	0.6547192551051719	-76.80804362849622	76.81091363011559
-0.005579488175556133	0.13516066650310704	-10.52312251594951	10.523991971782447
0.05199319083263146	-0.6859229049771463	-89.3904866378268	89.39324233215764
-0.11638697033019595	0.10795032802720611	-249.48632603498132	249.48641557691695
0.024164893156042276	0.15566526666255964	12.999089737975899	13.000044216588519
0.08698474389336514	0.15503165370587874	7.217353352914669	7.219542269434366
0.033764399097542336	0.1550720465460856	2.7776357360607222	2.782166000889953
-0.09702633840995312	0.19273980858566056	5.062034024613471	5.066631150034834
-0.15535662461845254	0.09792114918174294	25.223733437851013	25.229232503554933
0.03569153160970578	0.10095355679755463	1.4834703907652207	1.4938640136357242
-0.2755253156183301	0.07361714377872054	1.0036498772881604	1.0526758971712307
0.20508796069227764	0.20685666224739524	1.399436348860566	1.4362286133304958
-0.006820031930320103	0.13315212274225308	-0.14841475939255933	0.24348044342790634
-0.005121067078817487	0.4479616690074093	0.3399539843088415	0.579434533468092
0.5231278612748511	-0.6229003904681234	-0.12192914825462697	0.8342746297122067
0.1631056414702689	-0.29482180056914686	-2.2070195686939744	2.236948480825698
0.102001830432605	0.04138185105238068	-1.6120441841744586	1.6157980327809596
0.00940075036237898	0.12227520183773105	-2.923490483781136	2.926061552300412
0.10240407303911192	-0.654527026507928	-51.851694429839476	51.85611427067161
-0.3129704284219088	-0.012477002868106879	-81.86066596513069	81.86126518946173
-0.023761771048058475	0.03869860377057291	-19.6326509716947	19.632703491370776
0.09790512146535739	-0.3390220907227355	-34.81534084426456	34.81740885358966
-0.4749011251258052	-0.3512401761178946	-65.96412992997061	65.96692214999051
0.037967080860574653	0.1839459495258951	-86.10903209847064	86.11065210814178
-0.10114610135778802	-0.4081270497274368	-13.869244550698799	13.90739135907692
-0.09145426093257522	0.019798546790790912	-1.151181510697849	1.1633806426833535
-0.35277959865697506	-0.24549178080402204	-4.4175757245086436	4.44062774012177
-0.1195633623893021	-0.43417930040049496	-3.615807840757292	3.646416485908324
-0.07663602138170145	-0.5850482300480587	-4.656118747159599	4.693356613225407
-0.11509084819199872	-0.28241646483147076	-1.9890821375023338	2.01232520052707
-0.8759212334776598	-0.6282228500887334	-1.812172211819903	2.1664454283509835
-0.1790145728211546	-0.36824236921230197	-0.23495014128905403	0.4922702647501433
0.3304204042875945	0.24576484268472976	-0.47681435342476874	0.645298158994203
-0.07556433027043116	0.062472308095471815	0.010846583803514331	0.09864281863471365
-0.3013965086323085	-0.02357363490998331	-0.0355255753245135	0.30439717176864844
-0.11468635793690117	-0.5927619962717837	0.2833070507315635	0.6669202575384541
-0.011821516101045124	-0.009611171917814798	0.03687664825884957	0.03990000069383429
0.04795015331734648	0.3010465072007104	-0.22008541543782062	0.4010555967560388
-0.2304707059117439	-0.3495799921603216	1.5935207620739893	1.647613831079096
-1.0899115734885187	-1.2995390862471043	5.749475398042575	5.994428782411632
-0.4273035487201966	-0.5599847880614838	1.4754249192701092	1.6349464755802705
-0.13549099672752343	-0.2623844774740325	0.4713725272325834	0.5562332996532762
-0.29062410920157933	-0.29351753001837316	2.626956343580572	2.6628920986880975
-0.41759275768346515	-0.30050198231024594	1.5391377782974363	1.628837020123387
0.14505558831028942	-1.491068690487521	7.468365921248261	7.618418227034702
-0.6009955253528307	-1.22300875240077	4.2102076283993926	4.425245112327163
-0.8084130671635803	-2.0057489509706	6.878258021416682	7.210200687266853
-0.03614741387893894	-0.04363956010851486	0.26538433506318004	0.3051551686167652
-0.3136260103998525	-0.38435776181313347	1.0556227820104958	1.1746963038440659
0.002274205644835367	0.1563094401477433	0.36368109949130434	0.395855725255831
-0.08825481736574547	0.05176437346757398	0.34631206629587175	0.36111010843074975
-0.13554127983762682	-0.2798587863410419	1.8809839333353653	1.9116152126403696
-0.3462445047980153	-0.2993764079728166	1.5643555852612798	1.6359094329429396
-0.11939029588148631	-0.12005723133889631	0.17144559390455022	0.27846213048943325
-0.25613288754306623	0.09136181316027304	0.7748250301376307	0.832937362118462
-0.21771139012408522	-0.07362219913206777	0.16459183032853583	0.2826817082969839
-0.32652893741562095	0.04011836908480611	0.3253747820653845	0.46270874133940454
0.1176066667796115	-0.1096569491882785	0.49388089774477406	0.5193980320847156
0.05261718482417231	-0.26361193519920095	0.6583830224216465	0.7111455721097835
-0.5532836713087794	0.7226691733523567	2.481775404098373	2.647085660937013
0.007322507837223657	0.06938735102147837	0.4650924816295137	0.4905701019947135
0.05833723540524439	-0.07487355384639141	0.04886690592840526	0.17571864299308426
-0.2631792680909992	0.2307342832701477	1.5338989488948431	1.5795022655728632
0.017407069955830648	-0.10405829071086065	0.49504342968643367	0.5250513461803714
-0.03600658856193797	0.13014974870123247	0.5955728992505418	0.6264361856794023
-0.17362832068238598	0.08878537141566617	0.8994196754184401	0.9308411106897972
-0.026121938075585688	-0.3523953045397096	0.838304998543497	0.9097362677685613
0.3471775725570977	-0.11247541049686766	2.134318168094207	2.1652937508592425
-0.3121216896310549	0.2024878327770243	4.000353919009293	4.02004135971185
-0.13021300255982146	0.05751717032377768	3.135331149254245	3.141662752636196
-0.12771920497087264	-0.07349948744081541	0.5463306961692106	0.5828133358539325
-0.402821647238201	0.2562480715942558	6.887339675959909	6.905277398528682
-0.7391029601103691	0.07464324988040749	6.62360630681379	6.666594714917057
-0.24657940141970763	-0.0794061607323431	3.86489595127325	3.8735677938736415
-0.43045958171364723	-0.2558387584582159	10.08147135706195	10.09389982341211
-0.08311319291735297	-0.07500860507148932	0.8154646193250721	0.8348631168896332
-0.09922152597893892	0.6102798005275033	-0.1487829229891116	0.651077944045613
-0.6659935366556713	0.004398269337927779	0.11664894926221747	0.6904009689334721
0.166084536991907	0.28653440432552174	0.0451481925650629	0.362221178952708
1.7660705183231455	0.37865164978024635	0.03277396158474066	1.8118874316660634
1.1144590746103642	-0.31059956094765967	0.9487454492660266	1.502693857259443
0.4632085686764223	0.8478056912990737	0.595601347894277	1.2392309494230038
-0.36750940083128797	0.46672268730000693	-0.6801917731038479	1.303205992787813
0.1664145666636902	0.6826074885609483	-0.17279955485078935	0.736876015686479
-0.5087224325641506	1.0480702205484649	-0.11041098607046702	1.5007438393475243
-0.5405198658597852	0.12068048909507682	-0.9810633272760076	1.466970532377245
0.006982828639542693	0.04650132415432916	-0.4847612841369364	0.5066403266045911
-0.5874813712031893	0.4771507076896558	-0.8294277494185587	1.4640865192211334
-0.11688142240712757	-0.008808784159438712	-0.4360559226124336	0.4726133875882715
0.034933936702182436	0.6650652913047261	-2.534316921405953	2.6203615169965184
0.049177445017990463	0.11400801984107273	-0.34211156000974313	0.36394583275383163
-0.08878710448018248	0.23311044627750516	-6.890145733840161	6.958385132237322
0.08527688004520442	-0.08877274580489437	-5.090325586519604	5.093726249843442
-0.23964695016348084	-0.19880879361651832	-9.485306771173327	9.491442457567157
0.17126649339414204	0.30133224634810923	-5.403614163278121	5.416517252342934
0.40303644855377185	-0.39222221439430616	-204.49912181285717	204.50205351208336
-0.11230605118711082	0.04967099214722137	-46.93082337874871	46.93119157499414
0.23753733601596513	0.3475120703222806	-43.55233030627799	43.5543644624986
-0.006103611844003451	-0.008649506071592535	-0.8138234662713675	0.813892316149235
0.34179662762122615	-0.12573760713082668	0.38036272544832056	0.5266029656303729
0.4137400148740407	-0.1607662559929326	0.707795622281916	0.8354646802201761
0.2380498913277707	0.04651375239956524	0.12177964792670912	0.27140663693543815
0.038085661317579234	0.03197030398651791	-0.030940967339947785	0.05856587227148101
-0.30666453328595106	0.031429873635829934	0.3365878409332674	0.45642343015709974
-0.030856716560075777	0.05859043463764606	0.07299718596226455	0.09855742055424627
0.11242653891042086	-0.10675283585341133	0.3906264463652203	0.4202676709122914
-0.03267059557827555	-0.013144898131936431	0.03911766964824661	0.05263409770336692
-0.3085001940721414	-0.4658898338630066	2.4748024612259707	2.537099314005971
-0.0013698902807867328	-0.006481862450211241	0.1969542481508034	0.19706564136057073
-1.312423545235442	-0.37345477809088634	11.714685869071538	11.793887783271119
-0.7392193224417871	-0.16597273243858968	5.762795412847715	5.81238360097844
-0.32103642195432114	-0.052769694419223814	2.263267517959135	2.286532064660199
-0.4822485134540342	-0.0010517690595924015	4.53648800615029	4.562048680679789
-0.10066711656488837	-0.052949562590990235	0.5612493787744921	0.5726590518893586
-0.1793374231988683	-0.007724359125782426	2.016320449166815	2.024294872495551
-0.23833916078687165	0.03877415259356601	2.171583485282302	2.184967694046017
-1.2744814165132807	0.004197941653981914	9.513301217729921	9.598292585820326
-0.05707328425968629	-0.3056664881107756	2.14693266045899	2.1693338171603913
0.06583779156380733	-0.3340756386145126	1.9731209327714798	2.002285534696459
-0.15331122863221391	0.16469954738582585	1.3453394075543816	1.3640265375910356
0.024077548374032046	0.010753026907981453	0.08166138827004824	0.08581339206428786
-0.12120983396650391	-0.13310455234049975	4.456956239970976	4.460590495743828
-0.06663915557212285	-0.21322074681453362	3.3175605791686538	3.3250732413559496
0.35416998510225084	-0.6608572352931401	3.1329903048694496	3.2214588177086148
0.03950192422547921	-0.23045573669731764	0.9457289135308843	0.9742039963388186
-0.3815214395590866	-1.0291142159102207	8.919242344356826	8.986518718369183
-0.058287583922571905	-0.08717119360168057	1.1762692157798498	1.180934175737503
-0.029640017902267907	-0.753137465765112	7.361599460575301	7.400083863777686
0.04980834282708146	-0.8776144418145863	9.833645592967686	9.872855393835637
-0.3736767306044809	-1.51070291858308	13.628822954744555	13.749437200550528
-0.13173935306580242	-0.2957496672973942	1.9647160875809526	1.9960992491737777
-0.04175307595370189	0.01454924257986914	0.8532352255935969	0.8543800969153017
-0.7772233220186895	-0.2148773615426357	23.047085149939445	23.061187789906924
-0.030961170435426066	-0.0754226763658829	3.2222292448394	3.223260535619673
-0.48391423123565863	-0.291816148114073	21.5444435769228	21.55185325411026
-0.379794294039526	-0.01002181581508782	20.40432226933311	20.407859060013624
-0.03332661698918901	0.010855437289246917	1.2933513155273693	1.2938262597489902
-0.030765425302063082	0.029494141117823152	1.3339044994909555	1.3345852878844096
-0.08347560804753992	0.035587261844779	74.10249298900318	74.10254855142037
-0.05673680604075286	-0.0020332597194020717	8.996929260514996	8.997108386477057
0.05438911075409897	-0.11638713026784141	0.6856925691855439	0.6976234219812844
-0.0558306395305382	-0.051292320934281876	0.7997404642571402	0.8033260687089898
0.08669390621441506	-0.05775464453618524	0.17433733352536834	0.20308849844575252
-0.041227098856528824	-0.03749049821108927	0.21842958649993313	0.2254255872672254
0.039881327892292956	-0.20185939896134497	2.0347987166312524	2.045175678143
-0.010964272912765654	-0.0293155287250303	0.06879890130199637	0.07558375702024552
-0.07141732024792785	-0.02342605134361981	2.1729197998591148	2.1742193242938317
-0.1335055540280056	-0.13182453194699834	14.723496811174998	14.724692179765919
-0.1876532542768454	-0.1645498481758437	15.781512534020584	15.783485934920217
-0.10359716847107944	0.014187393311512135	6.011074225890864	6.01198361646251
-1.5149544809714022	-0.4866304917687979	94.90531889596446	94.92329430467815
-0.187253874032801	-0.08087069584104752	8.4245413000596	8.428165873076777
-0.1776991253260026	-0.13737198023256736	19.43426398844587	19.441930987553647
-0.04439553423326294	-0.21250105853736162	5.566347346340984	5.570579004327707
-0.0736831154611189	-0.29652231231857634	4.668542564069669	4.6785301490678695
-0.129193605028941	-0.11477075329621028	4.50904648713979	4.512356760782578
-0.10691682744687202	-0.007828726320158741	5.859483803110165	5.860464395920981
0.3041149912338342	0.14750061456625055	16.66962202639059	16.680472312677992
-0.07439041341458534	0.028327441807439232	4.676563666395642	4.677241078180514
-0.19465590844669783	-0.01942783308115131	29.539399871724772	29.540047615822246
0.11845248236316104	0.16679114881432208	0.6290406866730824	0.6614699262936597
0.0326944182622986	-0.009694553419646958	0.3126509848058263	0.31450524264560303
0.14128570826689177	-0.04684235619709202	-1.2404655481575801	1.2493640917924835
0.35646391196969257	0.040539994002728674	-4.436950542559349	4.451431244978201
0.026437183470556222	-0.09792100368417492	0.7450811415623909	0.7519530272193118
-0.01065892661005897	0.017529530193562452	0.017999787134125728	0.027292663522629514
-0.0890955247780683	0.033178003718421556	0.16089141809482432	0.18688189019480334
-0.05377489872376609	-0.053970628187250624	0.014902304645809779	0.07763148281099798
-0.11469509090677302	0.2954504605788964	0.13359561693070288	0.34393855177558985
0.013032360757316699	0.025687304867348146	-0.02141075681435417	0.03589011793823408
-0.3367928616164016	-0.0656578920478406	-5.90602255106019	5.915981978002929
-0.0013678859758397277	-0.003518080864776043	-0.9798225390314443	0.9798298097113805
-0.002423030347404806	-0.13547186063723074	-33.95843880319231	33.958709110422014
0.04473086854019058	-0.060398853225267696	-57.38817357462621	57.38822279094814
-0.00034658069325223945	-0.3136325634748356	-61.358430742395534	61.35939103722623
0.13719268035229515	-0.09618244533981377	-128.150420809463	128.1506063439486
-0.06646627005691325	-0.21886930264576726	-33.9426714308013	33.94344215597515
0.008361838237092353	0.002728962524575801	-10.155947039351698	10.155950848329846
0.3196568997946626	-0.10029140145350869	-72.4631005354662	72.46387498686416
0.04548419145841011	-0.06990573915386233	-11.644694476813305	11.644993133633255
-0.7959403703168564	-0.8943935508717685	-60.98497608973593	61.00396348883821
0.002034433855648575	-0.07865348696895041	-2.8870642500495696	2.8881361626224917
-0.04183740673645166	-0.06662171462610461	-0.6566900793062269	0.661385425997105
0.015583486330867195	0.012181866375188772	-0.8669898000377705	0.8672154036248088
-0.1476685590920313	-0.09818607807533968	-2.72549742746516	2.731260283530542
-0.008886915936676088	0.013532236468336699	-0.015450172063236123	0.022378706742886965
-0.4367983933769898	0.11214606265126206	-1.9258551775735013	1.977950388865091
-0.22330057798684455	0.02610327322140761	-1.0732365728975948	1.0965314726021798
-0.3618374194129638	-0.07799941937023179	-1.2536006789508154	1.3071055388817965
-0.11529042059658623	0.12910363477392883	0.9290568390375764	0.9450429830201749
0.022069589946175062	0.00646531177054068	0.03269808077062402	0.03997538671188633
-0.11922669877005874	-0.2965569301612261	0.6241866641228917	0.7012631533134478
0.00976587752597588	-0.33995388159914225	0.6889061942073818	0.76828104128338
0.2677795335937442	-0.5550766756539177	3.0273161376802777	3.129229091010455
-0.03274915736818828	-0.06599437749878768	0.4188307639865368	0.425261065736478
-0.37391394477438555	-0.359139371799716	1.604334602354187	1.68602557595797
-0.5572384925771061	-0.2882149996616587	6.849383375631339	6.8960315372041725
0.07619551443562717	-0.5736067492236806	1.5557217875205855	1.659849613471448
-0.03887549354579095	-1.041947661105767	2.924610667310911	3.1049176781085497
0.0065839744372375025	0.030841119405678765	0.09216446431977333	0.09741053253594452
-0.31385882894216	0.19079010599919397	0.6357684189868018	0.7342409084442963
-0.1799218576313839	-0.06105601865825186	1.2757383042270112	1.2898092623097164
-0.09414395927180098	-0.04609858452028599	0.27360885638860616	0.2930016567468952
0.16562954218065992	-0.2445604943913497	1.0597159081645122	1.100109443045033
0.09930436350019282	-0.017228459290401982	0.36516563347163883	0.37881937158551265
-0.1330650625114013	0.25239116981062093	0.1575062633194108	0.32590771154481807
0.031913535552532256	0.08621617351648028	0.06975745690551616	0.11540279511871235
-0.3637832931949166	0.2593598699092329	0.7658185034124313	0.8866136738715058
-0.006499332289164935	0.01004499164787506	-0.0038381051095822474	0.012564801162098127
-0.12260488915237863	0.21562972675642073	1.710226371627264	1.7281210548206607
0.011330313532231101	0.04551038410822234	0.8558413493071192	0.8571254203733822
0.009962920508272376	-0.10344689439329197	0.2958960581748138	0.3136160024425792
-0.08422317848255377	-0.004879149033126258	0.2296682712692145	0.24467297504379398
-1.0023607022604173	0.7339062817409844	10.757983289827111	10.82947597402636
-0.23911333534474233	0.25999780261150907	3.247267554781645	3.2664232145942247
-0.300103901040912	0.38470379668298754	8.09768686763527	8.112372770581672
-0.22912593557966798	0.1346946915314085	4.464072398545321	4.471977608814268
0.019552991131077373	0.08130377942301677	0.11937502421596821	0.14574985563355305
-0.10631627189662163	0.41613477887596034	0.29132997936725813	0.5189840659772396
-0.12877524059643833	0.26087094324879306	0.35041917964588765	0.4554451812083234
-0.0007104029269776463	0.23704449025967725	0.20235845976742978	0.3116721695535798
-0.19526220225948787	0.006946673990877199	-0.017615339813782882	0.19617819478095858
-0.23091630180228903	0.0034851543020668627	0.12949438996698068	0.26477024336483795
0.679339223365701	0.01651241819117849	0.017427421036420726	0.6939437587165223
0.27672404627525415	-0.1923263686460152	0.21221098437368663	0.42199397703327596
-0.0783663678027093	0.09095180866392803	0.002960064680027734	0.12009280196889087
-0.26876084581958354	0.14468298999054252	0.20156587793532724	0.3657791177556486
0.3113388701436093	-9.488707384389117e-05	0.2861194687796822	0.4452819740126746
0.0704747901566921	0.6600195242859053	-0.15308260765609727	0.6953463440279334
-0.8209151674166053	0.7274567926103224	-4.2145248647347495	4.455121403236616
-2.361407603090877	0.371069769395111	-21.82282721377571	21.973450298687823
-0.4003805328302436	0.608603554433588	-6.526935932777922	6.585993886311027
-0.45189097695919633	0.2271410715805121	-2.559582247276563	2.612803013418583
0.24303744313323716	0.5361520173197106	-12.572102121313135	12.586649979961585
0.16785978800684082	0.28585550610912164	-1.7238582406021548	1.7609819128527524
0.6950288735921931	0.4506990466062393	-59.386520930216754	59.39970886758378
-0.40772268825011176	-0.16555714072718503	-39.81523379753287	39.820725875503115
0.5726305048468509	-0.28857448504232797	-67.35141125847352	67.36099858248416
0.7330074362063491	-0.034125707568658875	-50.127293398649954	50.13509477284536
0.4385365932809776	-1.0697658516651323	-85.31434033604643	85.32360224602682
0.8928626261865339	-0.47804777738968096	-61.26558593370759	61.274115521418324
0.2791551132902633	-0.4375743290580981	-38.1383872176498	38.14217427230677
-0.15277849150743272	-0.10992204823465201	-0.5490067981731893	0.7619399786044603
0.3152809725027105	0.8683722646150291	59.60070471930918	59.60802760790495
0.7574948639567874	0.49124620770676675	64.25872883691837	64.26522257665505
0.8563302495659338	0.13106933114741293	-0.5605262914678085	1.0412253234606519
0.5247313370857551	0.3439662876915826	-1.1438035798816424	1.3120298005145286
0.30471483063547244	0.583125951141771	3.594653362089743	3.6543699588967855
0.023071849906876905	0.0065184730399215456	0.06260333783178651	0.06703714385755424
0.18275555476061778	0.014303298696502393	1.0640512010763779	1.0797264170434777
0.009385789499823438	-0.011723632536184792	0.6682677271370492	0.6684364530284806
-0.42236154097003126	-0.28548988433722694	0.39606060358711964	0.6604828021706969
0.28426283192706886	0.21567520545519017	0.9537901576937912	1.0278699342216802
-0.17916695237354846	0.3330602257858921	79.65444268510038	79.65546277041935
-0.2590167285244105	1.7288623776321175	161.61708243118596	161.62659703198636
0.1907711771362398	0.42902041283407505	47.6665208923732	47.66903760224875
-0.03691812273690659	-0.06659711610980901	24.524818519632106	24.542927969772684
0.5206694887584571	1.2287970399751136	1.7334109472325707	2.192083980795743
-0.8224816305264799	1.285394218825453	2.315177610256887	2.7763719999809435
-0.019731985991222674	-0.09464172148855893	0.05293706519401076	0.17784410164194547
-0.13729442654968294	-0.1792004879089401	3.8551626917423025	3.8617666882179926
0.0013732611033779075	0.021872867931374884	0.3227479033034804	0.3234911394217686
-0.12379726923446488	0.1340374992070399	1.2101750844580657	1.2238527485390849
0.025185578273828564	0.024055490291386306	0.08962999635741006	0.09615880725745017
0.023748966319190032	0.009552673326422708	-1.246791913583802	1.2470546671044014
-0.16070220167717414	-0.06917783628254966	-11.067231375843313	11.068614235626212
0.022528720134923248	-0.09495328215390322	-0.1846980027132311	0.2088947611333831
0.2612872009899356	-0.331254075093115	-0.42917692685209174	0.6018248069074221
-0.09396604598509012	-0.08734006092668553	-0.0075505999634877825	0.12851037156804831
0.02671442864233743	0.016709498816763087	-0.02714985985038903	0.04159306358384429
0.02475909060015763	0.014389452549420327	0.8301464588788202	0.8306402422836641
-0.09333208523565065	0.027497612483635823	0.5643504245176464	0.5726765216769262
-0.09924188227765499	0.18143711686507796	3.3388594295336236	3.345257937552786
-0.07211606580530523	0.047857403929219514	0.5882532206128719	0.5945863348745041
0.017932061893101998	-0.016596572461076174	0.05972759541082304	0.06453209058098754
-0.005565275757169747	0.18120884583576627	1.0383858353083881	1.0540933360345677
0.15845109646701205	0.10445539334487614	31.51369085896211	31.51457137608414
-0.11012473171572501	0.11532361361163465	57.52376475521199	57.524155086278846
0.4238562770787874	0.027566869134967587	19.4162678480097	19.427287173809113
-0.04845592637666031	0.34997163686992805	25.909261834988126	25.916373143242613
-0.08081804584377242	0.13841640859599044	17.114424038771546	17.12229309350777
-0.06256557706164868	0.015387783870017772	1.865326896890463	1.8716504621559271
0.45574232838375384	0.027854832720865055	12.181644123609942	12.190997100351032
0.19040397081996802	-0.23404288904229928	0.7296654161374432	0.8018236404735807
0.009259201471444791	-0.08454504956172887	0.2298219184735388	0.24505450909571513
0.056851746601695625	0.041976286492391116	0.16073500856245987	0.1755843748655579
1.165364101474166	1.1435576578252968	-0.5215239042794153	1.7196699024552398
5.876585836423197	4.665840226558579	-4.208095575331518	8.604177721819013
1.26744051467526	0.9634963423229701	-1.0215327461862975	1.8967708339019105
0.7162346040461856	0.5100749113988189	-0.8998423406140272	1.569469736609611
0.38308899954960746	0.823780825087997	-1.0338726623210828	1.462184890379279
-0.17451564898318422	0.25012464132277135	-0.7258441511666367	0.7995921239104862
0.04342787583250146	-0.4144791982002827	-2.018605863734944	2.2652241399352016
-0.6554730669767306	-0.7843884681676971	-1.6487460687308269	2.0017476744289486
-0.5226263676087486	-1.041682144865555	-2.449379507222793	2.757067268648807
-0.48298336040258466	-1.0821572022616077	-1.971904873207961	2.304826620532171
-0.8908632985195648	-0.27002468648703914	-1.3492495218268652	1.645145830925516
-0.0345513277435566	-0.07601081095513706	-0.05322573477960499	0.1711262731836614
-0.16780664710945747	0.35370120195637644	-0.3874415007098262	0.5682027036646214
0.07903113972976006	0.36866157335016114	0.05403047686403695	0.4056554622363127
-0.046011455823476516	-0.05745516210949067	-0.0859079249240361	0.17966108700766958
-0.029817970782893118	0.5667142188119221	-5.8333486074708585	5.86088816592395
-0.060348695639359004	0.40636868901914	-3.2435559276385697	3.2694697631572933
-0.5590561397106988	0.4210754132047473	-5.655568306686302	5.720394816325909
0.005201043460535529	0.5747678462496916	-5.380708001226023	5.411321809169487
0.09855018957824695	0.303379017601593	-2.744366770242417	2.762842727662508
0.0275762004710865	0.6561790717826687	-3.9880409379524124	4.044166382428194
-0.3008339574619885	1.2084905225629363	-10.756955031630861	10.829705062951396
0.02009356336621458	0.12499608878773183	-1.3855918931591475	1.3913636001740641
0.10633739672582163	1.3118510574529914	-10.441959292986935	10.524579550522631
0.7677634298796665	1.7960998440720293	-24.96032487774358	25.054213296959478
-0.035640200779322936	0.0899565738374728	-2.4358910272152103	2.441804105667721
0.2618515658743511	0.620317677420696	-9.822915449493953	9.845965071610726
0.16479148461636828	0.4640129649666088	-9.014477614046896	9.027916200276326
-0.03714409195435294	-0.14203615667790193	-5.157028841602042	5.161005736422528
-1.0132699432357577	0.8427798220434702	-96.33432843340204	96.34462851780052
-0.14500294642716582	-0.4992053120075479	-267.81575794464516	267.8179105792734
0.13093505635390634	0.047080365197300744	-56.496345082406265	56.49668882337265
0.06090004085032491	0.2868615733172394	-42.155601587925375	42.15662158685297
0.031040721256431935	-0.0014013734507384336	-2.542103221240532	2.5422931140340945
-0.33838306361304893	-0.6039222783147262	-294.885836476177	294.88668206491695
0.2579901984092302	-0.07374092637236804	-374.3290117887427	374.3291339759546
2.6727615102996216	-1.374222243452535	-682.4250211405589	682.4316387885
0.05222017325862837	-0.027057548925212605	-18.38544650112727	18.385540571418126
0.44167116718453625	0.05148202686634523	-29.415347073231167	29.419038853140016
0.1694357509011103	0.07169679963704054	-2.7500175040957635	2.75969653449337
0.1874544890325784	-0.14279049783658102	-0.6237486845476395	0.6812272147424788
-0.5097966264603714	0.024834658492735875	-2.79927963196098	2.8488516288891628
0.16926243837309551	0.4845694358924625	-0.3008295216932501	0.7730948549611071
-0.003935674540416576	0.00819945787817846	0.113414074068972	0.11377817383183098
-0.03398731137465347	-0.44854842374971926	2.440738734319944	2.4818453608137143
0.3631125675668873	-0.13344594452366057	2.099241515587859	2.1391477935155487
-0.22093944595318293	0.1641413851186464	0.4195194342197159	0.5208003203482096
0.5227271774598207	0.46374477710035755	71.25706307542912	71.26062602055168
0.9602489789645581	-0.7531645506462672	-28.802524683289658	28.828705188724012
-0.25423731629775603	0.14880296450538633	-1.244316726909814	1.286305887808739
-0.10475317147984087	-0.013821211457955021	-0.48763285927632927	0.49894895356865787
0.84423840562089	0.027606153327982927	-1.0310161832876257	1.630731964587637
0.1641286297091777	0.11652136420545706	-0.5342270402308387	0.5877020935987172
0.09220403000706122	-0.1974003510580492	0.12780748327189573	0.2525930215340083
-0.2899664560370594	0.18685878786568103	0.005456696071963182	0.3450022141397722
-0.6434895033871314	0.46773527884352384	0.014903475424934975	0.8078099594112388
0.30235688213340983	-0.2734954977173436	0.8837322429464631	0.9831998441661187
-0.16507215223304295	-0.013319197230294677	1.0849637225231419	1.2034502225056838
0.022422457639257515	0.0917770882757579	2.1277476551160786	2.134412253827955
0.30356880572793926	-0.22353693420836826	1.6961322521956594	1.8073746456683188
-0.24927964838091368	-0.10149544538978805	6.761328953002368	6.768123127140928
0.006026835201094507	0.1749069581825495	1.5087149941117493	1.5252309612386026
-0.0757035148930366	0.2564951981801228	16.78004037999358	16.782751733490304
-0.37154809900973274	0.9384386190323913	99.34682771743635	99.35205268304453
-0.4292419371969131	1.1473048184759398	151.3053997601415	151.3104227518656
-0.55888309863065	0.7035530260221647	82.02975369172376	82.0347932750984
-0.7928166977901665	1.6075404075627777	157.08706396330896	157.0973516290961
-0.6055400372727977	0.6677194924392066	143.4089128141484	143.4118136081482
0.16472455634781527	0.5733486685500879	50.357348328241095	50.36107498169492
0.46396192800595226	1.4031290016310136	163.73597222272113	163.74270094013488
0.13324744582414375	0.5961873355759064	61.22797533190448	61.23118190309676
0.04238416037183549	-0.0864279062945524	16.153725750226062	16.154615489031407
0.10337299880335939	0.77644933643134	71.9978671069276	72.00226320943416
1.0236349781121286	1.1680447491305015	194.60332341208027	194.61015712403912
0.8508959613403977	0.4517506418777939	84.79431454208617	84.8012470247567
0.8653545061554927	0.01559430843906534	35.61363456207535	35.62762501257875
0.018342670865547583	-0.26276915589278316	2.74646742059508	2.8035839718748004
-0.32240889460756456	0.7983703640342698	7.291536830291159	7.358775171411526
0.09520527713772454	-0.02662202909395435	0.8692603991454327	0.88592674846763
-0.056587807108898054	0.19357785335016775	1.428155028224531	1.4490621569705229
0.08403870483596407	-0.14303510345590842	0.0426136402071246	0.22094626487644228
-0.11174513345774172	0.5928300056024662	0.7549862516977532	0.9664050034259614
-0.02466133627787974	0.2287540725451643	0.4382980536390406	0.49501696035265336
0.17490478424788777	0.2043655331349135	136.83947905041123	136.83974343641032
0.07514626223566727	0.23089752401356672	86.73897525156126	86.73931512479375
-0.06276331318192188	0.08371571696116727	0.2750949234226546	0.32573694377643203
-0.24022690218738735	0.23616953578009417	2.583541032687268	2.609147191448564
0.018831071582297756	0.0002944295742009148	4.2756182398572085	4.275659718563367
-0.06592231266248823	-0.062189007025631314	2.262879744674837	2.264693790065505
-0.648249232536705	-0.4139774080142991	2.0088988449402905	2.1511110922109764
-0.23121702843678887	-0.12310714655500941	0.9277334906821146	0.9640052455797514
4.193554206525586	3.9815400090990773	-2.156595231600597	6.171665959859423
0.14564100034253424	0.19999892728832308	0.01302554309062634	0.2477509569508456
7.084351116302232	5.864889058923165	-4.486251842693912	10.275903940457203
0.4505838327115514	0.2734418253336725	-0.19692013012113643	0.5797012546905236
1.4662013377942378	0.714197705627561	-1.3925458683380763	2.149066891932108
0.6006256582076872	-0.3232312882594759	-1.178949733657624	1.3620396916017834
0.0718261776168796	-0.029635482619993932	-0.06344852262893433	0.10031438902254204
0.3041653463410944	0.32990740294047155	-0.660197716486455	0.8103679794905855
0.2703297576111017	-1.1952208186495492	-1.6771110503226885	2.279720211604452
-0.8351310897811112	-1.7746569385385946	-2.761580962401467	3.422995842959844
-0.4408228721689236	-1.1353846061199606	-1.8997401874981323	2.310012062920208
-0.45018160704024296	-0.6208865902962593	-1.3020199459343376	1.5110987978745485
-0.5059987527698402	-0.868103552163626	-0.7533273383275556	1.2558425831908309
-0.14036684133718894	-0.16447186758155755	-0.45036939726090364	0.4995862681878821
-0.8862102723091526	-0.6303225820889371	-1.9540554725159935	2.2362933604308783
-0.2881573075154773	0.2659790919505601	-0.5150346989864125	0.6473331849901087
-0.18196368459906404	0.15181819757778972	-0.1651465168127319	0.28884757164292457
0.0012964531759641403	0.19414632202403384	-0.2221676164062011	0.29504732658661764
-0.013413767565816012	0.036229279218030624	-0.14346317373339557	0.14857467203943683
-0.015346360546331848	0.02319284516829208	-0.10334072497617072	0.10701862178433688
-0.21634099073693558	0.16740106700223095	-0.8345885151130775	0.8782736083164381
-0.08568196316273638	0.195611070543527	-0.49377140264871877	0.5379733151414561
-0.07083838065976633	-0.1553669647421795	-0.48341706964750186	0.5126880466075576
-0.06405568085742464	-0.7468726104748847	-2.5167971318390827	2.626059715497938
-0.053368930362569504	0.35606239202622997	-4.212587799189007	4.227945675575734
0.051180706842309874	0.07043181642463106	-0.9365148111282433	0.9405530803629959
-0.5052288545384119	0.549692606182796	-30.373775763784455	30.3870249945188
0.032331738404608665	-0.013670268247005748	-8.991993908491976	8.992062425711861
-0.0443482946186517	0.04834603828830508	-2.836792907703137	2.8375514289345634
0.4759299395772206	-0.10844090711072225	-70.71210574720365	70.71379050752005
0.053415432949761	-0.022237092533294263	-18.031633535818777	18.031726364018105
-0.12317273305850233	-0.258837521451264	-5.189399824032079	5.197310739059606
-0.05937208627107557	-0.02813230947289556	-0.5865395036619206	0.590207642123034
0.26414704064305594	-0.45943755614394716	-1.9203240506428152	1.9921096823601958
-0.012085600029459027	-0.05584928774097691	-0.27935655521770897	0.28514082417702213
0.06083938821469674	-0.01782280273889459	-0.0704888842190512	0.09480383037754828
0.08712611055221314	-0.1797428577426978	-0.020124108544506907	0.2007571512902574
0.13017800505282437	0.1832002422187891	9.360865178181648	9.363562651354572
0.07388243730509116	0.29057131148751414	8.653746263326008	8.65893842752277
-0.40268302845464954	-0.9649229095717764	-402.38611023317065	402.3874928700059
-0.32004810229717034	-0.57553894003063	-78.41619170046901	78.42051081577053
-0.4231831853965174	0.2848616465466429	-21.55618650308152	21.56787255767498
0.6226041271337002	-0.10578326132669692	-20.83555943036124	20.84512803447405
0.37478822019684765	-0.09639534083300613	-16.547908148348526	16.552432520868713
0.3736989717196397	-0.07316118265178642	-0.2998496160865273	0.48467852477550716
0.2432187537319934	0.06045893746307826	-0.21508396088151746	0.3302601330990323
-0.3412858356265071	0.18034409220056938	-4.09837994559625	4.2220929388819055
-0.1077228681650855	0.05332024923150552	-0.40423881961171226	0.44422525084116127
-0.03603763213876371	-0.018744065941941716	0.14014224801427133	0.14591059117383579
-0.08333906776749705	0.04634175961855738	0.02154907987328901	0.09776155555372983
-0.052386090118733804	-0.056449869632048025	-0.02581770039820642	0.08122465065024816
0.06275627850731888	-0.03517818210507188	0.0413570281448745	0.08298348489477714
-0.0036943712695461164	0.01869202707784516	-0.0033208753831363083	0.01934084974003119
0.010504734779058486	-0.09584512659693631	0.3086689885658475	0.3233777701812919
0.05661162117248469	0.0525092422107609	1.8183808189112962	1.8200194775754028
-0.03619856312307245	-0.01576638564419165	3.560364414871102	3.560583334450818
0.014132007171747929	0.059550976730994784	2.334503998679858	2.3353061795637338
-0.03477012129190656	0.15971438958789225	20.72379421911824	20.72443882193037
-0.12204469783083213	0.10717300910869909	9.60670670950636	9.608079660609842
-0.27631886223818175	0.21723057212705174	36.22055502557447	36.222260387719636
-0.051778728634625425	0.2555812933488809	23.49201649497848	23.493463810911106
-0.018489034642884327	-0.012946686247287554	1.1873590052606107	1.187573521286273
-0.11803330175607722	0.15945625413293926	18.564468702396795	18.56552871209371
-0.7432926599777274	1.6847013059072837	167.15196505947947	167.16210732613405
-0.5693148675310179	0.34700098889841563	58.0788630977224	58.08268991557355
-0.19903616489042858	0.036082001368409715	18.230967507611325	18.232089665459004
-0.30776326322583175	0.5494681006876985	63.42738859988781	63.4305151959295
-0.8978023725755457	1.337178378342819	180.521596900667	180.5287817570445
-0.01742522720571404	0.1332326457193696	55.12932815765982	55.12949190489036
0.04526897749078436	0.052975324450543794	9.706059453002258	9.706309585549912
0.05827295729484026	0.046697482523847554	25.117184777468957	25.117295784736537
0.09203822861592564	0.1477705447804961	19.854839957438937	19.855603161449036
-0.025831338092160698	-0.1255494781859993	11.294346290659492	11.29507361918612
-0.06536900367810336	0.01271826671104398	3.9633799732385677	3.9639394134142054
0.5902577664129087	0.483215889607844	59.29055169341426	59.30288165451243
0.14270464131888777	0.22135653195664365	12.786988347210947	12.79046184097753
0.002807613454287608	-0.01963507795446481	1.1740356400132888	1.1742031779044872
-0.07585370557870517	0.2054620013211866	21.031288846020182	21.032429221166296
-0.011504289709625777	-0.005609909392060623	-0.22814746122362425	0.22850620085217646
0.021673965064809314	-0.048197444859954794	-0.014998363818750561	0.05493364515393602
0.7458470754156828	-0.3136459331696122	-1.724646526683026	1.9050110953219643
0.07275214256958276	-0.04688654404302849	-0.10522701957642616	0.13624957948449345
0.04561413975995807	-0.2944362101772285	-0.27789278518447846	0.40742819203775865
0.055011391090989806	-0.12469066725927129	-0.2716070501756611	0.3038822228371581
-0.2283627775326587	-0.18657833647344954	-0.691405951929524	0.7516669635997062
-0.08689465186791295	0.014138904761768774	-0.17205313389222737	0.19326890601761285
-0.4832846556482074	-0.30596955244422425	-1.1479632832518474	1.282575972448528
-0.5508390312182875	-0.4462489029518698	-1.1623869719362105	1.3615084260577608
-0.25254546263250216	-0.1617202105066432	-0.42443776429558544	0.519692267541872
0.016960211419276082	-0.011187493544277182	-0.04650718826011986	0.05075162404349266
-0.21015751842078423	0.5766263316014101	0.06096898697045098	0.6167506191460894
-0.024635088195664324	0.1530992627893597	-0.046023843376421326	0.16175433841536038
-0.5657650698955642	0.9841008527327966	-0.3722785257659054	1.1946279351370395
-0.23455491944811097	0.3577569833773852	-0.059209490311713464	0.4318701577274926
-0.054059451960678004	0.2868208832454047	-163.6575822201491	163.65784248482646
0.054955653316307654	0.10583075869561	-49.03158918603291	49.031734197162734
-0.1383855296809753	-0.13263343180866394	-220.50577660593436	220.5059040900112
-0.12900474200866954	0.31700950123891813	-59.75913478464635	59.762153972219444
0.2042962263956293	0.03339371125454454	-1.2547826141240772	1.2717434870204356
-0.20734034104441262	-0.03674124127309045	-6.001307831582543	6.0050008847000695
0.059277610350126464	-0.07405708661648433	-0.22637780848465824	0.24544897502588905
0.11162569941694798	0.040010421227805425	-0.15657048462553838	0.19640633195756496
0.8117366259301253	0.3851550144978663	-1.1854294496025746	1.4874487268656822
0.22040458167951682	0.1605086791723259	-0.4572954540018891	0.5324099435263784
-0.7552629243019023	-0.657629263307234	-1.9110292235765707	2.157528916642081
-0.3681810153494857	-0.2740610520583871	-0.7081371114692976	0.8438749249499057
-0.17678178079445933	-0.16805166649477465	-0.33497856504151774	0.414371571985586
-0.5134134313747378	-0.24009825195886053	-0.6261339874982884	0.8445615977595656
-0.13909686650331624	-0.22039176877192193	-1.0619602786874565	1.1023429087282222
0.3863156645543323	-0.15587581237032072	-1.3491999673996724	1.418928256993087
-0.6666262442197712	-0.45185981853858176	-6.853077999119166	6.901646592806924
-0.0066829583722173	0.18933291068735078	0.05614552789354488	0.1975953777404572
0.02777198540057622	-0.013103198373305314	-0.005169124453583248	0.031139955496381867
0.05986699308982586	-0.05007232484812625	0.04596514301836644	0.09057642601699639
0.14511672485355606	-0.14574164014474433	-0.09747094247947236	0.22759629639372309
-0.06570737224692307	-0.11749525082044854	-23.21151167819931	23.211902054332302
-0.20636511217225179	-0.08055330441392611	-25.82882452156388	25.82977451624604
-0.32237117266038245	-0.07738711933807196	-21.493259756386877	21.495816497512283
-0.10679170808491426	0.037932846093401744	-10.94896313263942	10.949549627707325
-0.02990113460402933	-0.04415623544713182	-0.1310777267710101	0.14151049938052798
0.009531527315185605	-0.08934485148726455	-1.1775918559519447	1.1810147889440623
0.14325025745383368	-0.2522809171384242	-3.2578820506912898	3.2707738768721506
-0.01895014234210029	-0.014608008216688164	-0.10613303830374773	0.10879670775547164
