0.5625090442610173	0.206756432682395	-1.3416304490386652	1.4760137851723067
0.02340591589296742	0.022853551857358996	-0.5348973074972136	0.553773452053323
0.2571646877503828	0.5548089326400425	4.350994980656657	4.395973582150187
-0.6836135714320887	-0.43295559648004545	121.29518951597228	121.29796889298726
-0.15859789024809115	-0.4658128583453054	671.5295164758721	671.5298782281924
-0.1712458485011023	-0.5245742519932463	1542.683357476388	1542.6837415000202
-0.06817739037727316	0.14863527130878046	72.24059909272545	72.2409189979005
0.37471975786905554	-0.41938327061279884	18.01169281186103	18.044880874263313
0.4412898673878664	-1.6829729010606371	14.435860608633828	14.570571596116931
0.35776971137021996	0.40027952896776947	2.400891557857095	2.464139388341102
0.5504101678771941	-0.5866668700716768	0.2883670521498135	0.8658895489656122
0.6410543615225275	0.5095211017786617	-3.148917286833196	3.2566427976985337
0.8519345888652068	-1.6385683430828015	-2.3574667183293756	2.9979706255380028
0.7989359921054768	0.08078551663685021	-1.5109130477028536	1.716730334618274
0.6213155049175875	0.17306686620860154	-23.108838301164724	23.123107764065963
0.252146353222394	-0.34406909083601145	-1275.1200748342976	1275.120491387908
-0.3580191870109692	-0.1555065514627283	742.4826861965017	742.4828019162352
0.31088953412518916	-1.0252674777797828	1092.245398216834	1092.245932577155
-0.3821488066122293	-0.0971099057365726	150.33656735271435	150.3378949945216
0.9890434006998525	1.0409909991312878	17.112430718809893	17.198183183339708
2.555590782321171	0.4847543672587091	15.195506841388738	15.417163779205737
0.7832697515141192	0.5540371661126009	4.577941376866302	4.679476009127048
3.295175636799988	1.796459953861904	17.950694231959268	18.339366238705896
-0.23522622914855426	-0.17839843145856185	1.0230184525756902	1.0738733251350885
0.3258402124988472	0.025257061995182274	1.0569575065802321	1.1151003178540593
0.09273607389400634	0.20354078102595263	0.13962903051192896	0.5596829794657245
0.15421672787125051	-0.29336685925058553	-0.6285025771238637	0.724114761355689
0.8111211162775781	-0.8601741402459303	-0.624423313500794	1.3443218647937407
-0.3360037666263124	0.19848126828646864	-0.45966150715217113	0.6189198907007918
-0.1312297349976197	0.6292358072861133	-8.490723369395448	8.51616240245667
0.18276556970455604	-0.6954286117504078	-14.808185236898579	14.826289286355882
0.07544905847024666	0.14780360564156186	-3.93015761422224	3.936134794921754
0.6182322592929748	0.2799887978694008	-10.122843218553538	10.146528444038283
0.06984968831202983	-0.06317682519266124	-2.9577092866108208	2.9592084269788406
0.1891032333423988	-0.591718986928157	-15.941221574216202	15.953320553120202
-0.42881587346695843	-0.4000422675670745	-0.6307226811629368	0.8724722085033999
0.36807968488139303	-0.03478150367451015	0.21992350701177477	0.45225937387366955
-0.25415439167205983	-0.24439638172624423	-0.09799625397548034	0.39167218040129126
-0.13028214528059634	-0.2602043572837938	0.05703206478636649	0.3277379841308952
0.035556983177290495	0.11699548992870516	-0.012006967017450208	0.12286745286399484
0.0004178899436648974	0.03877837518776339	-0.11625200698982421	0.12254985166604683
-0.28135685662250304	-0.28853049290601757	0.1948445261495947	0.44763368447375057
-0.22674163027883307	-0.4420855357659056	0.2670437340692335	0.5640600533104346
-0.15516472642412782	-0.21434401768919426	28.31560098785258	28.31718133110045
0.07069805195392487	0.22489900184101186	5.1108570003984815	5.118194685531348
0.5472048459299852	0.10964704378646636	45.32217209905496	45.325822873709384
-0.09376498043473383	0.20848685456603092	40.71013993285397	40.7110210112389
0.4429096477779322	-0.3288745082341612	165.19034190905728	165.19132200940342
0.11797666678765048	0.12446686217826992	18.420621573013154	18.421948578115842
0.5892765766761199	-0.7260340901488165	206.879669203068	206.88182951080944
0.23028039142963627	0.01225695305863498	2.381367516224814	2.396574706493834
0.004150376077667689	-0.18336280940027413	7.452558203361762	7.45612115680046
0.08950517333031578	-0.5692024670252362	2.76646054892565	2.8258284790982113
-0.19297321156116765	0.021155356810981074	0.6189598998591239	0.6486891143958309
-0.004390707269175016	0.02813031027248865	0.9605533799039281	0.9710577599768253
0.018701589457698196	-0.17173594017217128	0.7407186716184474	0.7732961386036147
0.024583899451266905	0.031055743557364478	0.0015795574889276576	0.14508999697426292
0.4658891689270872	0.3228283242739129	-0.5796449297480546	0.822641400708536
0.1773979991526578	-0.4904558243768893	-0.5393370498783803	0.7502675650326988
-0.01602541404954698	-0.025281480136007117	-0.008786012386777564	0.031195530881639916
0.4823232196136056	0.3824839188326784	-0.6232039359244655	0.8870132845655603
0.6600506603536038	-0.6772792570248425	-3.931329822920287	4.045887792278946
0.6503720550015177	-1.392736771638734	-3.196145081186668	3.5812928694949413
-0.05672106194527646	-0.066138909179101	-0.25252129384341887	0.3013941321923101
0.03336138830830643	0.17111572293612212	-2.615196910753805	2.624714887331966
-0.322388655196233	-0.25055272775006576	-4.125304997753463	4.147810533736073
0.1880363960281558	-0.3943423422436506	-1.1971130892406983	1.281960647777019
-0.036906492592299917	0.04864483600565997	-3.6836962719637225	3.6868450493945235
-0.6780552899208513	0.6185672960631715	-1845.06160675663	1845.061840316367
-0.08581172458353811	0.2689331969366482	177.6540674901436	177.65497770806022
0.3912003730231556	0.2916636996403354	147.12957689128146	147.130452257301
0.6572292260061738	-0.12442603734160983	82.39738082223725	82.40157473253457
0.27070963156212013	0.2685265438404649	8.123255584874709	8.18629728824122
0.24510609561997945	0.2779077465399864	1.0189966429880215	1.191378955042375
0.42121642631152856	-0.19085152632553784	1.865549935457543	1.9270713348190007
-0.006755132819310852	-0.16100966823348856	0.39590180315845214	0.4496529414205787
-0.17547660421418537	0.2123003076545155	-0.28176139164968084	0.41801043764612944
-0.1096763609024653	0.17049147414776528	-7.233320285251947	7.236160487159969
-0.08329635354269961	0.0023093045047221372	-4.667796435539382	4.668540155020085
0.009188318065718112	0.3653940203220989	-2.074923763419217	2.1114889590470955
-0.07653217917938224	-0.30813831836324657	-2.3586056156979196	2.379879586889941
-0.035939277558133254	-0.09637528026287291	-1.5790661738668441	1.5824126540721362
-0.019529254430057284	0.3388413066855281	-23.381493665726666	23.384373428599947
0.0925754148146828	0.24056525499079587	-11.72380741936881	11.72747125516341
-0.11324750362062017	0.5692708531580369	-298.0838260252155	298.08442379956244
-0.02327466813088694	0.04555550164364469	-229.9826524234539	229.98270046359133
0.011446377571042051	-0.13964969572515515	-44.49193724747371	44.49215788304962
-0.0027632217124639695	-0.4173036627929468	-228.39455482936413	228.39493607715076
0.1888966090946303	0.07741011018666963	-25.397014202651647	25.39783464517745
0.7345966237221444	0.5226648100562868	-90.42803099224483	90.43252512142766
4.356907147789688	-4.5615299099566835	52.1248045723546	52.50528474834652
1.3452598754823857	-2.2402571415606793	20.553919778465737	20.72524582230333
0.678254396785267	-0.4370164459271568	6.294941692082615	6.347974723672841
0.53613784924698	-0.7871544253307705	8.106740420861117	8.177408885235991
0.12581092736803307	0.10468137550446084	1.1118567137041866	1.1324715080441476
-0.030731371866605288	-0.33041311766193127	1.048974795847123	1.2058960611356149
-0.017316819042805447	-0.030833702739671953	0.8718564138106533	1.0025488208307713
-0.11497167840026733	0.8701294912513036	0.08096701802941135	1.0102571052895404
-0.012258354731103042	-0.0195183653575485	-0.18477716416897966	0.2327093018022148
-0.07657988208927444	-0.6781847761673925	-8.076237601332416	8.106225548739783
-0.19751263578757713	0.4805522947391767	-13.92777786275899	13.938164073095649
0.5755063767080794	0.016368446880337506	-20.13929123672685	20.148002551575374
0.22306045378998646	-0.20482777855885917	-94.48095305757145	94.48143839427897
0.03420988541686525	-0.07036404357690192	-52.932280646692085	52.93233846973947
-0.09629981257494	0.594706486027598	-613.5078907992039	613.5082024733908
0.3982679221632537	-0.13656003782964662	-10.32685379434365	10.33543299874301
0.25066989165708653	-0.1245506963468393	-9.928936617230192	9.932881284879942
0.1920664642234693	0.14067529230782233	-0.13911065001984088	0.2757368990435247
0.27002468849886646	0.14832127329922215	-0.024253277987571042	0.30903196275653205
0.057424307550495414	0.05381284487275781	0.14765209669577137	0.16731561502026873
0.13337900730956964	0.43926672964529545	0.47441396654982204	0.6601619733229829
-0.16150043952614795	0.05717840777367164	64.3637109724302	64.3639389868645
-0.08896528437387612	0.17342860734672585	73.57560898173205	73.57586716673072
-0.07083272144008965	0.2200285498819078	216.4376935175915	216.4383889719293
-0.08825792692133574	-0.20732911926450306	17.10755075873381	17.109034683114455
-0.04754862715484494	-0.14923002595074855	23.900172613356588	23.90068579394386
-0.02110630612058524	-0.07217477103137379	1.1095971735102437	1.1121423295574215
-0.13427397471586777	0.020757973991536213	2.4771629579029106	2.4808862758652457
-0.07697697901380815	-0.06435887667428689	1.1617408205480326	1.166065716172328
-0.060785981647223764	0.004384453334024246	0.16370667883215054	0.17468267140763485
0.3044924798442493	0.1622932113232204	0.04592087894348966	0.3480854548041999
0.01509141737758913	-0.020952617317508547	-0.011161968175742241	0.028130989752848008
0.05496992734192812	0.06014553684520347	-0.2370839138407143	0.28692811925011086
0.2904647334650313	-0.15631648002371806	-2.045661496958414	2.076780043324775
0.04513099190477864	-0.10808360208157936	-0.929601315497654	0.9369511605437113
0.027640200353794615	0.03506679731888529	-0.7162561269642881	0.7176465009764099
0.07233724398274077	-0.025032624647853628	-0.74691121633544	0.7508233309184428
0.2528104486823473	-0.13351248353158	-6.68467882602884	6.690789916996352
0.061255936234949994	-0.023985420730370324	-32.427955359840006	32.42802208599697
0.07427306181102426	0.13134197008425672	-104.61465079925001	104.6147596137841
-0.03262827572962542	-0.17767604504546952	32.23437875044056	32.23488493555102
-0.0030745206545979894	-0.029859161583468755	27.637975457029757	27.637991757462892
0.01640353102687185	0.018208254735537027	0.008143620688623565	0.025825083321916614
0.03460764013033271	0.0388059242314698	0.5839113713125254	0.5862218676055365
0.22108931536433973	-0.03956592118383141	-2.4012245755267463	2.4117059127515943
0.0004000250915362682	0.022405256315680355	-0.07940786634749977	0.08250917990446638
-0.022098656918296232	-0.03901696591567305	-0.048246411602584374	0.06586645959350897
0.02621832292415669	-0.08267091116805997	-0.6455111490476982	0.6513113875522156
-0.017951024449839315	-0.036149794553957726	-0.5427987074457387	0.5442972383999911
0.13974417693593377	-0.031604802973405705	-0.8593946705514232	0.8712557020362498
0.16463541925512082	-0.18348049276984707	-0.4033821577510595	0.47274419900436215
0.00364684419010302	-0.010674636506126031	0.010703316229827703	0.015550186989245412
-0.0023883755112469474	-0.03034714396069827	-3.640290344701008	3.6404176198902705
-0.2661886201561843	-0.04076795370105422	-71.85876773769743	71.85927232576113
0.20117575349600825	-0.21379062800134552	-31.51319338906516	31.514560693321364
0.2746521242981582	-0.3539302949256626	-33.62020543177114	33.62319011809469
-0.06973027701546217	0.04920467570619981	-41.15990048830512	41.15998896524175
-0.03482020311082608	0.19560839673882768	-48.03445290121154	48.034863803388966
0.39509106213434	-0.4514239460452638	4.646988896224734	4.685550803062272
2.2794006382830334	-3.124124246777722	29.894966575408887	30.14406817474914
0.2787148030900868	-0.7817629215451042	7.4559620775173245	7.5033116350875835
0.6675579680940888	-0.7610003709746274	7.093894411622153	7.167117475912714
-0.16929783738260334	-0.04065325832908569	-1.6113536551419974	1.6207328734540658
-0.19532689997989194	0.03465699802808188	-1.00905327343098	1.0283687149995617
-0.07418107946248424	0.038314594690935566	-17.376968921320096	17.377169497166147
0.03899125636545907	0.1240220541538379	-23.39908013881883	23.399441299545096
-0.7023794986981748	0.27693245678777656	-9.855649242117739	9.89684649127539
-0.6826031857413917	-0.07250953498304108	-7.862602310094423	7.907935240690195
-0.510163213177076	-0.642965793450752	-4.274658309300927	4.354980477775115
0.013794749246717426	0.05428070562267351	-0.17897136418275708	0.5280978902695146
0.08238027862241411	-0.32151572720476956	-0.2708677317736081	0.45056407553432143
-0.542545029583565	0.3605788796742139	0.018375811548147464	0.6664755756537489
0.7752701298590888	0.22138314069912718	2.2762347979639976	2.4188383388725554
0.7411915845877066	-0.03055762931686501	3.0455701575650025	3.137718295724398
-0.1524590016112506	0.45392192386769625	1.5449892025095295	1.623502473330756
0.22131089515652805	0.6098728685486319	6.18924350732971	6.224719945991923
-0.5119847815441212	-0.9290516464403167	20.365965582662746	20.4152053939555
0.03036007259981338	0.0758435499484197	-65.75423147245633	65.75428222185563
-0.0019729979860073597	-0.05698488958424662	-38.60532412922914	38.60536623700392
-0.03041646209920785	-0.25893649056929174	-423.9864653574191	423.9865455171251
-0.1338696332363859	-0.25061264659747384	-333.1538779638892	333.1539991207599
-1.9112554714994692	1.3545912129514688	-13.933039975413573	14.129292182303919
-1.2877884844021772	0.5269636055595557	0.8188840731142877	1.6205371739776382
-1.276171511614887	-0.34476325836000005	5.025175689978394	5.198013652485174
-0.9315983692812712	1.6033974680587773	13.315443492484162	13.444674564624599
-3.0960917925001907	1.8380209059325345	26.5653328973233	26.808589984718328
-0.5980174176449689	0.605531758165441	10.194189890611337	10.230605106869106
-2.7117835214944273	0.7001680448395469	24.951070256040502	25.108153892017476
-1.4004607280802834	0.28675657900542395	8.445475944173289	8.579819546616804
0.2751439321722312	-1.0977123726257931	5.857883213872545	5.967826419115815
-0.10726165062353538	0.11383090364082486	-8.082931870982417	8.085649630806515
-0.8444699697199018	-0.6112426880499577	-35.55615247783017	35.583837875713485
-1.480345087835016	0.48711716550978007	-23.00160456852299	23.073476314235986
-0.5096469723333422	0.2464832981329481	-15.975984964049946	15.986621575840122
-0.07243260096273393	-0.032060982929431436	-4.131573295609392	4.1346888722370965
-0.15002842243857167	0.21275797524527318	0.0036735652309508593	0.295411177092846
0.01938621674807118	0.07196467594464231	0.011899274005993388	0.07547405319373202
-0.005129794789536769	0.06411778651359346	0.20246955135199574	0.2124413438261582
0.17064054170602766	0.2901834748728339	0.6535354873859958	0.7482733870289991
0.3379680779465146	0.3255691200542679	5.333235845408063	5.3538418221300885
0.03604450650185215	0.24931321631796155	0.8698318493917372	0.9162660734721209
0.7153139587042889	0.16426824270593252	8.14691568360072	8.181098523772851
-0.03476319962333653	0.016887956280154354	3.502781751360001	3.50577430329963
0.25247011573981687	0.644218392231205	8.063399338192742	8.094235428272258
0.21023511888444033	1.0327957716000804	20.623633549262994	20.671852294321216
-0.03179621608813653	0.39618282916296294	3.619845907675234	3.6442744152566537
-0.6027038131462632	0.44519394726140815	17.329340895258145	17.345532721744974
-0.3411232170090092	0.3445397867502079	13.191935274290737	13.2008419805296
0.03778664423143154	-0.23210096124276292	6.7113808495599825	6.71694955909545
0.3870677798349239	-0.0647082397429457	22.18293433657379	22.1868443945533
0.2950984592725444	-0.25694137978985954	-1.1046893560415074	1.2732070761524799
0.27260611241014737	0.9262218538842069	-0.07507652958369299	1.0869946839016285
-0.25123021953459435	0.23451150393484013	0.0442411733280077	0.37356302681424414
-0.4158948832008515	-0.3563402164874887	0.5114306582087494	0.7622256928330577
-0.3118857375261697	0.12006750855970692	-0.16965560405693988	0.3999396564131935
-0.44724860366196517	0.38627367441414	4.011591051562822	4.054886118006509
-0.030997666898222316	0.09623854550366981	0.7710048881169534	0.7776061024027728
-5.715410734817031	3.6642481304063574	66.6684216256543	67.01321568381016
-0.5253502571432812	0.3815801138304421	6.201664366230661	6.235562299209794
-0.18253767016187825	0.3841428295634834	4.5084509692042944	4.530617578338767
-3.8016749024340846	3.031472621076297	40.34264576308345	40.63485087048633
0.06506370557443183	0.031688714108394314	0.6587724977707538	0.6772728025722273
-0.9265926220736121	-0.2275820144709755	10.132388389437676	10.189179646929546
0.3319044632523145	-0.5852936453928147	2.5931207803710583	2.6789932074673537
0.10107354228379455	-0.3844550237809885	1.4713188048711647	1.5240736700788928
0.12477628816681918	-0.652879535629507	2.5508545471204975	2.639727166886345
-0.06704097835251771	0.11938178478412911	-0.7550024899455073	0.7673169248365523
0.044889012741680154	0.17808365804461865	-1.5433140514725345	1.5542030350633234
-0.011017848307464773	-0.01958080274975843	-0.2613049088554734	0.26226905309170306
-0.1343028876446024	0.16579397607142632	-0.911137323707291	0.9357863702703394
-0.06761060797506127	0.3519340312945861	-1.9916124649596085	2.0235980251217156
-0.1333913807268491	0.2820993712354828	-2.384291702157025	2.404624760056862
-1.0376769939094308	0.27156157097779426	-11.414493204185753	11.46477973355457
-0.17561699723678822	0.06205355626097135	-2.64925368763262	2.655793116000969
-0.2632973328688672	0.05094496427758174	-2.991943771682626	3.003938815587222
-0.12134944013513169	0.008631375225980582	-0.6551701961294142	0.6663693969231007
-0.44870336356852153	-0.28929130086189564	-9.546999286817973	9.561915056500709
-0.17866197362979513	-0.07825808187659426	-5.124304393447036	5.128015205213504
-0.21766396952683997	0.01180662479167393	-2.685105534867545	2.6939392594109233
-0.45917023580538324	-0.08458482047140015	-8.16412125426253	8.177460959956024
0.3083850126884065	-0.08940802776984594	-0.5777990120041828	0.827382935437716
0.08897374113952251	-0.008350357059135227	0.815472950210726	0.8203549156314985
-0.03034932144187763	-0.07193066803461323	0.6456652160309236	0.6503681061584642
0.32907671744370565	0.33943999259961943	1.2475127418220229	1.3340910896741103
-0.001548637539362692	-0.009473490987451132	0.012756783823912196	0.01596498804408155
0.1037956938699472	0.13722417292729178	1.0604527883143804	1.074320313475114
0.10703255118849858	0.013429746683626398	1.2231309472537804	1.2278785115962554
-0.046707489294188276	0.018999135313482678	0.6729459192282581	0.6748323991220277
-0.061817333744519004	0.14809643787022403	7.212456612669996	7.214241770782862
0.06508854420177554	0.11093749956087075	1.536176044128262	1.5415513244613945
-0.0025108029336117603	-0.011289706052031404	1.417825218216368	1.4178723888292641
0.02359206268573181	-0.0013212742670309953	0.4597984328703178	0.4604051803112733
-0.1888468851428325	0.039792422453326	4.2993819320777815	4.303711372848988
0.0011346788507928043	-0.04820465243356354	2.918870779377992	2.919269018559102
0.4139916804550206	-0.42908315238345285	26.12595695615695	26.13275967704351
-0.8879929010398353	0.720954900967838	6.5972902927252886	6.695711057685662
-1.0456781818659262	0.6768658112989037	7.446621432233415	7.550083505600043
0.052434418560292156	0.024076104397519192	0.7294466902752684	0.7317250173434412
-0.022585196200599983	0.028957342846964218	3.7265670967725826	3.726748038912774
0.2573057616813049	-0.372372696877663	3.8927573881010353	3.9189830011100497
0.37629848641112384	-0.3078102323012881	3.9045558332633874	3.9347050645576753
