-2.553386352340066	-0.16112620083228069	-354.35419668523616	354.36346020962833
-0.05324339874295927	-0.04022935878846097	14.032833047052407	14.033685772888191
0.5719689947078734	0.31635990699018424	251.45367351602513	251.45456177331587
0.2856598088922103	0.42979081533146113	12.87614162561145	12.88723494854748
-0.16440020474086323	-0.09248963650164894	14.044501684731813	14.046461800664032
0.3337698869191141	-0.023529436401500962	4.449967196176037	4.464710942909316
0.08838761790921122	0.4808999265273697	0.09564151550072429	0.517401386469895
-0.18624424344085044	-0.1694690128593243	-0.7404140037087487	0.7944176145594891
-0.02846626603530482	0.5022657442295542	0.003663637347336332	0.5220865955634886
-0.2698247781885935	0.3390115614192404	-42.672682790543135	42.68519581054913
0.5461656021059839	1.0124948031900523	294.11340674838766	294.11568974048095
1.0469819399577818	0.08008440223470834	109.16291405775883	109.1680533400711
-0.25690381175538485	-0.35506165556564534	-6.266535312567861	6.283391835331252
-0.12306665820970836	-0.3131810751506662	-7.0530564301210195	7.078315670911197
0.2987538709531169	0.023984002884448165	-44.646932671250745	44.6481568023127
-0.42081898382670657	0.256370360183981	-272.24848621611045	272.24896793399853
0.15699619381314978	0.09362982694683425	-48.99202762745661	48.99256744837667
0.1947042302893842	0.2993310800387414	-51.91601544190637	51.917431061079384
0.36181645633235454	0.19899849084581747	-157.53677584528347	157.53737885041576
-3.1148481689726615	0.9434027003581174	-278.57893186068054	278.59952684129485
0.12441093572365808	0.2332583300970192	-19.092448667581976	19.100659768608516
-0.13001382898925812	-0.20017467522963034	-0.4613586620320418	0.5378708918167376
-0.18868184472482447	0.3027887623191618	-3.6340803680028375	3.6542169857739935
-1.0105465593837777	0.6312954807320331	-1.49850852508525	1.9195692009740752
0.032525214512333644	0.025698919493458608	-0.3898118426468836	0.4161146255660372
0.6324295824110077	0.14181025466303088	-0.43220145118223713	0.7914260574053565
-0.30029522968915123	0.5598204402585023	-0.28532918888366304	0.7102595872174429
0.24498508386255402	0.7783372939428587	-3.360100506780916	3.4928243575259836
-0.1830078098031429	0.08292167730252707	-11.877773182603848	11.88029222811033
-0.31887885677280703	0.25903598344014	-8.20426989712895	8.21573537158116
-1.0560961213032924	-0.36622320874648107	-174.39434377239218	174.3979818634501
-0.27286973289247785	-0.2151031156945699	-43.132065388535416	43.133690680340656
-0.4618678088156547	0.045298595282582094	-30.688659807853007	30.692485960289815
-0.9165619117796079	0.20310073357815675	-36.17310589922506	36.18528604339968
-0.13765860843668584	0.050795570185227096	-4.039723661886628	4.0423875799870865
-0.025659531256972658	-0.11789002935724434	32.98291433540853	32.9831350015044
-0.03956037297090581	0.0046304936484097906	28.364347547465428	28.364375517876503
-0.013135293286742157	0.0042272673023044036	8.341033604990173	8.341045034431517
-0.038543867955576405	-0.2492311021593549	44.28665297516294	44.287590962926046
-0.10565304562493454	0.09867533428081396	28.40941940972726	28.410130066058013
0.09687841551324766	0.16237340597868158	17.563092698334817	17.564664968782164
0.33756278349378377	0.056341353087530854	7.8690641252056786	7.8765025987088215
0.006961779679994909	-0.016398024827189835	1.2857353398205	1.2858587502746492
-0.08096277813045169	0.03503324405377845	9.49286048341741	9.493270377338852
-0.17570634293926915	-0.046209906772536995	44.36533388302385	44.36570588446236
0.022332478616422936	-0.023166161759243332	0.15351909471489555	0.15685510222459897
0.25146583098121317	0.1724787064552415	2.248747882941458	2.269328316785656
-0.33079623166443717	0.04562084766677466	0.4650727743543692	0.5725382904844856
-0.2025408629385763	-0.009785372841997675	0.14222110370186342	0.24768002951335472
-0.3039222014122653	-0.1611278461188507	1.473212976266687	1.5192653308907988
0.35839839929074224	-0.34709757645993045	-1.6603658446193246	1.733707264268387
0.22736106624229627	-0.20860641065228952	-0.7141522060867691	0.7779608360750985
-0.03690344232100364	-0.19782015274991915	-0.2975083100167043	0.38533836600854743
-0.20138030492020562	-0.7943790364450116	-17.86565546515808	17.884441206827976
-0.06766986476457305	-0.10274923739893876	-3.4932708590601713	3.495436726811449
-0.20474542325849582	-0.324014776543212	-118.90114619512521	118.90280521707805
-0.5423934044324495	0.05563599556879156	-1191.3275402214404	1191.3280354998042
0.31459074120040537	-0.7342105640554587	-442.59181451537256	442.5925573123454
0.026836905168647507	0.31170122727004956	-1273.9024079692047	1273.9024540314686
0.14416023661857624	0.11738149864460956	-110.14458833042794	110.14483364577016
0.22150756646818429	0.1985602489048853	-92.58249750962823	92.58308061778712
0.03405481122812376	-0.1023661377617602	-264.52744676919525	264.5275055879269
0.603118502087053	-0.31852560482937414	-186.54276641115575	186.54401333416058
0.5761679956110208	0.16838231918510313	-67.06474297137073	67.06742929306745
0.13631817915415226	0.47724503344051183	-72.74238513472625	72.74407838825613
0.13461761472267358	-0.31527737095690156	-57.958362427710576	57.95954431161085
-0.5202239122987969	0.15693312989905547	-22.64012422838021	22.647074110965765
-0.034095340664312745	0.33027421343533814	-2.8863997918367765	2.9087844697623675
0.08700800851134437	-0.024367970829542923	-3.131274120050816	3.1356851869005395
0.15306482303470184	0.164178794061948	-1.055146968121249	1.087749247623617
-0.1912248315606512	0.7874507589161927	-3.3261890227277244	3.4263185540368997
0.06915154033689008	0.6152922062713121	-1.9378985507963287	2.0391902835948628
-0.03563335644919708	0.2499709720088234	-0.07828297274909884	0.298936835571175
0.25770058047157435	0.5323542353557942	-0.7540772673958447	0.9684642126479548
-0.31317882838611844	-0.04954879513026038	-0.5242955016705894	0.6284119823970394
0.10640268883406402	0.3003406329728603	-0.44593826346438337	0.5655676332033923
0.21292051142134838	0.6200728325518372	-0.6277859267239161	0.9183792335116215
-0.09990913706252372	0.9099060701445612	-0.8429987346164497	1.2444106069619596
-0.15421046457019538	0.8798031107315021	-0.9941145803542918	1.3364498418978443
-0.17013428747426057	0.15306681467507727	-0.2558787657327607	0.34329152084208225
0.026074335780840223	0.023109747663338506	-0.0272696336291742	0.04424437073509546
-0.1103816615752807	-0.08879075315846274	-4.807742162075884	4.809828750180266
-0.3065847240153477	-0.022549794036265787	-13.442143062966776	13.445657767899508
-0.7046380056995981	-0.301553339311172	-93.6220796955682	93.62521698591061
-1.0797729383584063	-0.6052451237332818	-138.37057890208982	138.37611548586585
-0.025039299149364334	0.26911107072112156	-12.33367212675778	12.336633084648678
0.04264174678333659	0.0938996495417205	-8.705195577995545	8.705806425248953
-0.02581211436540854	0.03928811445150678	1.668144087766515	1.668806315524827
-0.29613636877789223	0.050591685040853866	23.45138971455732	23.453313962243225
0.02476133238274624	0.001435129262743905	1.1038491353409836	1.104127753826707
-0.13397338208311266	0.16889308789970725	15.850515664752349	15.851981597920394
0.03928427207012889	0.035160823856505874	6.543717110544795	6.5439294892597255
0.023403312866734548	-0.061827117562123945	1.9194332705514974	1.9205713700925557
0.042305968607674764	0.003146930102413104	0.9800080882232707	0.9809258642384413
0.022299221437574422	-0.05449397203672556	10.592096162082575	10.592259813423645
-0.5889969689125175	-0.13736288779410172	46.06852044683921	46.07249029684822
-0.35150725263796995	-0.010890629143595322	21.598625480913388	21.601488342686515
0.1865372073140119	-0.39299459145578314	1.5674634840448711	1.6267091480778282
0.18378299735320391	-0.23524026541847462	0.7825458030282714	0.8375512560001592
-0.24184607831806076	0.40506526863635406	-1.7582178142215783	1.820411294103444
-0.10033905530005795	0.4086539228310266	-1.6732268420218646	1.725327221000747
0.005305024454361571	0.023092758007898347	-54.10290338706472	54.10290857549913
-0.05112690982926944	0.10422291042964679	-32.91815273285457	32.91835742742199
0.34325162454930147	-0.4975734103260848	-60.079596894703634	60.08263779168239
0.04762049571008567	-0.00934854268021458	-6.064076103929568	6.064270285954567
-0.17817188342602444	-0.029098667604567488	-17.688353999423075	17.689275258229383
-0.3237988079921488	0.11267113412608676	-26.717489431247998	26.719689031898756
-0.6910354015160732	-0.04403762304254731	-45.71025701248794	45.725128933432146
-0.1283326018431163	-0.11218207916928302	-11.273967654250951	11.27611992351887
-0.06565576608674561	0.08273786635557615	-0.20660274126861852	0.23203647741081235
-0.0033920351753891805	-0.03952561364157883	-0.203386891308224	0.20721970850379512
-0.17178235740966152	0.17318180550196613	-0.49973592024550695	0.556090915280735
0.004549725576323611	0.07494046615873841	-0.2807183664395607	0.29058488385909625
0.05534982662536246	0.03908933218192047	-0.04103084257763951	0.07921558710580412
0.049220431724175784	-0.09487185105027658	-0.009045902573141858	0.1072620500185545
0.23766431602727012	0.5121509982785182	-2.965101841964759	3.0183790195025537
-0.017878530458807627	0.05109586052932911	-0.3393042551785437	0.34359541090774987
-1.4385361780486217e-05	0.03485765987053518	-0.01548484086160766	0.03814232498285691
0.22504431903128738	0.27378427538425054	-0.6762710663718194	0.7635085658901365
0.5398156776382825	0.4000784364894925	-1.665592917270299	1.8014281201671465
-0.43770016170148796	-0.08515410764005259	-22.300210309928755	22.305104624402777
-2.6249679019601344	-0.6647675386964209	-14.367267648653975	14.65029360278437
-1.585330832842943	-1.354158514039487	-8.639334351580189	8.936748164852897
0.011799886653579422	0.9566555183857239	-0.07859055996900183	1.3432413331933823
0.2770730530933379	0.25073803220557295	-0.10505559193009359	0.412499090714839
-0.4133389314898661	0.9562073543313717	1.3210668885049524	1.688158489469144
0.2105885494597063	0.957327372682263	231.56986894149088	231.57198557813462
0.4902727022365042	-0.03432347366491881	216.48262161256105	216.48322448969478
0.49345213438279556	-0.9862808832165605	475.358233713349	475.35976935791155
-0.030473706312308196	0.04879320644734394	3.558143894078711	3.5613448554778686
-0.24512878607182453	-0.2298756588453616	158.0601601842313	158.0633099748011
-0.32952383106940836	-0.042150991042199756	-0.5689251775270836	0.6734376762646436
-0.086429837414295	0.1807847864542772	-1.2822489884783153	1.388537239926406
2.73517403629736	0.9671875031252455	-9.883458589557609	10.301400980033584
0.32301301243361175	0.37633730375368935	-2.1741327646807136	2.234345594521187
0.711685524753192	-0.16253965233219525	-3.3354984975127695	3.4173008993258764
1.0108567734388798	-0.07117193175386688	-6.431708294686658	6.512545449600947
0.16400600666012322	0.19502247875639706	-1.0297046310275588	1.069908009830981
0.8210443557375441	0.44789305002562896	-4.703733658577937	4.797844530003939
0.03674821815661119	-0.14942698168451318	-1.3377355950216347	1.3537707196866515
0.17057146773201928	-0.06060916475445409	-0.6825690856529105	0.7198252829996579
-0.27339797908121316	0.13935713770831554	-4.811028929366301	4.822825521506598
-0.16925805659950505	0.008484756837824667	-6.326469198678504	6.330277449492263
-0.42939790399061484	-0.07455762066707552	-5.457996628758804	5.477147832877394
-0.22288470353337908	-0.27813254358340306	-2.397027627023453	2.427397069389971
-0.12241227473088695	-0.0961186711241531	-1.7851228245300395	1.7973221323684772
-0.7774396410769533	-0.11701094707203741	-5.354312915980886	5.413524780066339
-0.4577328165665134	-0.32324817929076965	-25.292165340817224	25.298372207397314
-0.0583609500646571	-0.09821409061759483	-3.700789869763404	3.702552858263029
-1.9409263851482979	0.9789620084330888	-16.028655885915565	16.183046285162625
-0.4225480469398597	0.22006402867752822	-2.112291712858145	2.1698458686735496
0.20470209434953518	0.06039166307836054	-0.4951237854189785	0.5569357666626151
-0.2474327045537657	-0.371478179511884	-2.432112470258091	2.476665062946778
0.2582138596950518	0.05823471578411221	-1.1900848125412797	1.2271297100968934
0.41026324220929905	0.4759911806758026	-0.8279272205264633	1.0487262747628217
-0.06322249365260088	-0.16828021026634832	-0.13325771465100936	0.26372848971043944
0.558858143583916	0.32880326252345704	-0.8336485138613292	1.0653091756196102
-0.18992664653352015	0.15086928144178915	0.06304315164987026	0.28685866731925513
0.08094100741669943	-0.23806486278156097	-0.3710000920290142	0.46941152388748475
3.2311863518726884	1.9965743361448984	-1.6153619261278012	4.1298605615158595
1.6750474253050307	0.35904738159064364	-0.5829376970995712	1.8095621729987232
1.8875544080746265	0.454477179270898	-0.8051231861930829	2.1018169508465023
0.7951648882781522	0.9152642206045136	-0.44521159065952814	1.3841332542883231
2.1283938828296844	0.4199039723652751	-0.30684712853777474	2.3834608491995066
0.3552118741763597	0.15680860195715343	0.02809793006164609	0.4135621981968226
0.08468698416002096	0.613780505692897	0.7317278239416217	1.0802498391044033
-0.1689897188541523	0.22698644418398975	-0.06229786996673228	0.3216227299555939
-0.07575356374682266	-0.09540524436062159	0.016698280108560518	0.18600908722543047
0.6662520953106861	0.07190348771959718	0.7565943766174228	1.020282706744179
-0.41832814474715463	-0.3976167747756907	0.482363122507517	0.7650173221083433
0.3306097817502275	-0.11960496456565749	0.3500474073021894	0.5153844658084585
0.048133174224416764	0.2037250572685568	1.186981147524182	1.2052986957587812
-0.014812278379306779	0.0007380960388882578	0.012483683829847589	0.01938532276007545
-0.026807214153369115	-0.04229331157356427	-0.030297404978904315	0.058525923170667696
-0.10369693998907126	0.02841004971347197	0.08636709563568468	0.1379110637199295
0.25333372221188544	0.5035983576052827	1.277565036855151	1.4033679093121554
-0.016869601471644333	0.24484441591745282	0.1765306153984685	0.3023184242363219
0.0074374418368604615	0.13318142135885522	0.25067478697646	0.28395502348423984
-0.6168839497599372	-0.3871057375508285	1.1029042874411341	1.3290125325489697
-1.998786178595521	-0.7693371426834514	8.455798269253853	8.723934317844975
-1.3979961065637523	0.8506828721137587	9.194194802718261	9.339740484515968
-4.516889566480127	5.2541335138651855	27.00628357076832	27.885323784823605
0.4201943743969976	-0.758341405474091	3.316351339837312	3.4306429417343964
1.0577727331961384	-1.4433963223806678	6.948497814650539	7.1765853832904805
0.23064398235959405	-0.3812851661400307	0.9518974525656758	1.060265801399888
-0.22866981564808747	-0.6877609191380383	-0.21220388087797792	0.7679942958393666
0.9506679298186926	-1.3961261156269567	-1.0138615866781004	2.1820182293837074
1.5542280492265066	-2.0751068374483244	-1.377615863753228	3.082185795306923
-0.2655810753102019	-0.41880765975632095	-0.724083650350939	1.0069509613377559
0.6984259550380593	-1.9337062083069636	-1.6762049478306795	2.6982219116017445
1.3976187529817363	-2.9633520918436043	-2.259692472844245	3.9825222730888816
1.3629532068821189	-1.9922756961116308	-3.967731733131264	4.6464156921722095
0.4038215838072426	-1.7728756558672831	-6.009018547730678	6.297474399478471
1.0582279155497087	-1.9224271163996645	-5.946151561961924	6.339697983487827
2.126115680298785	-3.8108868065525234	-10.843692937150838	11.72643395267647
0.3957993392321982	-0.698222627532105	-1.6256394094537359	1.8183385903080795
1.214722670186474	-1.0639598735924078	-3.7783805777268356	4.215034205451138
1.3489125092494996	-0.6042097837135144	-4.66243631358581	4.980290894263964
0.6420910724754416	0.24101177858315043	-1.4601784815995762	1.6192493957988439
0.12397575782455603	0.35293962154557756	-0.2222323613167535	0.4569500763774188
1.3534831358519257	-2.2060416903363964	176.4153174441587	176.43679637778146
-0.3853501779481286	-0.08262576207873706	49.40708067031767	49.408849631664
0.006405328790723856	-0.297208708174812	29.80481051222886	29.8066197932476
-0.3071224736176093	0.2190015280926361	21.96969946240241	21.972937453863395
-0.0009079405179720883	-0.012799723098167086	1.7064263192067872	1.7064745647530173
-0.12795392117063858	0.32506430132859454	24.860523123771642	24.863369216146594
0.0014305199683797287	0.6158914406046488	35.05785612519168	35.06354346315468
0.2217349330373023	0.48826730131237606	103.05790089088202	103.05939058211929
-0.11290966359269622	-0.17357175744613484	13.810405412717335	13.811957624128604
0.029215968205634046	-0.04428359161412097	1.8212438460177882	1.8220163983735267
0.04236050911342012	0.23663460396512842	44.00366129678671	44.004539284666414
-0.04914156352727882	0.2773086000402438	179.9255216517392	179.92579619495447
0.38154206497766474	0.29705205113235766	343.5678469131007	343.5682155359501
-0.37151460957078414	0.06934885355814374	153.29503717975965	153.29550305313103
-0.3673704316424447	-0.05548637873866403	172.9174695625989	172.9178687114336
-0.24214993562643952	0.2357513028646872	275.64267018063595	275.6433194538213
-0.2733223191397039	-0.38051440344166654	263.5281922812236	263.52864569738114
-0.19977369315659305	-0.41540593075514176	40.77777059090916	40.79116811974743
-0.02905888893795774	-0.009208778260391792	10.682810899148386	10.683766082823364
0.01866033052368818	-0.2956214838196349	8.607793823371694	8.614019651719333
0.014743359053531718	0.22838536333762752	16.70761478796064	16.716473584045893
-0.16095458837760163	-0.7026668847910664	3.992391450835533	4.059349259685157
-0.10885821054411392	0.11226854298749278	0.18738391138305693	0.24406365151864484
-0.0744015809272275	0.118072766530326	0.02129734097738248	0.14117489214907358
0.48903916759003996	0.1635357597319934	-1.201134177623616	1.3145745888704221
-1.0208261860798367	0.7537176452899963	-7.141552293213153	7.254751913925509
-0.053850696035776635	0.004335305048238203	1.9888282085513553	2.049896650532166
-2.0490006134906738	1.929409116901985	7.501832713880255	8.013613224158853
-1.4183587358842877	2.2385949029361036	17.128485136404958	17.35773151929872
0.39537563095078526	1.391357066919952	8.009901516938609	8.193355190712364
0.4880756374732702	0.44236152664367256	2.7940043650861988	2.912744733523724
0.286793826910989	-0.11372399136497771	2.1223280445108683	2.200722635018681
0.8266856875317636	0.9316173527789957	24.256864804671473	24.289221684833347
0.08135160081844942	0.029964377582215873	1.3173965098818154	1.3276028382119378
-1.3592379027797348	0.29749117963835875	181.4842235994482	181.49198272862006
0.18387512395107564	-0.12339921164647541	40.45997542087463	40.471459067808794
-0.9054182264358759	-1.419417646537135	31.17166359982341	31.221000306572805
0.4850305461919019	0.16693384295293706	8.290151920716559	8.358979135763093
0.054467157064228555	0.3642947728993945	7.909454428674519	7.9734244402853305
0.4300819151781351	-0.08617120503705936	4.323835520617067	4.348267393409779
0.0054013520490558825	0.1286394545298025	3.454965334311061	3.460179551707804
0.21174293264294142	0.1702367039841897	-0.4933768450287265	0.5632373532695909
0.26250765656590835	0.1195088091302987	-0.3163971949006116	0.42813527086242575
0.024208757761229084	0.011320659400415219	-0.19903680416272573	0.20082298347777167
-0.06357534873232304	0.4780895274322653	-3.180427232100963	3.2167885848927393
-0.0649390960165221	0.01761362032884224	-0.37830207034687435	0.38423922527673177
-0.09829235125568352	0.21414088969720052	-0.6808872619766714	0.720503414619089
-0.18106063944127762	0.1077326484755447	-1.4481130788428556	1.4633594117024613
-0.3507029519446239	0.01571759852209617	-2.65754258044951	2.6806290624232614
-0.03705494735137509	-0.009018425799418335	-0.3788226345595056	0.38073742865880356
0.11730053981207325	-0.013866940579901439	-0.7762601618856518	0.7851952289793849
-0.8943727346720188	-0.12293942785895623	-10.473115655452453	10.511953587413245
-0.015904036498673408	0.017280575513353044	-0.27977126207117037	0.28075525951960234
-0.11439546440258559	-0.10722165727755643	-0.7752399656207665	0.7909360343042389
-0.6982295973496232	-0.9220036148032275	-7.500855766083251	7.589496192759407
-0.04190742983085946	0.09325222282792767	-0.23314837878503863	0.25457882132547827
-0.45873738229777294	0.2928867103879443	-1.2264887053667486	1.341826052598282
-0.2713526297890562	0.22971661058286608	-1.1356614923144848	1.1900121831296853
-0.1948903905593988	0.11416157308157326	-0.44873259308539676	0.5023704501640185
-1.2552552671189416	0.038276835028940595	-2.7347458654728283	3.009313185836664
-0.12326981448776891	-0.028699148130188434	-0.21549587719166252	0.24991510829449978
0.021682200518247353	0.05607467629248787	-0.10655413001586515	0.12234488041621802
-0.19650123049641768	0.37804415398315544	-0.6078427624737416	0.7422957226329381
0.3284168980226733	0.21900942809559348	-0.4615030696149527	0.6072955390628338
0.11473582172108641	0.02777463974407943	-0.059230697362045684	0.1320757922895811
-0.4643431863348367	0.24362248917556753	0.38934781453138834	0.6531142569321672
-0.01023899627196443	-0.002348348086659846	-0.00991196360011709	0.01444295003811439
-0.0691369310353583	0.32858811160974055	0.48617799613134166	0.5908630181747121
0.017448290922502066	0.017866457254202196	0.11665968830618728	0.11930270754106664
-0.42423964242619605	0.2931347705315306	0.7901710590837729	0.9435452138154543
0.005431989255068773	-0.0070325050735802475	0.009740146876805147	0.013184577962864517
-0.24834681102031647	-0.42798194974052967	1.7807324130736693	1.8534649712683646
-1.9912831374792332	-0.8783377563683148	5.737275888640262	6.137792775513376
-0.09197770540609576	0.4742600063675571	2.334826412694535	2.384281197624885
0.017974780230429737	0.020320720431408902	0.05890140410774965	0.06484905403356445
-0.28572858720250344	0.48666416048135214	3.5778778916123604	3.624799694166598
-1.0955920665923953	1.2346215331887052	4.991041510568344	5.2587629202798025
-0.6997195761646597	0.7837862007490186	5.122236548685397	5.228884733329003
-0.5255132098730126	0.42924569194391876	3.2066760978315965	3.2776802153669484
0.13453351430196586	-0.13221749760591817	0.731249130013175	0.7551860852059141
0.2638346183408215	-0.6009749551713768	2.7200290078429608	2.798095317548252
1.0911586435721308	-0.0007608007160746083	4.687069851026835	4.814429492428425
0.10860582015551246	-0.1848689679178543	1.4678823092661182	1.4900100731965193
0.7598366823542516	-0.6873356142700898	1.6089031932536362	1.9125457643300734
0.02932876202266712	-0.08249058524950274	0.20797749952000785	0.22565352477455922
-0.05423832661113753	-0.09093918410679916	0.05962348590527035	0.12151827579044529
-0.22783981908869927	-0.36494849668801843	0.952423317414171	1.0543663257385596
0.5733867083000959	-1.21762019436261	2.2424774070164664	2.6190754019031512
0.41951317709686353	-0.4372107814795647	0.9541501970622603	1.1388709130774333
-0.02412682828255333	-0.8089872965119849	0.39308184115578304	1.028188502030229
1.2535866704578504	-0.4787054777458635	0.4272455281745672	1.4935839207150896
0.1319099795115211	-0.9880952501844558	0.03637357463231569	1.1147516383317608
0.02198257766614865	0.0016082012576191657	-0.006104535037646408	0.022871059882723366
0.5453222298740881	-0.7017875803366793	-0.43331420966657236	0.9887584875026991
1.0331177638750173	-0.6732373236105599	-2.1972797399006905	2.519646614768522
0.4060421131675336	-0.3607809923776299	-1.0494015992849817	1.1816415863993706
0.07226452587501894	-0.444551566046126	-0.7842466752834253	0.9043733212933198
0.09721388653636125	-0.7983389235299998	-1.075946617595791	1.343300673890386
0.2554983249195625	-0.37011350552992817	-1.0959096643282047	1.1927955307932339
0.15481618962186644	-0.19274768315383928	-1.4086471597495582	1.4369712340547058
0.7484221671626525	-1.3284502068479471	-4.462732986996596	4.718090841696709
0.16434589029614016	-0.7050120434640832	-1.6347690476950012	1.8558386526010966
-0.06803482566814877	-0.028308933031380892	-0.2437791829543195	0.2904104132687846
0.5433196108934801	-0.002319114201856695	-1.2827566905755583	1.400052174023698
-0.2872858817056648	-0.14811635896791303	-0.870664997104175	0.9391533185288364
0.32306492770978124	-2.3074599292527043	99.51432584888114	99.54603248354405
0.10833008256814346	-0.11348795228443131	9.482251052501539	9.484575885598122
-0.04813944069592717	0.12768062631290938	7.339049133982432	7.340317563913326
-0.08125283362867916	0.38365454835787244	36.788934883263984	36.791025028945384
-0.15190120058389503	0.5530035813626035	56.25349349144683	56.25861740782553
0.10393889701611955	-0.013232211933954668	3.2981889376893596	3.299852823148641
0.109202275205189	-0.12918566280920138	10.663224458448477	10.664566091671954
0.11520972618735766	0.05650161274172155	159.81476307569804	159.81558928454646
-0.038091381591661096	0.05296423101453763	129.81126105252042	129.8112774461784
0.056240799042551345	0.0858647133525211	65.49078285480613	65.49086329185043
0.1759113037971536	-0.3524040368064495	419.5897180047211	419.5899028678756
-0.00011177316405706211	-0.054852286662302685	26.92653204278731	26.926587913010763
0.13281810813848596	-0.2743871682607331	56.1911371121541	56.194167265268355
0.021698172942266922	-0.006965918487885768	0.3504149614245341	0.35115520773522785
0.4444777859531226	0.17303357662587582	21.15651119797375	21.16188713680409
-0.07392318632390715	-0.17825194360110277	0.5400156593868255	0.5901991953203917
-0.05343651979543513	-0.17852685758474002	2.672734645013657	2.6828562332117625
0.061602870008667106	-0.04939805047001199	0.9966671005642624	0.999790173151705
0.2860718189591708	0.03349928956099123	5.702901367039444	5.710170162979739
-0.14609409752061167	0.07605491289986752	-0.3622539080528053	0.3979393534272512
-0.07743263171961762	0.1951044395746776	-0.5725283692982196	0.6097952840487153
-0.09241842630516649	0.34542149575320025	-2.342665241835241	2.373903409040069
-1.2034157788908826	2.057410418564768	-16.886786279022427	17.05474062498701
-0.1312191998029768	0.13125797014108453	-2.673252648583086	2.679687828139496
-0.006986846903659305	0.08120652095756002	-2.7028198269608716	2.7040485077173595
-1.7435971082510304	3.610519337189808	11.356380600342774	12.053670677933118
-0.7196113804065662	0.34600171417307124	1.4142786274383312	1.630098630742999
0.12341140724018068	-0.03860365796281638	0.9054963963979689	0.9252697588459383
-0.7240879166311267	0.3461021038515018	1.044836098609899	1.317487172711748
-0.07740894757941844	0.09344868477457878	0.1483956869332888	0.19169267526917774
-0.5953920931752117	0.14948837990813105	2.9001567472549397	2.967697333605883
-0.7643393639603863	0.18809988236557446	2.203085467876626	2.343642803994346
0.26954320970940027	0.3197068390856561	1.0919534030878584	1.1775856759801973
0.43013330411683415	0.25155847358746086	1.9675686880927254	2.034478471797388
0.5761033193754114	0.05894795513253637	10.190002380662897	10.207399188766216
-0.0630150365757042	0.43304032126720127	5.338762663411578	5.35848498885789
0.8033411578899545	-0.09493270922647126	17.325218495617992	17.344093091198076
0.46759999616138515	0.28887100789206127	7.230088670042742	7.250950171687234
-0.06107267205603184	0.23123929933625254	22.100122596326564	22.101857388970586
0.3535367181991723	0.6938695426573995	23.57443807097163	23.587296867496697
-0.07702126543460601	0.20472623072153662	18.187496252556958	18.18881153461237
-0.20811500225873816	-0.03417714799927478	36.236462040159665	36.23707578047025
-0.0975899803422097	0.0014020748664482876	23.1908977194455	23.191103101512475
-0.23350255389572996	0.04448907595715176	33.40710288624375	33.40794854871744
-0.2214977925245414	0.11469714656865947	24.739477102617485	24.741128183721926
-0.12974036395511135	-0.050177400028525915	68.3463163831131	68.34660045136854
-0.21072614814061486	-0.09215396247007782	8.416163788470888	8.419305836984291
-0.08969041116273443	-0.14731545584265146	8.603348673190068	8.605077257402513
0.044630284794535346	-0.011621537901607006	0.041086565567211256	0.06176591563434137
-0.05453020354590246	-0.10429155434555251	-0.013847115867611517	0.11849900431826403
-0.12678469397494202	0.022215190338970892	0.12994308638167898	0.18290182887689477
-0.411546511851164	0.036956989966432145	0.13304019022214825	0.4340922053418889
0.11829976999487073	0.38400182784560505	230.0633612253863	230.06562537927053
-0.12158645933000703	-0.05895678810145456	35.625280780141004	35.63792476588305
-0.10046281482943545	0.22358950716118783	7.357977166122148	7.363381886534944
0.24413919529226694	-0.039292650439656455	0.05979227510037383	0.29017711852971356
-0.06183257686984829	0.19900264036747553	-0.4084169993218615	0.4792802402255551
0.04509261782381973	-0.08903421474373116	0.2683357377572008	0.2862944353894065
-0.06123547593697955	-0.03957717842761614	0.07419694604292099	0.10402558996523824
-0.03284856904286433	-0.035393492398583526	-0.09730238078993618	0.10862541645361905
-0.06531677029413706	-0.1286845736573467	0.0013697949809679325	0.14431866240136812
-0.02451669654908959	-0.02135889120193047	-0.45864686800537363	0.4597980210638086
0.07499459050439407	-0.00016374256267753448	-0.17511410739595937	0.1904971549016734
0.6873228110969165	-1.253142267600081	-1.836957236916743	2.327485785082443
0.10950536160281057	-0.24067595183815424	-0.4364705091270033	0.5103164149334699
1.1355839444622289	-1.5405214314278664	-4.481863312291363	4.873382390667929
0.35122216355144104	-0.4180419704791322	-1.125987241776559	1.2513845795339713
1.7117987217435626	-2.4855364747430397	-9.268602363243238	9.792624101427517
0.4850343043065589	-0.5406545729069187	-1.9761490649431814	2.1100261977840744
0.07753370140768824	0.044748601741613964	-0.09987056286197063	0.13411950468956027
-0.028760931614278	0.12361368739173922	-0.23828227364154567	0.2699740299171168
0.05254016264034328	-0.05286108603747796	-0.06790265531345666	0.10082427141295633
0.8302056999933538	-0.33061749881374336	-1.2612653927275141	1.5457489530047888
-1.338370474991348	3.4345244877217604	10.664290644276461	11.284226544854171
-0.520480601739626	0.8282311776448957	2.9150512239227537	3.0779652960038133
-0.2368712102193822	0.08723131740154091	0.5924446980602838	0.6439782552432528
-0.1467320406989014	0.15012245979379402	0.3183991486765705	0.3813726033424113
0.01402183574773138	0.04145225249919312	0.2373614314706224	0.24136145148879062
-0.09924622304370323	-0.04949940592983592	0.33372698953245744	0.35167272785680076
0.20801737101737022	-0.12304908013827871	4.855216430241369	4.861228125407571
0.11865969221319207	0.030238233423267934	2.0554625179200103	2.0591067567978985
-0.32574469968368874	-0.11788411595923441	45.62138629678171	45.62270151924754
-0.11856324187096871	-0.13765748126967114	28.644043998546568	28.644620147859268
0.7119556664020668	0.11261048444967886	9.756776980483007	9.796013206969103
0.026343292998817765	-0.0022263491903049427	0.10203893557851204	0.10540811207271687
-0.08848402191094899	0.04255952265151187	0.5223383100678659	0.531486882610865
-0.0673858000566686	0.035611836036385104	0.3930927553291339	0.40041381635554263
-0.15970101419467453	-0.1478187669256945	22.95196524282787	22.953421163187613
-0.6168273688410721	-0.24492022365765553	8.43512446959669	8.47558296985504
-0.18788429122628317	0.09672556745040581	0.8191772569996937	0.8574307584719296
-0.03787750351464528	-0.1341654641207863	0.00879402535255347	0.19746441911683568
-0.11727786871485973	0.06302760612636127	-0.022894430015790806	0.1942434489244555
-0.27152811900144314	-0.1553588099089137	-0.5356394813241464	0.6358091837005629
0.227456858083814	-0.5307543657955416	-28.583211270922963	28.589384099036085
0.47513517964985574	0.27062945601320687	-40.686911352315434	40.69082487388866
-0.10783388656327138	-0.504890760046084	0.35536158291854414	0.6267572746172368
0.02971516982241696	-0.4348030458671144	0.26780025569256466	0.5115209252434334
0.01599997331509702	-0.06439518995290514	0.03608024810025653	0.07552829892252713
-0.1526005543645727	-0.41587167149310356	0.0002665893225363182	0.4429856063267854
0.43553149956624393	0.11745193275567628	46.91379595805232	46.91860344841361
0.16362772607711207	0.013982481443338406	0.46049734179628915	0.4889042281775932
0.5350790711434593	0.1583883797678089	1.0152132836732248	1.1584707603421809
0.10599642342723513	0.03577122089508262	0.9378402933008356	1.0675555956774745
-0.0697285956893956	-0.11456374236049902	-0.3244834276871468	0.35110742368121145
0.027941523673234207	0.000193255755458685	-0.010174854447039403	0.029737077125826607
-0.120420495617587	-0.04445528006898906	-0.16772474424168207	0.2112083273020626
0.028147489813490786	0.013210226672963673	-0.010877420033037148	0.0329410008671073
-0.24295854699057412	0.06289511657041731	-0.4337349117575629	0.5011093941661023
-0.1554247629363856	-0.06411545368381728	-0.23613323133148761	0.2898733366040471
1.0680894337322295	-1.1600722912843124	-4.103430097748022	4.395989231852191
0.08340876374156365	-0.15364646268116913	-0.4200485173612293	0.45497803716300284
0.007966008398788367	0.012714937880700498	-0.08017655745378804	0.0815684209744201
0.46907348516980885	-0.24790773380408454	-1.44796159414925	1.5421027712511461
0.03228187726307672	0.05650487110950521	-0.2082771251561389	0.259025222366541
-0.007584233218952633	-0.19489420172087585	0.11569578334108137	0.26628287523016436
