-0.32810322371319894	0.06932367837746904	5.269375726560262	5.281880141612196
-0.013474994315521306	0.5631208925961947	-0.4340611305222377	0.724689978598008
0.013140936854760603	-0.2355832792341282	-1.7503700170825307	1.7717074101774324
0.3313520292497741	-0.27662096585295093	-3.025124269992492	3.058949159406702
-0.5428744495474566	0.37083720794018554	-0.6758300149893665	0.9531311015935078
-0.09046091597061823	0.46819931362872524	0.530509502652881	0.7268520426508134
0.005283614826476379	1.8103625041656461	1.7811882954327178	2.543531372277734
-0.3156477523382209	-0.14903740376766994	0.03161179975590189	0.37725951553510956
0.37548744679154733	0.12244599128429356	0.8004233502991249	0.9034053177194077
0.2903732857441038	0.6736315344510658	18.34901972542823	18.3642070549843
0.2199311614404728	-0.20767157104469197	17.11310060090393	17.11634275067987
-0.030748429257729915	0.3399612222434603	15.118568009814204	15.123065084525972
0.5969773784269061	-0.22841552934449535	160.54302774710237	160.5470419049949
0.6992651022606877	-0.8204737148257106	60.846164230365545	60.862946042247046
0.3029922413326625	-0.9308942873347721	25.056577272314097	25.08055328373654
0.578642625361242	-0.678939952348836	11.35987812994173	11.395705228673165
-0.045215065811675476	0.12922536363674242	-64.06272881409777	64.06302714117024
-0.23783999522453336	-0.6020415302522187	-362.23116894878274	362.23177422701883
-1.0540789350496498	-0.9149939092792017	-141.94544823942329	141.95237952190527
0.2865421120958242	-0.5270858772444733	-12.915258483668055	12.929938413962168
-0.6056375385606771	-0.11688658984180493	-43.31076931648687	43.315386156351416
-0.0031382738425865114	0.16204357466903502	-6.576679212995284	6.5801563221855535
-0.8701496825832244	-0.14222655092848793	-2606.607932250353	2606.6082502382123
0.010716616953069566	0.14788269412423413	-174.0624498790329	174.06256898544513
0.11219228756383923	0.10350598391601565	257.67736162793585	257.67740684067
0.06383022693586293	-0.04325023913506901	121.9478650361376	121.94788941081798
-0.3996150705877104	-0.12814731877831903	125.28860455742782	125.28938512768096
0.36176304550154686	0.20427118401633546	219.9041311082537	219.90456784132206
-0.0940373950313101	0.1982393051071025	194.4165478314975	194.41672174058382
-0.04353833681540108	0.047319494957205596	116.65102708845433	116.651128307006
-0.89873638461468	0.2730893194447864	310.8691109641733	310.87056138577327
0.30959715955336387	-0.3101380372004437	44.94447925919477	44.95643495283418
-0.14842406361367372	-0.11134711855667426	14.079450646301101	14.081364925673896
0.03324598029972295	0.050901713461789774	1.2383236334076522	1.2398151881209412
-0.010338219827001557	0.017660529819470163	0.10729685494046085	0.10923089390282442
-0.18877765699985122	0.13890630299999723	6.758291160078175	6.762353981357845
0.5344245430719378	-0.5333785275138467	6.312054027911726	6.426112361453627
-0.2886498467927237	0.09856771296615457	0.5064800532799658	1.1090117065943523
0.1738009592062995	0.03302350188808179	-0.15830250796973339	0.237396312371295
0.15375072248482158	0.163103241718594	-0.29379081875543667	0.3695334860451873
0.2160479831783061	-0.007090872365344461	-22.316140930703458	22.31762426503825
0.5540252475201677	-0.3393281047425727	-81.74045930179138	81.74316028996107
-0.20280665012358573	0.1504085745658425	-234.34054009335753	234.34071768326575
0.41410969936919184	0.034643537722879654	-0.053320401272659655	0.4189631045921305
0.1312166544944048	0.03084184274376161	0.057746384706427116	0.14664131282553905
0.19824444624600857	1.0171889097683064	-0.7025967355118055	1.259800022334842
0.141711260888078	0.2420370088691814	0.2221154468330325	0.35776985178556725
0.028232300811397888	0.01507154061428903	-0.017045044907609178	0.036259449823402366
-0.3001248028219209	-0.16568343047073314	0.43674904148073657	0.5724992633495605
-0.15165182693150034	0.42343450447047376	0.34545166088206514	0.5671260055701861
0.027306366665009976	0.04936626039563291	0.05834567253563955	0.08115961329090648
-0.10451984839752204	0.7262400620670375	3.785006394833617	3.857991993290233
-0.00901767178195349	-0.1512265184987857	0.42811976099032695	0.4750969300595884
-0.07567295488320042	1.1659785025523686	5.035116126057428	5.170793599854723
-0.3870035826641559	0.476765002349797	8.225100325124238	8.249171581663175
-0.1544741783913609	0.3557375430913248	5.976161771501328	5.990358985520669
-0.6704301003418724	1.2274014441685508	20.92029688726085	20.967457939879775
-0.07775599513995216	0.5372772850249335	30.330912955941095	30.350277498065136
-0.4079601390779662	0.4360833646974492	81.15032500538072	81.15794600190338
0.10305716070227022	0.21572228753608702	13.084474086847004	13.087402293732035
-0.7683698327563714	0.650876502791835	86.82553811140554	86.83137739755664
-0.4941324839421273	0.5445611426919066	58.16385292294752	58.16850093127798
-0.5983499388285629	-0.19276764221970397	57.665176290656035	57.670715780090866
0.03845925120617594	0.1938209566340843	37.199376803640305	37.200163441056894
-0.3865878258086801	0.003241025557556426	47.77941738941543	47.78357251645572
0.006920925595229223	0.004379798036648598	0.067866709189686	0.06835914026795488
0.06138622979233383	-0.5525751542545455	12.768097988297411	12.780196939369594
0.16491666764782684	0.04682304192179648	12.914507281055238	12.916399188700064
0.013612754193468884	0.2070885304924039	20.93765240229518	20.939146087430956
-0.013318461813988935	-0.612038125567926	46.419265261237676	46.42351166409777
-0.7571643164287466	0.28698191643155324	92.26743987770809	92.27577639767551
0.04954875813200482	-0.06580097979475096	20.978469070305113	20.979095051193767
-0.2535872640946418	0.7971315552739807	2498.2166069923423	2498.216750936021
0.3078175991167394	-0.2605880588420808	-78.90887176642995	78.91002585886362
-0.08927317381844983	0.04599803987979778	-57.51538488054881	57.51564190080641
0.4135290052096251	-0.32024281789967024	-65.5197763267578	65.52372373080865
-0.5271384111287554	-0.31258532061437316	-478.080126627262	478.0807784006151
0.20334809632851109	0.07848226102712458	-181.75392623218355	181.7540569305884
-0.009218231014433498	0.0260345691861023	-8.484962136099796	8.48500708459474
0.13248831391900678	-0.30565258735626977	-12.634164686213948	12.63855585009056
-0.4197597155844314	-0.16894657726973336	-17.107701260555377	17.114253222682745
0.002462060966093452	-0.08034606003356573	43.54693028219004	43.5470044727881
0.035747347561229395	-0.019230277175755824	141.38095294265986	141.38095876974035
0.5385061274968551	-0.0060871301020595445	53.766094135215994	53.77697699808268
-0.0009797564287664304	-0.04944099952302095	5.005233754834333	5.007423498945291
-0.026234555562678955	-0.03581166592418921	0.13125729251023988	0.13856119283174376
-0.05108884494263881	0.12199218522380938	0.2936357547176967	0.3220467664515272
-0.11935699127246702	-0.07857058952633428	0.2939480298558435	0.3268407458690904
0.036529671956926815	-0.00858908003611774	0.09120716090611108	0.0986252271465103
0.04650376652527902	0.038680628452787594	-4.480206787283032	4.480615097074896
0.09643262726179888	-0.09116092555301696	-19.771191567709568	19.771636896651174
0.08553913112552992	-0.2936280679568748	-74.98595949844974	74.98658317518138
0.0045347070517535405	-0.032343699634349334	-2.275381997994704	2.2756163813948183
-0.03874678469231595	-0.20520161907729895	-177.01237355615797	177.01255176056725
-0.27958840469117585	0.13490904049302538	-297.444018137926	297.4442128802391
0.34500752201447543	-0.02901022872745768	-0.5797419991752317	0.675257409603984
0.004992204640718551	-0.0012847249546851355	-0.026472349345224723	0.02697441428909296
-0.0007095266071034008	-0.023124008303458444	-0.05223637964677443	0.057132509726306915
-0.020864124832633293	0.10638558692525316	0.3392837444050358	0.35618346961638186
0.042437580329718075	0.3714264669901678	2.142590150407005	2.17496002750077
-0.009371510095919083	-0.013843552300129632	0.057344680823675664	0.05973174667238159
-0.21775477141459987	0.02224315223367552	4.406253449597261	4.411686906431923
0.24970685872062318	0.1974754777744103	3.8971331242388576	3.9101146617016327
0.0771655741750568	0.03842274316107537	2.2798716970720383	2.281500775397616
-0.0027647611675337067	0.10042482584641084	1.780515636816537	1.7833476168427713
0.0774763733979681	-0.004200449548350672	0.9076993046494944	0.9110094729872378
0.05775952143676067	0.09622515879957674	2.9447932111186748	2.946931030708598
0.21107726852685896	0.10829492747026412	11.451514157095467	11.45397127178004
-0.10593316552141827	-0.20186753647672223	9.29618781723047	9.298982754638526
-0.02272357893679309	0.0005747664788858867	3.8562522518618496	3.856319245262999
-0.08832096552280289	-0.3675875513058202	28.12505414766811	28.12759484936615
-0.0535464938319932	-0.08905607274028458	4.241553116966677	4.242825833703684
-0.04022818849667749	-0.04491908614074438	4.841944955785485	4.8423204134284585
0.08019601778744927	-0.3449921286173693	27.15468538305019	27.156995217117018
0.4012751679639667	-0.4016877544429471	13.144401599277531	13.15665870255756
0.04127959534120042	-0.018328921477166582	2.1970497214593534	2.1975139209840444
0.26343475318515996	-0.26267392722752825	7.727544273468049	7.736493776875909
0.6362490236382505	-0.6719937566035664	24.144565892501486	24.162293983939946
0.39563472988490117	-0.29501030119055693	24.35980480280591	24.364803466231876
0.18031957178749347	-0.09319316088585382	14.819014291458995	14.820404336038585
0.12252131979452083	-0.05307048478081396	5.371277906794028	5.372937213682355
0.3935181189332145	0.04884492120606931	20.668869936566022	20.67267343114913
0.11591516079610045	-0.00954891069590938	107.09755643324628	107.09761958829228
0.34509362356209133	0.20237131475334807	311.7533075660555	311.75356424928583
0.16877721792706163	-0.04520956497697835	-66.76062847486962	66.7608571246178
0.029270266481976615	0.03778948073542622	-46.85702600598746	46.85705038645881
-0.06837417077065974	-0.17220417709424846	-4.241071644977879	4.245116959952064
0.0054774090365864725	-0.043746445015287044	-3.749605417576272	3.749864603019496
-0.2954646669749523	-0.4297956644593822	-36.16633012147418	36.17009065703416
-0.5082125775156789	-0.4696443993715994	-46.38298050501781	46.388142088411655
-0.048310256273195046	-0.2323017993265018	-20.542947569367186	20.54431777510757
-0.031363880386910604	-0.15594208414569433	-27.22538827582075	27.225852941566384
-0.022502209439129874	0.06313617222929696	21.030983587143727	21.031090394185032
0.06226201455750413	0.09993407399639927	119.86072542022514	119.86078325140464
0.181323952035013	0.10716576080147983	190.5741768917671	190.57429328440497
0.06803768278700867	0.07688834716732762	214.89792699621805	214.89795152168404
0.07320445839611024	0.01339545177521104	29.03397205864809	29.034067435225385
-0.020802612780118863	0.11121623747572534	65.35120847059405	65.3513064166832
-0.17162440294597375	-0.5696220264050134	-65.12099464458547	65.12386158293809
0.024903400066662976	-0.36456643809496697	-4.374994475881425	4.392446393072216
-0.10871378292749603	-0.059284733914477895	-8.188639004824223	8.190764427237688
0.0363021240573118	-0.07870963217298894	0.008070615938534663	0.16449307021728066
0.20906379598478192	-0.569168581373515	5.81731262453444	5.850492842597287
-0.13127811146540708	-0.5906308142763459	2.529812076374566	2.6049006944590527
0.4068010069104795	-0.05678786694916406	-1.595346040377638	1.6532757466631585
0.3663244254927293	-0.738705132677442	-3.075851408659113	3.1875100832478678
-0.6809195901527682	0.8130582394034023	-3.811880332347186	3.9591194275938277
-1.3559928470117435	0.8681546261759868	-3.97977856685509	4.295407580451118
-0.9030372665269795	-0.11597068110221347	-5.330843250907755	5.409833181740504
0.031215358398894943	-0.08703078921275936	-2.9606905384725333	2.9654202073857507
1.3520101075040931	-1.341622131652167	-22.550538978439604	22.631265304395953
0.5996494452936978	-0.6086260235382863	-9.354770557178314	9.394744118714424
0.7781344514107937	-0.23794225552179016	-22.91653246578246	22.931398775076865
0.28961300709954557	0.47353808941647046	-10.996260045887766	11.011145662359425
0.08887914629724103	0.5249730225500701	-15.546053730057075	15.555795143282566
-0.1239140629984077	0.6532893301081171	-149.58012112809294	149.5816641775445
0.2693629821033177	0.20438053247579366	-0.9309822459648056	0.9904825896926988
0.12335886458621728	0.14166117016689633	-0.8610318029796227	0.8812837581320756
-0.1591852377094978	-0.8634892527977573	5.304623872250976	5.376800912778601
0.14981362351117689	-0.01696326530152581	1.3051112519347057	1.3137911759811045
-0.1982612992163277	0.2335744994124998	0.6766154994261284	0.7557465901387947
-0.48579323655708206	-0.3317300476192267	0.8322623490886154	1.0286789080119023
0.16528847933938284	-0.12290120075956025	0.9246127315570133	0.9575037727381491
-0.9192781944082355	0.36473047031938544	1.7632614820508048	2.0264924262572186
-0.11830416847663316	0.08297374433933002	0.2433038568564709	0.2829793018753672
-0.7115840853487153	0.16727507538039726	1.4945452681409623	1.6637302725765457
-0.2743198922139641	0.21698500192172454	0.4140379919118601	0.5419975581768401
-1.0967886228433796	0.6053911612788689	1.7275765184279253	2.134001960724687
0.030667057750751167	-0.042774122089444894	0.0007705331834009371	0.052637322053818145
-0.014142243538516786	-0.10087983004693206	0.05856018152262599	0.11749909796489297
-0.07199903028826321	0.023687612516817745	0.04954637742792873	0.09055278496781811
-0.07402139818856271	0.0010315163533315408	-0.162045736679704	0.22631579063742954
-0.4876503569149839	-1.8915854332079598	-1.0069607872819901	2.2021235509724293
0.33357938629143924	-1.0486555358577327	-4.586151755843794	4.808751621821691
-0.038116897857647936	-0.09845789639471303	-0.28384220013817196	0.3334561961398235
-0.47455620002483007	-0.18658097101063345	-1.6006923717594908	1.924843863702795
-0.5641302023481725	-0.20290151503766046	-0.169200247176994	0.6383732595830779
-0.19339140600521665	-0.2980632141570298	-1.1115935941596182	1.175313583273414
0.09875167735840396	0.07945392793427566	-0.7372780684970801	0.7610016791256565
1.2705626241312609	0.10001729521582603	-2.704993606044467	2.9934600439663557
0.38247025947067614	-0.181099567165318	17.96985977586851	17.974841888511396
0.04265512607395072	-0.08203340318985333	3.0815153753148437	3.0829021955490363
-0.09058047725256833	-0.03706047317738238	4.174409220091921	4.175556326804833
0.015858051502177138	-0.12293662592981629	6.0037980245160165	6.005077485842699
-3.65253668530573	1.777214846371133	-12.422849911747177	13.079538695594849
0.024976649284036687	-0.37625168265500475	-2.5552715056326014	2.586712472252779
-0.004764250897151009	0.07408415355262057	-0.2527555783405352	0.29812132962349025
0.5591485702175656	0.9099504427935283	-37.70148415469448	37.716608601498024
0.03617238456209654	0.08080022999249498	-4.739093524613937	4.739920310892314
0.5230956550409935	0.10313133343846449	-30.901063740225727	30.905978146608675
-0.12373365400360428	0.09343320952421152	-27.959089550141314	27.959867811552616
-0.2610745805871902	-0.14872693970337927	-43.1011110431913	43.102158331071195
-0.2908676573317959	-0.02003772640569961	-37.90034594848604	37.9014673663103
0.3804247626863971	-0.7227859085455092	0.5132879494559636	0.9747239473890371
-0.4207764683659122	-0.9498410303043393	-0.019966862789611767	1.0483936663723972
0.006890368210300715	-0.2663756275326561	-1.2387811484483138	1.2747791851016446
-1.791233193322005	0.7728956378786568	-4.565180648299031	4.96651166880884
-0.12259502322504882	0.14623163952414192	-0.3549977292645434	0.42651659381605667
-0.08886549555581438	0.10327410643230546	-6.9251374314256555	6.92647753634505
-0.03629359991004025	-0.014553464227116647	-0.5218733755261235	0.5233362674213119
-0.05007555253036167	-0.026278758349318976	-0.028726496063756463	0.063429848476123
-0.07441691273228351	0.09397186627425978	-0.24867741737420687	0.2760598602904397
-0.016497679796648103	0.14835406862473458	-0.10756157184642229	0.18398531151768133
-0.00599782445172381	-0.02253274187060679	-0.06730727565285857	0.07123178862116952
-0.11510630489609773	-0.11375636198493339	-0.2646936486021705	0.34019477337138776
0.09455077134880929	0.0015000420836735057	-0.11327125644603567	0.20310652605411564
-2.054076786663752	-0.23836464302302357	1.8017217424508702	2.7426721726986583
-0.26536921283202375	-0.1656725808977981	-0.32672088596372545	0.45234363099898695
-0.4520356947664414	0.18534484848488902	0.35841835146322387	0.6217977820549708
-0.03942005013942038	-0.1591814031772548	-0.11358452900504398	0.1994845976504749
-0.11582993234164865	-0.06448796005988741	-0.17549296254300908	0.21993874174660213
-0.029287772129419194	0.12204102834389273	-0.25623742125333326	0.2853233293057156
-0.020541813176971558	0.18848437288279463	-0.9388096847168451	0.9577640361945944
-0.18162566605016345	0.05072079007540195	-5.460851066994415	5.464106043719143
-0.051255737958093364	-0.061397238328368076	-1.950458851008768	1.9520979742385938
0.16559222895618836	0.04919519186393159	-45.6625532984555	45.66309335198812
0.38232859494853794	-0.0642285838203353	-25.74160762342555	25.744905190907097
0.4108172373822128	0.32303084666029763	-81.04279118606809	81.04600384146747
0.11745056121659622	-0.04492497297036631	-38.09173972032395	38.091947282968256
0.18356119638024604	-0.2753663875548334	-77.22585195003805	77.22656104456168
-0.30944139009456345	0.3720888976517783	-0.5338020438728155	0.7339131614858587
-0.03979094530229277	-0.011974896168918565	-0.1334212532811419	0.19750375488434901
0.34993631031941463	0.19453267783955075	-0.048839114416629054	0.4268060777734927
-1.414148631273026	0.2842325552588987	-1.443552460704914	2.040697969717123
-0.3222435198591475	0.006193612248564739	-0.2850189864198329	0.4302500081855749
-0.5952179476696843	0.09633636534741274	-0.49688532333556684	0.7813194769508515
-0.6676002781032496	0.12987902082306096	-1.5846709158418735	1.724453711436934
-0.5202003655769872	0.11179730077710955	-1.3730872512435397	1.4791739050006996
-0.36740363594872305	0.1512393160254551	-0.09628780481840038	0.4319836671414043
-1.0066801509793024	0.2560158423365453	-2.6059327506849885	2.8053225374269597
-1.5760929365579825	-0.1380779590965573	-2.9645315648749087	3.3602949076823467
-4.062674446333158	4.424646665116403	-9.726312038779398	11.442533956944118
-0.13945784446104884	-0.12149635162771442	-0.28146866507551305	0.33680033144276833
0.019034917893091276	-0.006400054804962359	0.0015915305646913291	0.020145018496928555
10.667670315670453	-2.8738613106116175	-45.036085610685	46.374033638145114
5.030757865500294	-1.8833691536653174	-18.227536079528917	19.003109097873946
1.085603302400042	-0.6873463206415883	-4.9127741392069195	5.079941832584472
3.011809010271919	-0.6532163016753197	-11.258350113121276	11.682972749396763
0.20343222807016753	-0.04155187134223792	-0.5301039076843927	0.5861750312593479
-0.6300798094640001	1.6393551437287674	-14.25957961163189	14.375806638113636
-0.5623719835921164	-1.6757816381580528	1.9715544014899666	2.6516057191165285
-0.02234893840751888	-0.0004384379491393503	-0.008728037730996271	0.023996789752215072
-0.11447876166578691	-0.16460803220316428	0.31606136939359025	0.37429397585491747
-0.020304878318212552	-0.16352380663559968	0.6961475387215333	0.7153836167317256
-0.031136368788348842	0.021354342163650723	0.1444716666453546	0.1493236212186568
-0.025339745636298407	0.07399771557388425	0.06616250573769913	0.10244628731465513
0.008157320602251016	-0.0568816060814815	0.07343196863164145	0.09324330006458983
0.043015969859896815	0.03170874947160436	-0.013750667640755686	0.05518060634504718
-0.10183295004021742	0.11756941120291618	-0.010557533334802686	0.15589733055639318
-0.223841866528916	0.09591927387382049	-0.373001273644768	0.6649478031035588
0.06401733388404326	0.26461780252664086	0.07450804403441937	0.3148841596166507
-0.05396055192624964	0.0019118272431160373	0.03559402203120626	0.06467094132569128
0.024806878634115043	0.023933099104467923	-0.07297638021317038	0.08070766090854821
0.07399594904436078	0.01207151366586556	0.03902342459254654	0.0845218881952538
0.4598448533659411	-0.1384502607687355	0.597111508590448	0.766268828522494
-0.07746550331437997	-0.029756348416188592	-0.41960600581220386	0.4277330295739238
0.05529633164606275	-0.02811174326498557	-0.19847772817697915	0.2079455769791766
-0.4964118849564644	0.37262536589265993	-1.7331967946685896	1.846273364586659
0.021542607137148354	-0.000646688166197909	-0.28364686524039173	0.31685932397288036
-0.16524185580221828	0.08982318881347595	-0.3095247547873208	0.38814743962022125
-1.1555877383692226	0.2452804101616993	-2.865276198320056	3.1023914933866448
1.6361384395834602	-0.18906594581832165	-8.038634616044632	8.205628642317528
0.8630976987071541	-0.18324255608682471	-4.047594056017048	4.14264807993382
0.04919986569778173	-0.1664471801733696	-1.9727819999605203	1.985314558159632
0.2133868021019194	0.05849174081325747	-1.4228728351975566	1.4399730262049293
0.1662937601124955	0.186623096933368	-1.4735163083068143	1.4945675313640048
0.8675374721526318	0.2843147888911658	-4.598613679489157	4.714691893438638
0.007938985823877696	-0.040438304597517086	-0.2573950390041839	0.2606731479815264
-0.030738363982958927	0.1031155759763745	-0.4744449893755631	0.486493285640066
0.058425606676790004	0.43464747813683824	-2.5751848621300497	2.6159871637318917
0.13785725835614523	0.7428103528779862	-5.8484872779219526	5.898733344451088
-0.8251799350553966	-0.14325008284202184	0.9036783246766202	1.3287937153834746
-0.07558052817043155	0.05448842556802115	0.08705108710480525	0.1275119465992563
-0.2739088131073056	-0.05822120318058853	0.18815052643059174	0.33736681371136246
0.21024562000979224	-0.14237978566442733	-0.2890096250778892	0.409245125061756
-0.06308898920559898	-0.25910194328350095	0.173502165694481	0.3474144844029188
0.2819342670716569	0.18871878074815018	-1.7053108620185504	1.7387313896271477
0.6426410129936005	0.2237518635155249	-3.0266352943733628	3.102188513477967
0.4805886198238682	-0.06990620431774161	-2.0438340959899817	2.1007403720682643
-0.007298699807218673	-0.00735706058348323	-0.08396194974137658	0.08459909197904178
-0.17041735738692493	0.061118924731907345	-1.4648680070620177	1.4760135083301147
-0.2524615501589793	0.2588207009578563	-3.8582288766593633	3.8751329079453725
0.036039178228952154	-0.06294549640355569	-0.12658116527940227	0.14588951054959223
-0.04499123590858829	-0.04277780025410084	0.008250144252302333	0.06262760081103053
0.06446354411998924	-0.15363886386057973	-0.3052603313934184	0.34777049749985856
0.027040451290599843	0.025883981027613953	-0.1118858823931655	0.11798142717705375
0.16109291228283423	0.07823965112931416	-1.4569175060341344	1.467883165917957
0.1898547041206496	-0.006911347763518847	-0.8918044540406157	0.9118156390692849
