-0.25400701737000614	0.2812748509735813	1.0159783193791678	1.0933100370031994
0.3970910843336533	0.14784800958358288	21.387416750972672	21.39206898427269
-0.15511423794049084	-0.09643377014979117	26.518840464565244	26.519836712709978
0.5107248659724488	-0.25526174757526054	52.73699709373648	52.740272474629556
-0.1805242753233971	0.0842144515273626	-0.048852384025373626	0.24808754130760932
0.246807959732402	-0.02674370543427477	-2.9810981204036677	2.9946711310496026
0.14434405194523353	0.020077955421037588	135.118322241249	135.11847291693513
0.8511577371084863	-0.44562219428288186	387.4256782627857	387.4271840565081
-0.009301494727801337	-0.06479708104211473	12.234650303107415	12.235621480077834
0.28160477475754286	-0.060070226646633085	34.578029803830056	34.582752561620296
0.03290783031818994	-0.11602969765885059	11.283375062784005	11.294813790669192
-0.43066407844557464	-0.42377027923140037	1.304062422826028	1.4439914769658875
0.16569524935490057	0.3870108419880647	1.8501358810329755	1.9025548272417165
0.007031475918396302	0.12759340833192784	1.0052335403657833	1.0228899134704945
-0.7900960546455648	0.3131085657657531	-0.509059376257754	1.3644708831552044
0.3896598791182188	-0.09093124484791149	-26.522497362118397	26.52588263227373
2.5333178469086133	2.1442070774153743	-7.720223865635749	8.417891647095226
0.3326715478356643	-0.45428085682386	-21.14394042837357	21.15719684260242
-0.35400796426821535	0.10710497906892555	-69.09686494665637	69.09961836735552
0.2564554654599207	-0.7742924908641542	19.542549199849148	19.560061535705792
0.48115703166834795	-0.07640481746690943	2.434006865688809	2.48620574216542
-0.9664044318058789	0.08650259255497969	2.6567771613776627	2.8318483176983067
0.3330705852726722	-0.508143828551902	0.7054487383724432	0.9414265094209621
0.20518660745934064	-0.6398858846909196	-11.286075675260145	11.316836111714533
-0.3101514595290389	0.37769268149528196	-164.11130348366106	164.1127737159366
0.08932632724791295	0.13208836457896211	10.661708075113875	10.674322720910451
0.10298688434576687	-0.08594518295877471	0.06955388902296337	0.20569492263856276
0.08909880948277807	-0.16580498315364195	-1.8828796692780234	1.8974049446995613
0.2920808616702061	-0.09772691739177561	-12.598529096727374	12.603066173202581
-1.0097480552448685	-0.5045265601114228	-13.735892321774266	13.78290085015509
0.252134702014914	0.001188741680376984	166.42651441825154	166.4267639369175
-0.6202002814393304	-0.596188053242256	161.0085848135725	161.01094357849777
0.30072681474683005	0.5254693669527439	26.472215294088056	26.495756034545664
0.24898675449427662	-0.5412241024590027	27.027495250733203	27.05038279297175
-0.5722090862402228	0.01752254790622374	23.449429008039907	23.47522615154249
0.5803387192303913	0.09656655886848424	9.031120747269354	9.098769734089805
-0.2843083454043978	9.135675292175219e-05	1.3040543209792073	1.3419644930389123
0.215415102549951	0.33321184609895466	0.8000979376578996	0.9039194076529742
0.16693347171115724	0.08491266663115055	0.23321574494309985	0.33007016454280996
-0.163740946019045	-0.325471355259063	-5.994918231485095	6.07902780776579
-0.6712984686845097	0.42482374224033903	-25.26538328144022	25.278255259985958
0.3848254028874729	-0.06849847855889175	-9.965402372673132	9.974041651529816
-0.13834974880620382	-0.25187732924924333	-6.530786725655617	6.538596017715428
-0.2535393856531559	0.18198780452294674	-73.82199907493157	73.82279071523351
-0.008846946131357121	0.014607691951906672	-1.8535867110351705	1.8536653820056632
-0.4233345290055344	-0.28278914599321775	-50.86649040534002	50.86903800919661
0.10827682768002309	0.19918020728877692	-17.612224135734444	17.638656020985128
0.058155447130229174	0.28334532803089363	-7.942009098729785	7.948500169224037
-0.19077170856574793	0.10399293718324273	-13.037452579885313	13.073070409564513
0.08694287814606194	-0.055034519567498184	-0.9254661996521338	0.9415706739288928
0.14109040723554273	-0.25875106600679576	-5.26446955563462	5.2745595175594815
-0.08319306827278185	0.1391304732551722	-0.9747501306799525	0.9979458789721176
0.24684421151447106	-0.34474011300665874	-0.6075241519230198	0.7538853960276914
0.08628251834630722	-0.3652053823261864	14.263062879693392	14.268681163276439
-0.02642691859349202	0.15368873622795637	5.157913337194994	5.162157338611803
-0.21606452253532232	0.7209141058485331	40.666615475687784	40.67381829946949
0.008171949177423171	-0.18692002060923446	20.598756940625755	20.600079445447182
-0.029897429761228445	-0.26386017562664676	-4.59240005718556	4.602187970816272
-0.6896998241410548	-0.37026630972090996	-1.608006732135593	1.7938641038350516
0.19519915989820416	0.107699467320844	18.358473919912914	18.35982751976196
-0.008870624879752804	0.01388388611134314	0.29376604043909177	0.29422769549206595
0.2571055612776361	0.19320385599072198	74.85788343119863	74.85870438755555
-0.14895962747149497	-0.2519118495275677	17.756356557817238	17.759316612521665
0.4447554230496963	-0.3826782154195879	0.6111374156451913	0.858614423702699
-0.01047323071625644	-0.06492734432559022	-0.08409068753380929	0.10675435509954029
-0.015063517824048234	0.06744632240897835	-0.05061373587054617	0.08566017881434126
0.04094920725297235	-0.08491562481937255	-19.564577900344272	19.56530285235709
0.37218036972619983	0.5167093291460246	-105.23359954481937	105.23561877854257
-0.05763749960606382	0.16484210892217008	-7.2237102578875385	7.242665589031733
-0.07274977317625747	0.00833296762446084	-33.26719706590532	33.2675704308945
-0.5535139296033289	0.5238511174121444	10.907853676684192	10.935334895664226
0.0821485282341155	-0.001965528204985717	6.892633641806886	6.894536282380434
0.5060906862857544	-0.0628915758487147	6.291978219444397	6.314154957864163
0.042383030312247175	0.1952161303887903	0.6487164857717801	0.6929780102099274
0.25755142241269413	0.1402183531888404	1.1063051394917136	1.1529894918530579
-0.08417600581283306	-0.11473861434779434	1.6457927636694931	1.6578190961090786
0.09996994875072976	-0.09022469337884759	0.1639280517211865	0.253942270978336
-0.20174167540221047	0.534514088575536	0.21373445925200243	0.625753320767515
-0.013079392306113276	-0.06421596621697997	-0.31556767181009787	0.32230066135818486
-0.15969324271412594	0.09372023733639362	-2.5079340452176644	2.5186302576433834
0.05070773928360093	0.5323135734135712	-48.797953644694246	48.80108286411165
0.33600035024599095	-0.5482602005284655	-126.94793587434891	126.94964114965254
-0.02349224263160027	0.05226243819051868	-10.32149607549851	10.321655123304625
-0.3694144158858939	0.24940694275738068	-151.14439529592713	151.14505251646588
0.14863617447490485	0.1466218142398463	-190.42043575489242	190.42055021386713
-0.1541266947064902	-0.33135968658262194	-261.2308067360861	261.23106236101836
-0.36968947767893684	0.10447896955473981	10.913833583945776	10.920592917193112
-0.27377136001342717	-0.021829754670685653	1.2149068267574707	1.2533577615168345
0.09154602237236789	0.05207362540608308	1.4912507326246327	1.5014662397565381
-0.17508714805103853	0.05405489348535633	0.5624039559572123	1.1091556443974315
0.10741696615670789	-0.31350984891654554	0.2535105050265013	0.4399706706642822
0.04687608267831499	0.34823485830046036	-1.3040164260821916	1.6452098674804312
-0.03570007109680902	0.009845640582785663	-0.18837160331949987	0.19197732327533285
-0.14820749707151007	-0.17913425760259327	-3.030621592506907	3.0395265719194065
-0.28887483897123434	0.07980460581307147	-1.244335764015615	1.2875048451201883
-0.10533923887588217	-0.15938264217695786	-5.704557734271103	5.70946213845109
-0.04662067434776515	-0.029822675249859813	-5.161141563751066	5.163324985434722
0.11131705935917421	-0.09774961522265206	33.80944105937917	33.80976561916118
-0.44775178464534326	-0.267707186794884	348.7975962721928	348.79798639622067
0.04241676651013737	-0.185783065569748	306.64761786477794	306.6476770769224
-0.0739920009635305	-0.14398367676359597	184.18669598080797	184.1867671208819
0.2479477153259828	0.07309105703404142	156.23607091442	156.23628475852794
0.016566440773042992	0.06851565966160734	41.734233489635734	41.73429301917084
-0.2512775407702383	0.07354777132264077	0.19513827473788975	0.35511745708954734
0.09868820528450767	-0.26560527117170707	0.3208106111238151	0.4502052365822826
-0.4074413352182696	0.07094254014382195	1.8653253480398653	1.9157138942406173
-0.21413004582278639	0.13232012294155557	0.8172860139392607	0.8664851440965751
0.20922972581456037	0.1463210312712621	0.21808842833555692	0.3636334278233991
0.30136238438092977	-0.22687885569319508	-0.1482478074560929	0.40530323746048647
0.2520441817538097	-0.10707600295221686	-0.011681991343079852	0.27409489029515
-0.7427535621300567	0.6019248726485106	-1.4551574194560273	1.977834703575538
-0.08515142750409627	-0.11341253577378396	-0.3397074119215321	0.39369287457490326
0.5024054984985304	-0.4896690423065302	-4.032253265358403	4.095208570611326
0.2043902452189017	-0.020858232242645776	-1.6802849463060534	1.698542823680247
0.47344680763425834	-0.2568053993358908	-8.906056010396416	8.923419430801468
-0.18213350441477003	0.0327726462374842	-21.864904912233673	21.865688040416007
-0.08458523572445316	0.1142758234975459	-11.456651218454423	11.45753336313064
0.2629842624402918	0.6556880234203418	-26.69322589776314	26.702937593460767
0.09483770453899185	-0.29790221920873694	-44.88283979992409	44.88392862069965
-0.030722377089590427	-0.024342806839146566	-3.631971863977546	3.632183373320152
0.12471891483825848	0.16405092101314825	-33.35978265157023	33.36041915312826
0.20606704224209726	0.056570435424177286	-36.34858619461342	36.349214326960386
0.09464978148136896	0.08224132792541036	-55.30874728709873	55.30906551796191
-0.35774372532207754	-0.333049408191403	-31.917579447732102	31.921626839315287
-0.03467296973862383	-0.11779509277019724	-0.6520105612830086	0.6779936988171931
0.10158328507804532	-0.25945473827762605	-4.791765487278261	4.8018883988482095
-0.13132713883478841	0.20602756059054605	-2.0052371038304657	2.0200668344626167
-0.2530389973172884	0.21768833439641666	-3.972595368564333	3.9865938979828903
0.0024839552315918706	-0.0003379632036852371	-0.002563712497917911	0.0035856484060178386
0.05471246444786629	0.01367220149015055	1.502154207325691	1.5032124418876471
-0.2994185238095841	-0.2858907619015397	-1.6620587375641551	1.7128409813097967
-0.04317525462622136	-0.011108951675017053	-0.07283609316996628	0.08539676743074602
0.1739157655155457	0.12916230484205	-2.5897449311739598	2.598789795852713
0.03327664805116372	-0.015279047222414275	-0.1481767856192125	0.15263402106341764
-0.19979415719544397	-0.10408795921257546	0.4463381823586424	0.4999697806204825
-0.07565755465138614	-0.16953117467065734	0.38817267878917094	0.4302823646390837
0.017775907140625713	0.013225992404037991	-14.074107994074417	14.074125434236377
0.20701122828640983	-0.011559434653644216	-24.785930178996242	24.786797334614313
0.0608615441611751	0.1031328324170217	-1.15282110532705	1.15902416263317
-0.060024785545726496	0.24318736816119463	-1.9923140569491615	2.0079985987122115
-0.24898948035171853	-0.24068414880751446	-68.09836735061398	68.10572921733441
0.13323318133312134	0.04311551247832769	9.928932924127702	9.92992039443678
0.07677497855836835	0.1115494651415256	19.797554865344424	19.798017989860213
-0.00426164084538304	0.029178291104163038	1.3197974520706919	1.320126830553315
0.042834753890140805	0.10533220827038431	35.708668602369094	35.70884964604796
-0.0012392060521128623	0.05174618101251667	8.749809294757727	8.749962394062598
0.37443964316514355	0.3772162218826011	72.27459930237752	72.27655360795542
-0.020223546802505578	-0.05050777168406524	0.5720282975911514	0.5746097807127838
0.10625205961102666	0.0034655701076075074	2.000371280716117	2.003194142129413
-0.06196444514348311	0.1851236776963373	-0.018737455950796747	0.19611593704047908
-0.12130851261745405	0.3412695533620875	-0.22965834878044766	0.4288631721773034
0.12240535839838068	-0.06251153382368907	-0.33712119045169875	0.3640624406296215
0.05195789797534833	-0.12980576105763542	-0.15740007808092246	0.21053252324913865
0.33798398193773704	0.12891889015093616	-3.4312325484242816	3.575550397708085
0.029570889454021487	-0.0913291997342682	-0.5414517352124091	0.5673316725617679
-0.40449639338467025	-0.07540326625487372	-15.370727775867165	15.404834498868775
0.030342019873481077	-0.005108437612918329	-3.318270689667695	3.321347149743997
0.037713808668539246	0.14128112281085758	9.482330408670324	9.483457843330187
-0.11588273287316453	0.5783060882418506	40.92357457314341	40.92782455229089
-0.13044769621149857	0.29915801158809213	1.1843332420563837	1.228477653677108
-0.04766046977849342	0.006487024436555772	0.10903663453981298	0.11917461784002442
0.002305881059922285	-0.08503623525078416	-0.6165906448158259	0.622431122026755
0.0202066019065223	0.051921888201133984	-0.4145530433961205	0.4182803067608676
-0.034610628512924346	0.06839898189832187	-0.08122839051803618	0.11168870917392322
0.10974202972778571	0.2782534247463519	-0.49193773891284703	0.5757351999300826
0.0917299828511291	0.02242826209587552	-4.510772338024933	4.511760687601396
-0.013409228090735442	0.05764115739071247	-8.319876329490683	8.320086805343
0.07401399167659113	0.07036697588424143	-6.162884502619587	6.163730605314257
0.13565665623295503	-0.015476884801613942	-3.888290121355347	3.890686614233154
-0.038379431493274885	0.07248358346684056	-5.059436565242282	5.0601013041583025
0.08484861308012678	0.1960155502244702	-7.73499845138843	7.7379469128479315
-0.0912894692222161	-0.03325201811276294	-8.561511279985867	8.562062535465659
-0.027709549582131628	-0.15730380606793723	-9.299616659982913	9.300988244760513
0.10573457654895368	-0.02679742463115059	0.26020508664025893	0.2821428534595789
0.23078745884851584	0.14228653896755028	0.7142048344587016	0.7639351123605338
0.08683269110270647	-0.1933141309063836	0.2036836515722809	0.29393417523324306
-0.01410103153473767	-0.2653168585955147	0.38751856553828046	0.46985371466253467
-0.34398644545782175	-0.007007735090966593	1.3665527383744422	1.4091991235338248
-0.03673599323954261	-0.02169818675992795	0.0593539854453102	0.07309746983450613
-0.14287861538968497	0.23270944105228658	-1.0864280346891535	1.120220450290512
0.021779127323868403	0.024703706870713372	-0.057616714349370685	0.06636481969055878
0.09171786583272602	0.07498710438406442	-2.3334587403548976	2.3364641931079264
-0.0481637468627024	0.05149376001365191	-1.1155371547734283	1.1177631670046178
-0.038460367051148886	-0.06916409688115818	-2.1022178391260327	2.103706898612737
-0.4407842242541931	-0.27427697455440647	-21.309333631507307	21.3156566497495
-0.03228484527445417	0.019832506455940407	-4.438128675611162	4.4382904119524245
-0.06562596543518269	0.063413520138836	-75.69114210916221	75.69119712246109
-0.019661595030122887	0.014309552141275463	-10.503832715537312	10.503860864348574
0.19287592355078467	0.04870105779426887	-170.31427984383478	170.31439601994595
0.0030403671663029354	-0.039926689337663385	-35.1465200434321	35.14654285342625
-0.040401516778157634	0.0980909495555107	-50.457172711578586	50.45728423293323
0.03670453533821383	-0.025451254380754018	30.626819265625628	30.62716985135033
-0.7051910596784335	-0.28136172287372424	6.8320700771316645	6.875545081917994
0.5039752489822337	-0.09266889085290508	2.7639350068705846	2.8144973053856894
-0.285118981896912	0.16744715297664337	3.8625288289570356	3.8791674522121515
-0.4853165673233297	-0.26323663193381963	-1.1669156336886668	1.5958910940153108
0.016520023679115287	0.47234115874720417	-3.123573965729757	3.162210174184147
-0.07000506746586072	-0.12290292894118238	-5.162582985553705	5.1664057822669935
-0.3671811627768344	-0.8710236607815511	-365.5226712646707	365.52510105937915
-0.033175022546076766	-0.9276693681771908	-358.6169166536375	358.61934885472317
-0.12385187632696337	0.0695697439091538	19.063303911611534	19.063833173394084
-0.0884143027338079	0.12031546922032277	44.74402416751063	44.74427328277706
0.061146648716043556	-0.06693963110328655	4.8617204935578515	4.862565782006639
-0.031042664951749198	0.03924666411483439	2.3211586389828787	2.3216979508575815
-0.1167346248612578	-0.07642023157457697	-8.755161253855672	8.756272928903655
-0.007442875265199818	-0.009832156774772739	-0.06183903418384416	0.06305659242178983
0.030398398755156493	-0.024874051342906968	2.176462661761805	2.1768170568792335
-0.05862669456863481	-0.17898893991538625	3.6837904348198838	3.6886021874957655
-0.2678897408456756	-0.27135683296387986	27.140904763929854	27.14358323524654
-0.024877242662279246	-0.10929079975235104	5.604777852882664	5.605898512841363
-0.44985703509833797	0.5851159448313916	-35.07482221516513	35.082864267777005
0.14406837138206038	0.3702955030792568	-56.25781908973477	56.25939533067751
-0.2920606079567888	0.975007279299986	-57.29410157726692	57.303311369627565
1.7800760164327363	0.5107688568670652	-52.22366359582567	52.258820449392005
1.8987673605288302	-0.3298629081747181	-37.42297464996242	37.47282533335628
0.1039630868773486	0.6676666550007482	10.208255012423699	10.242498592956045
-0.16737854826168708	0.2482709285233511	13.505563242309512	13.541517060849934
0.42396438615048865	-0.3010753972465959	19.144350500395987	19.174381316497886
-0.18887455560495647	0.20211329698495767	84.71155588356204	84.71344606105234
-0.7263394987153691	-0.6717901305690248	-0.2593471594427871	1.032284738303867
-0.9338965277895184	-0.6279206902485746	-2.9219749693943076	3.2691247490003237
-0.06859784059238	-0.1818681448751624	-1.5025059318995702	1.5214419299295214
-1.6828376689097326	-0.03278682450720032	-0.40376068443526525	1.7365252865876857
-0.743826041401108	-0.9494890834325979	1.7453931078867924	2.126189922227747
-1.9990754505467256	-0.1413904281865129	1.645130809837194	2.757371916252311
-0.5544412467743868	-0.5673184740411185	1.128361861730522	1.3863389279036529
-0.18404444208165516	-0.6075878218688899	1.6056123530801485	1.7321969089015528
-1.379728644820782	0.23435364309038018	3.4127063443001493	3.691153903685839
-0.06398430341864277	0.28921852122962416	3.9078748200222453	3.950056568641786
0.7656328493071047	1.028889282729063	65.83440103716036	65.84703977038463
1.697122814305736	2.4619587436139474	43.57328757515595	43.67599268012387
1.2589574527227831	0.7867595191081049	40.00123441590042	40.039768603194865
-0.20511308490250332	0.758407368293588	17.06521073033811	17.109033315112427
0.910165662243091	-1.0517408361369935	57.50254780179317	57.521485411618436
-0.583877945559428	-0.5774932620641954	12.254096501603263	12.291501655047913
0.14037527853414022	0.09907165394843646	7.1216607765732105	7.125100168623664
0.014887130918942712	-0.09126380141011627	5.008547683432094	5.0113451677396785
-0.02130513241058364	0.16405176027393265	6.306604873740291	6.310317876866488
-0.08350402258022843	-0.06338371766186027	0.784330775667172	0.8035203594249403
-0.2968243968606913	-0.3120377077962179	3.4206919921335297	3.450519633852978
-1.3908826575050897	-0.08432295437340985	18.002023178576188	18.05641113938418
-1.5557338954272812	0.24439976617654335	14.806790542868379	14.890955817688969
-0.3331262751251592	-0.06795932157821577	7.978694442450437	7.98715446047324
0.05175735419117979	-0.10065286383835827	2.9231220012247316	2.928639930352623
-0.10801223078231126	-0.4850175383878096	2.0252119367802495	2.0899454127607138
-0.15487461538305053	-0.04169591581069684	85.90811845485129	85.9083815522883
0.2294573742015309	-0.33321164886292465	176.2895709487886	176.29009043557267
0.5755327381873431	-0.5227516502860984	132.99225473455266	132.99460066628885
0.4003064544517815	1.0104445815295222	7.042990162406775	7.127722898827981
-0.3520568343588869	-0.1711248655477134	3.0328945561737264	3.061234539854102
0.26586682576651377	-0.012360871238467172	0.6728962396498236	0.7369580004422294
-0.0620446268117876	0.03817874013827843	0.016376420953409854	0.15828810434774754
0.992121992404839	0.5343260644924686	1.0364180069218716	1.537352419252418
-0.2153695473691917	0.7635698174964703	0.6918904390050902	1.061892213274144
0.6187500300250726	0.2014552473396438	1.3146676097367471	1.4735218102653376
0.025352136770192234	0.002707256304027676	0.3138937358494214	0.34446933445666317
1.6384493838720138	-2.4043471734736586	1.1658243005666078	3.1375193702657795
0.10643524222666219	-0.39885583222354504	-1.1043588285723618	1.1872247650854926
-0.24476187868732507	-1.0495484540649278	-0.6822975771797422	1.2831485118309476
0.3842257671026589	-2.0115182087652057	-1.9673022837806242	2.8823312027711308
-0.6866033355295946	-0.8738635641559385	142.8797834225937	142.88410538809555
-0.6098224869645517	-0.764428440559138	110.48535788051262	110.48968522125175
-0.5475581259051513	-1.1890874630366879	83.82851072019193	83.83873185146187
0.0055128948356313184	-0.04053735053953189	3.0921196457186526	3.092390268423034
-0.5900930085150176	0.08985796027145909	85.13087092873789	85.13307787858989
0.15393334616934168	-0.1447420515096599	27.28520487172428	27.286379943360096
0.15198251405134072	-0.11838399150228744	67.59306276475291	67.59348139546259
-0.24747034712026034	-0.08626652309816323	4.065592116180097	4.0764203077892995
0.3662604073262697	0.026589049897077506	-0.2222134446255401	1.032968665266078
0.5539011574214965	0.6044110101323288	-19.857007584739012	19.874414435817844
-0.14862322792861288	0.0017847241244349915	-42.95605519150865	42.956539076722166
0.0674248191139951	0.1238597830088174	-23.352570455003093	23.353413326382572
-0.02661271544583766	-0.24344205376333988	-135.79788223154486	135.79810304581832
0.0844616471790167	-0.12769524206653468	-72.65854784211403	72.65870914329172
-0.25817021102132837	0.005682759522604163	-34.99184617648817	34.99307735503587
0.11581068609632464	0.016854826907306903	-61.533528209461764	61.53379778536127
-0.5819616232635857	-0.12080027054229488	-178.37892880101475	178.37997362938117
-0.26030926163013646	-0.14409180362950189	-49.28617139595798	49.287267057691565
-0.1257732179869335	0.07820267433739372	-28.42261896028896	28.423347496509166
0.014905791078597044	-0.009467435130338181	-2.9123345079409124	2.912388040951799
0.0019706444162199514	0.1569729739185705	-4.852749472453693	4.855288028570482
-0.01706433494573242	-0.15234187145332434	-27.58733933250989	27.587765235414995
0.00020156328992749703	0.029575219597549666	-4.482851975683536	4.48294953910166
-0.015009672925855165	-0.027509300196409847	-8.01664461719614	8.016705867767541
0.06327474787012557	0.11840801702331355	-19.473486398370273	19.473949179858856
-0.08584089110432032	-0.0872327948990414	-17.80550846189947	17.805929063260507
-0.007257745802980248	-0.27644499064995526	-40.80352387931597	40.804460975212486
-0.41729817812404346	1.3866407814574857	-32.25392377662631	32.28641369701327
0.008990378941255053	0.032816131192632346	-0.9766971026154623	0.977289596607575
0.18868126725539908	0.17344922844197552	-33.110059446289796	33.11134551142862
0.01726317272485267	0.0730263921936125	-5.377823729258188	5.380157871193168
-0.3256067949077344	0.3585654759119654	-21.672631881865357	21.678492601127807
-0.5543142015595782	0.880885383235663	-36.842053576606894	36.8600577180289
-0.497242966089294	0.5555215159931643	-22.24258609467119	22.255077867779207
-0.301378059872725	0.20550271329726397	-9.918454206166714	9.925159643047119
0.2807031378123601	0.689993559383164	-21.455842965176274	21.468769939376408
-0.016199527149494353	0.036589735544893295	-1.141105975323324	1.1418073744488197
-0.4975673739715011	1.1121521417427869	-82.57434752455302	82.58483480939935
0.028105020616892507	0.0006680107147274284	-5.423082708114896	5.4231555756291
0.9708864337907115	0.17959156407398222	-87.75500959167036	87.7605639341006
0.028833127880512496	-0.05525453052404117	-2.041534825587785	2.042485950133914
0.1909912936154267	-0.08883567140520447	-2.6623447950500974	2.670664572439049
0.281660670769006	-0.13899867527056298	-9.69121501081332	9.697307953029977
0.13966899243444075	0.18384812562210243	-4.0023338308461645	4.011416637445946
0.6568508637316617	0.1128164719717152	-26.987174679924337	26.995763697350412
0.018779577362966093	-0.2877322544233768	-24.09716316519085	24.099292415286644
-0.8985533837784198	0.032527569333576284	-11.741801789670497	11.78668660846956
0.2703391516090502	0.26986753835753485	-0.06600150261782287	0.6276845433015433
0.22209608184037924	-0.2428863253503915	-0.21460836839912367	0.4169615969103133
0.09771938410589281	-0.3069771574268184	0.29534570889528505	0.4587950804822817
-0.03646136950259578	0.13202739665372484	0.38506664439857485	0.43187587390538873
0.1273193807509727	0.2986326215057817	-0.1275109085890418	0.3756733741582301
-0.01874018157314699	-0.007596050825525509	0.47195245392169083	0.47238544977194663
-0.1300806399352435	-0.42941109927065185	3.5710218763957484	3.599098790914165
-0.17247893994736258	-0.03156428721543367	2.4382742374472173	2.4939219090323568
0.002690662456291945	-0.20976304308452773	4.451049366796928	4.458175414277893
-0.029254474268224966	0.3142235016792252	14.47269126311888	14.47680435785916
0.2296027403699506	0.4212701618294168	194.83124777975158	194.83188850177348
0.2307797012027975	-0.7854538165361828	-7.536408990096531	7.597056873981286
1.0804656540830162	0.0005899094819335343	-15.34945332594274	15.395351367388173
0.03892785172499062	-0.06339597064995524	-1.0560077582387535	1.0677858385907777
0.1021498409642998	0.08703382526621341	-2.8336321283309127	2.8794444703551214
0.07228944209532948	0.08017129138933753	-4.566297533310641	4.594175258359256
-0.3312812037288868	0.13689635128241096	-4.996852290111479	5.097039576168783
0.17642020754837615	0.16307440856996636	-1.5544942653276743	1.5791293671509259
-0.823226685428034	-0.25949507214907286	-1.2357043739717715	1.507317208792976
-1.5961389123788963	-1.783927199179097	-4.714558103195278	5.287448703106757
-4.383100566523275	-3.8445669272585112	-12.868284774389458	14.128145605638064
-3.1932740042121592	-3.190804734077652	-8.652411902707447	9.76022260176493
-0.5109895687999934	-0.1064949068119539	-1.401008144225058	1.5015841999981996
-0.422727972314721	-0.6160046416512341	-2.774693917480379	2.8769022885242026
-0.245263985323955	-0.13405104484902414	-1.8639255634400334	1.884765930073904
-0.27140269481964896	-0.01755634390618037	-1.437014321898484	1.4625244645160909
-0.7161960938247612	-0.7927048331569071	-1.8148367107620562	2.1105520294344333
-1.2553656637663915	-1.2575453366350648	-7.091077513804834	7.310317608028038
0.012227337938128718	-0.22641809863085954	-1.2120939004826101	1.2331205483519503
-0.14948808570025604	-0.09813508559111506	-0.7728442353752145	0.8054471924608104
-0.46051105875292236	-1.0619843493148011	-8.033147472216895	8.131116740411983
-0.13491363797707906	-1.2909846698286231	-6.5557342881919505	6.684457715456081
-0.2057897413607793	-0.43889200684619667	-2.0956140968243235	2.1554706769129677
-2.1382776265769974	-2.2144996021874057	-19.567487993239688	19.80864220099114
-0.1977831857987001	0.004374621974922804	-2.7458887915190933	2.7565417403319494
0.23676746886723196	-0.4388812876227349	-3.3493701813597347	3.3891645011154186
-0.29485425370866625	-0.15204802417315397	-1.511384352680479	1.5473655980770817
-0.03218792653527494	0.02252483878938021	-0.0991032321913967	0.10660619873116994
-0.8446107859096446	-0.5311298891483921	-3.519640399921502	3.6609854777752497
-0.03388531080514197	0.06216923069002668	-0.2053536299668925	0.25819203274603636
-1.3813820992358115	-0.3199274014307498	-3.568242784186975	3.842187709896249
-0.03349783537327147	0.25993457176754925	-0.11557400534531181	0.31863022798572044
-0.20853389632742342	0.051541955089956445	-0.39741145857675036	0.45175084555548084
-0.1031986784438604	0.09808346401598723	-0.48737303892718026	0.5077428603329145
-1.6602095270915025	1.0208068200862768	3.09548542056925	3.776660431073574
-0.14549809411206716	-0.04152679346170267	0.34956029656790494	0.40566778994898833
0.16085581071323662	0.6208725883976272	5.957982249813137	6.013029649357485
0.6351109944666684	1.0809944551552546	5.117302664089837	5.270501050959936
0.5398213504992877	2.9239358848192682	13.888235006238842	14.203638953536055
0.39198409964774367	0.1827244934259445	4.592084690531065	4.61451637387757
0.20779129822098794	-0.275116245158104	3.4556162099748877	3.4755761173519817
0.022048201822797188	0.01149208512589378	1.0123290484658083	1.0222074537450065
0.10314373087449401	0.7942040212454341	13.646499530407036	13.67069229684
0.21979761107967602	0.37985110425377794	4.713636266852881	4.734022043403464
0.2638943980017653	0.39572195495000406	6.817000254932058	6.833573632783211
0.22113877550192682	-0.6354929805030559	15.82711702916458	15.842028497830402
0.1429724625983036	-0.27169033265850207	7.661965607521151	7.669384168084063
-0.25256030400821683	-0.1573409647929185	7.494865844250895	7.502068827635572
0.17495317540479824	-1.4453555022980429	22.99732039337386	23.043781942250646
-0.44803887379362783	0.19494837912577034	13.351295274318977	13.360962128151785
-0.6115591475904025	-0.26899329896030927	6.428315841513021	6.4644478750342085
-0.897817344037449	-0.5919795365309963	13.883097062989643	13.925386156233426
-0.03645934519388766	0.06158678954667182	6.153969653837363	6.15596820181438
0.07756781955887224	0.13354598309057256	0.8224237844022333	0.8483583925919727
-0.6245867314470861	0.35749857483616015	15.840654485534051	15.857607894354043
-0.012083545158421256	0.017371780307355957	0.3173291215497836	0.31803390102031664
-1.4944469071496014	0.33184741052894245	19.1257887641841	19.18695624934696
-0.03601858049851059	-0.14566711361833362	0.10134023479471943	0.22861730953554898
0.06355976646733147	0.2464054810617604	7.723106694100444	7.728558228956405
0.23428298864848282	-0.2293604447447289	57.5876041464372	57.588706582489216
0.5995508139509029	-0.1809855494497339	126.48536315906894	126.48699059671736
0.2671551928344225	0.21074406572871357	27.078932152977877	27.08142963893851
0.16421194740121514	0.09300072147550933	68.20405109745278	68.20431218626733
0.23782479605623388	0.18136951587459205	186.38846869726095	186.3887086677858
0.42603362771187453	-0.05656037617882524	201.13958242608746	201.14065709841216
0.5069241524067012	0.23703297950330077	200.19878690401103	200.19956901693695
0.4615967614446143	0.14571140471698665	138.54610546941865	138.546951045943
0.47456123825515173	0.36170359112169487	46.843952571040134	46.84775267112117
0.5069190174599936	0.5755445715601752	62.09565120465939	62.100387414047844
-0.0912234405651946	-0.19256156859307752	5.624143034397104	5.650132941556749
0.012700429577319802	0.14506754176018338	0.4822506325227637	0.5037574467463451
0.2174537183160598	0.2724903709262858	0.9777510128188741	1.038043431136366
1.1049277930211092	0.4022728345052502	1.8815665520358924	2.223164711804239
-0.05560295878566779	0.21223645981389144	0.3669463376381095	0.44973926169067735
0.6941569655898371	-0.03858678739649473	2.0988032252241053	2.2109540500086333
0.26125778265269517	-0.090048113061663	0.9633260052783148	1.0021782696247432
0.6848343859258574	0.7453385737928641	1.5217052349792528	1.8329196198396946
0.10178441529485707	0.17873216761000293	0.35246912485843884	0.4312998073428272
3.688522293967016	2.7272204412843855	5.205010690265868	7.001100979641207
1.4642078411287265	1.1423846798606219	2.670589488913819	3.2558371215403388
0.39534216730862065	0.33898881807464554	0.42644370202500737	0.6730996055775964
1.2745782717835272	1.0600712513997126	1.8359641148602937	2.4736744046057435
1.5378618658918477	1.20913880020048	2.3754744739042732	3.0773226566100274
0.12764250201473645	-0.1941961180299908	1.0686990106678118	1.1025434689303002
0.14539511283237538	0.3762280668288983	0.523867674544016	0.6611540195276016
0.1344367274273196	0.2987882202475521	0.25366176733904244	0.41435724495854254
0.6263787284853799	0.3017497107493685	1.6494513540407405	1.795431077397047
-0.21764819840597532	0.2656758074106651	0.2607192490563642	0.4532203488825165
0.5872707717720791	-1.1625972954636303	2.0604566160401907	2.441614359861302
0.05568257148702445	-0.40429758496871704	0.07762750829419202	0.4154312410290171
0.46851509032523997	-2.355841468591081	0.7608698318705762	2.5196067780601408
0.2894374896336762	-0.08534288194896045	0.7387796950502584	0.7980306420954971
0.19419175618892479	-0.17327733603729017	0.5116577323321191	0.5740462598181137
0.8747773007655962	-0.9212077599828368	0.6091718767599457	1.6934406465307759
-0.20892289914421128	-0.32590591683165093	0.18533720367536444	0.45132372902264367
-0.046268771424663874	-1.743446669105041	-1.0407306862899144	2.2377799787977564
0.744005901097449	-2.0179475391104984	-4.029404329429718	4.594069682089824
-0.01796551376637709	-0.017653062958927657	0.26800978862566627	0.26919070770718706
-0.06928577153028315	0.20391229953306278	4.561873506729952	4.566954196775138
0.15006249834082575	0.1485563156620966	2.8025393087168187	2.854195161746008
0.10985651704176265	-0.06456377927223464	-0.13838575338634945	0.18811579590977592
0.04352203399909863	-0.007998151818621343	0.03081184359438681	0.053921309160825916
0.004377993943682414	-0.08718120713936382	-0.33763990784504216	0.34874121792362933
-0.1378083070327079	-0.06737576681170679	-0.8772155457838192	0.8905266628268304
-0.09184028599431895	-0.1194494873212098	-0.8247098150372364	0.8383609587591561
-0.03150539198036196	0.0381009776775995	-0.26312122977534724	0.2677257099763045
0.11941101316595304	-0.19607571390338382	-1.0108960322252205	1.03663661116938
-0.03345968342079127	-0.07617081545295268	-0.2646141191863351	0.2773845266307178
0.12009937591615631	-0.07500568347982106	-8.84611956414621	8.847252740586768
-0.031693531131319654	-0.06011114062684501	-5.176977760996109	5.1774237384042
-0.17038470878949397	0.06421844641067184	-79.76643022103626	79.76663804602333
-0.16216126913503953	0.22932257471643927	-109.92711842298216	109.92747722885679
-0.03466358525683667	0.038779623872977294	-16.232179951001953	16.232263285970948
-0.2931726102548848	-0.0786144247976659	-74.92771807229151	74.92833286499834
0.05939839686147148	0.06570802602901661	-23.155464643753696	23.15563405701433
-0.05160147523428902	0.23503737355199833	-71.47692660922954	71.47733167081994
-0.033287841867945894	-0.2423189565940034	-49.725336360011184	49.72593792653281
-0.3222859751253034	-1.2758506299191028	-330.0815905969731	330.0842136699472
-0.4884435478243892	0.028454055507942874	-87.95535996418216	87.95683153085065
-0.4085963618220073	-0.15941630761344502	-50.04195121644649	50.044067839056986
-0.12954099407330796	0.14413348349233415	-6.861484111855517	6.864220243221719
-0.16034640333014974	0.490308718178871	-20.34422011805763	20.35075934259368
-0.05536545676817683	0.21202535588116467	-10.100801846766085	10.104142606766436
-0.2539242711969527	0.08389628431974683	-8.76603621287426	8.771224931122703
-0.021464460862675637	0.0009872022487572235	-0.5693176121574015	0.5697229512324469
-0.6857290477261011	0.6301008600530155	-47.488358136788804	47.497488459376996
0.0373679689361224	0.0085692233227825	-0.801191944002562	0.802108675819787
-0.027123901266582012	0.2702225055088013	-5.679663852933151	5.686153127626694
-0.08379231474328458	-0.10202809800754001	1.1602011268650734	1.1676889738162557
-0.10018581457425735	0.028781135901298768	0.6495464113247524	0.6578571970348437
0.2837194895938366	-0.08485481251468675	92.57509011524824	92.5756689779729
-0.08776785644237503	0.0239571856578666	19.4219722313675	19.422686793651373
-1.080546396919079	3.26543874337241	-1.3144202934705869	3.800153048944173
-0.9356275629699125	2.0767153314276	-0.6241850917964922	2.5412798205031377
-0.28311451825866063	1.722600195403838	-0.25735634964068194	1.7700896415872704
0.4913630208001867	1.6801448946413287	-0.982326796629529	2.2163217739027967
-0.13997714300535358	0.5007332306428324	-1.6714273054862734	1.9860380659139074
1.178296558466465	0.27860942943326733	-2.9271483182373492	3.1707543354417713
-0.30675583041907317	-0.06601827901203805	-2.088300220853051	2.1695785482841377
0.04888607718570802	0.0994778745837874	-0.8308473361268816	0.8382082032666168
0.1631212800774459	0.019250510917162407	-1.6554907816254039	1.6636192058976018
-0.43572278911895007	-0.6612542825011836	-0.6686722111529377	1.0364526525856892
-0.410443588603622	-0.4387302627497933	-0.5870564862968786	0.8399901790982793
-1.6163648856404214	-0.892001469857447	-3.4081365585499603	3.8760413913532945
-0.10294204619384317	-0.021420883105098057	-0.17889036969134353	0.20750345413000523
-0.24386268592447058	-0.29552954042831603	-0.6595160298138019	0.7627372499317362
-0.07774206353007829	-0.016151614801050096	-0.21180012565219392	0.22619459836362427
-0.32105902383790946	-0.35373915017824575	-1.3061960718966907	1.390812158918278
-0.08190852067787283	-0.16730875322801142	-0.345977729317021	0.39293996214397775
-0.38577572766115664	-0.2983276116399193	-0.8340416894003484	0.9661510314526708
-0.060966437522386084	-0.04374774676587	-0.04912520416522248	0.08968867005110767
-0.4612056012093375	-0.4567117385913074	-1.312300855984731	1.4640456807669016
-1.5365076498231771	-1.4932334404603873	-4.912238648726519	5.359168816870473
-0.22166583713977694	-0.2872960681730266	-0.7523170430653832	0.8352578688220785
-1.1374879137405027	-1.312107054307167	-3.0041050680147037	3.469892063961067
-0.11059760702130608	-0.3654123957541472	-1.1376521784056939	1.2000043869423334
-0.1968012324247499	-0.3440076471517949	-1.5537775154897886	1.6035262872882485
0.23029695313973134	-0.4212467290896755	-3.3376589295947183	3.3720101755032634
0.14013654384209293	-0.562073219397424	-3.951837929670511	3.9940690501375022
-0.2624223940282934	-0.16902862212781372	-1.6269555010632868	1.656629225392954
-0.47266448814761824	-0.3055477445977887	-4.059924773215311	4.0987510666972735
-0.048891703227802966	-0.5597290454334376	-3.4612808446152212	3.5417181988897144
0.021656883404525727	-0.04617856947285971	-0.3308449815292118	0.33475346552413976
0.03225632458448746	-0.1006044225839105	-0.11236813620226943	0.15423462112221628
-0.7272925975095814	0.19103407988152538	-3.280104105333307	3.3651941227651085
-0.4655323477658186	0.04715996300603504	-1.7205567745432608	1.783047964400788
0.008286725393318345	-0.04750405328862226	-0.05785450908677761	0.07531566316686433
-0.10515392384501468	0.04093793676863057	-0.054154920612123666	0.12516396363722654
-0.140689301122519	0.027597865514498096	-0.3415859232359105	0.3704538629630261
-0.18126930436190433	0.18872614440381974	-0.9023086499271603	0.9394876359052068
0.07123765012349045	0.6645446664916674	5.389432867107558	5.432509625441711
-0.11399612111954505	0.09248471410311881	0.9404605477241028	0.9620261767221086
0.0273714357308489	0.6247426139214696	9.696547392306295	9.716690993357014
-0.05557151610490071	0.3634193015059686	4.653305573397553	4.667806180800784
0.15057618784055365	0.06842936420714527	1.290325166236348	1.3008823162966152
0.0003422594126360678	-0.003734523717672246	-0.002408514590045402	0.004456989054715898
0.24035865203077092	0.3787212038598566	3.504245446079588	3.5328371287435036
0.12719360902409582	0.07921132547439248	0.8908326129792388	0.9033467731759509
-0.0460672821301613	0.05120428172838326	0.38215430861361227	0.3883117156900208
0.09555837216266967	0.09013032924798098	0.5669514673152473	0.5819697973534714
0.16104833971229365	-0.07379154800666812	1.8709725510851258	1.8793403223459266
0.020455229140726606	0.04129771465251754	0.2840960339042358	0.28780978808031726
0.5125135982442066	0.5180201787413737	29.73817839681805	29.7471052281553
0.04621410126267782	0.0552933368275434	1.6541766866815926	1.6557456347561166
0.03871818042419143	-0.11347062977980474	1.2612930136934364	1.2669785900755617
0.254268794846297	-0.3540948378118021	7.626676735037976	7.63912519827808
-0.9875336998371214	0.3393005760327839	7.970054836144056	8.03816656833842
-0.032041411997959464	0.01504812028819957	0.13511986887981436	0.13967990898167604
-0.996495749249077	0.185151151166277	9.750770871296382	9.803306447906833
-0.08843937355328799	0.028995934476479367	1.3591814883566795	1.362364343816345
0.08971389259882993	-0.10673766783438374	1.6908283455459703	1.696567713462001
0.1604054206784677	-0.6221949224726144	7.1572382629385345	7.186022263603499
-0.05830448017751551	0.02417104440627535	10.238425686369364	10.238620228678492
-0.11026975810418316	-0.05570006632519861	5.997433843703424	5.99870607935913
0.7177995499272503	0.1816526024480511	85.14146358587807	85.1461371473736
-0.02179247089502995	0.021094425196720366	12.36134568432843	12.361382892460986
0.14498768550468163	-0.057357814446324276	59.32161371728079	59.32181862830995
0.06440045776290755	0.04793266332290502	0.056274953189169453	0.09803993844215851
0.04075439703869314	0.1731089798885812	0.3886595310097797	0.4274153376293305
0.036398114982465236	0.045227013003862976	0.1396702607214994	0.15125504027813416
-0.003623159219190198	0.12689041512747204	0.038189169956697924	0.13256212670265727
-0.16231147046201622	0.1291041648833388	0.33441710649255585	0.3935069249055471
0.015278548725086057	0.0750039067140542	0.16119508631834234	0.17844572263490444
0.06155087622097048	-0.009057453331465126	0.1080601352564887	0.1246897776727167
0.8422168325013295	0.33276816565493206	1.1824238428163576	1.4893589188246477
0.40206828270686573	0.2339614793434026	0.4273099163173123	0.631657060720855
0.28968589111512905	0.0477193108213773	0.29017292851091303	0.41278974863365137
0.7926367358836012	0.9953991105848425	0.946492700331443	1.5858564929419094
0.3821933482667649	0.3648522793560332	0.45585005867744766	0.6978454106798196
2.4434167532904074	1.9874051632859386	2.752859239594198	4.2873174003373
-0.01515585055808212	0.011216927447984852	-0.03889482335228722	0.043224143150765844
-0.1578411564200125	0.11161380863693329	0.09063494528480259	0.21350917133750472
-0.031043846063338883	-0.0434565533741444	0.04486561859634116	0.06975038452651355
-0.14277018882183545	0.09847413125699495	0.1453190514627058	0.22626998930716155
0.22875334454805632	-0.39369596979133104	-0.6733738744199466	0.8128695984124319
0.04502451781344257	-0.2098940685906364	-0.21652806043560177	0.30490511342033505
0.06758494498298151	-0.26175164301387216	-0.37850701917349194	0.4651335410099087
0.2626074920126968	-0.48369765281004456	-0.5555367376684626	0.7820148215311927
0.36571822775347107	-0.6345824802971606	-0.760918505863659	1.0653269469402427
-0.3526845201929193	-0.03866753737396467	-107.84095451809176	107.84268620835844
-0.13182101320452128	0.18308260375806293	-15.192507243488382	15.19418218802078
-0.09931952627675253	0.06573179962209369	-16.553761121401802	16.554189569478027
-0.004153877656507252	0.12075583903015832	-16.15332648083863	16.153778369902255
-0.16440289771958458	0.3128147389764915	-29.435471045468436	29.43759224261234
-0.6441137128956573	-0.6418745667202832	-19.030301564901016	19.075104552230286
-0.1074291691951455	-1.7992708905053956	-38.92641091493042	38.97941423462811
-0.057460128362175775	0.14733133526487532	-8.078008355444942	8.0795561251433
0.034200809063898566	-0.01003851329927832	-1.6452539820266798	1.6456400373303182
-0.12128189358149566	0.7053456007509231	-35.54745655370532	35.55466058271091
-0.030160641571894027	0.41265324911946444	-25.805879942647547	25.809196655119816
-0.0896193903972103	0.17320405985270784	-11.505764497106782	11.507417083966647
-0.1400647718970924	0.07156479097986083	-5.825436094665212	5.827559124767664
-1.912253146050649	0.741617206884386	-0.02177111850764951	2.109716118374384
-0.021579257307893035	0.0794478012959152	-0.013556064222046707	0.16260740836108217
-0.5663392233044672	0.9621437282977345	0.8604463136860181	1.4164421320306841
0.027504413879060066	0.05847959596073862	-0.01195732837484663	0.15426962931317936
-0.09145905348526004	0.05977224727121748	0.04264066783455414	0.1823060379187919
0.2183638742337668	1.059340527905661	-0.22950506695739206	1.1144673599046953
0.0840633273033904	0.2580472073975264	-0.17179353479956205	0.3502110902611556
0.08410176038005218	0.06531753347333599	0.04027919126232171	0.11385033828149474
0.01091253738677974	0.20818634415662382	0.6490269166712804	0.6816865672208506
-0.06787225632168387	0.16075449265894062	0.9488588055330883	0.9647702746902546
0.07200678287055468	0.8262462141025655	5.6008050501817594	5.661879987534149
0.09788034346905794	0.48289728697494316	2.7779008818482334	2.8212592331756
0.45735487398547203	-0.04400025171152046	117.97064149982245	117.97153625083696
0.2326020580581063	-0.115359167171992	57.61074742356226	57.61133248030591
0.017410441928979066	0.011458806633569102	17.225811796058522	17.225824405843884
0.07848026304647307	0.08086889253620591	9.695519391771734	9.696174256153283
0.0003437517665818013	0.0096322655432598	8.81873059280353	8.819840245268258
0.4733356273154089	0.3662137833513507	78.13743208441012	78.13984855169548
0.08439112074918036	-0.09846206323123578	0.3609234317343866	0.3835131845608196
-0.02291573816389867	0.025906291893138433	0.07351849671230393	0.08124799304651112
0.2848735003576886	-0.07416605041741478	1.7635169739713281	1.7879165617347894
0.4005730150564048	-0.28114520916164754	2.9714851752530658	3.0115154848970427
0.09511825322123549	0.10901843001492564	0.17878548158726665	0.22999293164175538
0.1718877140488734	0.21851185951082056	0.10807047578442502	0.29828182432742334
0.25408187539293126	-0.34114185690875626	-0.5116759470141778	0.6798730952105687
-0.25831852189737375	-1.094937395300144	-2.210491718946685	2.4842241812714447
1.7300969105435824	-0.48554789434537415	-3.8369786764819698	4.239207145947578
0.09170183835232337	0.27562405688596836	-0.4855447325725133	0.5827618039305489
0.12796528705698235	0.14792234058864595	-1.788857353940847	1.8049228657161647
0.022186037667038135	0.059142129060869186	-3.5337772115459645	3.5343417198311182
0.2982875975313636	-0.6964957764096301	-8.168734949636036	8.203798664935821
-0.25349785232724154	-0.7548507412219843	-13.083011367505025	13.107964259556999
1.3431471590718718	1.9549465638055792	-20.485999039757022	20.62332409676199
0.8072563317193048	1.0951918415775475	-18.076117216566573	18.12778534093212
0.18954669273199543	1.1030207976834845	-12.128178541139086	12.179708434711994
0.24390051101772042	0.8103333194239316	-8.584086114842485	8.625697767420025
-0.2021139915868825	0.35122255121601537	0.5405590599547048	0.6755822994846616
-0.2875014132188968	0.4271920022762962	-0.01870677113305169	0.5152669334412198
-0.16249404431778486	-0.29401236127017666	-0.282138625346987	0.4386909925347256
0.02760861266388893	-0.05904680320871018	-0.04734976663558693	0.08056525841103805
0.28573748119768677	-0.3274630871219836	-0.4426108246566198	0.6203082489310223
-0.0068286830019490125	0.007117231348332254	-0.018608716415852718	0.0210611068145152
3.18615886032672	-0.23221815737319068	-16.28893565433679	16.606702683527413
0.6034396596787279	0.5093863727945186	-7.862700814924579	7.91766366721128
0.05409627051483669	-0.07903206353870024	-0.3955975134606458	0.4302901940633151
1.078146342666296	0.02108996974075042	-17.054261770591136	17.114131022280237
0.4869124626390444	0.2096079716519535	-5.51899288558979	5.546150151604623
1.9546777921208989	0.4540614444185519	-18.514097043084895	18.6462199432481
0.9763076568534999	0.03700498880423786	-7.749922977019019	7.812511244449799
0.788467613484351	0.10586098919223373	-12.624603737117713	12.650414500351085
0.37536050462279474	-0.22127601925285523	-7.678035888133847	7.691656094073524
1.046529292024681	0.7028453965534748	-19.854986485606414	19.895456349102314
0.10630226819434996	0.14786327607358873	-11.58049255394188	11.582765269892926
-0.057651915425018956	-0.16630555065264552	-4.646570086753585	4.649902671093588
-0.07491368094710472	-0.05883945891462493	-5.8912975440800475	5.892067624730898
-0.5880300878997708	-0.29849281915996684	-14.648975435147644	14.672251850313389
0.2328371205331004	0.1650194074374408	-7.173501247709466	7.179175766090313
0.11901542764095047	0.07245182658561349	-1.8060589238597469	1.8114256196834517
-0.29224739583014525	-0.14996707738562187	-16.623991945459995	16.62782266721317
0.4683386882376407	-0.44613197174781866	-21.314229885123634	21.324498827496818
-0.07656315308294888	-0.3259264683078297	-6.971792695384261	6.979826886575839
-0.09794376381716789	-0.23737493205591242	-3.4819705345819845	3.491426448163612
-0.083129245416408	-0.04091947488360396	-4.318013696177503	4.321262192941405
0.33314772707398943	-0.36464222917467076	-18.929225481895394	18.936182521635402
