-0.40417145659660186	0.09840682359930147	202.07126547233335	202.07174183404362
-0.3685862276688786	-0.6539519070273528	131.06604788844683	131.0715652221544
0.06427847270127629	-0.06985845634840822	206.32961921923376	206.32968826338316
-0.031047652169095333	-0.025965484173914945	-3.585841840560596	3.588785261545835
0.2726696634433612	-0.4380957825026006	-2.199384907336231	2.3124209333569183
0.10876807416529735	-0.3756939056134875	1.8056278146291367	1.8527676580011687
0.4707912385570314	-0.8449054321657747	-366.54284730917976	366.5441500049962
-0.5226490086475056	-0.3777238127831046	-7.466153067792674	7.495249074019726
-0.08387570355173372	0.38834533940617644	-1.175547415763557	1.2486948177569945
-0.6615598762648701	0.014579814586872155	0.9224608853229637	1.143804140020397
-0.7249668052626	-0.38478667846955866	8.41100764395806	8.465365153717881
-0.14114288019933297	-0.040771631334680515	1.1579687964010155	1.1755658879412358
0.135744879499217	0.026051168528779232	1.724385748498684	1.7355377639847909
0.12970056121757384	-0.1660885881474092	4.416077602558518	4.423305193112032
0.5236863181006788	1.0346056833648944	-0.48730597869894154	1.3512377063612895
-0.17027483755926265	-0.03365924867988124	-0.007219627323806321	0.22284158778428684
1.0219906772805978	0.5017455612231907	-3.0538836693543345	3.2621923308573826
-2.3376652512695277	0.20924307064500747	-23.50800602494826	23.625289173754247
-0.3337831368090438	0.28665830653702745	-3.6276923434984134	3.6569407557549756
-0.36027852212797673	0.4284882732888089	-14.034822273378401	14.054656132455579
0.30663144278604715	-0.7684459183491773	-4.581039607725259	4.68125792934764
-0.08934884287055284	0.09404649551892635	-0.842986041154262	0.8642529777343168
1.6866188223291068	-2.858346107297146	-61.14138182231888	61.23338237110474
0.3984722711059581	-3.0595709582161565	-65.48551153280191	65.56001597966807
1.0769204469848346	-2.108424716683631	-44.91560884034541	44.97817926193625
0.28639109582725925	-0.5607209793880439	-26.123604086807436	26.131563254915637
0.4083955302923657	-1.1751076963278166	-23.481525131435436	23.51487119442217
-0.1604749371424982	-0.6553407210832318	1.599817753231568	1.741872640182306
-0.23645423467380444	-0.5355195825361437	-1.220159957274918	1.3605006191148863
-0.05212790972583536	-0.24698003438113025	-2.024525268356697	2.099080503689662
0.12319527564611774	-1.9296653366730758	-27.376266452738946	27.460545188756885
-0.43829856922372157	0.6999807733542612	-8.276311941156546	8.31858749134008
-0.16336290784521174	-0.5799448203682285	-3.260092374251065	3.318238313907175
0.5211137742418465	0.15274790744286534	-115.09182913962702	115.0931948725855
-0.3735892104048315	0.1693957104207647	-6.04921123178278	6.064709400826001
-0.5535723481309395	0.03744827668756166	-88.0351047627859	88.03696379985873
-0.1304772393340729	0.20732453689326324	58.50659444312003	58.50727374344326
0.039527115458611914	0.008905187447720165	-1.5047833707496656	1.505328764125858
0.03654500562474174	-0.18793541210394168	-12.104229624128637	12.105743680178927
0.8181742442757366	0.433724414286265	-110.88398678953584	110.88897000159938
-0.466112254738804	-0.20476783895218498	-10.895013244455008	10.918068695567765
0.27959689863962817	-0.2662616867551094	2.7916618567590814	2.8216883986269883
-0.4589685925320113	-0.035715565773614316	1.9410705334109326	1.9997905818223933
0.3923970818832464	-0.35166814914289124	38.482525432950425	38.497599943886996
0.007602051554346249	-0.04201032996901068	1.0438458214536226	1.0447185065739613
-0.01595913904275206	0.0683521095667929	6.559848463529255	6.560223972507976
0.15640897478487217	0.28189767788155673	74.25714988623027	74.2637935408578
-0.06255642854510028	0.20434848479897108	6.761622984620779	6.766439002979628
0.04084868509553992	-0.05508098482503884	27.634482023047806	27.634567107376867
0.023519837651010754	-0.7436085538321086	306.04119327172566	306.0420975716345
-0.029460411409707725	-0.14494789813370335	-65.90625853430575	65.90642451081506
0.11807257652266832	-0.3628084589931383	-218.49098566345023	218.4913187916107
0.3064423161489953	-0.009026927947190407	-119.9784886593232	119.97896152717277
0.1357170891892118	-0.047249444865357586	-116.80036573322911	116.80053752804108
0.5526550409833211	-0.08830416618106288	-82.136221213725	82.13824651327148
0.08254888898370133	-0.2354445929759854	-128.66143665122829	128.66175426061295
-0.1109908776525409	0.11086725826963381	-4.209731789801629	4.214965249067273
-0.49827173255158	0.5015781658939329	-2.331078666359558	2.6103895720022576
-0.2870312918815946	0.20425317766102544	-1.1360192670690292	1.1975499501715567
0.5643565155442003	-0.13784228127411938	-2.522534586132834	2.753367048230293
-0.08085842069941938	-0.25428021149793045	-0.5222806731107679	0.6028709617840897
-0.19063499900999417	0.11449529644483544	0.49318630282239406	0.54100240761678
-0.04757268539144853	-0.03802239982109651	0.16831342667406252	0.1789923821906227
0.4430879709856398	-0.5457219977747851	-0.06893631876670803	0.7199801732218596
0.04910706527070208	0.1950878451916236	-0.27635204459222584	0.3692167502312367
0.19276534624882743	-0.10881501604530915	1.6505609968714225	1.6711764047294786
0.34352171320252745	0.08411008185294014	1.3336176651578557	1.3867579222892479
-0.07051807235826271	0.4301310026589322	21.550652480651152	21.55551176856332
-0.17981933947960752	-0.08203737105462311	19.975071673162887	19.976537068721235
-0.0115653114379171	-0.46849005279137934	22.211118111758974	22.21649981985009
-0.29595237963461174	-0.09956027234340642	-17.885799021538887	17.88852444160004
-0.7158248494065274	-0.24197802207627014	-126.86391156019262	126.86616181996902
0.9460591305057671	0.6651238858485108	-1.9393817465900478	2.2623215964681536
0.6599605292309133	0.3996517279732201	-1.9254717556626135	2.0789878957245507
0.39906434676071306	0.3413450520276629	-0.2888587007332094	0.6153762518074616
3.2083584958213387	4.625746024404081	-11.957048838975888	13.24924367843515
0.686795491576087	0.10900214576273026	-1.5826683664910086	1.73432651430503
3.254345817889231	3.2265946529563476	-8.854128199704174	10.013871205812281
1.083999613419632	0.5291097048231059	-2.267307746108376	2.571998530733435
0.002379742448094113	0.03701726738332517	-0.3015606872452692	0.3343569563363187
0.03194194319014039	0.30911193871203224	-1.0837276478106395	1.136008749050048
-0.08703386277959027	-0.0014854434715084325	-0.5376751667975267	0.5446757611674966
-0.11958101746617382	-0.1795357349600908	-0.9559668595153803	0.9800027226276488
-1.25045687084654	0.7188904546838172	-10.847676031541363	10.944039516643743
-0.10786218815546728	0.1666845501087153	-4.178201046667787	4.185243333684963
-0.01611582537895717	0.05929456599023466	-1.3868601250904469	1.3952191071116773
-2.4574471487174305	0.943315700519411	-16.94983803258374	17.160230652369105
-1.4749502039451468	-0.1089715396188484	-16.875979795242813	16.947854344795633
-1.3741758466381964	0.3091160473601666	-11.087525955794277	11.177505249094324
-0.8252514278483071	0.022919984313903297	-5.9049600270314855	5.9640253143817485
-0.6133108594319303	-0.4275728451891026	-5.707463951315662	5.7579157069818265
-0.3832008703997731	-0.1343741053258182	-2.9626433371292573	2.9935989436117927
-0.4068769391847781	0.1551523828119498	-4.402447426365376	4.426131971862533
-0.3807817442599205	0.015494200272489171	-1.4588307035124513	1.507787063386055
-0.7411184173379112	0.026344290441513863	-3.6810353110556417	3.754992875012524
-2.693853104386987	-0.8704545931916368	-15.34951084972555	15.608395787929847
-0.5520509403247083	-0.2372544979782445	-4.916066033573781	4.952651328731122
-0.2881363118310504	0.11685344745907954	-6.448741916604743	6.457741815391329
-0.2027544959937418	-0.020120833229327614	-3.9630415761627646	3.9682757928312107
-0.08166049088332851	0.007416748343283614	-4.279680621330918	4.2804660569291615
0.3179872806685513	-0.5132044901316021	-11.513187259774789	11.529005839099861
0.17745450720928807	-0.4393156101482788	-7.501759958636586	7.516707443053245
0.2018524079276034	0.8158464509036135	12.446863125706622	12.485125838701553
0.05397030239491299	-0.33684206092141533	-0.07260658999716442	0.3756685631742443
0.1612046900106651	0.494810169582763	-0.8567509230575441	1.0120899095751874
-0.1540585446563235	0.12228848220933537	-0.060088635389888345	0.2485536905091258
-0.140516597168392	0.01773340477152396	-0.4253916440974742	0.46957131885638725
0.24266006919463406	0.09719269692727167	-2.531961815603325	2.5492431720200455
-0.005678292637296455	-0.4908217800200916	-17.943379801196123	17.950092393988456
-0.016377285459490288	-0.11668174710888912	-7.391632921898261	7.392571954176545
-0.3977362382975592	1.2050856288460983	2.192777870812342	2.5373569050747773
0.14712486188178336	0.5482615100879487	2.549806603766512	2.6159567867108997
-0.26453402630920486	-0.23325094687978357	-2.2179663558089278	2.250164170831989
-0.20100928064520734	-0.8034288906572771	-3.334411690080238	3.4385583922760485
0.1049461905564435	-0.07955692607250206	-153.65998730374898	153.66004373680127
0.04118275850630772	0.007304666730059605	-10.989288005982571	10.989367600375678
0.4807696805329449	-0.22191093304838969	-86.80765946818684	86.80927442556248
-0.059745150660045376	0.08190991478107604	-59.21866071467661	59.21874750074633
-0.19983476078579887	0.32839144170125056	64.32749646851032	64.32864507182477
-0.13575204189762766	0.06873193259785218	28.25077954041809	28.251189308359095
-0.060913920311332914	0.43856135070178004	34.771889789712624	34.77826881579987
-0.04063543294977385	-0.011246603924459322	-0.503129565998116	0.5048931418550878
-0.14093945088591908	-0.04465380720088402	-0.36073478923617736	0.38985571623207915
-0.08680608776474738	-0.024437973824669317	0.08397496437259457	0.12322461636805679
-0.14025327170399274	-0.18729367753095766	0.49360397378604304	0.5462552377818606
-0.07708880370070084	0.27269336874588046	0.36389614153272026	0.4612209436228839
0.04134809712673063	0.033794591105344066	0.06638366792407702	0.08519701221893336
-0.015597963108547164	0.11548943429029165	4.204090952881406	4.205705867745046
-0.07339399772489205	0.031077233932517195	1.106519640711651	1.1093864018688795
0.0448896869134483	-0.039118823978434164	-8.594964527389939	8.595170771629377
0.37211885509720843	-0.07296671726401142	-112.32758098626002	112.3282210613564
-0.00019284011529586628	0.020492090160558387	-0.18752117915971162	0.18863763033898395
0.16944058835246567	-0.18761804330121393	-2.0068180378728075	2.0226787387731817
0.040366304337276136	-0.049291158582249146	-0.5647009368060115	0.5682835602670703
0.418843567768193	-0.03626041071177293	-4.912685308850771	4.930641103897541
0.06880319888725261	-0.023272830965205465	-1.4459768864468066	1.4477999381740052
0.11115867281246403	-0.1933400406177224	-2.0486884352386676	2.0607913350284037
0.1963142118518508	-0.0979165826386488	-0.8644009066085727	0.8918048297000679
0.14229711330048717	-0.20470199066186298	-0.7220392191730653	0.7638664853615655
0.22141526630141897	0.2713666915005147	1.9721266845911907	2.0029848380564177
0.010800696426645627	0.14398033595084367	0.8235413793233756	0.8361025030710434
0.29108814639556724	-0.09770765815173015	1.7226465591543108	1.755354678718714
0.16092911662538364	-0.022452956772613636	4.409921041374332	4.415120122024053
0.025092889371834327	0.0964329023931926	1.1794213418482675	1.1836231069762713
-0.01063680244757775	0.02655831014248389	0.0383345831871027	0.04783331132236174
-0.024431812223526972	0.10512052732982	10.048996525533587	10.049576031301042
-0.019496750132894793	-0.03372495071816174	1.4690320989242642	1.469548503192905
0.06833891967434945	-0.09537715891280929	-2.7048428938367697	2.7073865794754552
0.04767778023356143	0.010034098719197394	-4.184098262798109	4.184381928865392
0.027384038180131607	-0.00670654641241665	-0.5586411936384239	0.5593521668337363
-0.05789297775272156	0.041121781991049676	-9.997003688973935	9.99725589125264
-0.16967996592088908	-0.02037690078875582	-4.35298135514361	4.356334834140804
0.4371183783713496	0.04170881934941671	-11.030037669380508	11.038774528464405
0.15869438940559738	0.043181607217141586	-0.11852135238027607	0.20272116663220058
0.29185076860416537	0.23566156037794353	-0.4546043373896868	0.5893881113053819
0.04701843998586741	0.15508941838434673	-0.993336718067518	1.0064697197902415
0.02082847899795815	-0.015054896695683256	-0.0426243853371326	0.049772619754785294
-0.04975320528940974	0.4167469125613321	-1.2120906527790103	1.2826991545643973
0.03474374090655066	0.05939434308749681	-0.11851165782824635	0.13703951460865643
-1.5220614735900024	0.3882407549108296	-13.90754127364686	13.995967501082292
-0.3498162556592468	0.03758259242446712	-2.7818234758851865	2.8039839006247425
-0.22601656910563256	-0.033638938548015945	-2.8518532453871774	2.8609931843543936
-0.25255472675033647	0.029488526280249006	-1.9401702339884503	1.9567610993784894
-0.005919335627350107	-0.13513922857011013	-1.0994237822175166	1.1077139985295226
-0.11002705572196153	-0.10843241961389122	-1.7784760406215105	1.7851724932901947
-0.036499801217554834	-0.039083288733519184	-0.6317185190581429	0.6339781442519623
0.1258746479012005	-0.0072410323975281715	-2.118490953425961	2.1222395668920297
0.09841511260031252	-0.14112153477703762	-3.8084346841859964	3.8123189223459315
0.09135541847812348	0.21984846215103732	0.06940363391791614	0.24798391721339771
-0.007813128573916372	0.009645850207311506	-0.031281001420982966	0.033653951539662934
0.05791480374406127	-0.048576140311655976	0.007337257090066135	0.07594472491158653
0.012593421746799584	0.054998081657569316	0.08577153608230872	0.1026651823123313
-0.00511180504042264	0.02279893810736936	0.14051900952157073	0.14244828593745248
-0.030426060121770068	0.07890969327854307	0.007314080570772902	0.08488804746513527
-0.021814549648228737	-0.03287078140081065	0.05465887354735317	0.06740886665506586
0.062404414325340045	0.0908414248077499	0.2514250205132904	0.2745196100982573
0.22285016663176055	0.017983112127909713	0.12996204495155808	0.2586034072041572
0.012413575209627686	0.002778064817056794	0.09092827763865718	0.09181375805371197
-0.04051670252627064	-0.18673574927141226	-1.8035907965214988	1.8136845383187818
0.06709120764189508	-0.07631204806002322	-0.671564091577311	0.6792076912977518
0.1955824080102743	0.06397968997137982	-0.883912016224191	0.9182189915142492
0.0020986978424809566	0.1599789541731118	-3.1606845465700815	3.167807484386934
0.010310486210657669	-0.048611648919942935	-0.5948564491876719	0.5969284661303909
-0.08949287726539695	0.056820318996960585	-0.9934854561285847	0.9991250548710994
-0.044771790354991056	-0.10781523814392516	-0.15398479184214475	0.19323549080407382
-0.04648573396674412	-0.2732026890239806	-0.8081259489733812	0.8543232304909478
0.1411431349777695	0.0704222567527341	9.270054719621143	9.272447086312637
-0.20789496743888033	0.13744931171180783	30.144138857226753	30.145492197996106
-0.05501170050404505	0.04005703718283432	-0.023365236839222092	0.0719498972394447
0.06718227667155457	0.02756396350700757	-0.09892709166098629	0.12271837616058207
-0.07877921189155423	0.08188697017057772	0.0694414692498176	0.13316815595909115
-0.09261936712449605	0.4189365999886443	0.12877852484679814	0.447962197555
-0.19404130625785637	0.8001775828578523	-87.61178549522351	87.61576555414328
-0.03374256781620294	-0.007489312817127933	-3.279254757655113	3.282405550993363
-0.39416312922736185	-0.35212214877928566	-376.19731026512625	376.1977074426168
-0.6482406218294413	-0.031655885789615784	-127.2855426473518	127.28727377398971
-0.2684206889715478	1.286733284641941	-1.0800873600250132	1.771451625012436
-0.222902004359351	-0.8624509975004756	-1.3516332087589207	1.6247766438981446
0.09499298911647591	-0.222152420210893	-1.1527386937721644	1.1860276753964873
-2.427073295449326	-2.462441795909665	-5.261001905300984	6.296977466388668
-1.4941032853682439	0.14355917207650454	-1.8534761856402464	2.3891018435535534
0.48814495269100866	1.4201320031663318	-7.162395053127748	7.334758567309748
0.12110191636138426	-0.060473508735535135	0.3151806174684232	0.34301828090199926
-0.021510804470484226	-0.02116571422602758	0.009848614148167331	0.031744249373780134
-0.007824877982280798	-0.0018741644107960545	-0.004779756561599013	0.009358807641169862
-0.17889119396634748	0.26564161550846555	0.6593555821683765	0.733019311413588
-1.5376059780918134	-0.24675482809198182	538.8515932930223	538.8540697020486
-0.7486569239424533	-0.8042870414656573	36.33765154934904	36.354528806486336
-1.255877147941331	1.3277075205566353	36.72993150700066	36.77563572482091
-0.6770481751506978	0.5790178660399751	17.738503368024812	17.76140865593143
-1.286997380760899	0.1212399947028937	8.091687461633697	8.209152655028474
-0.2585077632260003	0.1689868307944985	0.14910270032031017	0.3702623566781891
0.2641094736685199	0.5511344064961353	-47.57241984560797	47.57890659585714
-0.1811963933328863	0.11783003492927809	-6.917329835294485	6.922112963918134
-0.7972853567602372	0.3221168350848191	-32.15403274751818	32.1658316371413
-0.010323874810648143	-0.062390204699493884	-43.39035899277252	43.390629546327254
0.4979311956328841	0.0017266512564887149	-421.0131449263176	421.0134625151438
-0.3645283879101945	0.2061831197600548	-63.301504878977106	63.30304409862553
-0.1860248510540265	0.12606961472852457	-12.031308878314828	12.033407336178648
-0.011801700757511295	-0.008542949005659628	-0.12781090699894912	0.12863860255141388
-0.15443431612300798	0.05643189488631801	-65.15619922381025	65.156556167392
0.06369377341993558	0.1634629264263455	-55.491853065532545	55.49230589421063
-0.38449395510497375	0.08297983669590439	-63.73962122615328	63.74098771664273
-1.1142635906617666	1.4326794722762615	-206.32228558348712	206.33031566398253
-0.5924456004270331	2.1004127691252745	-242.29341723792044	242.30328566118135
0.11278748464473229	-0.15318027986192412	-1.3042538520710287	1.325421861285372
-0.4477976355290332	-0.03286345384671403	-1.3511251493564043	1.4306018604445798
-0.1795557243563575	-0.15772253032234643	-0.2676069755246299	0.3849804319311043
-0.3283268338384029	-0.3278644886106039	-0.46386291187108103	0.6707773241693262
-0.0055014600233722	0.02670559916894154	-0.06764583000433419	0.07293430884252088
0.11526195789874712	-0.1352324532173418	-0.4850679488648435	0.516588860079057
-0.3529097000907815	0.6311602229501426	-1.660193421489354	1.8108425332449998
-0.455297013271024	1.1753897646937992	-2.835882144872904	3.103395561131291
0.003649700677483214	0.21102071065970535	-0.6177211108340985	0.6675344308067374
-1.356318049163888	1.189881128057427	-2.272886583114274	2.9053242424892667
-0.5164517208728381	0.38620359680107236	-0.9144614681424431	1.1189796132601495
-0.6807272017600433	0.6957447204618161	-1.2609878985160314	1.5929660132816479
-0.06580191705226116	1.1357076934506771	-1.562582350351419	1.994879796198401
-0.9209247184009364	0.938735966075159	-0.6998920651138811	1.5706024849955762
-0.0807630256769489	0.014958748709359808	-0.046547639782205316	0.09440928581839403
-0.35964528937215584	0.21902068551861809	-0.6050923414710405	0.7371916552427419
0.08180544668413987	-0.14186789215729095	-0.07270518327067872	0.17917777096159945
-0.04056341908006115	-0.06556706166733031	0.014332574418252152	0.07842099994648695
0.8296628773279556	1.6543901913708035	-1.5007858893795405	2.386877765194683
-0.15833871050003603	0.6927166799105962	-1.9636638580048085	2.088277590049633
-0.012159985807090462	0.04366533276436039	-0.08142243504756805	0.09319013139987727
-0.03443800854276532	0.11954639775472614	-0.226898093126133	0.25876692878688745
0.042630815483032915	0.1497417533272212	-0.1641551131521246	0.2262451773900288
0.16063402215804423	0.3530951319568565	-0.8184654292497078	0.9057400952608918
0.9367722638632086	-0.3677001786230171	-4.343266001381924	4.460513988248767
0.44237251557374857	-1.0278947079822929	-8.772701694329054	8.844887550207572
-0.8455190189756263	0.006148560413244131	-15.495408620439443	15.519088514327558
0.40833258952494805	-0.0018976766708463377	-47.2956108835228	47.29757951243747
0.5504401842210542	1.2626409543167216	-27.678676655056787	27.717325049389395
2.5659235280795043	0.4211309382474714	-4.114435697629877	4.869227424749456
0.7238447281010406	-1.0062160225989785	-3.424848904614162	3.67555871077737
-0.403006996951631	-0.3529944557070307	-3.287534986639776	3.3338245002747926
0.1245989458973129	-0.23702925381096523	0.19830002135218489	0.3612622978518259
0.6075724539175986	-0.2635308797338252	-0.27223437403000206	0.8697265709038924
1.9055877354012594	0.7462699703457605	2.565462909915295	3.31865987568817
0.5717040706016796	1.6314943631130787	3.9130768726711653	4.379906596897499
-0.03828655353794841	0.7132592701023337	2.854202320714589	2.9455314153886176
1.1878705839289023	0.3688552345657844	6.247050771052095	6.371201914021618
0.04317424899231685	-0.12910480849023806	2.3385098021548725	2.3466230943689554
0.708379152301758	0.8492591764755658	80.81437522883647	80.82206236903585
0.6215748750158642	0.08034782517621387	82.2050083173821	82.20887983363794
-1.1759717930387938	1.046136508080533	337.57754985504	337.5825266052265
-0.41589311538569623	0.07584724070906734	109.80512834587047	109.80603084860748
-1.128457761741263	-1.0298611644880848	113.58013249289226	113.59147964518955
-2.0606070061431287	-2.249448566094873	1161.5174652463038	1161.521479643002
-0.13268557259765584	-0.16703984154169285	10.013665251889423	10.01690966973525
-0.23728920433280964	0.297401042733479	105.55094857622784	105.55163427862313
-0.015941610023558254	0.11172841988476262	21.356049689231313	21.356347901822
-0.6508808712307652	-0.059818621635003635	70.41759198451477	70.42076373384862
-0.4618733364289319	0.31865300946412145	30.779381072809937	30.784811932664052
0.016726768410418903	-0.0034178304355576335	0.8062314688356851	0.8184011440530178
-0.33329920873291197	-0.09692865967087641	3.358518634401754	3.379291453860024
-1.1069128815632852	0.047054983292046305	11.123730503872535	11.17963910001158
-0.36757005083757405	-0.03988149179209358	9.805599328259484	9.813559815221138
-0.3040298180575367	0.18180979303631906	4.299265848175646	4.316092625199497
0.022435232781033432	0.41851683587036426	2.383225474495052	2.423819945614577
-0.6911454872645224	0.46833066787427347	5.877016898542167	6.009919725727445
-0.3906171266279873	0.003979590990690007	2.499181545087153	2.533374381524327
-0.30072826784264395	-0.4794157087955789	2.6992987313223336	2.913637303910348
-0.22262692041744409	-0.3694046230373465	1.4170927696843	1.4878354156315274
-0.5077960457248637	0.02987657516532799	0.4705870929404251	0.7068814828099105
-0.8023202536066656	-0.5166566726561567	2.1768436481825035	2.3809199819145763
-0.2746777611121518	0.011233436946958462	0.29182995144344037	0.40092241533082973
-0.3301050639912387	-0.12598213839726702	0.2974282904826826	0.4618489368259484
0.022114327393399275	-0.24499807085286654	0.4923772457129883	0.56782764567569
-0.5326099182330379	-0.8832447050475118	0.2905339472452852	1.080594416696938
-0.03126498791040342	-0.05929629532536996	-0.12808760697895677	0.14456827165718925
0.047923597418908906	-0.08262994253764132	-0.010826059763102198	0.0961331480985504
0.3206142974239299	-0.046055973172433484	0.12176538004812307	0.6028776248591118
0.8429156111553182	-0.9316952361408506	0.025677271154747015	1.2643978202017172
-0.09060247603214258	0.2466361756923539	-13.410443160526322	13.413016960159657
-0.302083879448102	0.33217370562314474	-24.963437349775802	24.967474809381734
0.013021133521752229	0.23478926116715462	-9.063638936619713	9.066688828921317
0.10296437664455545	0.13389790495574427	-9.047661346064082	9.049237876466254
0.05978267526654908	-0.01770298166475405	-169.0626276623138	169.0626391591294
0.05245682211947583	-0.07861818915442693	-58.225505917164654	58.22558262351378
-1.1777593343924015	1.3505875749553509	-275.4831199984142	275.4889482500305
-0.6348780494580644	0.8772041075865457	-172.27457442207495	172.27797755224285
-0.011280767367477941	-0.03450038599791384	-0.00419343117925175	0.03653925575951602
-0.0068178137637568085	-0.03656530994664084	-0.32058691137551387	0.3227374664046658
0.1046766934085319	0.1857370627964066	-0.21754364969015821	0.3045992550215682
0.20419063790540873	0.6048877828403305	-0.39344740369176945	0.749922599945823
0.03335121002304031	0.07835833492502843	-0.10044183833360443	0.13168483113121965
0.04697938731073719	0.07687862744119725	-0.5006449838255708	0.5086873165501975
0.5227845400687193	1.5188283267416822	-3.395391816636512	3.8719014107838525
0.8342109743747633	2.677942024996687	-5.7401298908983565	6.457299992744291
0.08596718623273147	0.6611423682148636	-1.3121028307767901	1.4783751931055922
0.3897328414305465	-0.03369322804535327	-3.0303176304757073	3.058648663671189
0.025353569133890877	0.01020223981041335	-0.30016339872407805	0.33215168221546926
-0.00856220218813767	-0.057694346099640255	-0.6314772083300206	0.6341651311121196
0.04277428261950497	0.06918893272462662	-0.8329673173765836	0.8369296861043514
-0.4346988385216853	-0.014924408064898153	-4.4128424258810695	4.4342264369136695
-0.09599692757792228	0.04470539874511373	-0.7040265870982957	0.7119462185605275
-0.1140984537372392	-0.1008451949516112	-2.7789303695878202	2.7865968482016834
-0.04779994825163464	-0.46559990107145216	-13.358941260411543	13.367866676734794
-0.4574204872635125	-0.13722831253724146	-7.469575438396639	7.4848261397195115
-0.1270992588677366	-0.03296048925565926	-3.4964972591531316	3.4989618029812855
0.041452645242966435	0.025209398905135037	-0.3835140958271628	0.3865706886054906
-0.6067095658496048	-0.6784462297603732	-33.72036536067892	33.7326462917104
-0.12444839961940463	-0.10304490551942164	-15.851443235855292	15.852881066265645
0.23899654390298805	-0.6143900596519917	-15.025751991081975	15.040854270147047
0.17991948005774044	-0.45630259436738213	-13.258255398694194	13.267325250175125
0.013855362244069955	-0.06337196925923709	-8.232336204636796	8.232591776817584
-0.1273978505086236	-0.05384851140549175	-9.434525861905147	9.43553963021998
0.40823459437290266	-0.0675365001149683	-8.697888234535103	8.708843562049717
0.002960693655376684	0.17424375066702857	-9.878876364255431	9.88139907379001
-0.005987233499689895	-0.24935584738753214	-1.637886824101127	1.6626386315298376
0.3944755034057306	0.2583292200952606	-9.939217015434863	9.95137475796948
0.7755079782545155	-0.1686243076637107	-27.203005385456734	27.214937599920376
-0.08675395310853129	0.0014836596585293162	-2.1535201355478333	2.1597817502553123
0.025065471069995883	-0.1020911827975437	-1.4219588887947123	1.4326540942485932
0.1372129143592038	0.0063429745021566335	-3.1617219218981996	3.164704271903479
0.8867794362410444	0.18334657020367218	-14.724439272821575	14.752257645267576
0.9485896913212251	0.5838396172297887	-1.4105167068746247	1.864903266553083
0.41240725774782316	0.16863672031361174	-2.281077547128571	2.328371244152296
1.1854311373862327	0.8798602407523541	-3.4223928589505093	3.729832930660172
-0.6933371358609273	0.1010465028493856	-10.282293116692367	10.307082919147453
-0.10208239419019693	-0.1029976624991552	-1.5940924917992574	1.6006749220546497
-0.07790065807380166	-0.22884425502669004	-1.516291887236169	1.5354410743774167
-0.2291454667684047	-0.5150414939001471	-3.8105050727623206	3.854504388352254
-0.39373026634567715	0.4472235878235414	-4.511042520798667	4.552363877096821
0.18345562787551398	0.050929537795989036	-1.3027940657290473	1.3240097989887134
0.11396643109807592	-0.6630537172199358	-1.869306749528686	1.9866897853388954
-0.037732238277794185	-0.14963670461328607	-0.4010793687625803	0.4297435575083888
0.1540706393549465	0.3225206308071107	-0.05506632130869127	0.6151465931385224
0.2819638112259907	-0.8612854944174181	-0.08409497102353816	1.0373061119970286
0.04279949901972341	-0.23359682315871932	-0.05655872783257748	0.28120801464436385
1.9498918771304234	-1.278644938320589	0.1634796616596243	2.341626912099452
1.176668644987413	-0.20781260626639902	0.3464064260623486	1.2518835314585133
-0.4987166925439477	0.030545517560274904	0.5707995605989293	0.771325671389803
0.016129570121467984	-0.29317106999494214	1.3203517534565212	1.3597860041455028
1.4342889553312934	0.31269737940019504	2.828073140003354	3.3220105250551977
0.10097593527892998	0.13928840570337267	0.8667682531218626	0.8946308674468856
0.3095505196896785	0.027142011442111008	1.5236322945734655	1.5612473753356568
-0.2561963419415944	0.8516416523422541	3.1165571885660053	3.2439695689280037
0.30155545544010426	0.39897678057474084	3.4010509171683356	3.4404571339016927
0.4162843870638046	0.8746885248876954	6.047453251291486	6.126136083857368
0.2097529533118397	1.0468689319299596	3.261934561054374	3.435058620688184
0.6732506955320658	0.0671514512255858	8.807988833673306	8.883762429030268
0.865883509702595	0.6156701385328818	5.345342621799873	5.451694369752062
0.6984232323811306	0.241689317915217	5.9579151751175985	6.076656461963322
-0.020047630082084975	-0.1574601939043377	1.016089902078278	1.0378410736436214
0.6942782403205002	0.10579104779413541	4.482918312937949	4.5397412267826835
2.674953632330202	0.6231748791724329	19.061602551029306	19.258969221208467
1.4920316516716732	-0.7449719871761635	11.965139243513027	12.081604968414704
0.4783648992989434	-1.009882625649894	9.881919601278213	9.957145717674187
0.4264282557566874	-0.372828953264376	7.612355897851157	7.634676455891838
0.02634929238972651	-0.03396718422376456	1.4288067990268978	1.436250921203889
-0.02703857668399992	-0.1787451274809222	8.438955990233444	8.442045895114774
1.252346048361328	-0.8588964024940126	35.14393247273975	35.177003043017386
0.00277665207988174	0.11949568312652845	4.872739294341075	4.874205079671776
0.005795223851813877	-0.03791795628489243	1.6703770239141162	1.6708173921911658
0.4427388727456814	-0.5055174928390446	13.805811629528097	13.822860781325971
-0.7126624676796991	-0.3176731800459801	-1.3402225110669388	1.5570742455741842
0.10199479707650366	0.19204590234843638	-0.25409492157845065	0.3623928549398586
0.486599690874856	-2.081394288691734	-9.113765972714974	9.36211468817144
0.3772789860440255	-1.5988617102483658	-5.841892866464064	6.070081568640777
0.7851312502649674	-2.475112305916691	-7.04962007986901	7.571165502248332
0.0781228187524379	0.12999534199144097	-0.6468503281266464	0.6788940238703299
-0.28081155015770803	1.5095819693696226	-4.402119622782967	4.755958558181378
0.22729792540815905	4.70621600937427	-10.214594958234501	11.288085551566095
-0.6637533028751915	-0.11551324095215176	-0.5764459247586955	0.8975975963559075
-1.1326672841023626	-2.0331750857503317	-2.4930788529692247	3.4134525128986395
1.3167401311034426	1.5542096621576276	121.1275637524163	121.14477104946535
0.11516939627030982	0.21974159580577396	10.404506269137105	10.408399533462287
-0.18514795884080998	-0.009039765737891461	21.121700264141616	21.122974774334406
0.337149070451926	-0.02919522513949758	32.24830629055522	32.250383877579516
1.0962819862985052	1.6368086560426323	143.43658758717402	143.4501833920331
0.14381596670162083	0.0297205627655365	7.549829167088587	7.552547026086691
-1.1512997741324318	0.910278215169421	447.0735033398521	447.0768997364466
-0.0028536766344341782	0.23555917539128188	73.82527941758768	73.82565527886273
-0.03481971873710775	0.6545046186389297	146.28188653696844	146.28335488880177
0.13348192529480374	0.1994272420871706	23.818856684916575	23.820474432948686
-1.4292230732191566	-1.430402070866519	101.01543132350346	101.03576383605807
-0.33259490806559133	-0.4412181756149508	66.0501511782033	66.05260966305399
-0.22632579957757004	-0.06769792724388685	49.167281683431895	49.17036719638102
0.003097256502260734	0.007741113961413759	0.6485360277355482	0.6485896214974518
-0.4458375536728458	-0.19776862563632117	101.4603420155592	101.46151430699129
0.06777879029047934	0.016017063924913755	33.18560368058014	33.1859702576282
-0.1321814526542659	-0.5227385653898342	112.42261925927875	112.42399889901542
-0.05154979950407808	0.1381659044314356	6.973220633590773	6.974779796073305
0.016912521431500946	0.06284738924895006	9.895397229391392	9.895611257277816
-0.058673475029455455	0.11546932814267527	2.601355675085024	2.6045781022481953
-0.10579337339067284	0.17263100189426872	1.808846349690286	1.8201425266874756
-0.10339920426485914	-0.023349162484605338	1.7542598273311756	1.7574595644336581
-0.13379157409762843	-0.022238793852826115	6.5631726984391765	6.564573909918976
0.04096287949989034	0.07337750188754316	1.0432352749804668	1.0466145681404164
-0.11045254123796999	0.20638154424078095	3.1380261059545305	3.146744499847628
-0.03369304255826643	-0.3265830051658353	0.5543425669771662	0.6592170711099762
-0.04292085067430896	0.10276999604505226	0.4906744899288045	0.522154298533105
0.034646056546947676	-0.20523578036385334	0.2686738892482839	0.33986428694349935
-0.013273015216947664	-0.24180006049565267	0.5908786233140358	0.6385773169148281
0.0059117267175123195	0.07350857388822477	0.15545979423618533	0.17206454187839007
0.10474461164656114	-0.01910798892133303	0.3254212773851061	0.34239678252659006
-0.14450436912245185	-0.5261541233176042	0.003789328559176755	0.5456501014299584
-0.05336286572728186	-0.42171331721069333	-0.10041526509403523	0.4367756206742543
-0.0495979302829699	0.08813709439784514	-0.40544664060119484	0.41786969317245704
0.059780420206249324	0.04895080411188615	-0.13057137119480833	0.15171935551843208
0.03175872304261787	0.13059243462717082	-0.30220533299937835	0.33074319912042743
0.03454900057132159	0.11479524165088906	-0.7763406888431056	0.7855421351522468
-0.14598178740119988	-0.11511071689754454	-5.980982681004876	5.983871237742152
-0.42315837530237405	-0.2640994952536366	-10.475159103397708	10.4870286447343
0.2509748936810245	0.1288016867800692	-10.054754742971786	10.058711210343464
0.17409918160612334	0.1349780774536364	-4.744109335278883	4.749221303699088
0.16432240932762981	0.0005668870828874246	-6.202664777133271	6.204841054616785
0.04755474025510348	-0.03558554730890455	-7.054484342414982	7.054734376422414
0.060490266449318084	0.8061853977593567	-14.779272659323926	14.801367987673823
0.02268612394696526	0.022348696544721602	-0.3676481212719229	0.3690247492130574
0.7128594016756434	-0.01283715381756392	-1.290342557494003	1.474217499134933
0.06007323027085783	0.014337609563102921	-0.21020024238359797	0.21908560413975814
0.27786886845386843	0.006970015569043503	-0.5897023887281926	0.6519268336589638
0.2674627418254189	0.12422234641787341	-0.47749131432861663	0.5612178408368738
0.3379643822891894	0.09927346632371788	-0.4015587194036255	0.5341577949830174
-0.006785700734654267	-0.011216931644369647	-0.032864221886691906	0.03538251503486525
-0.37591499764498115	-0.08840751260961686	-3.109890673821773	3.1337753552007985
-0.8363129610356055	-0.31452402143680364	-8.712726370151723	8.758421406280593
-0.05277650026614406	-0.004833865830367986	-0.26953295445465886	0.27469390014389755
-0.4531621641056621	0.22375577330815635	-4.767991746261629	4.7947020643085505
0.30516852241914477	-0.5283121496107815	-0.06249824928170267	0.6133087197041361
0.020749508363261625	-0.04635260956644984	0.03479453766468679	0.06156107830631388
0.050470542990169905	-0.14809784402378165	-0.02959834028060746	0.159236644217283
0.35251521065475266	-0.7101827391790013	0.13522733318972216	0.8043089757129148
0.16058419953072264	-0.16365353337282953	0.4450911756757162	0.5006754625390842
0.34293677582780746	-0.22113151312999718	0.5036599905527251	0.6482115120837526
1.778532178265109	-1.3507371146706237	2.4023283567031877	3.3175992385448527
0.08568842642284234	-0.08796599599554616	0.06952392060704174	0.14111732144171932
0.0011074187972382014	-0.09005322971006155	0.07666785215974638	0.11827523508069762
0.0027161801259301295	-0.15556337421694122	0.13490770530587093	0.20593127762467825
0.05145933560721261	-0.03558763667130512	0.1257329020673748	0.14043968729411435
1.5132118266384171	-0.3331273031020957	2.484237605472921	2.9278354313035218
0.021618119695917162	-0.04782561786858351	0.06126857561099135	0.08067509641208087
-0.01575269472541642	0.0813925334125726	0.17295709275505916	0.19179949901058413
-0.14865482916691747	0.31735298837633524	0.4083456620720731	0.5381053402440042
-0.016299259543532545	0.03006273498902869	-0.005881137731558066	0.034699015514933006
0.3039342688599567	0.022345524273320445	2.8426917070448785	2.8589808505032366
0.04086810331914702	0.03982353424257227	1.1218954261811573	1.123345656080387
0.1901294257447301	-0.08051592718328007	4.520496444893846	4.525209400830209
0.029751997981031394	-0.060065033631489975	0.6050192396595706	0.6087210116360862
0.33900978102536905	0.05258128055529854	3.6700707601400135	3.6860699677475472
0.04602896032662037	-0.04279116403271671	0.5029774941518724	0.5068886549641068
1.8932877856015202	-0.5795079027645025	15.092149457868388	15.222116248801
0.4899315643104924	-0.2393326111425027	3.1335557687079243	3.183702966196238
0.6559496679230322	-0.13202459187466525	8.44659230061226	8.47305269383298
0.2988706790153969	-0.12003258967143887	3.2422076498243952	3.2581654270368436
0.6895824738804721	0.13544516578699023	18.044746082149256	18.058425472627984
0.12421523509823817	0.049582060963983814	5.107147489262967	5.108898441198942
0.46837620967880456	-3.978575949476616	-337.8263915087749	337.85017200304117
-0.07961895891982641	0.3873668030485973	-2.179836351755196	2.2198104703007804
-0.3918969263961009	-0.06988102816388742	-0.7731082847405566	0.8807058327560013
-0.5169734304365838	0.6488238095490756	-0.25297356503346347	0.8784698475877757
0.3163597078732029	-0.33959953702997814	-0.9665003316000613	1.0721633277162683
0.21202302865961498	-0.42146029798227425	-0.9227591835228116	1.036372065540648
0.20771529025843385	-0.6801498566417175	-5.748336099814497	5.792159993105114
0.16965709315765498	-0.776282373286618	-5.465437814668471	5.522898546808756
-0.13540061830642167	-0.07828208015064192	-0.8314320817387801	0.8574500002652957
0.5926177596110047	0.6850359432558177	-2.641186224545189	2.795677826607714
0.33098332975227335	-0.24393346607905353	-3.0186173339209494	3.188086556854324
-0.18433643363614627	0.8225164614338216	-4.210754868362191	4.2965625325870915
0.1502618574742448	2.3230980738491724	-5.450526914885691	5.947707343886943
-0.18099036288207226	-0.18398094714127367	-0.01027295618533966	0.2582867282613844
-1.0727316839587473	-0.24250346004157491	-1.2280487090620849	1.7219989947239107
-1.1353207628575064	-0.4194809431946593	-0.24217962903296647	1.2421949339364478
-0.4366329736211747	-1.5652516777713497	-1.769352054405099	2.452547207139312
0.11435763799766446	0.17427630432992305	8.886357490616202	8.888801907492935
0.019194686206876907	0.16626277920610275	12.357265600765917	12.358398960852522
-0.0005679963179796074	-0.028164484335103438	3.4080171851153422	3.4081336087130127
-0.05307912912341822	0.1569091385383218	17.202621429164584	17.20341890168515
0.022885889704996883	0.00593317454519528	2.463354391895752	2.4634678456557673
-0.09435941072117486	0.06301698514523092	62.31348008896344	62.31358339588932
-0.4621037378943742	0.11108580118809991	96.68443689539613	96.68688552958842
0.0346505322628957	-0.014991601093994375	-0.6119944197079381	0.6131578730173164
0.13604116821005452	0.11795527659162829	-0.8932893793353797	0.9112554866540732
0.21753438604317576	-0.03946117268091659	-1.6900950255837426	1.7044939391982146
1.1309795243987635	-0.04641675143841345	-6.850053877451814	6.942946587970845
0.22512094423008824	-0.10592971164948156	0.26408560932261477	0.38874353665686256
0.5657234456825164	-0.910235461296445	0.5285961278704866	1.2031065053835104
0.022823226117012273	-0.38094817862515523	0.8207301177485248	0.905118964903354
0.05040139563374982	-0.1694187960818824	0.22064469215258842	0.2827138293801256
0.24467221372385306	-0.3068699753322018	1.002489394262192	1.0765772891609284
0.12972113935176816	-0.15659949844031978	0.8524088533320454	0.8763286085398178
0.1366056878289285	0.1494926180497632	0.24715731123234932	0.34867703995845695
1.499253468177353	1.0155560744239274	2.539389464928017	3.1220335907271335
-0.1186177418402731	-0.44445526251171896	-28.1916097467588	28.195708016425115
-0.0948110741436105	-1.7570472773851018	-144.89497198987442	144.90572311681188
-0.080156075582251	-1.550389013024535	-111.52931247290074	111.54011687176096
0.009704132338066815	-0.017937047576655804	-0.8657933577057	0.8660335132704251
0.13379346251107674	0.1436977116156025	-10.113933167969893	10.115838761521253
0.016744872794402697	0.16910260495729645	-6.0573376422716	6.059720735665027
-0.06319282050363864	-0.1476670179386176	-0.7171696126709926	0.7349361428646376
-0.21987099161239432	-0.3435767746284459	-1.0859679933891013	1.1600494539812758
0.1347019438257903	-0.09015576651070177	-1.6080978487781157	1.6222611232629545
0.008925428371881934	-0.08512184831870422	-0.32276913538239926	0.33392410378455123
-0.18591772383763558	-0.36576599009126953	-2.4288732446085333	2.463285488513176
0.036060898670767116	0.14073001042380645	-0.09871740283788998	0.17564296134455898
0.0010079316797045965	-0.023770488151972177	-0.06590424747259739	0.07006726673835194
0.022720569953979183	0.049057300541035034	-0.2256747469296071	0.23206019571901892
0.2397924270865437	0.04835191460970227	-0.467958809709372	0.5280376533156435
-0.19200263784743307	-0.17346857053968628	-0.40901985280852543	0.4839975184822361
0.018454800855344844	-0.05336796272024705	-0.07248716561777224	0.09188638799527629
-1.2528845531938022	-2.3150564031651464	-2.515378069537564	3.6409247020747495
-0.24042718364347732	-0.5221802524602246	-0.48086817263503423	0.7494742464871729
-0.42024482970720844	0.05314123593805464	116.80701800353481	116.8077860614863
-0.31368013917179655	0.1359242447342992	116.82682664104402	116.82732682744468
-0.23389702509619933	-0.13965837207409929	69.44603182035925	69.44656613450078
-0.02180791203194471	-0.010400649868090403	1.3568193715986279	1.3570344747611136
-0.052827241493118016	0.05897325170316991	0.014398591257592672	0.08047286058306159
-0.0030126677002817633	0.06715168750705515	-0.12509340838030203	0.14200980994958948
-1.2677183173099247	-0.9403279629609428	-0.9047033676691074	1.8850821032096206
-0.7801305943828214	-0.0821256318433849	-0.09947905684000291	0.9321825941560727
-0.24839050294880888	-0.2957929829929391	-0.4123656390684808	0.5819935875311512
-0.08990058533238056	-0.07495704941183218	-0.15437692029858824	0.19373411682124841
-0.042382804289148215	0.004066237382891941	-0.3060219988958516	0.30896973993269766
