0.5128397053880549	-0.22717531288467618	20.787470176037235	20.795504545231505
-1.7492742352885633	-0.09927561794619594	-0.8167012703776725	1.9951282931178629
-0.7620387591957772	-0.17227467316188588	9.421829721484231	9.500739377494435
0.049338427407064636	-0.4796299191339562	38.99236295418653	39.00663018620894
-0.6242978326470687	-0.014828727030397018	39.90830578680609	39.91343530984415
0.6126876988517662	-0.5299825567980077	310.2816813851951	310.2841575419917
0.4649562474153725	0.11489355592513198	2.248119999006451	2.302804411155335
-0.15817605551648978	0.00039117929470593247	1.2597855363113144	1.2773250173543078
0.6885832406007989	0.1788744809481628	-0.2980672958035928	0.7838793637406455
-1.3096296658577324	0.26681809258869266	88.67479030565406	88.68497187964172
-0.4041486844756411	0.09706358510553657	8.55725177375831	8.568476830983828
-1.8882204809259293	1.1740964094135578	-1.393783156090002	2.6702491254162344
-0.12601008925808754	-0.0011491198636349592	-0.03864939789243449	0.19197245617207662
-0.03153270150752013	0.055961656279682206	0.08115128166580718	0.17375653557184795
-0.4932993239195869	-0.21531077153004877	-0.4657538712102148	0.8662272001407529
0.13994324195535734	-0.5928146190435434	-24.67968850864534	24.692139601696766
-0.12022773941317365	0.27093946274342406	-132.8992981791825	132.89970202828133
-0.18373524453534273	0.6436858346456227	-1492.5576020886765	1492.5580471101907
-0.31448027563308634	0.023192608406587295	-129.0610520607902	129.06151275482455
-0.11235353345611322	0.08500413391643336	-8.341606516476391	8.34396357134212
-0.17907730858592086	-0.05051999142000506	-2.447878194436999	2.4589039004572304
0.00793606731942896	-0.15328812954619025	6.830243261355051	6.833393229282971
-0.2286956662301008	-0.1583499788748214	9.504304851281292	9.509398872407823
0.7685781796698095	-0.02985229626510788	6.433901677287349	6.498792971233798
-0.33942506793598903	0.8088283418572579	0.4984197664270106	1.0184864809117822
0.03299764420153509	-0.14597902579948255	0.3789004965664928	0.40738717063077995
0.2337589666344672	-0.20599921627115378	0.8836446791764574	0.9369668353913115
0.23841708464806297	0.12017667340611043	1.440842727284851	1.4720029513396666
-0.15789515038361157	0.04047828286331241	7.1006271251433395	7.103868996900184
0.8546438380066869	0.3050957110444053	54.10260031623088	54.110390316883375
-0.037670911455899105	-0.052054561060195854	0.13632250538416785	0.15070700173284668
-0.00894792080096063	-0.6979088292393897	1.8461677629054565	1.9737001312277136
-0.07608751984126852	-0.13471541220495245	2.0680530060807953	2.078523652456464
-0.012691680610267483	0.10570122427540705	0.039116214364999624	0.17984351724841668
0.08717081751854933	-0.0009315902722314626	-0.0734617974149829	0.18021109806759286
-0.10962940526637592	-0.24943132379685617	-0.31223121000048193	0.4372673154815902
0.5725817792088208	-0.7133230249775937	28.131326099179017	28.150591529172097
0.26591939074585236	0.5247634018105558	35.03788757404589	35.04310396050318
0.11966674633138549	-0.05658693684905371	32.08105258199199	32.081325673670875
0.0907953694915617	-0.007035413284509792	7.230150936511653	7.23072443541458
-0.13108483995026055	-0.17876060522743187	1.3831357477972628	1.407722583103914
0.09744613797991952	-0.06489652529763794	1.075167732387448	1.0815234447620985
-0.01609194802926766	-0.09432863562373535	1.6888132437216987	1.6915220999028706
-0.2635540770017398	0.18755146811306833	7.40551863764936	7.471726252357457
0.021410376778282503	-0.020819469835941733	1.8351217971615579	1.8406639155140474
-0.0783663818133673	0.25409150567224176	1.003972673005974	1.0479239934728402
-0.5769996646079123	0.3200440557972736	-0.02944882807573837	1.1474208630593423
-0.4045732472784168	0.101941449881946	-0.30195998775709576	0.5336020902542471
-1.7050218201657277	2.1054095939117454	-1.6458872642655225	3.3059256562948174
-0.12398862604970867	-0.0014099000085609215	-0.18143833442031965	0.26033597773828426
-0.15361715421136748	-0.0617978708661945	0.06643070659627934	0.17841032955093958
-0.11585267446882894	0.0704910887139136	0.06813644488449375	0.15176762135301106
-0.8022959013416039	0.9162594711862356	-0.5304890079135209	1.3357052460273895
0.06891619676664877	-0.0626626709568713	-10.517641060391295	10.51805350470025
0.2893136955664054	-0.10664456052420043	-69.08379047934443	69.08447859302908
-0.13217614533955835	-0.12872667999629872	-7.824035348284093	7.827454886975638
0.013764396788846481	-0.016537038291649472	-20.443790252382364	20.44427799166701
0.0010625287900361408	0.40520884043996724	-287.7293177427982	287.7296369230226
-0.03678165877519479	0.01988261586159031	-10.88369251578626	10.884667692305431
0.2152169733347279	0.35618251789769206	-400.4615012610923	400.4617418136274
-0.20940063380032956	-0.31882090273465724	-173.1452947499278	173.1457711560342
-0.2346842137744906	0.24035017370102404	-1.8691404372602884	1.904208666426725
-0.6713452074068027	0.24320286271243305	-14.10346294841929	14.122216502457231
0.021420617987857844	-0.03586146531496414	1.214729559247388	1.2154475676387162
-0.10366205180764351	-0.0617011985934756	11.616385612376407	11.617011989075268
0.03889020547608914	-0.09775836444298976	0.2762860991335391	0.29564024501912534
0.036243718513298426	0.03883515848499865	0.06800361695714083	0.08629176429694593
-0.03699988835115477	0.08838699012093093	0.9824527309388317	0.9871142893757562
-0.009574739501912153	-0.0324591640429513	1.3231544830049315	1.3235871935248338
-0.0631916771103556	0.042747747012998924	-0.5569940426026713	0.5621947362129721
-0.018706545919438464	-0.07954498442499747	-0.3757791028355027	0.3845611440788896
0.12026029532484386	-0.15880151386076896	-0.47260593105558735	0.5128711587767529
-0.002088681626775831	-0.046045826361340456	-0.020550295813911615	0.05046677495418171
0.05397288567992401	0.04979128655209493	-0.06356053165159828	0.09711944083943654
0.10584986581091793	-0.0912562338255524	-0.13163874440505327	0.19199128452289757
-0.016131735403820104	0.06940432003060983	-0.05134339677467388	0.08782560514116465
-0.016571096103496406	-0.05308510251545395	-0.12827080011265996	0.13980710817654995
0.07545546647631299	0.010794960630270602	21.120717719563608	21.1208552631773
0.25007004552906403	-0.0858455323326793	32.73736672744682	32.738434365901405
-0.01179599552113102	0.19603747341824368	5.642835662136888	5.646252221286117
-0.06657975931007608	0.08817236185697228	6.372746923898268	6.3737046202189225
-0.07127916975321444	-0.02501626674080567	2.8555281387903144	3.0070815203392187
-0.48279013972978424	0.1856930605927839	-0.07105129205373423	0.721271259634768
0.14457637537102513	-0.6088014915607438	-79.3163463865513	79.32037544923713
0.27429145255800697	-0.34287262884230735	-474.39469849928616	474.39490170286297
-0.0059954844601934065	-0.048878379978622384	-86.47917712715747	86.47919114811457
-0.10239702902396017	0.0014099215114071438	-26.880127019146396	26.8803220907949
-0.17665895304419596	-0.06382236463592295	-118.44769655646783	118.44784548995817
0.106686530785602	-0.08842005160946573	-47.62030756444392	47.620509159957685
0.12841749511517214	0.01582763905006274	-24.075043521650475	24.075391214611127
0.08762002067150332	0.07207863276136901	-8.811559372319644	8.8122897801444
0.05966095838393164	0.024515799534882726	-20.84440176250377	20.84450156014897
-0.017014973437605486	0.06084149187417247	-5.5575564305069305	5.5579154972636555
0.12138472105680842	0.06705857624445474	-25.03667273601989	25.03705679175801
-0.0007109183937607788	0.04449587688312389	-18.564748798194923	18.56480213545366
0.1747776298188004	0.2051772863164532	-42.556100547960014	42.55695405908168
-0.15469641764176506	0.18864842629793235	-5.033463837092168	5.041305108262194
-0.2150063573939249	0.37235410056980844	-3.718540245192413	3.7757299701443974
-0.22561148042055845	-0.11145945298569968	-4.330607570029418	4.340157308238208
0.0011954846714541806	-0.05516887980608545	0.2821535401167559	0.2874989646643545
0.09230899873719342	0.056407266079187404	0.44378667782547154	0.4567815083054045
0.14471381915492068	-0.221866289019519	-54.36897570038525	54.37186225789162
0.026834468754223822	-1.0378734717106006	-37.81922377618585	37.833729240587886
-0.06793381048259561	0.3330806841960363	-192.17689589397168	192.1772472301862
0.41308004012798966	0.06359529073130643	-69.5479190259264	69.54931487874104
-0.39010428092042604	0.5844036503214982	-96.14865091805687	96.15131960677272
0.8863699206891748	0.12230288110658466	-27.09725961829959	27.112387726599426
1.2590078756058987	-0.6758918609554694	-23.994412669667568	24.037330338158334
0.09945064472975157	0.21785337996593734	-2.530102215819583	2.5452401720259914
0.1720164556205042	-0.13989297165209008	-2.525563708417466	2.5391162901090754
0.4220380747530305	-0.0746824028869664	-0.9309704044556111	1.0343496878302123
0.42864936905448	-0.5608766113049695	16.805426523947744	16.846395285027782
0.39605040172626854	-0.2782664265360288	1158.4606915596366	1158.461173699292
0.838184968191184	-0.2261777093502489	22.121056632147813	22.13852607344715
0.030823223746118428	-0.7604900488997544	-6.949570573131029	6.991124844947869
-0.6071563559120988	-0.22949877489641343	-6.8497522754325555	6.880437105518578
-0.09022039269899369	-0.24457785639925414	-8.571720131271197	8.576818981466234
0.06078079880448139	-0.18191157931147078	-2.9090289868485573	2.918683874525648
0.07912514043729804	0.02428777549924973	-27.207917903677238	27.212522251337305
-0.39087396032731975	0.04546425298645679	-14.67966884891131	14.685605426735345
-0.33103770477575356	-0.18741739740721858	-91.11622619769784	91.11712719098301
-0.1510001054700485	0.042497166340799905	-14.767945684769533	14.769438261971988
-0.08539345028210267	0.008940555600709305	-24.79366177957252	24.793810445647928
-0.09843674504940887	-0.14394647045811465	-33.52735583842336	33.52780935127425
0.24705188703676817	0.17572945178676389	-151.9013541944707	151.9017208637679
0.3110388556517302	0.18164643623440296	-102.7995562188833	102.80028199952456
0.3453456948769648	-0.05452781854506047	-163.77645541559698	163.77951622844014
-0.5712426338826665	0.010361078835852994	-286.35758849390237	286.35969986247505
0.43304594178065137	-0.005641121016730588	-135.04133588715948	135.04294714834487
0.45520174672812497	0.5869343967004301	-53.88921982463599	53.896635605910454
0.1781724161989364	-0.48909741224624287	-29.944492794404646	29.949342066022286
0.27399266562422914	0.039750199750030336	-5.888851350409485	5.897007891406933
0.13397509296215898	-0.05505773214395539	-11.412167772487443	11.413940324520011
0.16708105740207513	-0.33213151617081593	-10.488654845984508	10.496170143765335
0.5875671560475197	-0.25741565759966745	-17.454518795326376	17.466860168471747
-0.07320740466161857	-0.2012510516751081	-1.206729410929284	1.2255844243051408
0.05104891602942882	-0.2715271442201463	-1.8483256231612497	1.8688607736026102
0.34356837730435535	-0.18076654518127538	-9.824701465908676	9.833359265930861
-0.06164425321105281	0.0942991960193608	-0.2075939110216704	0.2743489914636455
0.37619874860075614	0.5241691886750801	-0.5442557876441767	0.8555541970496374
-0.31993108884242066	-0.23263963265576804	-0.13486968671152189	0.4406208319902404
0.18865239547926765	-0.17847199715095585	-0.28045648809109713	0.4069122837903871
-0.4165880507637624	0.30557442483731745	0.10209272533996956	0.5448156042379392
0.743955673125795	0.15502364718420045	0.511334151546677	0.9265229485556775
-0.4173305149543728	-0.4980352757185963	2.165809736940789	2.261180158943491
0.15610445694167785	-0.13980432432817347	0.4012519827837484	0.4526775941725002
0.47862414742295417	0.6958841038775284	2.3109625934270777	2.4644195368575104
0.3413783892217253	0.35382867243574895	0.171599447501237	0.5391290099299002
0.23058062306162536	-0.35474908049264253	2.678432496805203	2.7152338313088284
0.4291818035944051	0.3011663883652002	4.103437236060988	4.139151501118234
-0.23942809235755563	0.30566745702214115	21.934325341172134	21.938205632252117
0.36355637423922227	0.25074350755547803	8.816722579028495	8.828880017549343
0.35628395384437084	-0.0906045402434538	39.495091495023175	39.49704899639505
0.10895022154544835	0.4895689235475687	34.593216731674545	34.59713386266536
-0.0421289619339541	-0.31000455395019566	688.3252503035352	688.3253355520792
0.1801691840565105	-0.2389704995128535	13.174477138337572	13.17861508232183
0.0928922521661735	-0.06192639552983698	11.66632079032398	11.66768976347166
0.1430761871620102	0.09322963980319521	7.391873318281716	7.393845664780661
0.5122512038814366	0.07098537307189723	19.728065601068316	19.734842603353165
0.12434600682625081	-0.46358149240175606	14.163242383268424	14.171372711799027
-0.10619231959804304	0.1003836562084365	9.05509019241974	9.056269214198062
-0.8021851562504595	0.5395699204746062	-7.457757415265578	7.5214534615218
-0.09099295135590427	0.03963052492353426	-0.7078086465117277	0.7282329027714531
-0.7780147701690626	-0.07987357675024989	-0.2286558930656962	0.8267103925787843
0.11101762697079588	0.07553323301660882	0.5985546965302414	1.1210033454127502
-0.09143662893204241	0.3092870024847323	7.628555984299029	7.692962842591986
-0.04387897649092328	-0.06848935681790222	0.6068824029547054	0.6280144843005602
0.06795124004149657	0.06816609235196112	1.8038024477948582	1.8117524783315284
-0.16440236180901546	-0.10749639581840545	17.38274737861583	17.384417442795076
0.26687723850001793	0.1894669242898247	17.69936143784739	17.702937503936695
-0.8956546663709092	0.1656899095854777	53.80926366181902	53.81715326956256
-0.8945750760353005	-0.25772901962071615	176.39366748718015	176.39681498920123
-2.3261677710296684	-0.17863979706803712	475.86588690788705	475.87186196627385
-1.7883567698150071	0.4143091312649029	325.4881652194203	325.49469415105665
-1.924202965099351	-0.2074633462517522	805.9076721934946	805.9105437269158
0.37631082792888704	0.5217666698892315	104.96239311576491	104.96445731136942
0.423629124323148	-0.9377559942204108	13.245809036582493	13.286451172460673
0.21152849981572502	0.20087004673123005	4.898924155967575	4.909585598880084
-1.337272255716405	-0.09400922550479504	0.3445824816842541	1.672920707018875
-1.012472749385585	1.100238082186127	-0.37714127309034173	1.8057276180280393
-1.2242517003141788	0.6539738539770837	-0.5999830368896159	1.7802374720421665
0.012433703026967516	-0.10903611399820479	0.048096543011739934	0.1839470942322075
0.38879240624682815	0.7398301712156842	-5.748953531056669	5.8846686833283295
-0.008292481760246717	-0.13249062588590232	-2.0699643251930975	2.0789070743237894
-0.5979085663094187	0.25489310314142377	-3.959463521965643	4.014884346325784
0.04580296812207463	0.08295231028454604	-0.846621001759024	0.8632646773671373
-4.786802477563052	0.24408557348401266	-24.813308591460085	25.27237263824498
-0.3515132140775219	0.13960881767178335	-16.32093740322985	16.332901321990832
-0.15748492416663232	0.008249075520810834	-1.2840095128153104	1.2936575967337454
-0.002158673485167288	0.057763965007867527	-0.3081390523178347	0.3135139727156973
0.2490687944897756	-0.399394788868229	-112.40738849515314	112.40837397526069
0.17537004794816294	-0.2984731598105426	-115.20430659682557	115.20482671891939
0.24269858938508726	-0.10890449220778517	-82.56481790396911	82.56524643159065
0.14480140590993848	0.039132394126580955	-43.52609407867067	43.52635252966545
-0.07795976104621517	0.22941471350756618	-49.12129454508677	49.12189213192309
0.023361211382851823	0.07579675975733043	-7.694878315113845	7.695287075827406
-0.11184854980852343	0.10401958784040831	-80.43839335274798	80.4385383715055
0.03398481101797082	0.027025501845295313	-11.843778591945345	11.84385818389231
0.3375022171453621	-0.1504282450075193	-66.15975342929826	66.16078529029883
0.168555493413103	-0.08606526996582319	-56.00241587767694	56.002735668191576
0.46466139118807814	-0.046664709571167855	-25.72181988955977	25.72605889432994
0.32857845141683467	-0.02104117379428228	-12.89806791115543	12.902269659657074
-0.0403762599965191	0.17780029245932097	-11.690010681348085	11.691432457847165
0.07697338444562028	0.10170522101269382	-6.265800474337236	6.26709856617071
-0.0007521498395957754	0.009658309949869721	-2.5878310113093352	2.5878491439368654
-0.08006344186833218	-0.07978498995010383	-1.9749107174086904	1.9781425987731145
0.0864345903963459	-0.12415311991033706	-2.040659857748105	2.0462594143033215
0.2119194216466518	-0.6911031809986888	-7.470309178837698	7.505201707847985
0.07408124689878814	-0.00984013360163822	-0.18684107696884422	0.20123232199190777
0.05144227458336499	-0.06974594664484679	-0.024037174806403466	0.08993659133172509
0.2967110710070637	-0.034597628453527415	-0.162375663138642	0.3400004581356926
0.08223690178941157	-0.031944060808075936	0.022524621124392616	0.09105322396065288
0.09042031597309108	-0.03548187246390104	0.6036760405815728	0.6114405603053028
0.24822491486240292	0.016618844257902377	0.7264708240586562	0.767887786431962
0.0353557921297425	-0.019776315681705132	32.681974378990276	32.68199948662377
0.7938920633171002	-0.16431712344292865	335.6209173269734	335.6218965027825
0.7249068163493239	-0.09816312781491655	49.48134572962722	49.486752784022414
0.20875083119576252	-0.05459741836884798	20.021695463387708	20.02285811307311
0.21163564574626742	-0.005219398464520943	0.8395370704842019	0.8658171754983651
-0.0018056857060540984	0.018831072615656266	0.013980402240192216	0.023522785624214265
0.29609371975198495	-0.30811177501231224	1.9157410953315002	1.9628215153497124
0.0357977785092469	-0.1091620458676688	0.7839644980426044	0.7923371551274148
-0.05140992842115082	0.03473643214854462	0.5222181636511729	0.525891063725066
-0.1898563529289706	0.1441747239691021	5.800058916751228	5.804956091441559
-0.24184496576787995	-0.45991211376290797	68.21878619871164	68.22090792675132
-0.38987499264530245	0.30313572344958106	56.39512786551325	56.39746289088908
0.5477281037068359	1.0768301708608565	375.9090080335465	375.9121236164674
0.12651857272608197	0.23390657017854305	35.61403637392622	35.615302692256556
0.8129676415360774	0.38642793584641427	113.6747643259069	113.68221091829261
-0.01778352821777114	0.18142346553252142	13.611913095270053	13.613849148047956
0.4353439622702593	0.1566077699892863	39.439505666223916	39.442219227056874
0.2964288798216143	0.041810822821582286	34.386587910649375	34.387890984509575
0.011680119156193616	-0.09693372675057052	11.838618684496875	11.839843948058764
0.5407599292468971	0.2193531642710635	80.50414836344044	80.50638434695401
0.07715891530968935	-0.24860868463285918	10.023652806956813	10.02800354784539
0.12653013766732926	0.2686434369211935	6.729824747933242	6.737818645135358
1.0315127984118004	-0.24441714252473382	16.991987702693915	17.025022892241545
1.2966541196832488	-0.3520558034207876	19.321685717980806	19.368345158511538
-0.2823245585725117	0.15978205111192992	5.771579182703753	5.782373518491348
0.5602952150341496	-0.5902412086551502	10.806704055170078	10.838203159809945
-0.2644332137196882	-0.06760701979833406	1.106655818155089	1.1398169736850927
0.15002990185319473	-0.5086470838979693	2.0973017294069423	2.163308894166836
0.026161275633327846	0.17030431989992406	0.8583861513489515	0.8865633330151904
-0.12144686203676741	-0.09965299376438813	0.37007973258496174	0.4255806067420601
-0.11997203891639935	0.11289313594817266	0.12640372928679494	0.25019160246415173
-0.4342061570375163	-0.21510890517510375	0.021001143472105355	0.5047055189138079
-0.29187235297933634	0.09030329979777159	0.6233562891212405	0.7080939234840703
-0.5291072617779318	-0.2746511857004401	-0.4003469088023619	0.7315361922423284
-0.2682581748455767	0.3021914663846241	-0.00432144685838412	0.42752846750844453
-0.5194247056208121	0.40218186367801256	-1.0340804456006494	1.5431219126026383
-0.04413522581447479	0.08362760047586756	-0.325349580699984	0.36643366150055234
1.3933395128129988	-0.020570923676037633	-2.304921045780774	2.7389952355288956
-0.29949854688831634	-0.06817623884186647	-0.7013311706239548	0.7782625359861562
-0.6927959729412392	-0.001244639535693471	-1.1166302757864959	1.321480520837972
-1.9144410537187373	0.739464804900197	-10.624638216991993	10.861750400958242
-1.4869863799540148	0.8296187191997619	-9.857059339030755	10.003050261124795
-0.925844114756786	0.40641825531930387	-5.626433931578753	5.716565569422546
-0.43851904074023035	-0.022838909259218332	-2.4950124339937334	2.5372007006839685
-4.388579987186738	1.9251208607317132	-23.359849536545223	23.846756064238434
-3.0312471933898384	1.1819498597621776	-16.754985715060343	17.068523401724054
-0.6321256896341295	0.39440820116750525	-4.272564306583248	4.3370435172514465
-2.7729045486893593	1.4352736462155478	-17.23646030641678	17.516979590395835
-0.07657993906156663	-0.028537041733598167	-1.1228226716215177	1.1344114714797542
0.40236418004830693	0.10537671725640009	-2.247273752786902	2.470544696780569
-0.04855753349889249	-0.008550765533678855	-0.3115988679434158	0.3449704176510299
0.04433746810182587	-0.2287117423802876	-0.5119262010067642	0.5795024524171792
0.3727605943236801	-0.40250380994057794	-0.013349444374507441	0.5662311985950014
-0.15739024410490984	0.05149989240017197	0.15085256576615838	0.2240098757976209
-0.02704319190721608	-0.035164512377830685	0.13641921474715601	0.14345061628146388
-0.011349420621885823	0.07199267004182386	0.09925892479586687	0.12314255170263025
-0.020250545602868722	-0.04008646610120917	0.24954324545287448	0.2535524417410545
0.027056665208199968	-0.04434815126583561	0.4800121547739925	0.4828151720727688
-0.0785782171929287	0.031091730095790582	0.3735113804474307	0.3829516721745889
0.13674572871023488	0.010689943047514056	12.331085163005431	12.331847994785514
0.13785942818720565	0.13356145946384673	10.702291918166184	10.70401308795161
0.021533608124393436	-0.4476163174541985	8.806113683247126	8.81861338596394
0.05840473293898575	0.00705279462919816	1.1425381794669676	1.152533787435947
0.8371225832030309	-0.22913439005378458	17.772691539595055	17.79387089279922
0.3207942098103835	-0.17689665898958148	7.215835982308768	7.2251290837321
-0.1989031455467756	-0.06914085733623779	1.9768926495200634	1.9880763232803835
-0.5631334439917713	-0.00583514861664456	6.607411500942316	6.631367888112238
0.035392276074501725	-0.020258050291983347	-0.0028120176624826763	0.04087675685154583
-0.07868021918747427	0.05946015999270554	0.06924856931965792	0.12050498691160727
-0.056683629088973383	0.020431728000962684	-0.5511420001094316	0.5544258233527966
0.060654716726954536	0.02034969932438728	-0.20463914244920803	0.21440681786306917
-0.1050802400594553	0.00983753356778614	-0.4334965185789546	0.44615901373582467
-1.084508378373224	0.5330278836478327	-5.558745028269042	5.688578331781464
-0.11310605145189684	0.04293797749264126	-0.32684613724523687	0.3485183585097489
-0.06288912842135877	0.18461270977425231	-0.6618167342701688	0.68995527742298
-1.5357042150141242	1.118858765806131	-9.24281423212328	9.482626107586125
-0.17846042441484006	0.2345148823698902	-1.1246511383720759	1.17096768575264
-0.218743180068146	-0.06543521530449942	0.05824557102812585	0.2356329619825375
-0.1695830974609676	-0.044195856834454546	-0.07374713623755544	0.1901324296616129
0.08645161299290136	0.04910916800054979	-0.1056497665318074	0.14507744462529654
0.020844802201996755	0.15832742194336577	-0.0550957976905149	0.1689308297535623
0.3041630032733251	0.22584769280723666	13.428393162072208	13.434461098719003
-0.03714063486392355	0.12015532106492287	17.581415411996986	17.582419185141823
-1.3740005839813842	-0.0014624901168812654	14.354875023457316	14.428930543361039
-1.122805068565161	0.6428769875388854	26.14085270022427	26.17322375487638
-0.6913077264397514	0.25597405247202	7.834483214058126	7.870326302284601
-0.10802736348057283	-0.017172499959390082	5.445058651101458	5.447945328731764
-0.19375829475242906	-0.36812960064266104	-0.11889046117665876	0.4546167686233021
-0.2790287667751659	0.6653568210939999	10.455142021220695	10.480936562199922
-0.1830909815442776	0.0932267029161796	2.262750364089593	2.2763419164851006
-0.3349576532016998	-0.19760285850165815	6.731324834868672	6.743994167890879
0.10555034285754798	0.08850134032098013	1.0463399366508304	1.064556438168695
-0.10446860273477081	-1.1009587925744602	18.504029026938262	18.537572493899468
-0.15584028677343054	0.3494122519242132	4.956193193933968	4.972897131177535
0.4085630219083883	-0.17429227393830876	5.580270077733629	5.599660299069468
-0.4181807129678849	0.24293970948732244	1.5721359436861049	1.6507531679430192
0.21831637510049637	0.17215335445776747	-0.19988563904220139	0.3697740805997517
0.2447561563347988	0.19291883801508736	-0.3497205248771248	0.4684311044809127
0.14461649640680413	0.19342521651208694	-0.4493895877665242	0.5101747220401003
-0.13846264661030833	0.053206992748937844	0.0432186662195229	0.1545015912329423
-0.09436430404076081	-0.047586087920116156	0.1217068932392277	0.16118816799809763
0.044540755211198865	-0.20892737193403677	-0.10104919326492394	0.23631645113605443
-0.06285514126031973	-0.09064641510142597	-0.008947930493023233	0.11066890626414785
-0.07524743474840473	0.15249600692817053	-0.1000236717034314	0.19728645028558825
-0.01292763469672488	0.5433642962036838	-0.25464246888583647	0.6002121867207053
-0.30472597582920413	-0.5108856340740111	-1.368219608205056	1.4984547816417626
-0.05180486936779614	0.20939863115097052	-0.275540520982635	0.37674115095314
0.023167454744514274	-0.035981297071428185	-0.21695370958901913	0.22113411496808438
0.31513776287104006	0.06606664911166912	-1.3414293176876462	1.3795322490120168
1.3427908770701005	0.7966090668281928	-7.9804090821077915	8.146675543133169
0.06934420227646212	-0.00015376108295379193	-0.3014449225395167	0.33934859401017825
-0.0786196616240777	0.23399111271614387	-3.0848680470108154	3.0978740362371657
0.282525498760101	0.3445448193498736	-6.915926097284609	6.931669738092892
-0.15039765660056198	0.5668480136696786	-2.463092716095986	2.535792112673534
0.26488340611549044	-0.04801135278437674	-4.07252937591869	4.083802592125654
0.1122748404318706	0.15915353361349655	0.6244618591968445	0.654131562185501
0.0802383984033433	0.04201022405855505	0.5993666608576969	0.6061713575982361
0.03271670462406917	0.017407756612051586	0.24142293934621317	0.24425132449034626
0.049720895793390764	-0.16010502407168214	3.0804138761321895	3.0849725176213867
-0.04739663769755071	-0.08583452091291754	3.5900615418689594	3.5914002673959806
-0.1482169689548991	-0.19543918871596402	3.6134509011036817	3.621766442091364
-0.2750720093652289	-0.20559335258964848	3.4906180193222944	3.5074702270700424
-0.21421868096256597	-0.015943229269739345	0.1342939272226819	0.25333513124274754
-0.22580379760930092	-0.15031835797644996	0.09859901738634262	0.2886255878973148
-0.11805765541348893	0.2187913951159125	-7.863279073469714	7.867208213327344
-0.015047179805214759	0.10438073950969226	-1.590610664199776	1.594102895507919
0.19502173297704534	0.15813267195794123	-3.6229027130751303	3.634273417284543
0.32304127283348033	-0.18493489719159717	-2.6435382224763972	2.6732621829418095
0.8141674361069834	-1.4520779429935433	-7.234507589346497	7.4248891447453556
-0.2734889187126954	-0.3943805031254214	-5.003154526102313	5.02805799159697
5.705914230357279	-2.3373421556813736	-4.546213804009126	7.71825610443072
0.6136101487010279	0.5586444619007275	-0.23943949943421558	0.874878339079531
0.015272196549791315	-0.0060900033606610116	-0.7443829458981043	0.7445645024256315
0.08044317730478534	-0.15057127703733966	-0.9718426392624295	0.9867223164255023
-0.11660541826991883	-0.08339079745598901	-0.9259242806716552	0.936956040701788
-0.20181746231424738	0.027319946056810828	-0.9876518871329097	1.008430918657648
0.0867529910393791	0.19342555163279598	0.223588412223127	0.3382470819669979
0.1569291297207895	-0.26690694583173247	-0.5455403900022805	0.6272801500222912
0.061147568455130225	-0.2412225741218933	-0.269343608672037	0.36670606066227296
0.031723036789221726	0.061269599725333496	0.17406367041656312	0.2335342826492907
3.2431448610458595	-1.069064645803767	-2.6357373543604803	4.41456111076819
0.9674025348148334	-0.3876395002114571	-0.806655235339695	1.325256390322752
1.7679402804197029	-0.7522799469281424	-0.8204082297885013	2.0938212440620148
2.5427885000992507	-0.29638119302037136	-1.662350500398853	3.0555693641103105
6.8414971467411	-2.2826170422718786	-4.3597971199349566	8.428744537736906
2.9850778459654452	-0.8880794740521254	-2.313024567545723	3.881872915704026
1.4666441748372023	-0.13122439569093802	-0.6197885213786372	1.6037090053189398
0.4969229228823484	-0.553801339796283	-0.8608162659144046	1.1378193876485463
0.0941334385854016	-0.08604192066515635	-0.07586160123585173	0.14838901210577557
0.4878939959646378	-0.024211860632491006	-0.46349106886127495	0.6876994411134826
0.23442828945976008	-0.2789929559944845	0.1647388618661244	0.4235709738668544
0.1629008676733817	-0.2961253184797842	-0.19195411033616064	0.4129807045231546
-0.09504836806116698	0.14869251878119177	0.007258548679362514	0.2251135909746827
0.21807970763383713	0.09576061457090071	-0.0550581605334778	0.2814960747967664
-0.03386473490321182	-0.030075840928946218	0.05561848414156548	0.07172720722190191
-0.041569732944360664	-0.1341465398232447	-0.063090310686811	0.15396013817275295
0.26104520422148053	0.2723925300747907	0.11167290753307965	0.41748402635846077
-0.7016941664437669	-0.5943004250410777	1.1709896454539699	1.568599499740336
-0.16315195154726464	-0.1626236500852465	-0.050203711043169286	0.2739803065244576
0.04226271132830718	-0.082084771292599	-0.895710906023799	0.9112090092382499
0.23978722921192983	-1.1286375120526546	-4.308528585311522	4.462535031151245
0.03514615419653369	0.048793198139026606	-0.07892820846893009	0.09922545253893136
-0.10824228389356108	0.06476614997641103	-0.28793952303869075	0.3143568277181362
0.11294416004635885	0.04584608987495613	-0.35553728466944196	0.375852375322439
0.13458874703903181	-0.05382229858821801	-0.1978046482348525	0.24522978921446179
0.10821084957044048	0.061709695832884284	0.06633654665245847	0.14113189556693903
0.27497359023276213	0.18048293271611512	-0.04691700787451049	0.33224354012561563
0.10704613436217626	-0.40331818722960877	0.0543442754642283	0.4208060542670397
0.15991799781535354	-0.21441903541935067	-0.0026127299729453816	0.26749974791268066
-0.06557862478728385	0.0681839870582632	0.06752329930479041	0.11622825847941229
-0.04131293813099582	-0.04400785492858899	0.15380443538327876	0.16522486040544984
-0.19931489385841933	-0.18476822309056012	0.3824215643643892	0.4691609276876567
-0.09912484266682801	-0.2718461255193791	0.35575427531556914	0.45857077403485613
0.2826687620613185	-0.10213471465225463	-0.06420406129081482	0.3375427015484269
0.28282759263587287	-0.6264818827406984	0.1230037438830116	0.7120959924531037
