0.3160614724070639	-0.003532866078220079	1160.2698631976014	1160.2700112783482
-0.1796156219794499	-0.24038113393717697	409.3065222407822	409.30665603370045
0.5079697909428642	-0.5365283345786205	130.30309091596007	130.30526036196767
-0.45569037515309896	-0.11610801673129938	21.652672991411663	21.65822851129484
0.5917224531556693	0.47744049998349664	-399.60271342597497	399.60346112374873
0.4923318345066845	0.5250538507161087	-100.30604718256834	100.30872670589507
0.4616626095619586	0.14193736016090513	349.2178297040212	349.21819159595765
0.11695276906550806	0.7947372809597866	353.1290930216832	353.13003426981027
0.09695738776309884	0.1001942969352036	3.351569231185805	3.3573703591518758
0.04879585330532099	-0.28916140765536413	2.3254956283181536	2.343912385799408
0.04183746485741181	-0.33928277459991657	4.1388374260348835	4.152931303760391
0.3194376600226029	0.0760226629200221	2.8796848740697616	2.8983451895632353
0.11124143465220233	0.021593914131177817	1.0245224523537995	1.030770201979097
0.02566162414337782	-0.08419162875698143	0.6599208918500304	0.665764472472487
-0.2091648611404365	0.10076742474722813	0.37110564435942234	0.45945967962543627
0.22119434804954088	-0.2267597563853264	0.09118274732430429	0.35796788268586616
0.2803718566193461	0.472334869865294	0.3671124457988858	0.6752480581499536
0.09362537259670696	0.026849498175953564	-0.024562996280674737	0.1719585171849803
-0.07754789709032	0.10444274854150136	0.0817016850392418	0.20754978753129472
-0.1854435539034995	0.002421251075396487	-0.13873497049699168	0.23160864875891657
0.08003712602966312	-0.8395530108600443	-19.499596504527986	19.54042760084556
-0.20945693504728238	-0.2881197613301367	-7.081469283606467	7.0917961197478165
-0.10468976421020543	-0.5157487740397511	-30.873518290105345	30.892294834457054
0.1954759724240685	-0.2535277953857482	-10.0155153461237	10.021602398427483
-0.07070409858182755	-0.03607843048236615	-531.9416136779224	531.9416196003041
0.0027534280050958634	-0.16571007668997023	-667.8939228309271	667.8939433936312
0.14682098839040886	0.211148001097415	-135.64228653500146	135.64260214294512
-0.12641883467785547	0.3218667731382739	-29.396762171645847	29.399127298316497
-0.0013422381065811007	0.02706120436436551	3.705805577987347	3.7059046253549135
-0.43595895936600254	0.22093384331423882	36.79293021231244	36.79617623592794
0.012963990314694945	0.11110861247244193	2.5099338907541866	2.512425386905426
-0.218110519031448	0.477513811696848	10.19283937261815	10.20634930398074
0.02309855272503071	-0.13788616510622764	0.1042292348300588	0.17438426264704174
0.2496459589506861	-0.25211703091523663	0.28142625842637436	0.452865146627327
-0.1683724380103816	-0.20624305955014768	-0.2185311896363329	0.34444354884078815
-0.10171567605672899	-0.07523050547175468	-0.008837756154009155	0.12682197618335264
-0.007829359772149814	0.26361925016823806	-2.5052876402233966	2.519131312216538
0.04715070723871822	0.020620663274641578	-0.6589020952449725	0.66090874715441
0.2515261452106323	-0.14509798732984036	6.33056598052222	6.338758888481005
-0.39566215195584997	0.08020595706187665	-0.4642818843059541	0.6308874598795198
0.004061896465627112	-0.15011194579016668	0.6305104426786018	0.6630032416953735
0.30116264464508247	0.6301223650113993	3.673608302880376	3.742008936561859
-0.48289164261016576	-0.4784755544201062	9.421435024945888	9.44695934726394
-0.2831417330248613	-0.06388470645358003	8.061910331721238	8.068341123075587
-1.35895479208103	-0.4844388524633086	34.07464589982189	34.118078534991454
-0.39105288174839903	-0.015440578303894614	6.004717460471789	6.037674427316936
-0.9666061736738746	0.08399452375967553	10.890611110107532	10.934636377653518
-0.7709566729506334	0.19102800993403518	8.54814957268321	8.58610544973742
-0.3844973305027928	-0.010776211028188487	26.001929736037322	26.005149184471325
-0.6479583201543316	1.1620934760347303	108.57091232303438	108.57915450800223
-1.2800453444185602	2.4360326126266205	339.45339839619675	339.46458126509384
-0.35098197537770126	-0.9277594739490984	-122.92174868317879	122.92934156296455
-0.09021267162036178	0.17601036456011715	-13.88939081511984	13.891500098066762
-0.08149028737588446	-0.5625437095400588	-7.954757749584739	7.97626145080251
-0.28518494540394856	-0.17014474115877581	-1.5800134430072483	1.6205560622862323
0.386424625070584	-0.1514298045672842	-1.2323123614489337	1.3077952888935163
0.2171608987959734	0.41698828622367945	-1.7254497110851899	1.7937933485208382
-0.2357012730638694	-0.02520957026955495	-0.47218708181568153	0.5464714427037461
0.6498692069345248	-0.14355564267782162	-1.3036360258659037	1.4703349555464553
1.3738717746644502	-0.0302622280401931	-3.4800198226101573	3.7441230223278232
0.10107515305063902	-0.325835881158957	-0.757964501293507	0.8428375751803898
0.37348220987400693	-0.5347174425082484	-0.7292805767152495	0.988302407610677
0.17740239198671726	-0.758310917321082	-0.1424457873363273	0.8039139526347432
-0.10860371038007412	0.2523702492460088	-2.436179219089518	2.451622869883627
-0.7971900010316222	1.7593402032331948	-14.227679790085983	14.358191461938322
0.02475098554748892	0.03920411543511023	-0.20626247886592197	0.21140904460437915
0.2403655799231213	0.5995798350533438	-1.3109924525531065	1.461496767449584
0.0385319994113667	-0.08043648478575931	-0.20852667833808142	0.2663041560735412
-0.26516983217020773	-0.06514162675615429	-0.7301905945154978	0.7919700503481875
-0.17797939680516345	-0.27675951848192604	-0.7501210817195778	0.956385945315816
-0.13518735688187783	0.009028070230376245	-0.7091596972959692	0.8746339498222692
0.03221869779966036	-0.17545961477747074	-0.00023225454688263758	0.22650377424656476
-0.22849291372745856	-0.39449672412687586	1.8901563052501333	1.9493607465390637
0.06957722794464813	-0.5102976453324649	7.680177561548405	7.698691566707418
-0.3116661398666617	-0.22815876795685022	13.88514108145429	13.891213584238221
-1.2107543479144554	-0.37225267433073667	11.648358500323033	11.717028373123792
-0.19722692963815577	0.07065036540093325	4.436211692523722	4.4411557185928485
-0.13387309198054373	-0.04003457436336042	6.03852584615043	6.040142313433323
-0.7938809913384454	0.05968891986512718	28.80819416672337	28.81919257965423
-0.20231722270675284	0.0023974463391637276	1.7301163736933258	1.7419071941049182
-0.5683074139738694	0.07124920416951952	7.1593380966436735	7.182212176476406
-0.6653391244169172	1.36685948225433	84.53979893305015	84.55358102659022
0.0898717579723638	-0.2156802934536692	12.655577523931342	12.657734291179487
-0.04039089936201388	-0.11734866435447308	4.737685915094803	4.739311127565342
-0.045952445599999364	0.3374981043543515	45.83973057759671	45.841208489843005
0.37295503502984423	0.332179547238984	49.767027420082535	49.769729120479504
-0.5767011230402662	-0.33690342041970656	424.7769175300514	424.77772949434916
0.15901299121952414	-0.2214951745299369	44.335132318572164	44.336190440022236
0.2993532283939191	-0.4687912798875204	33.672865134034524	33.67774790183017
0.07391864041259977	-0.05393393965415255	10.408158752825686	10.409496685439168
0.011367021256265875	-0.05461282582529084	10.279996913543314	10.281095666186403
0.8106234110188606	-1.1785054930462109	41.86044324355204	41.885106826211775
0.026999121783502333	0.2092848186226669	9.41678571484655	9.420183759997522
2.677221152699864	-0.5296910708709226	11.504864462703898	11.861398898153247
1.6560302773341855	0.3172012142470486	8.746637930538672	8.956956992785281
-0.7237435546742871	-0.20252157369953178	-0.9991298819792309	1.2579984207900023
0.0020216082775763727	0.07227186581681576	-6.218384709303726	6.218805005979131
-0.10904285690359865	-0.012507395855105075	-8.438830144688518	8.439543885216574
-0.8124869064147933	-0.054207399994276734	-90.706522000591	90.71017697512781
-0.6456974322268068	-0.1012310370002182	-19.95357371914362	19.9647628798099
0.06368307676024745	-1.1654339461309688	-47.36579837389685	47.38946610805623
-0.19674579571233827	-0.40393505227600535	-28.727437242842772	28.73095061037935
-0.43728574196512354	-0.5678928388445492	-51.90666512307555	51.91161339522829
-0.3158921604180518	-0.3402496359546373	-21.134640974237524	21.140200722003577
-0.2835897286007032	-0.21339695105741635	-5.30308674558679	5.316781941081155
0.2518633329155524	-0.3075450895958129	-0.6347899092706251	0.7618773749191106
-0.08128357076027584	-0.12201046314260064	-0.625618135690006	0.6575495483962035
-0.2122073437062737	0.06446777776813611	-1.5470326657082134	1.5628493592990642
-0.3035690193093238	0.016762526206352206	-1.3318668054116685	1.3661274900706475
0.0563912549635917	0.01217002283889888	0.010321729476511374	0.05860564129547951
0.008786422029201248	-0.07322821719035957	-0.1068891220709538	0.129864765899196
0.34227292416528066	0.4008249676030418	-1.2247243128369358	1.3406121126651578
-0.03770950450701763	0.24819430380113225	-0.9354048134448536	0.9785113024821406
-0.26083208098859	-0.14119062484070619	-0.8753927129356599	0.9347514930593062
0.19245964479299993	-0.22915876440373983	-0.6662639973189867	0.7436006678321175
-0.05930975715869924	0.6498952003012558	-0.9685976229523009	1.1762408591600964
0.7259112740256624	0.2030629347516659	-0.9435647323553689	1.2157203306157132
1.2473093397457633	-0.6036394225527184	-1.544383409719095	2.07491716887503
0.6450254421842382	-0.220903957549425	-0.8318233225457042	1.0755400594384878
1.0793570723243628	0.29765113272881716	-0.9003533764812071	1.4435109538318298
0.151463364814052	-0.052197458991606195	-0.07077193241986744	0.17514106321596112
0.7897601356954255	-0.5279857046468535	-0.18842589315116795	0.9685010549580764
-0.040756469558304975	0.19151209740362585	-0.06957853212899107	0.25031765877783757
0.4935963454117226	-0.1319349709100001	-0.35179460955180686	0.6203254275479441
0.19997255044377374	-0.14283416620173603	-0.1310560051642679	0.27850726463621983
0.08225168766759028	-0.15526663235935084	0.04979778095961326	0.18262772581643308
0.4468551192456017	-0.3469169065739805	0.1129713544229963	0.5768824530032328
-0.1977332350499857	0.2795507116375165	-152.5687873752319	152.56923545710723
-0.4890469625370144	0.5640279618420332	-166.46906482323845	166.4707971909241
0.5193431896960605	0.24743742499948954	-189.83795744911865	189.8394710038557
-0.5127326205450039	-0.6745584044095287	-91.13976309901648	91.14380846393722
-0.0727320234680566	0.061606699377455	-0.4197591749236377	0.4304452317990236
-0.261911561702101	0.25610216849255785	-0.7663643071045794	0.849411701157752
-0.18932707562119044	0.09968795073482249	-0.43479977632466466	0.5042946157524972
0.16995172771562927	0.2095926694313121	-0.22330317888285434	0.377036830338972
0.3773972272406632	0.3941126354074705	-0.4908066199551244	0.7470772112764094
-0.060803685424760195	0.28501126254591375	-0.14346821087904577	0.3535412569589062
0.018552183306146545	0.04983701492952709	0.09081534564859903	0.10523943447104456
0.22262173954480735	0.2199263939436011	1.4310528357925376	1.464868689166662
-0.06516514688084353	-0.10459912542018268	0.06542936247512102	0.13952947674441324
0.061539739886114955	-0.1026989163036306	0.01526349073358943	0.12069457794186599
1.5960020601081653	1.062845611709003	22.280497141925373	22.382587161596028
1.3552995868522875	0.8990754320077688	20.056984067714254	20.14474063570949
-2.6942673045168775	0.5079098842912937	7.30682540503271	7.805525353445526
-0.4006056737021533	-0.04333453999382375	0.40402760267679927	0.5874358490793901
-0.25799496746501155	-0.05372531481164752	3.3491900394061154	3.3956209557525745
-0.8915254829838166	-0.07469476007709144	8.716439911668441	8.762232690799705
-0.2735134338626938	-0.0975883891254991	2.9988961096749076	3.0129239898840403
-0.19177770799759591	-0.047572541688130014	1.7738380802829994	1.7848090573138504
-0.04827862143602274	-0.025391881984632818	1.6365348901517338	1.6374437454894228
-0.045362973945381094	-0.0622861461591597	0.8282262767745229	0.8318029387711479
-0.43867070252430845	-0.11035040237925728	3.8107455689003875	3.83749801139393
-0.15425031149091561	0.01450037700985338	10.254485253078991	10.255655572665406
0.014727432149374421	-0.026665737225945146	4.6353999149169045	4.635500008630261
-0.4274983266450045	0.2569846221274772	143.29296971373378	143.293837848305
-0.4305634096500258	0.22813040162413684	107.11365286367021	107.11476115890248
-0.470540902674394	0.44187793021509314	164.72977941964805	164.7311032327444
-0.2635832168809519	0.2654921590538417	159.91843646655929	159.9189349761078
-0.3946010784327739	0.23080900864861836	61.510986490782045	61.51284355046226
0.19943270097844612	0.776636935707259	107.09794796297852	107.1010404991375
-0.06144665108540781	0.1184222314446505	2.4801175241501845	2.483703373880782
-0.023087126031457347	0.04181435126487132	4.125504478785097	4.125780975747014
0.3042108393960621	0.3380026813679724	29.06661213197238	29.070504134996387
-0.12672731685219402	-0.5211722588297085	17.49848501138187	17.507259574664058
0.8529410658316021	-1.3575326886340813	51.597596158979854	51.62268699547289
0.3667377669453223	-0.2002114316769467	11.2364738308437	11.245105830680894
-0.3229549440723985	-0.8493946947746093	17.071928017475805	17.096665676739057
0.3621530092595875	-0.25302815152055946	2.710512159630524	2.7498243580240924
-0.08755552470650349	-0.07286478551402761	2.3182586157319465	2.325247952625706
0.12019681195762838	0.3487602809095202	1.2391298250797753	1.3003859102001596
0.5755927724335704	-0.3299583751920714	2.23856391278917	2.338980065237648
0.7170360848701358	-0.10206877297875902	2.3014152335078837	2.4167231209523004
0.10229328272200999	0.27381670623804366	-0.7829315449054611	0.8472904420640825
-0.12094746100453888	0.08415416718862843	-0.22187101325772468	0.26633993073263634
0.03709205424861478	0.03669080586062695	-0.07136378071607244	0.0884014984102423
-0.6794437007120395	0.10409232821042749	-31.467503858307854	31.475010373752855
-0.3482853688136972	0.06510471728601915	-21.26452967005642	21.267481360308103
-0.12738748832965813	-0.07673046246250706	-26.66533405218158	26.665748728481024
-0.12048015083620746	0.034323938690458015	-12.607924312621877	12.608546667729577
-0.08909461088125628	-0.046182663419505596	-4.578239870242688	4.579339580940506
-0.3149045704334871	0.02019599155428363	-24.479441795239143	24.481475514622396
-0.0025274151919509203	-0.08367369892102024	-2.163686144593186	2.1653049226432763
0.13817084767719812	-0.504006203354494	-18.504249794784972	18.511628079806712
0.156252031481647	-0.5920725517784798	-22.036748623046545	22.04525469892277
-0.008740517483836432	-0.04634801266418437	-0.9107257816513861	0.9119462617327467
-0.025202226466464202	-0.3362284151910364	-18.061605343780528	18.064752206822053
-0.06474297266569141	-0.01253500954352158	-1.358939575220072	1.3605386977492244
0.037750855921562035	-0.08418318479271386	-3.8998720987182276	3.9009632556697538
-0.04537710684161683	-0.1471202507230406	-4.525211368696598	4.52782965463356
-0.00035761282515673135	-0.06266532884340374	-0.5217360191891345	0.5254860084201193
-0.4067545432082798	-1.4227465694575299	-8.346175026260555	8.476337335683324
-0.18264017938543242	-0.45433962047699467	-2.4446965748011387	2.4932555562367726
-0.07568680398305866	-0.0972934268768848	-1.2461372566005504	1.2522190565146993
-0.2897449616182591	-0.10053192817465666	-2.078658543680598	2.1011616198146266
-0.04697605032198393	-0.024820051024929894	-0.5219385944448005	0.5246357599399297
-0.28118246717814555	-0.01719380679883601	-1.0224612176339167	1.0605593563804223
-0.18621606783372813	-0.07193577100060271	-0.9815258155630627	1.0016207394446472
-0.2355152775522993	0.05441300098396801	-1.4296882512860691	1.4499781779399425
0.07690626761322245	0.11333937494511867	-0.7487106976109704	0.7611360565813792
-0.012152409138222296	-0.006730165372651791	-0.005167221311333237	0.014821482715514025
-0.6297877751417447	-0.041746980413063406	-2.6818125249244065	2.755085093229068
-0.16492619492241736	-0.05145700933546178	-0.5196741073812768	0.5476400747424024
0.06464151840677164	0.023612234928061304	-0.029561025184681105	0.07489938417771075
-0.05671830006813643	-0.03544225911114506	-0.0317337710558836	0.07402804548917892
0.4284133917774745	0.16686012842095138	-1.162865543096293	1.2504545605625077
0.17416176120497626	-0.018123392384947534	-0.4770113411180839	0.5081344270690887
-0.0056437461610214235	-0.008494093285541071	-0.2287336310856455	0.2289608601510261
0.06250856601940127	-0.00464805732910937	-0.03198081531817413	0.07036830118136789
0.19661498526806917	0.049233383190561614	-0.41218104526481153	0.45931970622644136
0.022643225883883927	-0.01732512145145724	-0.25406605250114045	0.25566078022498595
0.4183092908707673	0.4944170218040917	-0.40120216844944545	0.7618359628207172
0.38899555186059187	0.2836876276774469	-0.2743043639505145	0.5541110841220203
0.005230056750860634	0.0016887480436400086	0.01490611188969061	0.015887024115299263
0.8347718774578471	0.15448958140532912	-0.016556388107331742	0.8491084925640855
0.8296061466053672	0.43237556351357015	-0.2903668063289536	0.9795447251793863
0.2948339522623657	0.13523991126694251	-0.1856002181433703	0.37371691690503395
-0.36460700684469066	-0.7370276187442868	32.45437038145018	32.46508562473667
0.21084386403400857	-1.8921221399006067	81.85899224200932	81.88124737685392
0.46468935637105907	-0.02137927882647396	0.9549761191688633	1.0622488689899898
0.14427024956283638	0.06294961292046665	0.25498826580776784	0.2996590969341872
-0.08449385018106607	-0.13495039868375788	0.18854103876007175	0.28351072117303183
0.11992629507126334	0.07792288025380871	1.0819529234303522	1.1002527913784428
-0.44791114596190174	-0.0989375843403218	0.7508691291561859	0.8908968931878543
0.12648389167996152	0.15510460816419427	0.125407966172997	0.27434022163715616
-0.08307566465749751	-0.30340135362072973	0.7783767292288002	0.8510605530407933
0.08602202906310469	-0.25827343052871354	0.13148978408806247	0.33297793113167296
-0.06870134814044793	-0.617467210739195	-0.0077902285270932126	0.6368093153643877
-1.1838292018982908	0.8701957031266458	-213.84035957186353	213.8454524972411
-0.034070013093097824	0.016090130279275257	-5.9513625601735685	5.953118154851305
0.3269390412540361	0.01756016397591071	-193.60357508462877	193.60390224071014
0.17991472736049377	-0.18594123091584674	-48.784922676548895	48.78580842614202
0.22714027603701278	0.31701151401242955	-458.83692162999427	458.8370873631452
-0.01425936505889875	0.06549625022569197	-64.96285255014067	64.96288713211263
0.7320100423600295	-0.22701989020470603	-290.4066782128974	290.4077230501402
-0.2748736963277908	-1.8792662151539619	-396.6854826065751	396.69005380479695
-0.22306630750213163	-0.1194295983174165	-53.29686161572283	53.297644974960264
0.2665061817357933	0.458649959704406	-0.700666484492087	0.8898306793040712
0.2010967375748303	0.34073748767644296	-3.426871601044568	3.4524586439691145
-0.06400946085347059	0.07139549351322261	-0.4229888914429345	0.45562475213367337
0.6833114827013319	0.19733819588420487	-2.7509724706748075	2.9923330485186606
0.36328473966755503	0.013074259398058272	-3.201835377514548	3.22542653116419
1.9379875732210357	-0.78622624292198	-6.790387468428102	7.106531453198795
2.3085580175690184	-1.0176410385096677	-11.509277178283043	11.819952891411543
0.6500799912162474	-0.9118577588613369	-5.277506969311261	5.396818337076417
6.56213621121236	-1.9116759834285835	-31.348554469098428	32.08531570371488
2.2779090127071235	0.5031842230512761	-11.691375308080643	11.922659108260952
0.42795894092649905	0.788236897612451	6.688730527327554	6.74859854555597
0.15953494379147326	0.34317089655084004	3.5318912370187525	3.552108299680614
-0.10980982394248584	0.467730983477184	9.07456383651002	9.088345233216787
0.5152948941687218	0.39586947278771417	5.774731168846686	5.812851393661375
0.020283502144300775	-0.08797483826057395	2.002614681545816	2.0654859639970895
-0.4859446457525557	1.4394090693157588	6.320806364467552	6.502316014279645
-0.23545239530535	0.7042593522317485	1.80857441210868	1.9550857960189796
-0.3239438096314074	0.057601242857953816	0.49445648867100966	0.5939231551018659
-0.3205648674943884	0.4581247615884646	1.4732413188952571	1.5819481344381738
-0.7630029029382808	0.5759071208614918	3.284459625276064	3.4235942015256127
-1.3583830053932706	0.12900697720560836	3.2990703866448987	3.5728409411064335
-1.5836108880203164	-0.025428108661725318	9.322660650011317	9.457269765293574
-0.07605284279689078	-1.225863027351779	17.789435883686124	17.856452723018787
0.6677517892448182	-2.074571473191773	12.29164978270207	12.518673468659552
-0.1467418118724823	-0.24701843389673683	125.52846005072996	125.52878886523897
0.009513375037272342	-0.12759449972853162	80.49036539276044	80.49046708723183
-0.3051977949867963	-0.4885536484895572	115.59358088853128	115.59608725517936
0.14892032950805448	0.02794790859857316	10.325280450909304	10.32639214537515
1.0109774930205548	-0.15054666766968505	63.85552777177636	63.86370774393421
0.13437249239409438	-0.08582071192140285	2.8089146381491275	2.813436085237292
0.14872716940263106	-0.0025513758148325363	1.3323118572153783	1.340589857232165
-0.05749474867885605	0.00399397570124852	0.40390168044875585	0.4079928497374382
-0.11811346637928032	-0.028978713564576496	0.18218712735377257	0.21904955182197222
0.05863715161841097	-0.04447536499557869	-0.08458739635500417	0.11212226033901132
0.31308968006101956	0.006909543370603295	-0.126683657783807	0.33781894366625825
-0.603758398294836	0.19944640325307755	-0.6848688522001244	0.9448958677526593
-1.9741999315915706	0.18885430001791775	-1.466888830306388	2.4707031270286324
-3.6055887476094908	0.248720390407068	-2.7622993058378533	4.551033870388651
-3.5433948383773175	-0.3614036219157421	-1.2661603789276485	3.7827108597722656
-0.44082089687883697	0.5723775079720022	52.172450260363796	52.177638745249766
0.2920883653689036	-0.2287092463788326	43.84190013080396	43.84369179707442
0.13203150293945454	-0.13542860415870878	23.005892445336176	23.007093258729338
0.3441239264322534	-0.041535859061905385	82.62893447303495	82.6311362538107
0.021152369983652053	0.002832083808995276	0.34632243459375756	0.3469793540797117
-0.13003901636326012	-0.09234610759409394	0.7823285428768167	0.7984208779611587
-0.03190539222762909	-0.16082947446555107	0.35624553752530896	0.633569782278764
0.06765982589449997	0.0920927432326071	0.09115800443387162	0.14618039255846427
-0.054208179786986915	0.010485644341730101	0.032217794254829395	0.06392543906557133
-0.2377093771598737	0.004613808430328388	-0.25073601649493144	0.3455366625782468
-0.042457277602288825	-0.056485480356078796	-0.030542259682708225	0.07698090372930638
-0.08527420963981833	0.4818277917373591	-108.7102854625633	108.71138668540533
-0.09890781586380146	0.18897026303048164	-35.68011524875879	35.68075274824031
0.06168363162409587	0.43147471934243525	-54.29166410113772	54.29341365372606
-0.03761104393359363	0.46829544341295176	-71.42274329633929	71.42428841219018
-0.0001322020274941904	0.023294474770520525	-1.4580700604559005	1.4582561336164799
0.031243880002867694	0.09227877595183512	-59.86707939263187	59.86715866446492
0.3043978085485468	0.06540214581515817	-191.53533932696905	191.5362387703063
-0.25827119341889926	1.0718779864174526	-0.7179423093408317	1.323082526359562
0.38230038361967505	0.6780077687113313	-0.27655541339881073	0.8377414871718218
0.28801759542433025	0.3011976451910524	0.1231908495690091	0.4564317331871027
-0.4615161031820775	0.27400594258587174	-0.6381315721185924	0.8454395651395125
-0.06213828034530053	0.8913497185444226	-0.03189053452494732	0.8940819273566487
0.012242357021023477	0.040638489041714014	-0.028009173314235473	0.05085150820546621
-0.060893779838168044	0.04854351123556329	-0.46043163460700537	0.46697089315388324
-0.03642274727274513	0.04643235188581817	-0.04704417369025226	0.07547008744357814
0.07529176696350957	0.2993380424018268	-0.2780291922829685	0.43823752744711997
0.01899174573551682	0.11640502201853709	-0.2696587668953256	0.3257398517540127
-0.8204855554434325	0.7018916438330791	-1.3893110282085464	1.7650816820691069
0.13157147188700807	0.5370583400118196	-1.9444907015045474	2.0215802732091572
0.025631450597541246	0.5360391273355578	-2.218141957690758	2.2821368630655328
0.03503504879273318	0.28839187203959515	-2.9314668454708857	2.949131224190852
-0.1027522122824536	-0.2062858142238478	-4.258282398405465	4.2667974669239594
0.35998978585730373	-0.5160439571622395	-8.018048907694133	8.097243536582084
0.047978397561971586	0.01705209080845224	-0.7080148151894667	0.723434491755355
0.6550071315646795	-0.6570704158649788	-5.287647191610935	5.370239145667218
0.3700896219867629	-0.10621816238400562	-1.148578049153374	1.211395955631152
0.7913580541907954	-0.34419864240034453	-3.152974605467483	3.2689400633975727
0.39831570860338805	-0.15493038127939826	-3.0029511691890503	3.03642130413378
1.134520562364955	-0.15581859772851442	-5.003135300779389	5.134419048405754
-0.010071922199682426	0.013888359976275588	-0.03103445573450271	0.035460789646648685
-0.023929568011722607	0.019730733010774167	-2.172677241948226	2.172898599504845
0.0049491290832180375	-0.016662868176067037	-0.02190436507976777	0.02796330209548036
0.20465203066435023	-0.1522154430181551	-2.0151112022164313	2.031188113407128
-0.5676467624444282	2.5306163572828795	74.15566411989651	74.20113370321553
0.5226601216108397	0.5511097228469104	9.276216092386548	9.307259560256703
0.16066456900104953	0.1315326874540474	1.848942757448002	1.8605653097702852
1.0841458222770841	1.7237611785917863	12.627786102059739	12.790922820662871
0.5769020461955597	0.7968346835538661	5.684893388026064	5.769382490097315
0.012749656982240575	-0.10178631911102462	0.9317176364936751	0.9373477277215196
0.009490212737707244	0.04466470539313208	0.4207180746089073	0.4231887266318519
-0.1983556094505548	-0.0684075453644946	1.467224024160236	1.4821507605963213
-0.43757688704839276	0.004064658118486539	2.2871912276754043	2.3286763977590157
-0.9957949388098852	0.2377833888252104	3.6484538888471105	3.7893751832200757
-0.27217363621789525	0.01028961787098702	1.149251068754378	1.1810852566690864
1.1929951370975715	-2.443960918889095	16.426473729559383	16.650666693649246
0.058508932827192495	-0.2199192700184037	3.0302191497272863	3.0419558939636127
-1.5655288520082307	-0.7027689647608307	-1.27512301974421	2.137920372647871
-0.40233350559254094	-0.1103175116069247	-0.33157183325344813	0.5328996938417019
-1.6531480796203355	-1.013362031456465	-1.312872121842879	2.3458291014398727
-0.7463575947150854	0.017410608823815007	-0.021931046981785385	0.7598115188717666
-1.460886989717102	-0.05158040368838976	-0.5708862977533203	1.5755133400361434
-0.9084353584454681	-0.22474306569030542	-0.7224195958050328	1.190434417913448
-0.8812023495495781	-0.0680703835733339	-0.4040908311419248	0.9817944503227186
-0.5738727155770404	-0.045499008357953064	-0.9693012425875625	1.135968633909897
-0.091869698664693	0.04646057069059103	-0.07934925007559598	0.12998049718783342
-0.14221882974431696	-0.059912636666732404	-0.2815422962784512	0.3210635204440798
-2.912665499326267	0.10694687253915869	-1.647734161644888	3.4771304843021107
-0.3345632457671546	-0.40801264941945775	-0.09705351273732613	0.5543519249891656
-0.19127967317507144	-0.2643525931280339	0.20703594457675167	0.3864376912391773
0.3672689733189404	-0.8469442737535208	0.7314365834815415	1.1777947942072835
-0.3025003153713801	-0.3361179954989105	0.8263650762832506	1.3295531504601885
0.4804367162029648	-1.6035992588475632	5.0600140260065025	5.41169498009033
0.09204036287769984	-0.3456933077245563	0.3441841642752627	0.5156721974685705
-0.8552998790757943	-1.4528992808853007	2.84655587200071	3.4392043150801346
0.2653180806105473	-0.23168901893453125	0.5597783387851625	0.6759475267110507
0.3069102440537178	-0.2958888368332735	0.9439843705691766	1.0451461038756948
0.3712451120887873	-1.4248672600614578	3.796400376233132	4.074334944945977
0.16455496183983362	-0.3628217346072616	5.466238947398608	5.480737740179417
0.016254687800739135	-0.09841161415993671	0.7375897837954922	0.7443035334032378
0.13270500972187357	0.056059736740794265	20.59351749610994	20.59402136971491
0.04564405794367488	0.16094419920650024	21.940646924418953	21.941284690676113
0.029868762901529664	0.06100306120476421	13.834491409320586	13.834658147964435
0.18061344361551762	-0.013381034766288595	23.043672520994107	23.044384207935014
0.029338295090556903	-0.030257218451116372	4.230915779884787	4.231125686068106
0.9123296709822264	-0.1115760589248013	108.59299169645362	108.5968813559189
0.20062528757953657	-0.09854011529488309	0.13168834583342678	0.29458829859151703
0.6683323357327481	-0.38788575600247704	1.303512367835306	1.521758111098873
0.27798856232538605	0.24610934950706223	-0.0678678677092458	0.3774301262034127
0.18275098909633272	0.09927536756957608	-0.13444631872335652	0.24764760293615753
0.14032817002601933	0.40127868616316636	0.025756912917437848	0.4258873064963604
-0.015620447738075603	0.27611949608614367	0.002755634516943004	0.2765747060524422
0.05625179600671632	0.058794923242943664	-0.017068002310091403	0.08314099022733702
0.4323300431718932	0.10285405934855685	-0.3006227933933712	0.5365279933620622
-0.24995677289112428	0.050219923416662864	0.04512783296460866	0.2589149480624905
-0.022008468102959443	-0.04231777085711196	-0.002603330077334015	0.04776969464048906
0.13010816571899536	-0.01768331768240839	-1.125903692329556	1.133534277784464
0.0050037134563478	-0.00695981559568996	-1.2910728761513268	1.2911013313118138
2.3239835594767335	-1.0287213920209013	-12.129672083187177	12.428632423467592
0.062415537659838115	-0.02984358076230715	-0.4609604809649189	0.4661232708903218
1.2502295046690186	-0.5705561029628261	-5.886868165479695	6.045148871509398
-0.17964114740561196	1.3493555097345498	53.7244525643236	53.74187672899643
0.9566193688159577	0.7603625459905967	40.66603527440423	40.684630716551034
-0.21671491959660066	0.9132371681339954	40.24409230790992	40.255278075727055
0.0812618926382445	0.024511119092632788	2.8780067944047714	2.879258133407694
0.11980483181626153	0.0879351611752346	15.099943161097205	15.100674463700745
-0.11449430310325637	1.2661937805569425	55.12839246805845	55.15105441904577
-0.02687974791020109	0.22461518721954554	9.118512398217826	9.12131804399066
0.043099553066428944	0.3361418052359125	3.5066607332533715	3.5229984931649994
0.41980240595181506	1.2292961083259402	13.852189632921307	13.912963760766457
0.01265595327275952	0.18264145850992083	1.0227707815349452	1.0390275006377248
0.16414278739984733	0.35631088299500346	3.1221839793022674	3.146733719368039
-0.017610743086272033	-0.04097949364729485	-0.05277024775185233	0.06909526915376503
-0.05494095598279042	0.10714442584245985	-0.08592070254071238	0.14792161356104414
-0.1914480936732969	-0.0003010045920702892	-0.07724059178576684	0.2064426607906403
-0.2522089791216296	0.021720845780656174	-0.29405443311404766	0.3880066673718707
-0.5973898109984127	-0.2322937838832792	-0.6400400609256712	0.9058069705545811
-0.9268123048537443	-0.18595336602443135	-0.9659515259198058	1.351525824093246
0.007339118136231327	-0.013312444543429051	0.02941458274025166	0.033110444160756244
-0.09177336186052049	0.15254665166548137	-0.016512669946619762	0.1787889793871474
-0.15551267848887398	-0.029859536185467564	-0.06997594331144597	0.1731254392465817
-0.4447450854544097	0.117872410873576	-0.09312643140027249	0.4694301103533402
-0.17177886255876862	-0.08011647468482735	-0.11240988250295679	0.22036925561937504
-0.018947712181578175	-0.002308126410334986	-0.007009972504276826	0.020340700085118246
-0.27561686183186873	-0.0044482396308896145	-0.04584720505680625	0.27943991965068643
-0.030416020883358087	-0.005925035381353517	-0.10715781973670888	0.11154836933533438
-0.08305781235453429	-0.04383369975341339	0.012400673869604244	0.09472998543024118
0.07389331302749784	0.02815724306739656	0.10223038780495941	0.12924435863158062
-0.060126266000513046	0.04474593338114264	0.09618204913598455	0.12193585606092679
-0.004339617172155474	-0.24363603874275935	0.22163810415537472	0.32939459750435035
0.08630584566467282	-0.09148510086052195	0.14256232340316496	0.19011112205618805
-0.017971349044956016	0.005571023654239969	0.05240947906875724	0.055684460914246496
0.1653719730213098	-0.06445911160513959	0.11369032564746423	0.21078035173068463
0.2423318382102928	-0.13968731400635762	0.941982627956268	0.9826334702604462
0.014466933157538692	-0.08259099818250609	0.3632660455182933	0.37281736140135174
-0.18790697424496405	1.3027979738454898	-390.53150644551323	390.5337496273254
-0.34374145954696067	-0.11391603241374915	-162.06876118795455	162.07188923387235
-0.17703708935341925	-0.3201472535871696	-60.80442932809248	60.805690047025045
0.887160761555106	0.47787618250830494	-29.989962606027625	30.00721174582016
0.2298589228197519	-0.019191497583949953	-6.2865090502755985	6.2922872838163055
-0.15089305269478154	-0.004417787118993245	-4.207056020751363	4.212076492282028
0.09319364346668574	0.034250994934753635	-0.5467844594407829	0.5557260394498043
0.04895052777574556	-0.09326586366196057	-0.5455129713006245	0.5555889463905589
0.06301836025397912	0.2160995346478021	4.482592206847451	4.488240547864339
0.2820822967311839	0.40305346492544025	12.476111566037329	12.485807235654725
0.1790862555223861	1.599143829618023	92.78721465413608	92.80592291407028
0.02579604292492938	-0.04966852046462495	-21.077522547040864	21.077596853502342
-0.004598410777867082	0.07468905597958123	-57.19037575676731	57.19042471253998
-0.06811076125460624	-0.05457322611716701	-3.2886918768714106	3.2898497798239252
0.0037150329913392954	-0.10480540206124653	-11.192703302526903	11.19319459279468
-0.039013066150255446	-0.019664480415416068	-5.336404427469088	5.336583263159319
0.09459458582426658	-0.0335508357339411	-5.224094155903992	5.225058233550703
0.052089118751797336	-0.0056375880840586826	-6.009407910387866	6.009636302816005
-0.06344031827693203	0.07868351474067524	-13.575231768328301	13.575608028125487
0.012001565260091806	0.10148734725305966	-29.448675906009324	29.44885322616817
-0.031075872439453457	0.10619631066327714	-10.179403365354247	10.180004726955275
0.0629577788334087	-0.07246415720007732	-4.168233592978356	4.169338799093643
0.03775070327648589	-0.05179671346603549	-13.202284083763564	13.20243966255936
-0.32909270984165145	1.66449113492634	44.05708286672247	44.08996329392971
-0.13144140118765257	0.26307793162063436	11.772323141286256	11.776822948818406
0.02869177464506391	0.059974466269819046	4.753507003771449	4.753971917191021
-0.08799691981453041	0.09104228477576212	3.687726316509632	3.689899394426864
