0.12172758970910325	0.2131441411159849	255.85395335527676	255.85410916250694
0.2533733479898412	-0.01347451652612125	98.69398997503623	98.69555084577532
0.002438571551630131	-0.030771693800477506	185.93713714819216	185.9371920931751
0.1803035237014883	-0.13432565199234187	115.90539362379698	115.90941987437284
-0.018981266465343705	-0.1046979881242734	-3.8935454403034107	3.8974989208210666
0.30519450479830773	0.37345159996917476	-52.507607907096435	52.51000835739368
0.13845724731494247	0.14377556540503555	-5.316834423557018	5.402677179229058
-0.08032980189478714	0.1466335498766056	-2.0661794891967658	2.0776264682322654
-0.030484555266742958	0.23431737593339821	0.0019310447757250014	0.2744402569012979
0.38426871036212934	0.29965084011648935	0.9837490927692426	1.2037172789613848
0.2694645141684676	-0.18953442007528898	0.08779961876306472	0.3684059971610993
0.2291424765694083	-0.4194124007307655	3.124416243435088	3.2974507856215425
0.1018865101941398	0.6748009236376851	7.733640053489353	7.820183899201898
-0.12065424762104854	-0.6490670935644618	4.181521993282872	4.235617015810752
-0.2112991412123995	-1.4689788772558212	23.020171465539416	23.087035131532936
-0.8430650453599953	0.5973586349198863	-1.3524639902062296	1.7076986382631218
-0.3432904685537449	-0.39938106286143055	1.0583921598279171	1.1903895698708802
-1.2963909868708476	-0.35767694762630975	-1019.256258088919	1019.2575771444664
-0.03467056782261587	-0.19747065151526924	-2.8361066873903935	2.846608092738359
-0.19986637010426878	0.12380844765879395	-4.825436710904853	4.833176422753323
-0.5158287348704819	0.14988348272328156	-25.487358578143123	25.4934005463739
0.13652995527135015	-1.9213517331923402	-167.28107813511053	167.29479874027518
-0.8673445413314195	-0.30151157364953907	-39.34849569053851	39.3594561531997
-0.03750438525499225	0.17128999150168317	-33.74364136713169	33.74438559729015
0.034136068463276104	-0.506588932705609	-62.31792046734696	62.32014512801933
-0.6109790239884707	-0.01049809218910902	-331.4820458192654	331.48263843810605
0.22775250729150703	-0.17781464191999224	-48.37479874296527	48.37586301513133
0.19352420682404647	0.3321249953373241	-17.690274022538482	17.695000237596933
-0.10125748684651065	0.8694867868234921	-48.53973456272965	48.547827670826365
-0.39915730666580085	0.9853087286854406	-49.4660683707531	49.47768749336622
0.39203050428506525	1.676928672854769	-18.938012946320654	19.016666159714777
0.2581049717344189	-0.4965235771308922	-4.384945891453015	4.519258356738588
0.9658901279871752	-0.08941839728394918	-8.620540545723976	8.725677651305197
2.059763791331136	1.2026795078356514	-7.751435606503684	8.16434998155516
0.2728955484338208	0.4515049632352076	-4.161965138228988	4.299194611658615
0.1383198071781775	0.21370185997942998	-1.484452704296654	1.5125741205673622
1.0104418651906244	0.827699278110812	-39.11594980835706	39.14899690746524
0.287858907196225	0.42354070288694284	-14.308273477297803	14.325943575241318
-0.2516903492808239	-0.05055422615315795	-213.0161910327826	213.01639144831447
-0.2603591244505703	-0.4110205321623154	47.09690153898819	47.108785285863526
-0.051259675297867305	0.13060080498465765	-0.48613700414332034	0.5059775799101439
-0.3196281825211935	0.23544374971867235	-1.1880445935969235	1.25261561970074
0.07717668208981028	0.1699987711460401	0.03446606280369654	0.23563428620373503
0.22055045370269588	0.03550088205686214	0.11025875387974185	0.2855513841016949
0.11542351804240318	-0.3845592629353628	0.16660439235952546	0.43470155138918143
0.05195077590335019	-0.26802642118386805	0.003056223516742229	0.2730318407654621
-0.11200925455789601	0.12241971982419997	0.0009414473058200201	0.5245467179684579
-0.02162341506585231	0.3420038895511579	4.238673278572923	4.2547932006074465
0.06952919092082581	0.01398022381629363	0.4492840506935579	0.4757790434179188
0.4667899671640615	-0.08191327030338984	-245.52991884666028	245.53041589849875
-0.20149425122764192	-0.024266187663624678	-13.919432438530896	13.952583272529417
-0.26644827227387485	0.3250247494101919	-16.477236722868962	16.483186754262313
-0.006552204112834387	0.16182699904999504	-26.590504541124155	26.591364057630518
-0.09456270415515479	-0.15188074467053758	-1.1338421249617257	1.147870998830676
-0.15307685041860092	-0.02963395346210601	-1.1118272530298214	1.1227067889309796
-0.09556040795351801	0.40810023511236215	-1.9517588935470642	1.996256589721639
-0.16401034615383525	0.22935640129496157	-1.393563160802876	1.4218023897881793
-0.09649105553669476	0.07653613409116657	-1.2333515779143926	1.2394855458471987
0.3422607285047319	-0.4916575692448536	-4.056340104644739	4.10033713445878
-0.2571660490345202	0.2704906793803895	-2.422249095643913	2.4548055015938526
0.2553335405537685	0.3498733684761909	0.28494440483098804	0.7186206348589538
0.004514730984171166	-0.17943164164911413	6.309851967140647	6.313947079992788
-0.5910050322680347	-1.7501496136394405	26.05372791929666	26.135979027079248
-0.10637234067040113	-0.8224104786581374	13.780541679555276	13.806175532605927
0.15505987692672485	-0.8975434480155359	18.27085842345012	18.294080330018406
-0.27806220070964227	-0.08916223604205026	1.7042158466829027	1.734675741683336
0.03966183436612855	-0.19810198687035718	6.208339405558074	6.21319365687345
-0.3929649717285786	0.1650450580983434	-0.2089726553609592	0.4746903315814812
-0.3732712483106588	0.027875438051296053	-0.22773147899728896	0.43814391629719135
-0.2926017697863157	0.2482999565225696	-0.887342127302969	0.9767929667425646
-0.2488567228888348	0.2772732802130555	-0.43025462533924524	0.5860110647188228
-0.09750309016669093	-0.2396710676702712	0.012130629614033002	0.25902939108351036
0.0077165757966962956	-0.10922945230061426	-0.07015111499635793	0.13004536795730348
-0.283463743908946	0.2593074303829141	0.11431100809202316	0.42442764876204847
-0.022791581701470026	0.1396081261449334	0.17771144637434177	0.2665915005295834
0.0636219367355723	-0.012648458303979739	0.038970057566897885	0.07567297878516484
-0.06189986737322365	-0.06728571001732171	0.036914662074999174	0.09859844131358853
0.35318505566699077	0.3729859414787593	0.6227409593116519	0.8192339613270975
-0.20234476731602785	0.029533111784253628	3.8575811950413152	3.8655178269913857
0.08250388026772333	0.017447060461185812	1.2939509010669679	1.2966958874578052
0.5894771265119724	-0.18511008815075264	12.842936162051917	12.85778979023832
-0.012845419453249837	-0.4188607939811855	7.972463202298263	7.984689015010873
-0.2114547421505218	0.07890123929063592	13.03080200267691	13.033503716630005
0.4167100413614919	0.38419315856857117	43.415912086146335	43.41983594739332
-0.3396570996193423	-0.09817134359200014	33.072438611814206	33.078012640312046
0.09417322471265246	-0.013396907174323486	43.788855572212164	43.78918131436498
-0.2180836390826967	0.1371464694998525	-308.8086355733878	308.80877457434747
0.05014282297186981	-0.44337469383438544	-211.43710593356724	211.43762281289787
0.1098824898633918	-0.7470285200559321	-9.891565095261464	9.921323782139682
0.17014745548913074	-0.7183355886786038	-14.028264270646273	14.048367677654312
0.3582427702936098	-1.5231526349753612	-30.628817785542157	30.66907710637449
-0.7834430447011014	-4.67578288532633	-85.81448123541945	85.94545594785136
-0.26152250857385956	-0.2618392729900325	-4.930943017253934	4.946780028632367
-1.4125807406168043	-1.9468052572862709	-36.36470148536263	36.444429326894316
-0.9726211852940099	-0.6053923080116576	-25.29172275004648	25.318041220971285
-0.5382381538644192	-1.2594605546366742	-25.326546361653847	25.363938408552855
0.1081095376670212	-0.19942495812146524	-2.077971677549845	2.0949711367118256
-0.31897241181780855	-0.22301743047905634	-4.888611463095239	4.9060658368803525
-0.363514674209814	-0.5144590746287387	-42.27302429261057	42.28815656524149
-0.25656605945413125	-0.5512399041523628	-23.122567274688837	23.130981145040185
0.047599418690897705	0.13091289935734682	-21.292146733248277	21.29305981269374
0.1500413602206908	-0.039119636353799836	-41.128399659192084	41.12892876147951
-0.1246635167329095	-0.5064105905498939	-22.924715790133842	22.93107207528548
-0.6294734554985013	0.0409957259714103	-46.27673648827957	46.28371066799301
0.03884727085966821	0.17541610343033476	-27.055017229277176	27.055613783395877
-0.10646636491869296	0.7394184476773286	-103.54558665198357	103.54828144315609
-0.6315279455083861	0.5798587476866927	-105.8756724756486	105.87923576258446
0.1786238583565192	0.07851610636936038	-10.47021388295656	10.472961844745251
0.035840330369396475	0.25072084093977737	-165.93164080430776	165.93183409303703
0.005650951531692621	0.02408098771966546	-3.4573844170404406	3.4574728971340978
0.17796353938030146	0.24368915474808156	-40.028106288585015	40.029243666046824
0.207131187632586	0.5438140905444856	-64.39084601828458	64.39347550834943
0.4032110481997407	0.9113090269762782	-56.151113306162586	56.160128815721635
-0.22262659009412186	0.3612567111488665	-10.986080591593119	10.994272862492819
0.08149007127822883	1.469050898847113	-53.98093099782491	54.00097834823972
-0.014307387918665242	0.015966815155985355	-0.855631941966591	0.8559004969322084
0.30349169623580924	0.2664676622794275	-12.07395809262072	12.080710916460433
-0.1843353406512554	0.7359866029703908	-16.044511895466968	16.063047579654548
0.3733467385425262	0.8787288138665993	-52.90900274079121	52.92593384847784
0.12320027988493804	0.6269989825050053	-22.799043168186124	22.80842290038354
0.3771582017717954	-0.8624885070187444	-3.6157168907405253	3.7388531868461334
1.6848061497198734	0.7598009419109579	-4.032620680640842	4.534389768457812
1.1039264035128993	0.11250349966221496	-3.8286391510747677	3.9886423850543054
0.992032763812969	1.073039696619914	-8.044700463357103	8.177544162218785
0.30111149770500123	0.17507902899123812	-3.397689458776895	3.4183467120270716
0.7260864339456582	0.5364280670443402	-13.036121829699152	13.100983914665786
0.9431061882774762	0.5107813054952867	-22.331061048899148	22.362339996211745
0.09092266536401587	-0.48435253093820474	-21.34716697049345	21.352854656261528
-0.0029798059701233795	0.06213829910521388	-0.34822692963462126	0.35374007686727404
0.9981057077145367	1.0920913941175234	-75.85634367172553	75.87240189668383
0.32363027845448133	-0.05346237834351647	-70.43212499319225	70.4346465991829
-0.031528215223846995	-0.3566090303737771	-58.557229210782936	58.56043777658404
0.06035870837145969	0.13315218302493467	-25.704443176331825	25.705237821652084
-0.19738827818104582	0.22578047864328465	-215.36869486166916	215.36894888808968
-0.04223491830591613	-0.40467851474840527	-539.5645005249243	539.5646539342619
0.010168737786634121	-0.004444906618537593	-3.3334059097495414	3.3334243833595387
-0.27219181151675015	-0.05661991817648984	0.4264902985321793	0.5278900993892097
-0.23465630414709737	0.022110317193197934	0.7908228762107911	0.8369187855704201
-0.18298695127209796	0.2408510895244915	1.751053129419569	1.7769863628376716
-0.281136839871164	0.7117791517455556	4.736485296657657	4.797912092675994
0.6520139451110692	0.5973168403963965	1.049874484117801	1.372641987133591
0.019801264248436045	-0.006155283263636388	0.025580797548692254	0.03292954268007945
0.07969885124876844	-0.029380668671054228	-3.8960130967654227	3.8969389500927067
0.0547735440055189	-0.0010784202871472835	-0.4448999636017377	0.4482602834582469
0.21305558318954482	-0.4390980376247038	257.8748874724567	257.8758294303918
-0.2389565206121597	-0.2559457922173541	200.7391709724179	200.73947636466752
-0.04210672345852157	-0.1319216443566113	51.89679014370729	51.89697489754489
0.024095105882747752	0.021808674576091466	0.41003875530571376	0.41132465676996033
0.002887145134481208	-0.13016428163736593	4.300657473379001	4.302627776040109
0.01541566552116579	-0.01769835960470794	0.02696756371484004	0.03575086249130183
-0.00457400638341399	0.20905871784747615	0.12493547230562813	0.2435884670559271
0.1563996931221829	0.03350765217646236	0.23458517203220694	0.2839257468079849
0.022819377136239792	0.09542569698561718	0.11892417846439832	0.15417440721957984
-0.028254397502351224	0.030987382385157032	0.8199436432335835	0.8210152903110067
-0.13593374428271074	-0.06859587722126714	0.9661978381700114	0.9781214851391805
-0.19775884527866777	-0.03485367298551648	-68.83102029482943	68.83131320966227
-0.3025603065347855	-0.19793116616166057	-166.89928999427354	166.89968160568262
0.01422373433256175	0.03265224074488768	-0.9332755666952132	0.9339549062103035
0.18621350318289706	-0.09788157155053906	-9.351160085954994	9.35352613851988
-0.16019910051379757	0.025844991745576473	-0.10524975417577606	0.1934146482503847
-0.12435345401971258	-0.09463063562939061	-0.1649321475754524	0.22720332750667646
-0.04101119066983988	0.08792532001797328	0.14424856952462728	0.1738402412283249
-0.09115745074620489	-0.03710496443926345	0.13132470858278592	0.16411166410995717
-0.09782206442853059	-0.03607405955803264	0.09310229689637534	0.13978029814475604
-0.09175866875495663	-0.02113380704560617	0.36831944175217446	0.38016509869339166
0.06705803092029308	0.027884761830549724	0.1404312283843504	0.1580989226996536
-0.030850186945645553	0.023223526227360024	0.41930309526093423	0.4210773704444521
0.05463521270689121	0.08412280401083416	0.39394117631675735	0.4065111351734452
-0.03759024205242519	0.0977171905943523	1.0463208899230332	1.0515460428932923
-0.5191170018067224	-0.7195895195996381	11.42402939733078	11.458435286257908
-0.867738603728223	-0.9398405877094073	17.1283738371299	17.17607233680571
-0.26620663191249583	-0.6066582827101987	18.582477915963874	18.594283684512835
0.012438206138734934	-0.09190454491211011	2.763256900756406	2.7648128063081145
-0.03311670430676439	-0.5852752157353408	11.01060896909738	11.066162182505998
-0.5693359689143429	0.3157633968428737	-0.42176146555343347	0.7757143173302636
-0.23245614199551662	0.20206490180862402	-0.2844996396527665	0.4192924128301398
-0.06315714563458236	0.13726225832599584	0.18950296135388262	0.24236568438488015
0.03753947165219259	0.05778858056824505	0.012053235463276052	0.06995721879228396
-0.1501409160933589	0.11697204532694089	0.24086300723709003	0.3069849219890375
-0.01817505169335816	-0.03256842849720426	0.08517966983242135	0.09298715605713544
-0.15998832346208894	0.08991417248588983	0.24846547121583232	0.30889466237625024
-0.035905019071471034	-0.026658674532464458	0.00594933062869419	0.04511374355204918
0.08588401481186858	-0.1824302532896993	31.895109439120517	31.895746785344123
0.15982356696255096	-0.06761346329150388	30.37605567572518	30.376551377135137
-0.049530893480252615	-0.20132836478098506	-3.009427879352058	3.016561383578288
-0.10170439808108168	-0.4455524694520383	-4.287695805677279	4.311982851269976
-0.02586311639705285	-0.04712468691371393	-2.294885251439378	2.2955147471058566
-0.4084697578965371	-0.7022578532915877	-18.37841246764914	18.39635992436186
-0.5598656890847202	-1.2638793923132736	-35.86368875438483	35.89031919305703
-0.11993750513048787	-0.19603511190080913	-4.88310515732617	4.888510074423528
-0.20030590888073666	-0.6021133693245575	-13.599451816407358	13.614248149399852
-0.009263323440973033	-0.18452743270459432	-5.272447609617376	5.275683839915135
-0.7794198460959672	-0.9077735647670396	-13.010387554157212	13.06528730838886
-0.0504900679891574	-0.12400355788377827	-1.6130475743844261	1.6185946393587451
-0.7399468181802841	0.09766146716897978	-11.2694659135921	11.294154285891393
-0.3034830981344022	0.004641488005344013	-5.935183101700201	5.942938834025787
0.08525103621755778	-0.6188499082657871	-17.314789800890328	17.326055200106925
-0.030165549471664797	-0.04970344789762472	-2.0313183313493623	2.032150229777266
-0.10621120587783328	0.03752170711896674	-1.2120955035500711	1.2173184499076017
-0.2446842049728165	-0.020715954175012624	-5.227681486422888	5.233445636902056
-0.07414700129738905	-0.018388710052419766	-5.373609857419299	5.374152846934357
-0.7217819544406385	0.21424848900878085	-64.78053174480081	64.78490692085576
-0.4557671230009138	-0.055765662220811765	-49.24261014419819	49.24475086029965
-0.21248962964003812	0.06094152822489658	-20.525081179115208	20.52627153483644
-0.7357159892051764	-0.4632845037909896	-48.92479527368176	48.93271894044718
-0.12647937723187325	0.028043266176049644	-16.473983286078806	16.475083870880503
0.016190283678809134	0.06021998222174484	-34.63271291868985	34.632769058796484
-0.11132949209554237	0.2134479442541106	-59.70154131804188	59.702026682773344
0.013002164004725588	-0.021446720581987547	-5.177741301305158	5.177802043467263
-0.14066227766253217	0.10534127191968139	-61.14504517420682	61.14529770976441
-0.018831975699706367	0.08875982020371276	-14.582208137736293	14.582490429321524
0.11535564744932986	0.12931751166832886	-49.597652219880906	49.597954954498675
0.05002958102762503	0.1773292010716949	-1.6350820523640464	1.6454306191673802
-0.013245094555434895	0.3342637842829334	-4.621549267294994	4.633640614036423
0.11326584571103032	-0.03633974136973615	-2.8500673680882533	2.852548637841072
0.02811576067820994	0.07313868479266424	-1.447754397104202	1.4498732901692704
0.14324132930294814	-0.04445417610857483	-0.43888865946517297	0.4638076191710357
0.32600027286664784	-0.0444170661687048	-0.5075473456953672	0.6048581336136406
0.08621383141259753	0.13738689276094615	-0.7266277903120546	0.7445105295985587
-0.023550406754875415	0.09570714139721653	-0.9094621670648964	0.9147873588409081
0.007171305940619674	0.0221004390386192	-0.01754689991897243	0.02911615928243502
-0.04982821087828711	-0.08265368698226215	-0.5785156836112744	0.5865107661034987
0.02483763497095967	-0.01881877189830558	-0.17654828887167567	0.17927730640052505
0.04183139491597167	0.19613702575053862	-0.8737193088139661	0.8964401982649143
-0.028880247530291267	0.03851788074816727	-31.853153777328803	31.85349593126147
0.2227002193798553	-0.24583082248692242	-25.925292767628335	25.92779036194829
0.023319488723997486	0.021827757388361367	-2.2283593344439074	2.2285882466149394
0.016848639744971104	-0.032843166137677994	-26.629223785190057	26.62924937381972
0.004755409835884114	-0.012131093491308503	-10.721269150941012	10.721277080898158
0.012459812913459455	0.031275992948493904	0.059487211874832836	0.06835322267014116
0.15177403272830278	-0.10804850951666965	0.6611206860491227	0.6868700014860514
-0.044259197315182006	-0.08638983807279613	0.36509393712544663	0.37777726717602766
-0.055494451880918075	-0.07001458634746534	1.2972691738453268	1.3003418727012936
0.09961304769786278	-0.06757768557201062	12.530340607685856	12.530918771082991
0.07816677709570327	-0.19927800933385298	40.148054651607104	40.14862530745574
0.02007654861550131	-0.011892530570868608	35.77854346736075	35.77855107667037
-0.11886022906529436	-0.017998149833038473	38.92738349576936	38.92756911899518
-1.235452460765088	-0.1922151518580031	-0.5277922934822359	1.3643071272164289
-0.41838360510625483	-0.20864366686429098	-0.633417185496788	0.79954620662408
-0.5739281999675174	-0.7121505124648104	0.8663125639246976	1.353059249233244
-0.4025386798122763	-0.5211782750502592	-0.005282886161719347	0.823050444636033
-0.3031385647496311	0.01286869720523362	-0.14683950126202122	0.3648290241155512
-0.03525972099892785	-0.14940518540429304	0.36994854179042774	0.42415429483087547
-0.1336352729051335	-0.319027685328569	0.37019726479269305	0.5255119883794519
-0.10572265991146888	-0.03101087317365439	0.38766901406972676	0.4265044014351348
0.4218686408993796	0.060660398053224845	3.8635398757505772	3.9182027956680665
-0.2820429780518853	0.12869929547134254	12.089749970194138	12.103796348019587
0.34291053195163573	0.1268679904532412	6.307960456918146	6.337804682093633
0.8680967210414469	0.32766549341520024	22.453240152928444	22.477826182710288
0.2760866584886121	0.4472728462238181	0.029321218392091914	0.5446249725384977
0.23796600757590045	-0.046606211034644594	-0.46885101764658266	0.5459862830848918
-0.20091885199675721	-0.2055525476092214	-8.998105372881238	9.003777003085462
-0.08304015774618398	-0.25023287301095715	-0.09102438949051427	0.31189322358132393
-2.0091815033818023	2.8748996462260763	-4.842128334023735	5.999315380521166
-0.2729051984068795	1.2941117450877906	-2.5274817608540427	2.8950106130965256
-5.01627810188661	5.555315094943023	248.31322766075425	248.42605153825167
-1.0579973515547916	-0.10610069939445055	25.737001414661595	25.76368718788136
-0.6623416762692506	1.020172027827426	31.76689400770386	31.794004502446306
-0.6925997337073568	0.9015057875516854	57.11115842095084	57.12264264758735
-0.6071450209906325	-0.1700375978640829	0.9700188157484179	1.4903912737959337
0.40262569398718684	-0.3222677039601244	3.5924064295514064	3.7485595193963075
-0.2999308990285955	-0.16097430631553414	1.6281828456466094	1.7350995915922978
2.1138198211526893	-2.5173481341874555	3.5096770936824804	4.899581711923433
0.11420578302559249	0.16537217156426584	0.5114518833281333	1.087347477977608
0.15383532185350748	0.10437200689601561	0.1904723309874331	0.3005300581390494
-0.3187256847396974	-0.2919458849784719	-0.14743640364091898	0.47753087846464976
1.3203097104128045	0.08508155191199407	-0.9873210447613902	1.7230726594415047
0.4861837552241441	-0.24506704368872476	-0.3002853121842961	0.7939292858056075
0.15684090746463955	0.10016156807586293	-0.3180776183110861	0.3940616273429835
0.3199947073032999	0.14789200811142322	-0.6983459400530331	0.794629156055772
-0.16519662086754813	-0.1260580502830048	-15.402943780682213	15.41225413782306
0.40686958558891345	-0.7632870097914376	-4.931135498242044	5.008365702094493
0.2219303069769533	0.02160359928420333	-0.07073042227125677	0.2724010906578523
1.2342066968876937	-0.27032837740901294	-0.20716951983658013	1.2879218132807364
0.11837138330241981	-0.14039733821131178	-0.0812205814815916	0.24453990414236637
0.24063572456910584	0.2705608430375467	-1.8618135383049383	1.9018249546263828
0.6144322187828306	0.19041307933091509	-5.829631806503166	5.8666746012159265
0.5390877423903327	0.4004205687729244	126.29015076943782	126.29201326045178
0.18768845979772988	0.26444177413738185	125.22362581564909	125.22412346913215
0.013649782245640923	-0.32190054208080904	43.337234593381694	43.33865697344862
-1.4561892393479363	1.0774108533183526	172.36123300925098	172.3714583846739
0.022242505746079638	-0.23399540538967722	7.860764725443025	7.879758282458514
-0.12435555537321519	-0.12319687309059729	60.47960564569043	60.48002001170983
-0.07276984075646115	0.07268828181440035	4.519514811451607	4.5228390366966735
0.02166897020896777	-0.00017187657032541326	23.194480563906545	23.194910605306273
-0.5495219932388069	0.6650861630340567	20.535876910754396	20.554465069757182
-0.8360270550487509	0.7715622263990266	14.703308497159611	14.747915447734485
0.19528015285994427	0.03197898672203191	3.8399980215350924	3.847625447465774
-0.11686139735244516	0.08085832229000864	3.6933953299770255	3.6987624285523957
-0.6189779162138505	0.21150397452183656	14.976498104162953	14.991425644043847
-0.17673398362223086	0.6516858620397361	5.3362218173854785	5.3805829082907195
-0.05911559270620931	0.019484490200085768	0.06217642982634311	0.08797844670891754
-0.024169755775255174	0.241494072883643	0.2910109961555516	0.37893398398086736
-0.0859324185660046	0.03549265209687615	0.012648406828618682	0.09383011834573775
-0.24426591493677988	-0.07875026624229549	0.1840423906332597	0.31581488752612663
0.17030194283174857	-0.6116653831293823	0.20625855254116704	0.6675926026758083
0.3037077629040666	-1.1810106311010447	0.5963151321682784	1.3574300176711693
-0.19334996256085812	-0.09771366445064025	0.12584548793905767	0.2505379314141415
-0.020596875561964482	-0.043021304581207134	0.12042023824966569	0.1295225760664537
-0.4195473505265609	0.5732176160005054	0.7408279796855288	1.0358109359396157
-0.4348379660431223	0.0002638594104621703	0.5941252628017767	1.1926523161146287
0.0307428661040065	0.007169899687678892	0.023245784664594815	0.14497131675780886
-0.010184484061748544	0.0973354796026432	0.034455694964392575	0.10375506840901724
0.153923319513158	0.3083434794872256	0.8877694388425905	0.9624876368427422
0.013920771060653238	0.08839428756931522	0.4259002002815205	0.45703184073065317
-0.058534010527130045	-0.08046289309685807	0.27044139396821665	0.32018563369610875
0.09144576237338814	0.056757879998614605	1.0328493156717697	1.0384418584021111
0.21917182002512922	0.5619186190032047	3.047837943360709	3.110077930689974
-0.03833368330206982	0.3605668448769506	2.5894090749464715	2.61839589505009
-0.040247263369011924	0.036180337267995445	0.12754725440292008	0.13855382029826438
-0.061929413851221145	-0.05962299700329746	0.8001698514910541	0.8047744685977725
0.24860442478875427	-0.02985405932006561	2.677448137153625	2.6927502180725664
0.10005484549742283	-0.03848344659135551	8.552029510405598	8.553840101353153
0.5160222281014581	0.052510628501730675	59.74307803337091	59.74549262490306
-0.23758903074263438	-0.4755536351662212	19.319639705249067	19.333256272301497
0.10480219675173272	-0.23356130418948323	19.792796651053802	19.794944138292617
0.14045657520495225	-0.18813271184487787	28.051570310635597	28.05689645705164
0.29219973957560874	0.19664188566095628	9.138042247109269	9.145892226232393
-0.055935249563393574	-0.3273324319166041	32.726927960521	32.7420964629811
0.13780839773931067	0.13108854579805407	10.092079820930786	10.137506708173634
0.0005195656271360302	-0.023213905901023884	0.2801266411257212	0.2810873359722937
-0.3527905623339783	-0.21183787103630305	1.9700593932092516	2.012578067367605
-0.4118536641465023	0.21023335558039474	0.41311803641593825	0.6355846138647891
0.05920709376668948	-0.22555288775996096	-1.0588385529760407	1.0842133860073633
0.010046953147559483	-0.01762021924256914	-0.01044057903814305	0.02281269568370157
0.004382876305798644	0.04610700619263909	-0.03478790864570372	0.15111270334654803
-0.22656192654129143	-0.2276014256436399	-0.07814574194959145	0.3587746610310865
0.1629918289753334	0.113052123682692	-0.01969946459508576	0.24334126815487792
-0.20726069285218224	-0.08171960320653587	-1.5324772979244723	1.554863833878611
-0.2837215712742638	0.14894833868832344	-15.333093317715454	15.337076449319632
-0.1425719017907709	0.13640197487312575	-1.1148658344109932	1.1407619644634228
0.16122607354940705	-0.4371850828998973	-2.241778825948602	2.2939434894682655
-0.6555822768935761	0.8719244025358682	0.11969667804283846	1.1062763511659224
0.7452256496894181	0.5847513071973425	0.7273951642499465	1.2024470342174007
-0.07727603116536914	0.040349309650591546	-0.12988226373585304	0.20963978418969073
-0.11274694609022576	0.1246698943360671	0.13319944476866744	0.2558834371215136
-0.3827422314155239	0.412582208964919	-0.8456889442362692	1.025370796427693
-2.6230187355271437	1.8537168048765977	88.71823008356975	88.77646265889246
-0.6993556302014198	0.9423279954552536	38.89889422679381	38.91684124130202
-0.2074141643383122	-0.009538374812607962	6.054113688746593	6.057673164873713
-0.12564070010468534	-0.09520461449086057	2.934035016507959	2.938266662887834
0.5624337586137071	-0.10018910196559071	0.48399227675173667	0.7616415809528407
0.8956287769164439	-0.5924259589057126	1.5721414776901659	1.9089861271366053
1.8384219298747944	-1.555433428619636	3.612884267651416	4.369876544818527
0.05248904820355019	-0.05004632777632351	0.3538274337255174	0.38721230980173543
0.0688879715259921	-0.025635399639575486	0.26025398494021934	0.270434581762227
0.3159785854273225	0.13363418823210105	0.7793861785133165	0.8515535085775269
0.39177507976445675	0.17626759882735654	-0.7728009449351955	0.8841828317794569
-0.003605060927773601	-0.006332540279798897	-0.05529161832486499	0.055769710306498646
0.3402208442418537	-1.0795382494481098	-0.18243264062869002	1.1549521670376166
-0.06270425444168434	-0.14584026636762787	0.1866154729951578	0.2819686622312392
0.2907221654722308	-0.7084318999959536	0.05722654029131323	0.780480490622574
-0.3297787268105707	0.086137334889598	0.21232328279573617	0.42512893389634415
0.8686242042977961	-0.06670411231033234	-0.40854629548345733	0.9722897239734384
0.6266561722653697	0.2201193839541093	-0.966414636527837	1.2738616342546207
0.0879241448596802	-0.018613753305948513	-0.07866140113953533	0.18369683718201477
0.5544332332637698	-0.049517387939335404	-0.5004414214403565	0.7614260194194161
3.081968417058519	0.10970157379084519	-2.9066910084660207	4.266513368095265
0.20213158811541743	-0.04885357008083705	-0.48060265955949405	0.5419433102265985
1.6639259127843968	-0.5754362727230378	-2.505583818086893	3.1024735822823155
-0.03932091685127816	0.2678750044974213	-0.4768596703400667	0.548359642692053
-0.11962714389638548	0.13728365323579012	-0.4139434788505852	0.4522241243957428
0.32179332512936176	-0.1057135657580324	-3.490969905996409	3.63103139225698
0.2907275351208518	-0.2709653060109209	-0.7758072061187259	0.882780438560337
1.2439330177025623	0.5125503751781479	-7.312505135613016	7.494208376532681
-0.32517924679867977	-0.04315540705568892	-0.9780377988614158	1.0409811009852112
0.26364339938033465	-0.081969903860272	-7.444020625641973	7.449138875209589
0.08844648075920075	0.2912729006926864	-26.684790841250404	26.686527030018688
0.33166210043521493	0.2740763017681186	-15.985039171245248	15.998447262678363
-0.31629066029601377	0.16851675671047261	-3.2986887004059104	3.32103366531692
0.1947208810665459	0.22513818215813078	-1.559464639203755	1.5876187777661535
0.03880217309676034	0.04854657221479946	-0.8525823053835396	0.85484441026654
0.002324612404772046	0.26224170654980344	-2.167933523212311	2.1881936985661774
-0.03752605865723822	0.2962202366209201	-0.15657084080643205	0.3371484270361252
0.382022029780104	-0.08575113226176653	-0.17088119192331253	0.42719371446056836
0.35455214035076027	-0.132040854429851	-0.03851183026340912	0.3802961589815337
0.211107251332528	-0.23730881888143285	-0.2530615317964347	0.42942015655909055
0.23313023212603975	-0.046238499573963254	0.05953413389076534	0.2819783714615647
1.0916820765806095	-0.6651731705384125	-3.6809245889601026	3.899091011715753
0.43785561887150104	-0.30947504607043497	-7.539237393736642	7.559568282060459
0.11174808751844525	-0.008806671341388995	24.252868325569928	24.253127369680737
1.7897319513420926	0.6098315544484914	478.0409186857562	478.0455812625916
0.25873229291390853	0.5807815325221278	57.67290233465642	57.67657577453462
0.14053852483044502	0.24468809608201814	45.88205865495902	45.88292634257787
0.34305363528950605	0.40849218497059236	116.89991120447726	116.90112827204254
0.17806643374646342	0.11345271523246774	25.227174001934575	25.228443611967123
-0.09621425748835034	0.10968900155233785	39.06527282309263	39.06579462122799
0.06563909057632973	-0.12510405134738828	12.923519820170835	12.924292013732266
-0.016264145756814383	-0.05066697487028253	1.3732041274878415	1.374234783626637
0.08688744016976581	0.014618880844977492	60.61536713563045	60.61543117165962
0.015360442435147125	-0.05748995965183317	12.160540228750083	12.160685823328459
-0.009965316720119965	0.15766087823192815	20.534975255444266	20.536057186974094
0.6071248476190094	0.15683867870748996	49.966924812774124	49.97105416120474
0.2932178467405772	0.6954154993515322	58.76048855987161	58.76550072110413
0.23937986323315547	0.1024143880074388	29.33759577744824	29.33908310107255
0.45997502495914605	0.8679588070631057	26.090438864442028	26.109297375426088
0.13411641089980264	0.6343872107618513	12.184219592478717	12.20225885676472
-0.2967772730606951	-0.10067885406568755	12.480459629220945	12.485173820294822
-0.1827059472539421	0.005675205009297878	0.6677851101432266	0.6923515179754135
-0.5582891857911465	-0.14259511989676657	1.5257776097953837	1.6309560072983667
-0.107528889933261	-0.14334870133075978	0.6688520647367792	0.7063668889084107
0.00794229700128675	0.006649867963156494	0.005203416206573275	0.011592082030545499
-0.36811542135440245	-0.14571990503911392	0.6013849375282839	0.7200049286285725
-0.16861887381052054	0.6167881543526748	1.2096942206627825	1.6590872949787314
-0.09844193500822705	0.1157794543662406	0.39087037571407207	0.44198996836169063
0.00857120349019315	-0.0012027244696270235	0.34362749302533346	0.3437364776079137
0.378620108325543	-0.2719531539989427	3.005110835310649	3.041052915833574
0.28818709416197474	0.17603197577253188	3.2248662761446742	3.242499276291534
0.0850056679820925	0.05815286413103632	0.480831604823693	0.4917384989941835
0.017272307263049357	-0.015182187179343873	0.4923199925841706	0.492856780925063
0.08482592650617729	0.23559502117181416	2.808615142608897	2.8197552147483615
0.02690002248475904	-0.003037659197134418	1.8774366126719004	1.8776317725219756
0.014892712858304354	0.04599523151051642	0.23282877129784466	0.23779527110951937
-0.029588443203191345	-0.027933992874771094	2.0461723002697747	2.0465768654806045
0.07726138468690322	-0.1957844109261454	4.291688081422877	4.296846220817381
0.025703352036865846	0.10624138198523361	0.4075286755442732	0.4219330692692066
0.17903475256515802	0.13367727572736313	1.4294306191260244	1.4467878046095664
0.18267170402760874	-0.06607992095540459	0.07109335775012152	0.20685688995537377
0.054463364907375036	0.004066482363788815	-0.04961246480444059	0.07378476170470946
0.0290955460321317	-0.012409962641267716	-0.04387666692721191	0.0540899239443637
-0.12997514278850175	-0.042559415885249606	-0.04342428772652289	0.14349393850592054
-0.07188546996717982	-0.009253349953878508	-0.5730214848248539	0.5775870214510118
-0.20287917897896876	0.18830294102550182	-3.374108814294112	3.3854435823920124
0.22423562065174485	0.539090884735086	1.2865401085033061	1.4197062482292702
0.21906496099230566	0.326830585335801	0.5831377187671813	0.7171729725766965
-0.3738593414734692	-0.09162972020690502	-0.31546242154392734	0.5168782614296429
-0.004203328385050095	-0.006437979376709358	-0.22193835903520587	0.26228903076416943
-0.0004434939664317433	-1.638401691891448	-0.19641536893032	1.898876268410265
-0.11480476726909374	-0.3288759491818646	0.15853489986213967	0.40737283158340576
0.09703310619816594	-0.168470471757483	-0.5633053706057427	1.112610645736381
0.043338697902644274	0.1760039097598433	-0.028695765400713405	0.23056203251745613
-0.5354998590134554	-1.5151414506266891	-1.034644412675528	1.9749730345478813
-0.605073045117332	-0.33128622469672553	0.012848240907338937	0.8506731111277603
-0.05599490034967586	0.003941085358896319	-0.16432389336060016	0.17364706432347787
-0.690183540710488	-0.4372612376271646	-2.618569935908511	2.7430747745992647
-0.06389682606723382	-0.1520218161907443	-0.2742829612594467	0.34914805558194056
-0.5077572965030049	-0.30600193280556776	-1.8622695134075027	1.9543547261435936
-0.16819099502650842	-0.04204997209755457	-0.39609524591549566	0.4323746694688173
0.1865242426836123	0.6240201769238869	-1.7034586842191277	1.8237225565195974
0.012432642843165432	0.019521714219753808	-0.016686475554851296	0.028532549843750338
0.0027187941399872337	0.03847563366759092	-0.2013882791690171	0.20504878740035565
-0.09093171846266575	0.07835800402771875	-3.1152598365463504	3.117571555460527
-0.47076755137723153	0.5224972098954275	-2.6537551102893726	2.789401647229237
0.10512090581749334	0.15089325631206243	-0.5716228615526168	0.7773620893058458
-0.02407924906855191	0.1822406165960616	-0.22776185182241956	0.3242633167945395
-0.2933618959590696	-1.1330422161786013	-1.5092387601167752	1.91497448692729
-0.8071829562836208	-1.8793541445273148	-1.706293165242263	2.667289349905484
-0.43514633599762675	0.009623596170052434	-0.3660352359273873	0.5855822112870414
0.6404661681469896	-0.3398731733752346	1.7164423726197642	1.8685194379362515
-0.04952222541134206	0.45802925186009424	1.8933805344369792	2.0101873138974065
-0.25702362107371407	0.2950057266775796	14.70408153643282	14.709286296439647
-1.1890829393044264	1.2300500850977985	54.97698319849228	55.003596455647326
-0.6289259968028238	0.6010387714830577	31.82419427755676	31.83608231126997
-0.31182968038925674	0.2874918934672544	12.437375779423917	12.444605482576847
-6.042492275820888	5.765824976282021	298.8710111783941	298.9876883307343
-0.09973449783231927	0.12493821456721682	8.978690032138045	8.980113096210548
0.2609414741984576	-0.1974638297732726	0.7072262110294859	0.7792633255791747
0.25055473830326097	-0.07720422585269801	0.40126035658946835	0.47932039717295266
0.09051381277515645	-0.20514481778495075	0.23734961160387943	0.32651490730995597
0.08303707091853273	-0.4688892378244032	0.29601080592928297	0.560691242771976
0.19032673959332747	0.004119913647774344	0.04285244426418074	0.19513475721179488
0.611707427304392	-0.2321704173000012	0.13515763503632774	0.6680992932171296
0.3436811314908545	-0.16080986475231573	0.11402873849984266	0.3962058630918497
0.036610621248340816	-0.024691406199876163	-0.033165398451198286	0.05522632327743259
0.1546690586505062	-0.10268095273200611	0.06756278207105809	0.1975616999293322
0.24718628915344787	-0.23859239616015726	-0.048693400825540245	0.34698478401055877
0.2812337278545594	-0.09481480909027742	-0.12638999110991103	0.3225781882870593
0.14633203569151365	-0.1679540182938243	-0.106580585764059	0.2469433906636795
-0.009136413210279533	0.03539737525801427	-0.009608275028153661	0.03779903663484425
0.32045347188957146	0.25757704203987086	-0.02916184499353225	0.41217323231320674
0.006996778159168139	-0.17681328812134997	-0.06650777927785835	0.18903750544631207
0.08037607198736482	-0.03274855096251408	-0.04368481832942671	0.09716554888816019
0.04160645908413576	-0.7745820675619864	-0.05869573833388242	0.7903375553677564
-0.08522398856563487	-0.1497295536376751	-0.1836444440916007	0.2879012577348108
-0.003038116932923614	0.09323539419071858	-0.29501364191758495	0.30941092062477993
-0.06081102556446305	0.03956182031434151	-0.04619533577088109	0.08600655500466503
0.32786521828038406	0.4459148557205629	-5.363799768907206	5.392280002080688
-0.008918285967862018	0.039022880696643315	-0.5554354220207647	0.5568759548390051
0.09823605240007972	0.017277446365624175	-0.24632389692598722	0.26575231765851554
0.22587441538576283	-0.11688807945008176	-1.1154752940174568	1.144101047201129
0.015089104105129189	0.09408301185874664	-0.012849865993381518	0.09614787173492885
0.016435624077170054	0.17606859147057966	-0.24530548443455674	0.3023988414906915
0.13540853033635875	-0.2837919429559252	-0.7496829122981024	0.8129562140523409
0.12340704242681882	-0.06314829859148585	-0.3615725376373478	0.3872359819400121
-0.04843029123500755	-0.05826285416514975	0.011589735605684735	0.07664447309484776
-0.03127982395928282	-0.33819090988177947	-0.15311429696147782	0.3725526900286687
3.529919209707734	-2.098779813668176	1106.269250202881	1106.2772717282778
0.10945398683242791	-0.015121219529699716	58.87009778201485	58.870201474859115
0.06321422281847	0.023651846221724736	9.104865919099495	9.105116081224653
0.22032941754977073	-0.01737277383034953	83.07023335509689	83.07052736401617
-0.0052267262230880195	0.027452417593233035	5.543378468557242	5.543448908356851
-0.1936343688119721	0.09109562991840743	17.351598091075402	17.352917593211437
-0.16875046568274588	0.21465079097856524	30.317795367613762	30.31902484636073
0.3521856582570143	0.37643103876524603	62.6187985004849	62.62092031189863
0.009242337449312361	-0.006057527245753078	0.41537394321518195	0.41552091059294405
-0.03457980981687969	-0.04663532506513174	5.733568439289221	5.733862368840425
-0.20409758568679098	0.054328709666492975	13.052293380679613	13.054002065593146
-0.12557643653228934	0.47529500073654307	7.240832449532827	7.317901334005866
-0.07695785834537419	-0.023974635083310637	1.102635496826147	1.114352780249382
-0.09173246550294484	0.07785539967503749	2.9561532013214724	2.9586006925857697
0.000898985401155199	-0.019457287303569777	0.07534905946645452	0.0778259273407291
-0.24841951551636754	-0.007161914521953111	3.3633650996970372	3.50061979304652
0.05849321878497142	0.028907975119115928	0.37682354596967105	0.40710305497069244
0.8636538833253071	2.0904495936579566	3.7146549346505613	4.449144795377126
0.19898391630058695	0.319818956525126	0.8067411602164085	0.901215761283865
-0.013218774481599093	0.1244137929697921	-0.08081817712576969	0.14894665365109067
0.0944646034873027	0.43329908013880797	-0.060619360515668415	0.4476006713918994
0.8924109656462382	1.8707526413226243	1.9087672360909562	2.9702351629282715
-0.02870232881574853	0.05901570492805895	0.09034955819169874	0.11166789947446053
0.13471693059330364	0.15340675782075272	0.4292550679863755	0.47533377549417194
-0.0020102929988690087	-0.02656127884475932	0.019257456238641106	0.03286932357979906
-0.08711616841032073	0.15872876068745256	0.06533082446221766	0.19248938384436434
0.13331766262987801	0.15095220058046172	-0.7484777613309843	0.775099429258092
0.07170872601303713	0.2834319402157236	-0.7977267278788474	0.8496138761185311
-0.43432430593066074	0.5705054764333535	-4.512107859850751	4.595318420163018
-0.26957811216467975	-0.02724898835383797	-0.2146181635387328	0.3456527477763175
-1.5018242219487596	0.14220748865096894	-1.0422212357983947	1.8335550353915055
-1.030278371494883	-0.9486457860346765	-0.6659230299599803	1.5570278150574508
-0.002123967421138115	-0.6178490230789545	6.2081047988150715	6.240335480126687
0.028058642787788808	-0.40719155870620616	3.4818045585152615	3.5084234381719583
0.1834572095681514	-0.7035400975886362	5.932353315654313	5.997096048990069
0.2954718110866499	-1.1670059423354187	9.717518427596183	9.804238409670809
0.291485466198226	0.0032384104227136112	0.7767358726752429	0.8412922590321593
0.2886090581989175	-0.6621623516776359	2.1561699781679753	2.2782236343490534
0.3533257953586275	-0.5600663663959482	0.30738868844888284	0.730069351650986
0.4326009794828801	-0.3501370307458689	0.9099391211731664	1.066643685581307
0.32432221963806723	0.03220304321831352	0.6656232042161466	0.7541591165228021
0.3611197862067079	-0.09312460419832508	0.9342419088052447	1.0155626130205562
0.1855183279871836	-0.2790579719805468	0.3326005080845764	0.47213716198068345
0.19630157866155806	-0.10398949883807063	0.20406429517505817	0.3016460876903696
0.16608231956499137	-0.825647866828055	0.7497258425408093	1.127548923924515
0.14052621261652493	-0.285748809917744	0.26737259892147297	0.4157981547046289
0.8893858221166796	-0.5251820260493563	1.2862184669043177	1.6554941952701503
0.13024530080263125	-0.2887146812116466	0.30312673868755524	0.4600930450850829
0.2598500370437722	-0.15409577186011494	105.59664574571589	105.59707789657284
0.621985292690693	-0.4287642132322268	200.90632673032195	200.90774705004713
0.05704957129602167	0.13286803623617185	0.09506633023824719	0.17304963387214664
0.0005977329787854035	0.162121215759205	0.30338051495808827	0.34398166047071665
-0.8943384640459376	0.695862858765341	-4.792480117640057	4.949308237204104
-0.13509957883861332	-0.01425732617537405	-0.613983037382059	0.6441351742025433
-0.522755411433074	-1.1915074518474467	-0.3693161342624706	1.352537480078513
-0.6431051174817234	-1.1303967216697142	-0.3679152236077991	1.3515704022562776
0.12241143413209102	-0.1322863748950473	1.9483405716163602	1.956659200575183
-0.02178237047344682	0.008055679879658155	0.11917984960251865	0.12142158866134545
0.6170473663321085	-0.7515379166408882	4.50259325568687	4.633197430576772
-0.1878004124455765	-0.1842251433412853	2.46758673276751	2.481570507175664
-0.028655689906383022	-0.1232565106976582	0.7311740997148357	0.7420437184473523
0.17658902265366705	-0.15885902105931604	0.5867000872894563	0.6481640601106771
-0.21586022601226024	-0.3713765658314784	1.0865746374852487	1.1767074481573772
0.20462150472137222	0.18265359121786018	0.907413573216734	0.9581813358322004
0.8577623556029129	0.642790317280949	1.6092977401960737	1.9386218435217815
