1.3754857499838304	0.882673992108071	-2.7469387453591056	3.2342644972091623
0.22037608435038558	-0.08083609757598054	0.3307445971549603	0.4289194174575437
-0.06953422886304464	2.4431274681315647	-0.0909648753676855	2.6196053206491214
0.5883500198296339	1.9092241190780954	-0.35739240457683863	2.0887177300804134
0.4903591904834549	0.6035057026194863	0.9982651133015974	1.2730609923019716
-0.23981225555765398	0.4690076855760764	0.5182576267936145	0.7520298396173032
0.22112217978662543	1.0244546708053888	0.20231648149598414	1.1760332869496004
0.15567907352813148	-0.11883410441710651	-4.004708414556541	4.011923078627899
0.2666169943532125	0.05928530097627953	-4.85839866670628	4.868071153767491
0.29568646616822136	-0.08784126147448344	-21.440418332783985	21.443091303335255
-0.06805279258394863	-0.29871061098494095	-3.527204053561672	3.5432340357440912
1.553046814992408	-1.6533877273186395	-165.28240410369386	165.2987068056661
0.7843929360756312	-0.9199484132704012	-84.59676802738849	84.60552120178637
0.4338427093516037	-0.7834950935778648	-80.56050788321127	80.57094926244797
-0.336582132467281	-0.08199326694912498	-8.28762957637306	8.309544774853478
-0.7147576657766405	0.5340135702741111	197.89939381343245	197.9014542658112
-0.07788625827004203	-0.26382329116004744	50.37711820723789	50.378062563472064
-1.0995912297928354	-0.416943288290477	33.764034830153356	33.784796438264905
-0.4074932538407745	-0.020648272314732444	14.683790388805786	14.690121070650179
-0.3636495689735866	-0.08970658452329627	12.752784591138413	12.759047099732756
-0.7599646045927452	0.0006568266895622538	36.932586069627796	36.94066783650534
-0.2891997782491795	0.07197231356680575	31.97619217213963	31.97788551702822
0.025067358506002058	-0.04078987706224983	0.652264760338201	0.668746057193816
0.05566016390586229	-0.36810373966000054	9.807790519871254	9.815846019756737
-0.12703871034000874	-0.8873271221149422	12.167846251953044	12.201616714666681
-0.10125327596619615	0.23323154985837785	16.537447236711618	16.539990631002908
0.1608616657660185	-0.32435098613554325	9.638905209220521	9.64671205411246
0.0590948785723509	-0.014428728511083774	-0.21656534154215829	0.2647276429411918
-0.0030159808265758396	-0.27411885053722623	-0.1893059767610423	0.36120185228989166
0.3086730094804892	0.5194056123310244	-45.371974720453274	45.376212171525
0.1414583280634448	0.072430847708176	-1.454227970889332	1.4695289934176536
0.5714007137626329	0.4133652698594868	-1.3628572943266912	1.5408534685731547
0.17925461170386697	0.19995216139704117	-0.6366302370840503	0.7049049058803226
1.5043746765325867	0.7520774137731365	-3.648106572292046	4.01956775678687
0.6349630243134723	0.45143265899511015	-2.3989973273710743	2.526190303497792
0.057077059725539975	0.6920080760803808	-2.8583986464431086	2.9833188737034426
1.6569312403554506	0.3022492673446793	-2.9827640394369253	3.42828482695565
0.7066947923056338	0.4356180058211553	-1.726904448552888	1.9211609343829728
0.222062702144591	-0.042504574711431736	0.15031412671547312	0.9767616967026256
-0.005899407576148243	0.07223984645760113	0.0028643478686483717	0.07253690725885643
-0.4431701887702261	0.8465650530464408	-0.08943063348312402	1.0792543656892726
-0.09745092101532327	0.6989999018357207	-0.7355743125001073	1.0289056802657313
-0.06266788809056395	0.6382036068045079	-0.005350983135107318	0.65630749337222
0.8164257689888514	1.4694273033266647	-0.5868545975849555	2.0125895129502966
0.05417992919663467	0.324164493668867	-0.06189366918147695	0.3623930116159683
-0.275009663979612	-0.13312520743286266	-0.13986334616675045	0.6004415906956997
-0.9170247919365802	0.6655867754047213	0.16278093221544718	1.1532205519383156
-0.020478560606723484	1.2192804282832717	-0.2798873075318309	1.2589204994981134
-0.28604347703392907	0.13351720931985428	0.19286068417839466	0.3953767119343022
0.1439249862779166	0.16618154537649982	-1.1782445176703997	1.206677519480318
-0.17970672988165748	0.5185721985012195	-1.586583121330766	1.6846178853421991
0.6127325822629954	0.07900667861456448	-1.639684107703458	1.7577619379733052
0.19087529453895996	0.007034737737508984	-2.3843958131386787	2.443244148957208
0.9659965334121816	0.9563927123234163	-9.328226668854741	9.439876313828615
1.7770456528650431	0.07604682345752213	-9.236868272044477	9.419714728107557
0.10106277077982434	0.5886798946902907	-5.048303901196122	5.085431128801396
0.22458941581747086	-0.08440386868584245	-2.100136067725506	2.1137965658283964
0.8375102841948159	-0.2995676454162617	-5.806669986375713	5.874400444384843
1.2567593257957594	-0.45869565461435	-26.86047365080467	26.894132635893065
0.14136636946148282	0.18507476673580014	-7.865845575287672	7.8705300659402635
-0.07044326055141847	-0.35715124156068434	-9.542529517726583	9.549470606216271
0.6862891307365874	-0.7784658058341146	-24.563436916644022	24.58535000645243
0.12387627904247905	-0.07984694727569486	-4.966303002187866	4.968489345569624
0.15360195751914962	-0.10600969653363637	-13.89246324960102	13.893716808637919
0.2367319871674451	-0.8251071053589291	-29.59046021362218	29.602908293325154
0.33591088687331716	-0.7088173058027084	-27.651684318900568	27.662807228642876
0.05477928170149553	-0.0023775560409105556	-2.958372558379574	2.9588806357556514
0.4462950822117639	-0.44578688036007924	-32.64007793802493	32.646172716620995
-0.003869245361299266	-0.026273599779394113	-1.1056275448144866	1.1147184962390926
0.2940130387837652	-0.7975966177748234	-84.64528343486238	84.6495517519133
0.49636944505650793	-1.2571375593496388	-118.91787116449656	118.92555175303968
-0.5258143183584056	-0.9203583426619669	-34.83645146342758	34.8525736602054
0.07300276378411125	-0.31309735470660904	-18.885832083164317	18.888568310767308
0.05661994215799347	-0.21082738143928867	-40.18754223024512	40.18813512108207
-0.021231792204136936	-0.026921176125137336	-1.89570632826243	1.8960163558731222
-0.116720147627469	0.014075353844753245	-4.40452127185509	4.406090028888652
-0.2874663465349692	-0.04033275037928466	-21.270463227848445	21.272443901874468
-0.36979308540490824	-0.1409967269274977	-21.087855889009795	21.091569239832832
-0.14954405555461847	-0.04980728654653152	-4.930671679752288	4.9331903879595105
0.2213500348617713	-0.4553838168649744	-26.384629528213743	26.40616208752389
0.42117684689437695	-0.18986752186051906	-6.91764197081615	6.93445670788379
0.13538085531063637	-0.12056254309509394	-1.120343456802706	1.1434651498330997
-0.11532914017847236	0.08598309012896543	74.79599223262895	74.7962607872262
-1.056044709765005	0.16899822999862496	61.636902228158384	61.64617998801159
-1.2740876215759773	0.11820773698320444	46.56822478030601	46.58580075007451
-0.26293305309290055	0.15010989518563603	12.223463789598156	12.227212838037078
-0.9056218869432932	0.2471378443596896	36.86621461099147	36.87816437758129
-0.8325600389923703	-0.45992132665315966	54.4749000976545	54.48338190934531
-0.2107514125845894	0.003805748492731409	11.6615996867635	11.664339573282776
-0.1454300682465269	-0.15381353398199973	12.789824023274306	12.79157562829188
0.014748779440758612	-0.0044370754632905	0.20803283518273236	0.20860219233705363
0.043229911276152805	-0.06501839706989562	8.401732701705395	8.403254630974379
-1.2814957013589223	-0.6105228991093625	39.05213505906721	39.07817423958628
0.018999637341491564	-0.0293989487240192	2.373055395726309	2.37331354767779
0.4937518942959507	-0.27509575626636695	17.09949850002236	17.108837411130644
-0.08415516992783065	0.04387597937426938	0.8138773726500717	0.831193934532379
-1.3848831988132941	0.4530737093641144	25.554360879831545	25.596250057811925
-0.17988832126108195	-0.08994721396200114	3.297347137529762	3.3064222718372434
-0.2806159277146762	0.16201986562794987	4.646365833705317	4.659741514426454
-0.2989150550999125	-0.07322806043873173	1.9840873745499157	2.0126587027485257
-0.011650413852036023	0.18513539845105387	3.7564627086941633	3.763628928921187
-0.11555018681723737	0.0986120927179973	3.0351172082909192	3.042119728654246
-0.030781366230866553	0.1069317258092345	1.2162169678515837	1.2292458599815095
-0.5169026959914294	0.49625370236084976	15.088451360509776	15.106101428813439
-0.20386097584771706	-0.07339147503496142	1.29757448947419	1.3229228801088877
-0.8751323918551441	-0.4870839444060305	18.86239510757511	18.889482164721873
-0.08106820008658835	-0.3542185252518312	2.0192136791848667	2.0563916173249064
0.3027150673141296	-0.5572460429421026	15.860325273964587	15.873611975389013
0.14941806882239808	-0.17818237629232775	4.087842672227284	4.096829532247358
0.11538765612255072	-1.2000387115838613	60.85568743845764	60.86778770920328
-0.2860604536734291	0.2663250007866668	20.226233175110842	20.23049054837905
0.2517886001228548	0.1698377774900391	18.480658931351503	18.483681361992165
0.13947277728946003	-0.14902759012982755	7.04853150173258	7.0528673597368385
0.3896114322445111	0.3135552150355843	9.13052443947224	9.145275844156453
-0.29113111167765715	-0.8159876417878111	21.779050385652234	21.796722428874855
-0.49297957246546253	0.03557562117194289	4.1670689064096536	4.198599473557361
0.19680534150299311	-0.27559044604728344	9.854866220204178	9.860683072410248
-0.031741635793953026	-0.6196476218063002	-0.6876480530303316	1.3184009801230752
-0.0598988959365236	-0.0017462465991820025	-0.05383518860157613	0.16114881179632357
0.03334582473334893	0.09054695514876726	-0.0977154971973012	0.13732812350853657
-0.09908454141012568	0.11723951468185277	-0.2769253458614805	0.3166235893451274
0.025409463998066838	-0.2332704767746221	5.831925568643076	5.838312802453137
0.2206052825634199	-0.021395957664691267	21.10944840963778	21.11107331287915
-0.32931046249377627	-0.44073247905639745	23.66688494227362	23.673690315506803
-0.27765112955240046	-0.2251538569200704	12.880765461988181	12.886480632068448
-0.27899090485058575	-0.7020461091163577	9.35540389952711	9.386893339785097
0.09886835387657618	0.41930943974146107	3.577211258633427	3.63672320763463
-0.1395290957381113	-0.2845136574821076	6.625673271001386	6.651885326432916
1.282151971373774	-0.046221893042186796	3.7111136991212463	4.0374753019429654
0.07720645589016076	0.05724517694201428	0.09493036557343706	0.1350911596743039
0.10296416946890502	0.341261238107082	0.40321659188447034	0.5381862807613433
0.05664682546390091	0.38556642340669284	0.26758413333508235	0.47272782666821506
0.03537365311951369	0.05665531040547403	-0.31406596313427654	0.35011188730407455
0.18491574729360186	0.212835882263878	-0.019437704879258	0.3151992316728702
0.4851051722125008	0.6129761650444102	-1.1826004811563362	1.4244614736633172
-0.3054854424291463	0.07623477123952761	-4.858530594659898	4.958552653751741
0.10877351240336176	0.1823772634814509	-1.7198602895124406	1.7385316630931325
-0.34761566102113095	-1.1192319417793144	-9.993395020831498	10.105533703004808
-0.050664774816176456	-0.44090062927628226	-4.910581877123188	4.932570774062355
0.0907228637255594	0.028789685803258705	-0.0515567819542766	0.10824779802239713
-0.022255429064426277	-0.006113235664051432	-0.11769185475486975	0.11993351678645714
-0.10498955745554597	-0.13648948538006433	-4.778927342463801	4.784065061873861
-0.3188462035731474	0.17963348974794258	-0.9717547687690152	1.1497644824908078
0.0951955949359816	-0.326407403670895	-0.3525471163419408	0.6982185730896937
-0.06615700640553929	0.16224776532308105	0.2232583943652386	0.28380521049378316
-0.23623432706281008	0.31831870906804965	0.8493238639186053	0.9372750309526006
0.3286291275246404	0.21800013666657586	30.23845185323857	30.24134539713091
-0.27394903080846733	-0.0834158036931283	71.22662205217588	71.22890856368429
-0.4923065831471079	-0.14546294919817654	26.17760559974861	26.18301052137224
-0.1587126129371581	-0.12030057848096731	-588.9281198220297	588.9289009121785
-0.48889414053712754	-0.3107324708746161	-126.00879837296654	126.01020720296013
0.5144574456706059	0.14583465890907255	-314.9827054117138	314.98319022207914
0.6091356205931854	0.036855078006120215	-1.2448163838904787	1.3933600093129017
-1.3860095560606487	-0.5114100645065446	-25.746562504156262	25.789290864792992
0.21771897988066413	-0.01784766959935688	-0.41525989788888307	0.46921303935961783
0.13476621226818286	0.08667211600071864	-0.43611953669651915	0.4646226834212267
0.42302407885830207	0.27801405121497563	-0.9863598465006719	1.1086689906169953
0.4546763681223309	0.17130174078318855	-0.7886839878452432	0.9263354245670085
0.25987364834246574	0.04835563995363858	-0.35139707391458697	0.43971864251346354
-0.00632808286064248	-0.015528096563590651	-0.06550762226815947	0.06761963465449378
-0.016354664233494347	0.0006725353604945458	-0.0033885489170247876	0.016715549939039426
0.18107379932123832	-0.18550927135849823	0.19055316626720953	0.32173268365997226
-2.0601466221101212	2.3355452516209	-1.1264082391414338	3.4421100855531024
-0.39087977131972856	0.464424632232049	-0.3452706914537269	0.7121578967671229
-0.19851640836511072	0.18882402739408485	-0.11823168507994364	0.3294264621555902
-0.3106388574855099	1.2495854773180617	-0.31273863070052865	1.3323834286482825
0.46745403844024414	0.8655430692075704	0.2588597046735127	1.0171953742575772
0.6499442628818105	1.2889932675642939	0.21814332364205016	1.4599718142240472
-0.22288992628518967	0.890200391502485	0.35113359235498626	0.9924269448431517
-0.38648239981753296	0.6060083851562387	-0.009233786617248635	0.7322430306692473
0.10776934658206722	0.7308869305265213	-0.32273090847682173	0.9474074565167199
0.25972979144243113	0.29525727343289754	0.09795913583056992	0.40525598622405273
0.27223835215932984	0.17242720271948575	-0.0013659626239445263	0.3222525818018902
0.1438517226964693	0.06979920751008467	0.23923757831484682	0.2877496592000245
0.0006384376809110276	-0.03377430151061975	0.016733628569244548	0.037697816518945694
0.8138353237429593	0.33469728234692775	-1.062084175510057	1.379265384489549
0.0678905352014939	-0.004659539358443425	-0.05242689707977514	0.08590352504054483
0.4877235885078121	0.06422713094858368	-3.0742948569367794	3.116531417365266
0.5515611300028193	0.4928349269047511	-3.260249240106694	3.346014171790591
-0.02682027689874892	-0.022184121936747642	-0.2930746089449042	0.32647201078689536
0.21457817348368313	0.20518538871589562	-2.6148361439947334	2.6353354020160955
2.276128513818405	1.351693263066553	-22.70985008433158	22.863620153896267
0.05562381920132335	0.02768676899959467	-0.6082490349559437	0.6114145206699079
0.4399238237378932	0.2137215225365411	-4.473984035254885	4.500638095728658
0.7604425501344559	0.33919120670185127	-12.053663755484687	12.092632020744864
0.13850818494693629	0.10511806751772802	7.476746600724577	7.478768217886049
0.08290208062972276	0.24945979198149887	9.074242412458371	9.078049256467303
-1.4896794378740235	-0.22942794321459634	76.35806574728538	76.37294014685772
-0.16404470393663398	-0.025299109375848262	11.005331841246626	11.006583468351193
-0.00225884555489195	-0.015649424846682313	0.08510767507875001	0.08656398349534794
0.1737529290772173	0.158978024971378	3.8497434214697597	3.8569403033928826
-0.16546357765757128	0.1959739619971808	2.285554739122606	2.2999009663109233
-0.2189578917271516	0.07823516205412823	1.7177965350733684	1.7334613450669454
-0.13304823094092677	-0.07948019930946298	1.9002261257148407	1.9065356704473209
-0.5891206336292348	-0.1081545888061144	5.632167482258273	5.663927178579809
0.12035071839042769	-0.02630900683337406	2.2961971243709662	2.2994994440588905
0.08097970747090724	-0.13595917654844275	5.075630480318681	5.0780968269076805
0.28736735829828475	0.02618901786713161	10.690001753344522	10.693895611505713
0.41719813840912495	-0.06128290415661852	11.509344143511548	11.517066140941342
0.24796712976219878	-0.11195194820632061	1.6891261543577374	1.7108968704995207
-0.012977069060446454	0.011056495523364894	0.09735532181683135	0.09883678010091475
0.19485473072191145	0.27626233604075795	2.329317076511351	2.353722007231693
0.03218345626303891	1.1234934154447096e-05	0.5375268824047355	0.5384894839186861
-0.1926207573483447	0.2895685576491999	-1.1990530755329827	1.3439853778168844
-0.20758949984286432	0.11286375891583844	-0.044208747270912875	0.24038727473992152
-0.13339916880076308	0.003880605888375903	-0.11478111843947442	0.1760258574443313
0.045000305127715946	0.0031119913139586184	0.2609888908932073	0.2648582887530465
0.1113312571693219	-0.062653830059487	3.4361961258019877	3.438570046723001
-0.21414860672511174	-0.44514627338178403	15.175427155772926	15.183464828247814
-0.02434920022402346	-0.12032158035913278	6.120390851857881	6.121621872164053
-0.0020347751401372863	-0.0077199145791355	0.025319572208713045	0.026548411022362706
0.36349809444148634	0.26990557895460476	4.639711595456614	4.661748982434379
0.23909698500091905	0.3438579698051227	1.0014962007479544	1.0855414831997983
0.02201430221072579	0.022026714968490443	0.016069545507875677	0.03504334411779193
0.0024307169398482056	-0.14537343079732207	0.07792597936229373	0.1649599982607847
-0.05040141037242491	-0.0064496891816462135	0.08830374419245743	0.10187959509379882
0.908179067486638	-0.34432346501024996	1.7957935750591083	2.2469029850665874
0.1269064296309347	0.048013528057331	0.1849631584231724	0.26851758905527795
0.1393075782781728	-0.016660478939730376	0.03569815851839209	0.14477061665211863
0.022880394819003252	-0.07352295720187439	-0.035289083582734214	0.0847021671676193
0.08746721543848959	-0.23621110659096825	-0.05764740129673879	0.25839780093832093
0.13200344431696753	-0.0760807311746512	-0.05296447043704622	0.16130226934637046
0.13530725987541775	-0.03740427379213573	0.13788567628696333	0.19677295037180317
0.03223295373343006	0.0002670515547878137	-0.03240176089031989	0.0457045810801042
0.02622540783874057	0.12197324992081679	-0.12312364585276772	0.17528456258504935
-0.12630381893908274	0.36356814967384193	-0.23400338969252235	0.4504353899544841
-0.050493358915089576	-0.1067996511535153	-0.4002260081428699	0.41729677973238316
0.057579531387735694	-0.061532334837627246	-0.12699897261728227	0.15241512297421905
-0.06745464151116455	-0.05483413302510365	-0.14803935949799657	0.17167574891810292
0.026721599312525636	0.0309554882274101	-0.011307870618421423	0.04242822243671595
0.009708453106586204	0.19074449383444653	-0.02845181338030489	0.19309899449378207
0.011401109588133729	-0.020962896816470178	0.009420132445831621	0.025654770279143375
0.03762975180422337	0.0666547947535548	0.23725037972550975	0.285703320709411
0.14663597116011082	0.2751082559305151	-0.10865510509565013	0.35843043576480144
0.1532012889909485	-0.5082671247256164	16.3079705613468	16.316608407839514
0.03013414529833524	-0.17796166797693821	8.39654334792786	8.398483113968474
0.14247941999929503	0.1714421714927266	-313.8430079196813	313.84311812219386
0.00954147022552998	0.21413563400010982	-1096.1326060951847	1096.1326359386967
0.13865140846846316	-0.1859886772571914	-247.36064635548973	247.3607551359084
-0.07623705587349484	0.03314812828142288	-6.248672493709652	6.25078383929892
0.11229167637044898	-0.3275057110165982	-33.07041375623538	33.07252054508147
-0.019865498458308553	0.1020576719928554	-0.9226674256732806	0.9285071808231519
-0.05938683697551135	-0.031489343852228964	-0.6988578740357968	0.7020831170766275
0.30125642348275145	-0.3678161763743189	-5.514775991588577	5.536991800119811
-0.2233128933089703	0.2653487616624346	-15.691353759356867	15.69580648453009
-2.1375674131794966	0.49687793329746716	294.462824329375	294.47103503391264
-2.04870882205622	-0.173648218238306	122.21844176262546	122.23581450708477
-0.5940041802104266	-0.5673652618241007	64.89696883420439	64.90231727726696
-1.5381201202884225	1.33247791438443	59.48027598109641	59.51524192565341
-0.3732271436062911	0.04187512397233052	49.51878287443722	49.52040376629911
0.04084240231652295	1.9553263806526626	20.612786167042362	20.705830162295257
-2.433527501918425	4.614703001165911	41.44189599926689	41.779524105697
0.2611708613178912	-0.03927356838177102	0.9095667683730773	1.333197258849421
-0.2015623698357837	0.18458077655277394	-0.4766070647586582	1.0884133089431174
0.2057301483941794	0.14407795853923602	-0.11880304579921011	0.31092973593127765
0.09628582969083263	-0.025714871510504562	-0.03345327093627134	0.17473157085194613
0.2689779546132816	0.12258929711315991	-8.566919801934699	8.573154142642917
-0.0032217811174454804	0.2682096032574927	-6.4473985682631545	6.454484863573144
0.9061107009220964	0.13763529993011447	5.836997959604961	5.9291015509050675
0.9657358153700397	-0.32119346589503867	4.264286221566046	4.386277199626139
1.7841354059341952	-0.8151205457371866	5.981455241623589	6.296415428101703
1.5868263059702243	-1.142008197894861	6.8307233940688565	7.166852469568335
0.15678354267480543	-0.7517633189359113	2.3464174679022767	2.472829125824939
1.3791982960459157	-0.8001181711772295	5.032812963828763	5.281199024979726
5.2834570503908385	-5.197092436119736	23.764139025493854	24.893341913065786
0.2514830366456833	0.09758682357056853	1.0585203311251168	1.1012320292110809
0.2154011844572797	-0.3391192736498441	0.6219461974727621	0.7534563089371704
0.6260738370839506	-0.32215280991553596	2.8369340627915554	2.926333122517752
1.1898016289330164	-0.8725154633266751	1.6356328282641532	2.2582784617826093
0.2355783990487702	-0.8108016495622238	0.8471325424957046	1.2939281216460379
-0.07453722285019716	0.03579171464796746	-0.057630673000394095	0.1721566838613592
-0.49435061622107956	-0.2270996225390535	-20.15018629667787	20.15801191452272
-0.500462722604957	-0.20223854379072845	-17.423486984012705	17.432404935414727
-0.16188636080525276	0.0791131101777301	-5.37551328804038	5.378532252196268
-0.3476550806635542	-0.02577574221841506	-11.853622337752684	11.858747445243432
-1.3384430211483918	0.21366283877535716	-4.695551685034189	4.889250140999312
-0.3462716195112038	0.5646440481889644	-0.773835519608234	1.0281187343597429
-1.0949438384809578	0.4848274292288741	-2.2677491118580617	2.7307501300545836
-2.829052736872339	0.7111693978657561	-3.3329663335723776	4.52750665091643
-0.8770938124870938	0.29782176609492106	-2.350783063504408	2.5305438460580394
-0.33491091724170446	0.026692726602309272	-1.2158540389334835	1.2691172731595808
-1.8446898168994257	-0.08427127452684008	-3.3216434591187607	3.8029958220709705
-2.725171840988264	0.24711017342625152	-7.3686699248565795	7.861577529167535
-4.775412824502821	-1.7542478500039163	-13.945865968746766	14.874457347238542
-3.511583104520329	-0.9456908237164194	-8.029837757827467	8.864910221538947
-0.1787806144029911	-0.39134603694190817	-0.40640095667087295	0.6080754486076946
-0.14742136756631993	0.13164057830139136	0.09146634614253125	0.2586661532696424
-0.8542969293393229	-0.2872686067924385	2.4969709151422883	2.6583246663817386
-1.208568119743699	-0.2446534336475277	7.36862264406457	7.487376831419499
-0.9689492451569672	-0.2867933347853367	6.389298974243878	6.487524518739133
-1.2893243305632887	-1.1093384781009559	14.180125142628063	14.282451397917317
0.22731296493840128	0.5578849449039166	-1.714750306797928	1.8174915159205345
0.005968089681913898	-0.006194882277071292	-0.009478494776444343	0.012799864222140134
0.41227966752565876	0.38890159709858846	-2.571671908193964	2.6333847762670164
0.04623697776317748	0.006733390216731715	-0.37530331072550505	0.3782007029316688
0.02697718058827532	-0.599855260825916	-19.260104943963185	19.26996824957395
-0.21018402522741098	-0.12801811204348668	-9.857476433148904	9.861535751416104
0.10558364029479848	0.10068246218114596	34.013125244451956	34.013724487961646
0.5667567284175992	0.8494767176409085	54.88993303890054	54.89960885728517
0.5936133787801303	-0.1230080150364049	24.618996830782763	24.631407444799446
-0.04914885753240486	0.04641282725422338	3.8314972527903386	3.8320935477712927
-0.12487168109387004	-0.09746966339888037	9.463767608646046	9.465093270669886
-0.0677780755753179	-0.17278794635559092	5.68399249799843	5.6870220906232545
-0.038682997349965983	-0.014015965969203986	0.3680352805057805	0.37032794828772514
0.025452273287527107	0.0071974359935304405	2.276344813650488	2.2764984805472324
-0.11257572904472637	-0.14224647337404692	10.29190689590845	10.293505472287134
0.18967149746283832	0.10465055621705793	0.15106344241842065	0.29870882879760785
0.6732625319081067	-0.11837118254179965	1.0671265540568164	1.274963937137374
0.01561939813015372	-0.02253260990049149	-0.006122119889173794	0.028092071102241562
-0.21831275939651235	-0.025011945005292142	0.013014553962764222	0.2201259569499176
0.05789260048760605	-0.1179218425570122	-0.25570618565167413	0.28747655125903193
0.05082200929645947	-0.053029431747975087	-0.012102601761379311	0.07444105204681828
0.12594859688543333	-0.09223049819075965	-345.69337448711843	345.69340973441325
-0.0023348806909960843	-0.07500682646025959	-74.20042178257273	74.20045973029667
-0.13244868126973994	0.11279920337737118	-28.409445065067715	28.409977740550115
-0.1853950434151415	0.06276330379737219	-59.24723453533712	59.24755784536332
0.10168453049998685	0.022413423764613	-23.20829915021982	23.208532731549468
0.07006799659593463	-0.11051813561803503	-25.38068840450727	25.381025741075536
0.08702892334274312	-0.09077091497390116	-3.4852618917931375	3.4875297628678203
-0.020509430591746987	0.02037291508356237	-2.1098982321958872	2.11009626383147
-0.029715134020704564	0.05073556875052624	-1.8034046062558546	1.8043628407255399
-0.0036638171173166145	0.04050360597516027	-0.13075810158551615	0.13693665244596975
0.2209038183309293	0.2081407045095006	-11.835845216948155	11.839736190024734
0.011899894247789339	-0.26445438735776156	-5.413096479604275	5.419565594028739
0.368176102728388	0.3225280591526685	6.986712990400309	7.005227775503768
0.09875058848443719	-1.4520658225543186	89.92199250545355	89.93866428614281
0.3335954594393227	-0.22243744076427213	30.14056257703043	30.14355248789365
0.12523937061690865	0.5196079958241759	98.75772940787195	98.76040965442647
1.3257938898700674	1.111810617202627	141.3088386932907	141.3195005118484
0.0993997411900273	0.03932647804415393	4.45280615942929	4.456275278612781
0.026540136486178173	-0.14938827047515463	0.18191285734494123	0.9677107598697371
0.25120964876574603	-0.1685011699799534	0.512633938938114	1.1111449411165175
0.16146832912638268	0.055916957073248945	-0.18814349626599222	0.5552626810676088
0.17235705233494975	-0.16285602392521456	0.5940084612882507	0.8079573209646396
0.2664876770788893	0.20475099291833154	-0.6086711905388367	0.8527245814024067
0.22330248997963442	-0.11651216919541003	0.0036707761038680953	0.554231453996369
-0.8749604676535736	0.5244970951815221	-0.839571937235462	1.3285382363724882
-1.2267419013513157	-1.1811470764165755	-3.4382304772733083	3.839389627064373
0.16840295740422992	-0.29166824713705714	5.503784578144928	5.536135344035264
0.12324802075480162	-1.1655249527569678	19.188571377001566	19.23066899311625
0.29829571366254815	-0.4044359219803776	2.1571312585490254	2.2192890301371
-0.1808487792265894	-1.0611751325370689	6.090791825750435	6.204858092647337
-2.075162970679451	-0.029054187765562567	0.6352273326664306	2.1748882844349477
-0.15273036876329066	-0.07566453230538403	-0.006202024290322489	0.22038588202709583
0.16752275967657418	-1.0878044131177869	-0.12962090249945782	1.1169886657764088
-0.7767005333203204	-1.114992193968252	0.03593461991036363	1.3664707801041005
0.41504756591633873	0.0027909430267661905	-0.43228320458128555	1.1133245857337033
0.23123867708817458	-1.8995977809005413	-1.4094963861921685	2.555185650901424
0.5124921188371152	0.30247535675897774	-0.2660764100120039	0.6666452986270157
0.8126135582000988	-0.09841283445591924	-3.0345209641984807	3.1815190248553207
0.4273954047443441	-0.5848003715237314	-2.5532840069777683	2.6995624588476055
0.7282701594149107	0.019366279683655813	-3.5784782752891187	3.685102330600765
1.0680481188755897	-0.6445349312832338	-5.952621460235504	6.083529739849575
-0.14975084049539125	-0.07992051206689518	-0.34539322046320403	0.4093761889998665
-1.355631086361381	0.4904624472874824	143.7333635358169	143.74066078239207
-1.0669647795352935	2.2727987864043384	55.63182298303583	55.69635631864065
-0.1432708753754232	0.07773734466574597	5.617508604169425	5.6216058507604405
-0.3517120783276328	-0.06722385745229265	92.835434753023	92.83623024445109
0.017914083960424612	-0.06952343391234783	27.852230289037827	27.852672515950125
-0.0024755410794648617	-0.26303893735084144	61.51007709311454	61.51079790895789
0.3003466690354323	-0.4610889848346087	14.810380540701779	14.820599951889072
0.2361336716953257	-0.20729333275413786	10.092337102531113	10.097227234634204
-0.16353626489137676	0.23856089805778302	0.9249206684292611	0.9790880653977915
-0.006348104390509115	0.032145324743977306	-0.12078111061116224	0.1251467019649913
0.08085478901022813	0.24892954375883847	-0.2107619418558278	0.33604168014803054
0.09299741918288076	-0.12745420494971535	-0.20057273153381308	0.29086474497431875
0.07624393298615756	0.12007564469315153	-0.4105228646539027	0.4563333267134015
-0.4806890938245306	-0.6601209097466822	-8.368912621170555	8.409815685619655
-0.32549024297254847	-0.05211722084795414	-7.083477741700039	7.092516958389249
0.17790643170130216	-0.027228302161642307	-15.82938397793299	15.831022360688547
-0.0933964961150599	-0.18526128176233495	-18.22021919463476	18.2219349118979
0.14233770043029043	0.011480508620936285	-10.187761128534987	10.189717779214021
0.48419616942215343	0.00981074347949245	-0.782839469273684	0.9310529526957154
0.1589412170232812	0.07087712060344663	-0.16983236433833507	0.2803724194185765
-0.07630834980877314	0.04604099171939023	-0.12535114255777519	0.1538039209824728
-0.8910574012389946	0.15129423267814437	-1.7930059129488942	2.007920177948854
0.3866120265228183	0.2758331596202322	1.0031615459262995	1.2163476436954208
0.8641676097905233	0.343105097668112	2.305421817743782	2.5351710466329394
2.431955643514245	-2.720744128109685	11.763797552007688	12.352594119948497
0.02861837593383884	-0.22043237914071256	0.9623368677947504	0.9974875824950085
1.4127817476198423	-1.162516378409698	6.252584021662859	6.516262988042477
0.8501848055841409	-0.2423042318485485	2.788119159572396	2.928244145779612
0.014892727427798541	-0.007717910844392939	0.19876699555230587	0.2434532047415514
0.5745657849923471	-0.5350074189401982	1.7261425454271195	1.9014222707327635
0.5571852606841711	-0.9015103701315677	2.2386925017199455	2.4768771627667676
0.08051912233344291	0.0976787542512568	-0.21833505343115353	0.2883998067790789
0.19152321290188468	-0.014886900286698097	0.16206535974471706	0.2874851763301741
-0.14856225031549963	0.019735865829169495	-2.9292841750891916	2.9331154128412322
-0.0012005508111048654	-0.05473569635275478	-1.0986226427645769	1.0999859767162912
-0.13264701758651787	-0.09693639011365637	-0.6231775928494462	0.6594103366891481
-0.19173591477907087	0.7423579654954059	-5.1049501613703825	5.164092751386844
-1.3908243820244643	-0.2887000798850039	-1.2648456644682362	1.9071063257153325
-0.03672561514595218	-0.04859295789645898	-0.05830291149763292	0.08431652183336578
-0.8236945898504807	-0.4350901631369845	-1.4281053979124507	1.7050692815701651
-0.12632673376962428	-0.03926192076155259	-0.06585135758812041	0.14777125357452442
-0.025426058775885614	0.041224810103770534	0.03211972230581403	0.05811751882151642
-0.7568430366172303	-0.2482616124624184	-2.2120332870261574	2.3552104487943706
-0.2158341560205482	-0.06331081948260968	-0.272428308163316	0.35328434137021786
-1.4786607358795747	0.09314091755790722	-4.742520112830096	4.9685621484443
-0.7515549980815637	-0.06440850954964394	-1.3169126669111562	1.5240479416392518
-0.6968262584640534	0.09199117124412234	-0.7136220254812565	1.0113186393139644
-0.11044473830623533	0.06926456719879968	-0.11113144037064368	0.17130620983380548
-0.7969464277291747	0.1538670299934472	-0.9116310673325233	1.220602258934143
-1.16624411706306	0.20585606307325038	-1.223007199413015	1.7736584736651755
-0.02470295089755612	-0.23371714304240176	0.3902383066395968	0.45554349375651243
-0.04962819725865193	-0.016697370957698382	0.041530086439272126	0.06683194026583456
-0.6882986837238569	0.9211283772646561	2.9594379797841053	3.3110870581286207
0.09104927518514949	-0.0195781268231099	0.15358632077045334	0.22746827556705015
-2.120409883827557	0.9456554143696073	7.650664676307109	8.050208942155074
0.07015631516757684	-0.10254149704110835	0.6077500630370022	0.6358274854037091
-0.3453392452202259	0.3863515741225128	5.216713787861174	5.244245347280875
-0.6532314097034426	0.7229242596665695	2.7757179816753514	2.9450672078126656
-0.4157568493942761	-0.14152966374524178	2.4281166348693355	2.471460009987473
-0.13034320413178083	-0.010677939334666778	1.5747188972853217	1.5862921419521918
-3.042488893276666	-3.152882382281814	13.52592287074149	14.22658114936834
1.2718798706140293	1.8107028140051196	-113.07212105711069	113.0976623720964
1.4117592482705479	1.347114336458192	-60.271910561713824	60.30365215934023
0.5403483574250626	0.564341360731559	-54.02643145809816	54.03226104282777
0.5371231602106423	0.5632147625606154	-18.636895086887208	18.65366051000558
-0.280368108935932	0.05262598533374013	-16.987521309775154	16.990489569338656
0.2829796173907666	0.5063807354634383	-8.723479687488847	8.743859362777838
-0.09148978806389363	0.3140641182021887	-45.267398163869146	45.268795245321314
-1.4603344756619676	1.1895065402174558	-83.67294137391004	83.6955933170571
-0.23371670461469352	0.23417091524025402	-31.31173404405486	31.317373266345065
-0.3932997577533	0.21069274235712177	-13.352054051686622	13.360235900431993
0.18719911219826843	0.03295900249129505	23.25892260046868	23.259699274454203
0.4464895680445754	0.24914415324831535	47.48873733494072	47.491489757749875
0.8217173960979868	0.6561559772405058	218.7876786424591	218.79025016139636
0.09095572020933648	-0.013843202598963118	23.302777964132503	23.30295958506039
0.06889960705752654	-0.029336358084101465	4.35816591757805	4.358809234515466
0.565866209902965	0.13986621726827825	96.45201118624375	96.45387347733855
0.5570899219649397	0.09188624622935704	73.53725835992904	73.53955832844832
0.3843390850920847	0.402515952323216	81.81369653528105	81.81570849278373
1.4360382181429725	0.12975505093681883	253.6300223204917	253.63415926135667
0.31607819001144744	-0.13547896170986634	11.55365213662663	11.558768864608549
-0.21894963280611202	0.03315125216502787	6.894416962029477	6.897972397273406
-0.14378882216020727	0.048412263657317	11.886582680232586	11.887550916259244
0.0038602860747796574	0.03513696336474117	0.7814358530132771	0.7822349393741393
-0.37704227955718894	0.06355321867283222	1.8295354461104711	1.933163154819582
-0.4463824867603501	-0.18198280622769483	2.043258896592445	2.1566181690677277
0.3211757990034972	-0.7026087320902868	8.085694893608993	8.137505439580952
0.09070120873289131	0.432358992476895	3.4935715392979025	3.5241570471154606
-0.3049423199636776	-0.1121726678420069	1.8900547436371884	1.9228518520055207
-0.050755863607846785	0.0939776564479879	0.5631196943931034	0.5899080714106368
0.3869008852213006	-0.13280406713293663	13.60481701584683	13.611680830625128
0.047869442752123244	-0.019030346467104452	0.47565131382699394	0.47843265981891603
0.4689668672914433	-0.3097914499699032	10.997321926268706	11.011675177514187
0.7322035731954426	-0.2242123308958431	24.285859998027167	24.29792972838843
1.0660611402921298	-0.09081048236157699	19.378912641273093	19.40842569753255
0.6458243618108308	-0.07153266533042307	21.948644557695815	21.963898098030946
0.3050886696947698	-0.18725107506871172	29.079866663499132	29.08625976592348
0.9135303788130421	-0.543999382188295	70.86424441782067	70.87235772693302
0.18642981584440363	0.09227567508220008	4.167807974127138	4.175329205050233
0.0033133802168422988	-0.007093361666776397	6.057048835367363	6.05705389511215
-0.331865333679343	0.12004159387102256	54.81215334169163	54.813289433649864
0.18376973045194184	-0.3808391999224082	42.56570082859611	42.57816915538379
0.015537586828355522	-0.05884827821367446	14.556830635585467	14.557626952030088
0.23608104529695173	0.11731217876969369	20.818058834918006	20.82019572065171
0.10299232563999103	0.195097031792533	13.77204988191577	13.7738167630084
0.04891735505254797	0.01077602070627295	1.2264340282709476	1.2274564985972016
-0.14299419439273273	-0.12248627039130087	48.80019247758738	48.803052732570336
0.10964236034182667	-0.10358145625858615	42.783660670616484	42.784154201393505
-0.7175956017303083	0.25505152133595876	121.48424524349655	121.48671251166964
-0.1626034236334293	-0.006444649152551135	2.23101407203002	2.241290918505668
0.06351324757451776	0.3198174263631191	-0.19883597927988286	1.0130170079417133
0.11882894067013196	0.008687627053281126	-0.01565692318570465	0.1841757751395272
0.28842725684504783	0.25759634878542	-0.09461756000291774	0.4218748972854923
-0.22016280294602472	-0.370518040511314	-0.10087797865855071	0.4426416662760397
-0.25150699956442596	0.17010016044525822	-0.21125125717596	0.3698877249542438
0.037662649594574604	0.41960013197132895	0.6131040700166819	0.756874581087158
0.6726357006510679	0.1517554647294137	0.22933272289629067	0.7399606675740411
0.45070441942361295	-0.5239161133057876	0.8205025981672586	1.0818164659352532
0.048244493109158154	0.7138301565703862	0.849089662933193	1.1190683911828916
-0.0017267728399621915	-0.017932596211004	0.011196768002807556	0.021211491343525127
0.32530752784262396	0.012348194125838971	-0.09903920296763363	0.3402737563987459
0.2684949768413611	-0.3407973272760248	1.89530009236433	1.94432374130024
0.008354005578060444	-0.011181057572345915	0.29627381083543775	0.29660238779313136
0.423796922139765	-0.6060114070157732	0.6884036848092415	1.019918170642781
0.15071110930963894	0.15968699347608845	0.48657629559004206	0.5517699254987556
0.34843196507483853	-0.23180975766716266	0.4620343125215051	0.623390972009414
0.6200048731091474	0.26168704788617186	0.3850168039912966	0.775321928663276
-0.06794909729564311	0.055144165115398255	-0.09128978090838488	0.12645862116861778
-0.5350857538393304	0.028569073197850375	-2.8460090798392015	3.0446169583926923
-0.18692107317322665	0.11946461236217194	-0.28252761991715136	0.3853737434220515
-0.2244526755374272	-0.03999727876961723	-0.26622746710313466	0.3772739521952643
-1.7166961893556925	-1.2932688937407015	-6.671712611315196	7.009375108099716
-0.9338561670375798	-0.5855319461709114	-3.3531715923897085	3.5296876248062166
-0.1654576238430866	-1.0360015974386558	13.02247515694897	13.064667418213764
-0.3631414849388228	-1.3551907828061975	18.147447114981514	18.20160022050087
0.20581006678980954	-0.0957344252224265	2.4547069932418077	2.469127188164864
-0.5643438743076584	-0.7458494010780493	5.168366462756377	5.2541666338061574
-0.3518913530540771	-0.028889352295880952	4.4310180068062355	4.543277944455018
-0.24512039617692666	-0.15163112358224282	0.8730019470480126	0.9298861170650778
-1.0262538452315897	-0.6823896889479304	1.76561053337827	2.349260518314513
-0.14432912627174438	0.13266647621760977	0.9063671009029489	0.9377699062678324
-0.11345849753196327	-0.10982724194483101	0.050615359832402826	0.16582149554983083
-0.39385239973659836	-0.10936396914711988	0.04830843674754404	0.4115991928890056
-0.20845501427873261	-0.077938405987534	0.09508441096992268	0.24201019258560455
-0.30207298268676713	0.0319358571195017	0.2143116356753566	0.3717491937114106
-0.6952619413221813	-1.3775539854144407	1.0568030094424783	1.8702611450139723
-0.8507245284960302	-1.6899978372351008	1.1185674012071227	2.19795767572703
-0.004438434239130735	-0.2719710497430205	0.09085118292116234	0.28677846682585867
0.011067343102057455	-0.30929177643879074	0.26923823544768355	0.4102110633356734
0.1706076399653504	-0.26770393366260387	-1.7976935241694467	1.8255066063298
0.433333269267302	-0.10270414398896346	-0.8622400692091282	0.980440505740229
1.9318984412458204	-0.8312714267500356	-1.8676126134879727	2.81614993052189
0.6602132444528265	-1.6782964633487332	-3.509150443363572	3.945465420099199
0.21122158779090974	-0.07023898343327181	-0.35533439180004756	0.4192977509342998
0.9324805490970877	-1.3436772198540317	-3.9933025748949427	4.3152582657659835
0.1663932060572467	-0.2171967069930717	-0.8232237129921829	0.8675012335341542
0.29429459222448506	-0.33811417451283343	-0.7513226652320631	0.8859435841014267
0.24369145159791972	-0.5114735422215201	-0.8740813573507629	1.0509465791098433
-0.006538254715087292	0.041785734298503394	1.7350604531554554	1.7355758619171913
0.15615477652382032	0.0032721574200902243	12.733849578157809	12.734807422980344
-0.03792092678795827	-0.27491053457125836	65.22164230890625	65.22223270687394
-0.09276934117714139	-0.8007197661034527	142.66302941534934	142.66530664551675
-0.020256266139822544	-0.9745739537799196	206.22107474054243	206.22342580714965
0.05714618118494863	-0.47604447318638987	78.89928462379154	78.90086487458449
-0.442375825089894	-0.07636938279776287	1.6664253441864956	1.7258337350393738
-0.13150312427456978	-0.10151983696448533	0.691314941307242	0.7109962707819952
-0.030116524420650232	0.00129715724445394	0.01743718869734614	0.034824462806528914
-0.2897885891136704	-0.04816598149681046	-0.2495541697145844	0.3854538516813372
0.016826211568612852	0.05021614170031191	-0.590012098166768	0.5923842150717464
0.04626971959172174	0.030299891347462755	-0.07111207913499024	0.09008827984630248
-0.02844062910368194	0.01201228657815645	-4.675271861642729	4.675373797321549
-0.3303032038082039	0.03947514856668651	-14.806616703516193	14.810353024105975
0.12091160907720777	0.05412859814046295	-0.17460348282891175	0.21917093457453996
0.1937270101008604	-0.03441734156850895	-0.5070125132950399	0.5438532858051104
0.4580329186496293	-0.5492236806015375	1.9074034797137172	2.037063779149832
1.450306621148453	-2.0560335310769715	7.153284525764217	7.582884852270785
0.2326527786308159	-0.2088119606029183	0.5790647833842946	0.6580621350992439
0.2626095896022178	-0.1344471808464074	0.8109455566851022	0.8629441099491347
0.32865958253142485	-0.20136156880883255	2.3116900142775285	2.343602851315325
0.13453312138067997	-0.18949597451876238	1.1302892590629914	1.153933141156978
0.1040477632264759	-0.03045312418637966	0.1916421019436045	0.22018179998016807
0.19171751562254252	0.11494353288990922	0.26466039556760196	0.34642855905899705
-1.0436444225075994	0.04724734804682243	-1.2161588362247715	1.6032680086174829
-1.6349479294353304	0.07124158109991599	-2.1747810396708362	2.7217278823119435
-0.028807233972535956	-0.07264323020132794	-0.06750144356726703	0.10326345194160647
-0.16788167824926656	-0.20950622743912467	-0.6649446376800789	0.7170972656530323
-0.09194642149657725	-0.09010641075546984	-0.21812986760967792	0.2532862981463373
-0.6944716117883735	-0.403122659667144	-1.9803195573843455	2.136928695037806
-0.38232674703555675	-0.16800900609625916	-0.943831184166548	1.0320940227680184
-0.27514613855417513	-0.25412797834438666	-0.7695342641075208	0.8558442677112358
-0.5736255714685488	0.004118193059246253	-1.3725249459044802	1.4875778913679745
-1.287780128990823	0.009273180052679532	-2.593214959661286	2.895380368708575
-0.03429973347003996	0.024878599989999643	0.019573264941818748	0.04667471643257005
-0.22032910709458559	0.13092461633588484	-0.21705111873006538	0.33585318032999034
-0.09688547049749645	0.41740504100566395	0.5437356788889576	0.7062167061513746
0.1177780764121238	0.062233498822393166	0.036334626176170254	0.19632797461996832
-0.6191043830354349	0.2964111051395543	2.728087703030828	2.813114341041216
-0.22659244493552633	0.07019346955890488	1.2814022666952505	1.3031742125910495
3.263789183839287	0.2333363592236424	0.4570333286233897	3.3405635900181028
0.11593145340050492	0.10656219288427299	-0.027584484478441584	0.21221755705831646
0.3078064184748307	0.18881045781219183	0.21119558984341763	0.4409960796910343
0.4362797408053365	0.6298740932584495	0.4428685621826244	0.8959317685320856
-0.03247336792227273	0.1361497339395956	0.8515139099929879	0.8741550168520367
0.3837011401728696	0.35638774135082973	-31.84872411082001	31.853334928374185
1.109441227262379	0.5111946042181608	-41.016110241698556	41.034533735674394
0.6810796376068562	2.2933029593818546	-128.21138121035366	128.23713085684585
-0.03343960503067876	0.47382972974840776	-10.715132217903395	10.726563804500929
-0.2237453100651065	1.6530256022119683	-73.4719784995205	73.49104476073424
-0.28943170719373956	0.16042870926027966	-9.598387239678841	9.605104136427341
0.128288369317212	0.13354309428165995	-0.7090906609246069	0.7328719050030901
0.14666924232045087	0.06064628559272876	-1.1901423706213825	1.2006784336146235
0.02270783104662554	-0.027485935181001342	-15.59101961160061	15.591685073667902
0.3190740920554999	0.859865440086917	-24.920297900443817	24.937560106855702
0.0027738740957498394	-0.0056830139305868565	-0.2586486898750523	0.25872598593669466
-1.10893251439415	-0.2602718493618601	-34.7812812590663	34.79992814330695
-0.8090531473182464	0.09431138619122277	-70.20211640559707	70.20698034556573
-0.5661834559934366	0.35802537721271127	-36.87077929310106	36.87712829576131
-2.451700753287911	0.6210150533401244	-93.65642740855293	93.6906738741834
-0.46714277649550423	-0.18897153160455074	-23.152909848207294	23.158813588729092
-0.6850348046460135	0.23130833067775564	-26.983970794790352	26.994016667891717
0.810113291321903	0.16436143105416812	129.87566983589832	129.87830039520873
1.4009813533740967	0.36646899695529345	203.8146748493727	203.8198192822125
0.08137177822105651	0.10187547068366955	17.831704062981697	17.83218073505245
0.5447574862628973	0.25689741412389777	97.21168285888305	97.21354865067049
0.046601126939133736	0.0017386999097392594	10.796783351772627	10.79688406130324
-0.030576251860993418	-0.04988687980773626	2.5160228386876646	2.516703107788592
-0.03316563056849379	0.009763286757379312	7.0700995594293	7.070184089616179
0.05267897720451747	0.009672063928552965	1.380999354855354	1.382037568798641
-0.0009031202118831988	-0.020859371489180614	24.78732082377357	24.787329617158925
0.13683964800809578	0.0032087292647221786	26.738151600686408	26.73850194768772
0.07164482056585944	0.026556169151700323	0.20353245585275964	0.2174020952506747
-0.06069027779386274	0.050992343147530546	0.1816425485056761	0.19818563092719058
1.5052273181883251	-0.30725331204217765	50.26623779008403	50.2921702768786
0.2052399536689807	-0.05364219758143842	3.04374320825129	3.0511266184344534
0.7255431898718653	-0.18586962865614692	15.06190643075793	15.080516760646274
-0.06824658429752153	-0.026160551911245056	2.4653082280967826	2.466391418705935
0.024570139630164127	-0.1449114675228605	6.6811674596348345	6.682783974427459
-0.06744922560041827	0.009356835621598704	3.0261023139083445	3.0268683755076613
0.03641663175773309	0.0017471151885156628	8.39385866792158	8.393937845881533
-0.00891521241120938	0.05401993159907746	4.516477302232819	4.516809145359869
-0.18568410086826004	0.23238972180405182	60.28125982031147	60.28199373852872
-0.16847592909959136	-0.14621675751457716	9.142371443953502	9.146157602128913
-0.4964188780458771	0.05577879144863582	39.20222390444277	39.205654972401874
0.04016757702020009	0.7391260019358477	22.860141012090484	22.891359032756064
-0.026835451433248517	0.02864257466644849	1.7358995154153936	1.7419435843495465
0.027480349840999646	-0.0033082079860765126	0.1099362519435026	0.11336707352158365
-0.057513558320140004	0.12151157364493034	0.12322669793037758	0.18236691312608214
-0.03148694923008827	0.016079644752798827	-0.32669446567655624	0.3286019732912219
0.5548639932251866	0.196550374649116	-0.2146754577992018	0.626571347041823
-0.3142753617056719	-0.07796003838136126	-1.8964016608547534	2.14102260958457
-0.9953227140833377	0.17570348704185906	-2.814308045764057	2.9902957708195355
-1.8430647693893998	0.14274652615986497	-5.058845647190677	5.386017415214619
0.10845588284146244	-0.0483149244662609	-0.048047812074061905	0.12808435772648386
0.3950844680304521	-0.17772512725423392	-0.4965573969694652	0.658974359305072
0.10278651040638945	0.07357757014488654	-0.04797638711019307	0.13520524867805833
0.8322426104963324	0.2151283449173913	-0.5008291345123242	0.9948556626410737
0.033361195499292916	-0.027909538917043415	-0.06953773770560809	0.08202078207940938
-0.027359484346640005	0.09708565581226782	-0.0588012273291714	0.11675508675697639
0.08481734090446039	-0.05926584995113403	-0.970739561170675	0.9762385558409218
0.37902229683870703	-0.2966937678370447	-2.478022669200209	2.524337822567408
0.12435655451474087	0.018712800082069492	-0.3415192025037189	0.36393692752517637
0.27645241085847544	-0.15645481464298494	-1.0376642287039302	1.085196339851069
-0.03313099710287385	-0.1108684862799521	15.960290632856873	15.960710089763483
-0.025152576445428326	-0.24285833340696703	72.18359829737989	72.18401122118186
0.44157299977700903	0.23740473845762577	0.13736146772879868	0.5382338540920759
1.0063246486372242	0.37636978764445467	0.12186543561971971	1.090263493291942
0.23279464948083545	0.4138709021982472	-0.418752262244674	0.6483176031455018
0.06548467336973783	0.47882221579398304	0.7442457452347485	0.8873898163063554
0.008215258995430913	0.0708854282394606	0.037611207424719864	0.08066496972663553
0.26372303133321445	0.18004683726677506	0.10168448691936102	0.3630237191223211
-0.06274223793825684	0.3501939206895319	0.43730353830100743	0.5807637557733675
0.032386578204296176	0.22500414409740693	0.2373217994566176	0.3570394609929226
-0.3755300905836616	0.9013258797252214	-87.17957011826918	87.18643574053827
-0.5018918343318781	0.3924443532312602	-35.9188104551222	35.92473148514332
-0.32289162255056725	-0.12514529531520402	-5.7072738018017795	5.739042998269469
-0.06383918856169724	0.6507169835781542	-21.85441839035225	21.869769801204587
-0.04734608734700745	-0.4936326646048334	2.1610735918873893	2.221628617479754
0.051300279800374236	0.014953761929635212	15.558360174954705	15.559077943510022
0.2051321120662467	0.17916581827066397	30.380520515255455	30.382061913843096
0.241520775158921	0.25567165016642307	-14.990339242848334	14.994464675112974
0.3394489955519228	0.16022413411227412	-15.61202904296639	15.61654085360004
0.32744135987653084	0.44924336029842477	-27.80737483980172	27.81293103795729
0.18978369620707247	0.4399695827499153	-27.51328796161756	27.51746001258076
-0.08349762251678222	0.3477229993132596	-17.328548786589035	17.332238348996185
-0.03525381163683542	1.1651203785893047	-58.833430556233694	58.844976840364325
0.12462982797549042	0.653923987167178	-24.87859155705165	24.88749619864593
0.029919658010099836	0.4191388533723975	-12.522010613235285	12.529059117201058
0.10326206755344171	-0.04265329249413646	-0.9533265459496821	0.959850957788943
-0.031037923537408266	-0.04379494487772939	-0.9738641497077708	0.9753423665464325
0.10990341419259077	-0.026188826090898776	-2.006667675419644	2.009845709162097
0.07702761541985985	0.09695384052715408	-3.231451189715121	3.233822829445288
-0.13200656151826873	0.0027757626271903008	-8.620269992346373	8.621281121625099
-0.33228071017839367	0.20954186262452007	-19.886867016535966	19.890746541945948
-0.03711237051827329	-0.10484591617716132	2.894158568241077	2.89629484208838
-0.11697689561379979	-0.016066499074940517	5.3031344840268115	5.304448800975864
-0.036497703670433534	0.2601067149033619	8.960686340340759	8.964534972628558
0.033492629966925425	0.013795290549344459	0.6567393235102433	0.6577374896933684
-0.06345382678189602	0.07209721291736511	9.096579712525399	9.097086723922796
-0.3539734906504169	0.15443165779554247	21.241098298672757	21.244608805597984
-0.1460927519007341	-0.008156120510103695	2.132684482864539	2.137697995019617
-0.013108712969034805	0.03061804349751181	2.0328978149215278	2.0331706344662868
-0.05828967505630263	0.0017155235131112515	-0.17343173005433163	0.18297320631374406
0.020015017428303285	0.10473763585543533	-0.13306427936122586	0.17051884273933898
0.008132421766980716	0.1694496942225188	-0.5792850181596652	0.6195403556832637
0.28700434043764594	-0.16413151615471397	-0.9282343696988468	0.9951931852738487
0.7774093600763597	0.39794964615928174	-0.11004505054853837	1.0111650999035038
0.02189461337521817	-0.02802363019847528	-0.05274131821946626	0.06361088422493574
0.46449203805867745	-0.11330865552351153	-0.19871248132186625	0.5177628367018461
0.37798656533954716	0.3847977355321428	0.26939277823535324	0.6188662171368016
0.1742911357187531	-0.011541455346924745	-0.07417352805766896	0.23556761735471982
-0.030087700535162874	-0.1482044596833086	0.08719691383673771	0.17456555609903845
0.1250010961339219	-0.287841033950821	0.12767794852701533	0.33879107632968564
0.1308083574522831	0.00997050258868671	0.21285516137058128	0.2500351115810167
0.338828155716959	0.16328785513163896	0.3260378717786254	0.49776313300000663
-0.1698661417135778	-0.374361845857906	-20.338989193026972	20.34314338276665
-0.04286703260780106	-0.019329992908081774	-1.2082043980867816	1.2091191416343845
-0.0027334104607359064	0.16496334725535455	-7.238612641289453	7.240492617778566
0.13733317006706544	0.2065776930218621	-14.727138343049267	14.729227356455834
0.12341398774280393	-0.18904164503808757	-2.476025090024541	2.486296040772362
0.02255659838853876	-0.06553456562478034	-1.3193486249049926	1.321167905522302
0.00020930742044719675	0.002977359755978473	-0.4500881312996634	0.45009831763575336
-0.07173727346844914	0.02380379529794437	-0.6671214144507621	0.6713894836040099
0.051889522846273836	0.045645714723826475	-0.3065303343587713	0.3142242825371124
0.27554741693097673	-0.019290617891947054	0.16935187220167444	0.3527865479779506
-0.2686397092658106	-0.18501610271480382	0.5017130593733369	0.7757797290493917
-0.016887926620056476	-0.025042615228757024	-0.2538670659805954	0.2912741092727193
0.4480678010724803	0.30576836724439865	1.0099867021811062	1.2497791402675513
-0.15548593769960292	-0.01140874923169613	5.430495273386071	5.434525253925114
0.47616529696665616	0.18370868513595692	2.8740097162605585	2.922309686718678
-0.1044233460667218	-0.200459096986147	65.28496043880494	65.28535170756989
-0.2715903585641585	-0.18141077738304517	96.19285255299674	96.19340701667441
0.6698139341845648	-0.34919377226866566	15.959220980689814	15.977087384986945
0.05084382850166094	-0.07362940903068944	2.2975774017350497	2.299319095239827
0.14674135572827934	-0.16224518354185025	8.083822163899143	8.08678164059167
0.4483371880923756	-0.20069823402835976	17.990751372703148	17.997455958267793
0.004304451510071174	0.24011756251363622	0.7318418520627505	0.7702385789876597
0.07487403865162315	0.08022388800528492	0.21249573435967092	0.23915775335904355
0.30336900020539476	0.41407142553962206	1.4990130825032497	1.5844646153353912
0.6854232193037783	0.6379574305206794	2.8766403482162595	3.025203194118217
-0.004646826446765284	0.0256996667260908	-0.003656643594935521	0.02637113778809848
-0.4681141900549914	0.039009370863169315	-0.03895371907932732	0.471349146786214
0.565746315429662	-0.12186530180641514	0.012834571062991684	0.5788650718612917
0.2846860157444242	-0.0011899520994778298	-0.06806817770326395	0.29271286333585805
0.2939566934683295	0.16279994758308605	0.03628476922382411	0.33798068738541137
0.24079266497997062	0.09295993002668454	-0.08567483796812723	0.2719610890542751
0.008306823998849883	0.040216931674480226	-5.6850660931664585	5.6852144100806985
-0.09578524447567607	-0.03301930252478549	-4.63169233117462	4.632800334361527
-0.4719163889765987	0.20738374782905936	-40.93785322328882	40.9410984174654
-0.5565274139047971	0.36557687041980536	-61.97034935383285	61.97392651951873
