-0.25842714877967066	0.5427901418543944	1.1621740485499281	1.3158776665570528
-0.10448949829100054	0.4249424663066959	1.761184380936412	1.8200946028924692
-0.4351424104397132	0.27054572918668923	4.448007775968535	4.479597846785022
0.18966875444170878	0.3367218175747274	204.21221188550115	204.21473303750776
-0.28523795964265614	0.32679807301124214	1275.3706104363414	1275.3710293373583
0.2784001051451169	-0.5747889514452849	1535.3450444807022	1535.3451836574707
-0.2592936422583096	0.19364561036631317	64.994674446617	64.99562999173068
0.3321840471697239	0.7245512011919567	-2.4206613637803507	2.716194747683184
0.009327181996778247	-0.2713598091658741	-3.110903819266173	3.1258479649495765
0.05516419522446587	0.40008578284923	-2.877986752566606	2.9095359174483018
-0.029914049299490597	0.03271236622536089	-4.427134964559836	4.429556267683907
0.020356037886575196	0.17690073989001276	-4.679638145117757	4.685104181786488
-0.007617527136681415	-0.0981446644359206	-0.6941215380035254	0.7148250809094973
-0.04543165906298235	0.08124872670391935	-0.6418116847586226	0.6633757719640692
0.2927729964350475	1.2196484894803556	-2.02431599055354	2.3854964849783427
0.05725389273416587	2.4551313665039207	-5.810363288612701	6.309576005214836
-0.1885392335676	0.30801865230318065	-0.9664385010936687	1.04110791662397
0.5237613048606038	0.9057108721886201	-2.008288989158518	2.2687755590505865
-0.03877776528978885	0.4902755472505057	-0.01864015272658924	0.5115672658666927
-0.006131587356677307	-0.07640617286614979	0.08204924430486588	0.17912945879046288
0.4710717404533651	1.3834240944860572	-0.8574713519574221	1.7001493211438872
0.5334168884042919	0.1787232396522333	0.7567647471969249	1.3311499692847277
0.4175841368866151	0.9121756674860446	-0.029371494850000845	1.3739192979730193
-0.7634606363890661	0.2788602911603748	0.9059988332358638	1.3134645155185554
-1.045595258497502	-1.0478709728328472	18.550597449469564	18.610089965861658
0.7978421691041298	0.2798553725268796	-9.996780761975787	10.033442905814644
-0.2926666727101591	-0.011892136317826256	0.024356957910461025	0.3253740163566986
0.02036714389400058	-0.6106190911577074	4.921503176922468	4.96124417867077
-0.5771555674613497	0.311852809950812	6.0416118983513964	6.07872641589725
-0.1461063102860697	0.11693144592256738	3.170074763117803	3.178659120699693
-0.14450905762382724	-0.316794755852296	8.223626126323017	8.232177611999958
0.5060810737301062	0.39778477571330967	34.39716602918693	34.403471647572545
0.30273176376298155	-0.4737674103813851	28.612877583992713	28.618741158572696
0.0766173148791735	-0.08978566704689306	5.657972694851684	5.660924525157847
0.333474009234896	0.22956200991088743	11.070944720885795	11.07922381888904
0.2246988973942856	0.24096327403382206	0.5029828797260683	0.7779875407876624
-0.12439122558131804	0.4388142215487575	1.2098054228529809	1.3004384045772965
-0.41772516293800305	-0.6224109821566912	0.09428331799274703	0.7682830672431612
-0.19050318219196882	-0.0076071566695212756	0.1732352214449398	0.2929838871114562
-1.8402050991557088	-4.084928986024711	-1.7442330276336522	4.8331220163483986
-0.6707925204828915	-1.694429021382266	-0.8638058784440028	2.021556997606713
0.18912950979796084	-0.15886182064750043	-0.37927674243899295	0.47364298980454667
-0.2285299983195602	0.8547996469389956	-6.323687481186434	6.386815445991297
-0.7446697071931536	0.5188522493804647	-1553.7188248541179	1553.719373245144
0.13971176893607073	-0.2540714534630575	-1497.0368167149659	1497.036851300443
-0.12620620469703828	-0.05758832783450303	-76.2101411059141	76.21026736473861
-0.1947754130919203	-0.1428134876977653	-66.25017524123459	66.25061548882475
-1.1536301919912912	2.4167374259680776	9.088282507492764	9.475644628564732
-0.11884854543179214	0.2163975817395406	4.38388899983368	4.393053088445064
-0.007792995643770322	-0.05460575887011155	0.6564483250519281	0.6733845172309552
0.24360444320155644	-0.28308295628520097	8.604933499625998	8.614165043854944
0.3505002544300681	-0.031776424303944784	189.18057623615584	189.18323677587918
-0.1958661794343834	-0.07116643703352543	257.7189716575099	257.7190559124925
-0.07972323375093772	-0.007889699073917962	37.356139964780546	37.35622586811502
0.0064742289406962954	-0.07119327107056769	41.98667982381712	41.98697265593361
0.1964906737573303	-0.2874864226827921	340.5287565945169	340.5289632389891
0.040388556419481414	-0.03910091495886332	14.570372148988387	14.570480591835553
0.5897486604742406	-0.039148029711866275	201.02110001566686	201.02196891772678
0.20447202219879465	0.025013009898334777	51.14972362201653	51.150138426667056
0.03509858296398642	0.32232432928701765	7.708502261925119	7.716580317134084
-0.10296009007719152	-0.05834488819347916	0.14509492409754052	0.23353207065815182
-0.17986388994178654	0.08971109484778675	0.10101910558346466	0.26473334515444563
-0.21021275255528526	0.17600768215849488	3.082545997106601	3.134465447551401
-0.037927652917457776	0.03455887409305115	-0.25760224836439294	0.9743420004786802
0.37942233874415965	-0.6396197686193799	-0.2517692704774056	0.7974599112203207
0.18243875636128884	0.19828639134597015	-4.547265474758229	4.557379123536229
-0.0022645209804690375	0.5285558066052056	-3.3737584915202903	3.417762793518096
0.04135003689139878	-0.3235489399040221	-2.4368186198400763	2.4625106117463194
-0.0007643460522814699	0.23896380211416937	-0.6733674622444125	0.7280163508158508
0.2959660698240397	0.17358422517820996	-6.143348323553008	6.1545053259477625
0.3848075594422249	0.18504229588876958	-5.181366579588867	5.200803488505609
-0.008740650786038778	0.6211606388454434	-8.124313638098354	8.149225043727652
0.6379681299597675	1.309524335885573	-23.868555349868455	23.913370142992285
0.014210833321184238	0.08448408216105648	-1.4976784555426526	1.5001267493511683
1.0223298314973943	2.988731955654005	-62.50352732205984	62.59034587275819
0.26936123831243	0.4249055552425806	-7.291330091058933	7.309998255079319
1.198007955254625	-0.7735264184752442	-15.991667812031714	16.05573060860837
0.23189259246115201	-0.12487723534259154	-2.346571543210569	2.3654272955749027
0.04608183187752221	0.04598722930746561	-0.9876215022385024	0.9897649176306474
1.006432564949471	-0.45821551389391	-18.477056674290544	18.53388361630688
0.3561812215124998	-0.08996257483390488	-3.685537575625714	3.7064302682875243
0.15887831479465508	-0.23657790860524708	-1.615036414990107	1.6459142846442887
0.0211640218136285	-0.006785666161833764	-2.8469917445808868	2.8504974547780786
0.056179894244433544	0.2645743186694408	-0.3313797250774378	0.4277479080125497
0.13851485629120208	1.3190663562495673	-2.0782041742062103	2.4653711702887655
0.6440949849962829	2.447653176008196	-3.7746429331332303	4.571379839257836
-0.2779326756561805	0.803189244402139	-1.6699509542722182	1.8789825728556862
0.32488964192123865	2.0930609968616687	-3.171174819537549	3.8160564902763525
-0.1749006990733522	0.3708009664245564	-0.21176621995838535	0.48208746929701
-0.5158519437695914	0.31043602329133296	-0.8495536763227008	1.0505688869851513
-0.2800094710110371	-0.18661365757776427	0.22748740874187692	0.42948837829040937
0.10440011870550253	0.2839820722538291	1.9257214266671936	2.010887405518378
-0.11412313230961868	-0.34407070340112317	4.653585459910233	4.6697693900079305
0.11374783264237862	-0.15728732835645448	4.16699453317471	4.173847277692402
-1.474242895242097	-0.2173770363663818	31.74160667464148	31.776873964609173
0.24543801195841425	0.1176693685239324	-3.95221103132902	3.9640304891690383
0.6738846689502446	-1.0378056005721017	-6.825940275762933	6.9385950627492
0.31311914986705175	-0.46904146019754084	-3.978697680232134	4.048678632156704
-0.23296932238889456	0.015168917238444712	-0.8307768722763509	0.8741709201488024
0.5071859528943253	-0.17944506039973682	-1.2908315573586917	1.48435169083619
0.020335485504295654	0.12133078463270094	0.15790367925610305	0.24402468746603595
0.015835456793306432	0.0772636878179188	-0.41617833921181546	0.4459872577509165
-0.0786324840118819	0.18118460011910018	0.08374073584600714	0.2145307383621933
0.2807963286048468	-0.015127743576437702	0.43364024334171025	0.5353494861575318
-0.28000775626684027	-0.4172737153202752	0.19911139579559287	0.5582533742866633
0.3473032611734628	0.47892325973806005	2.6503671948472016	2.719175076445442
-0.013632933083966653	-0.1866794059227323	2.787519220503058	2.7972805091792483
0.2650671409565363	0.2573166258383717	2.334036530997972	2.363090976492603
0.05731202119851252	0.041402267198200185	0.1955773021713087	0.20796465235134876
0.016494524502666252	0.8544729968935847	76.20649284858696	76.21141271645864
-0.3447024961871822	0.5524215982471301	28.570686749252378	28.57844660827269
1.2330063200798165	1.3663753653830086	201.58003824940462	201.58904441164032
0.6272580560483141	0.7473587112804744	67.53243288737498	67.53962517800132
0.022375809118082464	0.029253888247649712	3.4454461741635813	3.4456430177645734
0.5555835816908914	0.09409585824254772	29.628032665970686	29.6333907408958
0.31486618151687823	0.003395806058692885	18.376441427950216	18.379139038558005
0.0815497406502955	-0.053633924979705316	9.361210834897594	9.361719673944155
0.7073453352290306	0.07722943624293103	38.247939090271686	38.266093846212286
0.3021902487826857	0.18288440841000175	19.329165283225276	19.332896213046823
1.0876692433174044	-0.1735843353209361	59.24779258490384	59.26547792663969
-0.018114837661741365	0.09159770097562947	2.59716724832027	2.598845128497467
-0.07122211472953367	-0.033421658393245235	0.8210751718800755	0.8248357622910127
0.06089802837883747	-0.06049134407179203	0.8017296036259318	0.8063114348055809
0.1260544393969537	-0.019621158933747107	6.334921639981234	6.336206033287754
0.03773327840422704	0.07176133678137946	2.1456817624139806	2.1472130111639482
0.09150617625911851	-0.06271296335786557	6.815377688917839	6.816280462148382
0.0747220141319563	-0.14398617406063552	4.238870547405947	4.241973469434025
0.03951590915304725	-0.11259737783940296	17.2694047835149	17.269817059061737
-0.08979277295248737	-0.15474812982141944	17.547080998564457	17.547993084564958
0.12866735918852718	-0.18987244739181575	11.194680507423916	11.19702989631161
0.25720905697858976	-0.12280473501990902	13.005128289597094	13.00825120186467
-0.5125932352158558	-0.7073479845911148	36.841810070976386	36.85547153740392
-0.9812985232498338	-1.3714468764719039	50.74439051376509	50.77259557797993
0.05577111773084656	-0.009692923346038773	16.485500492477	16.48618848135297
-0.15382387098708733	-0.21020305288552424	6.8221639989181035	6.828561233507545
-0.05228191815923272	-0.11348352821126617	1.4300664343612397	1.4355145129285032
-0.19804930020657147	-0.0580726542242013	2.0446417584221424	2.0550318437349206
1.0932748821464078	-0.11788653979079121	12.489801616443023	12.547828958218181
-0.05231980261926869	0.10718745104466058	1.771910292285293	1.781396188447175
0.0957251434803471	0.4679908374325745	2.519003799340091	2.610991920804235
0.019121672187463114	-0.19262707172017557	0.6345641417804869	0.6779544690024104
0.7420317539546065	-0.25424515171379986	3.630799537823645	3.7472225644211896
0.09153972038556576	0.15814402694808938	1.674476878632202	1.6901898282860028
0.06862630155104044	0.01065478426751535	0.20295880750841233	0.2145119372846146
0.307259675995381	-0.2427764821146688	1.3734798426257027	1.4282142020228918
0.14700261466195116	-0.7608570079305919	0.4873292735263326	1.311790669645979
-0.12284496158228211	-0.11419484188860944	0.2971253429330295	0.99960322169008
-0.30329159516865467	0.09237123449715405	0.22874247284757365	0.41511581570315803
-1.5152055645973517	-1.248816786809274	-0.6201416201637404	2.063842698454203
-0.22476739686054617	-0.1292252775580951	-0.37834758090513915	0.47942281123055014
-0.021959932663863035	-0.27947982079759226	-0.20329213591747278	0.37336133477041206
-1.795512084515531	-4.34003844031849	-1.702876755497495	4.997906195437958
-0.60565468648353	-0.9277260607069597	-0.8844505465704275	1.4245089670490125
-0.9323980389984495	-2.404531158018031	-1.8170445730643192	3.1578896368318796
-0.10865121028228603	-0.5932391043061265	-0.4939359492938499	0.7919534249427533
-0.8077713063621231	-1.076128194914839	-0.9952472309976197	1.679447293302493
-0.16393203115237212	0.005718823770808882	-0.4284464330911557	0.45877310493488827
0.025968281791204112	-0.007831975211329592	-0.10763658895088872	0.11100147195366751
0.215999370191777	-0.8135276456465164	-1.4135542275628221	1.6451803890197378
0.059628839422156174	-0.3895278619787948	-0.8373788286881947	0.9254679121848676
-0.915839148378665	-0.13846872053063672	-1.1415870392206464	1.4766975605332706
-0.29163020062179734	-0.45075015672568863	0.07444617069873455	0.5596837454622459
-0.01409923056863125	-0.20442535415794588	-0.8300232715395572	0.866260313025166
0.22866388146688266	-0.5198966020784969	-2.1692528814234113	2.246712597553154
-0.013683094021585112	0.10557014452379464	-0.37347153903603575	0.38834684619129295
0.2115966409524268	0.814531851236704	-2.2912383013738977	2.4409031584280823
-0.8260309867764963	-0.2856844079308114	-49.93411187146968	49.94195581822362
-0.6922032226185282	-0.02309305846798166	-51.447583204204356	51.452434110828825
0.3500955576671559	-0.05386238449220569	-57.98222227318546	57.98330421589515
0.5713786125224576	-0.0024162950436695425	-72.1100101613801	72.11227388476713
0.23442636112323242	0.006484657425076784	-1072.4955094131326	1072.4955441347477
-0.1076682454264494	-0.006170047870760607	-116.18438295631834	116.18443300830366
-0.5496150048449142	-0.06787080377933392	-1025.60411689661	1025.6042664099907
-0.10238103329562709	-0.01671415095977406	0.3899151262959783	0.403478679158385
-0.3353428561604296	-0.07617911287931514	0.6093299798452393	0.6996721466194815
0.26529708119021633	0.026619584915665975	3.721105136913567	3.730645330710716
0.0016552135589280774	-0.0064094180856998665	0.007535803345953565	0.010030389034919844
0.07492635339734624	0.0022058643010818627	0.2529657398969048	0.2638379992198385
-0.04571987546529678	-0.03293009985002586	0.07914603278945678	0.09715345076220783
-0.1852761375509244	-0.4617707880801536	22.4228207012224	22.428774542804113
-0.26252029757245116	-0.05723828309011125	22.43543414777576	22.43747709328683
-0.047981274430776974	0.07879832696887142	13.094767162210502	13.095092149791677
-0.36965585990089667	0.3497720863128212	41.40693569933936	41.4100629071769
-0.06918914961177983	-0.08697093565568015	213.47464922732672	213.47467815601053
0.02655906889121699	0.017738653088299125	176.76240460687492	176.76240749222816
-0.20530224145862597	-0.02941536573263368	26.506780483004277	26.507959288356506
0.11109253838237168	-0.20942051707931766	195.10715306478403	195.10734700501422
0.075155379174349	-0.06444971956402097	71.37552506155929	71.37559372720236
-0.046973836909473196	0.004165564981803326	57.10544454089038	57.105464012701894
-0.060303820473872574	0.0006924750032639496	0.1678788061025753	0.17838252107143587
-0.0237156202453957	-0.12604219693930535	0.13764129071383321	0.18813343924534093
0.06921043331472966	0.01353148754084222	-0.07670056354469815	0.1041929061057176
0.01386160537097967	-0.11892450634117815	-0.1415447517510231	0.1853917448545443
0.010669566104712092	-0.05537750461517244	-0.10001558958239751	0.11481997133678813
-0.15775419637506277	-0.054148546370795525	-0.4901267587543466	0.5177283951987312
-0.15800324149837672	0.2662970721416758	-2.944526382956823	2.9607625326736375
-0.010444300546487213	-0.013516748295011243	-0.07085604629514426	0.07288597392472489
0.3987510307542214	0.7110671196950978	-8.778623358562905	8.816396480691264
0.035675729569862744	0.18707425049958437	-1.8198015161454566	1.8297396238387655
-0.02387964071777147	0.14128701142446437	-3.177347025986161	3.1805764226600757
0.03180121211043043	0.06512663067385335	-0.5242410933449618	0.5292272848844266
1.2970785309444928	1.321755234445881	-20.56235484184829	20.66688744949765
0.2763060768059352	0.42630657619768175	-5.393808969749766	5.419477588480488
0.29237151818441975	-0.060153191956968916	-4.800627338488972	4.809898372543416
0.6763358385049956	-0.33577814431440234	-10.755997954571235	10.78247045566952
0.8470757833269666	0.07584103888465192	-8.666585599534413	8.758615518039102
0.20962478892783104	-0.050683172596312394	-1.2242933670027256	1.250953783920228
0.13360498675314572	-0.0016129511397293822	-2.0681752895925087	2.0724868932221847
0.25696966371287017	0.06188500466142434	-2.1042441268491885	2.1207796932378318
-0.014109667346902477	-0.1095160648765792	-0.17272169099194332	0.2050015456473625
-0.09861117936096185	-0.22592938344354002	-0.8756700302967504	0.9097066851233143
0.0626322618789654	0.06325790581381327	-2.6351760261173154	2.6366791711354405
0.38470393429073224	0.08361089536809597	-7.502205265080319	7.5125276530793474
-0.04873218554779206	-0.04378334328426366	-0.022747534493493607	0.06934880952795652
0.06504079857473602	-0.16928622141971927	-0.1692296928242948	0.24804600213510958
0.1036707944396548	0.5017039691667953	-1.0995363694946578	1.2210301057054072
-0.27228386182266484	0.6952246126766715	-1.0780730008440127	1.3187861629276014
-0.12435679635805558	0.18628124365480508	2.2065715493508447	2.217909672854737
-0.16658325744880403	0.2035132342458777	1.5008969387638038	1.5237648240348738
-0.5844838774183312	0.11004366661976912	16.886775439454624	16.897245803801663
-1.1657167984576822	0.3570184133342626	30.91256343824601	30.936595419102765
0.12104041770979457	-0.11541191026814324	-0.13868307535069868	0.21726409537664304
0.013578461998127234	0.0303420897577725	0.00020991392403323095	0.03324245936989034
0.14180827999117449	-0.23484650538073418	0.08473463604216819	0.3192525846548422
-0.03308791537610359	0.4366938936017379	0.5845529913358288	0.7436251417432359
0.12782979174604298	0.06193627198522644	5.514054850285853	5.515884104058588
0.35618949311174974	0.16627863193220704	26.812635132740628	26.815516446638075
-0.07522948702916579	-0.5499526800439922	23.78867490910283	23.795149954496715
-0.02770480900174217	-0.2682484540873343	8.179269037281468	8.183713507558375
0.07590529763620289	-0.024303411592168762	1.404827485184149	1.4070865407476105
0.4518529696988479	-0.530084522938497	14.512267439825864	14.528973361965889
-0.0218678452573065	0.09240270540613646	2.4261231148831834	2.4279806076641237
0.0494956776208232	0.4675803763187908	7.018865541511029	7.034596983497521
0.09015832582002742	-0.0652801626236785	-0.09399776291326252	0.14569009156267987
-2.3539929340413157e-05	0.051566784721985	-0.045082737772536394	0.06849516103900406
-0.26882617345024507	-0.18339804661194758	-0.09717390958840981	0.33962497513827755
-0.3881344066422032	-0.11099691546659564	-0.2042620948618657	0.4524285979687306
-0.3517580880930964	-0.8279785332999352	-0.4179417522223558	0.9919463253599539
-0.24142727567761457	-0.33939515894040967	-0.2137553435738268	0.46815334054096597
-1.054747846060644	-1.7011753548254478	-1.8033683559182805	2.694184112818287
-0.013867705402172338	-0.06354451665620138	-0.04535357882383219	0.07929165127755414
-0.04578954151679306	-0.39517415371372006	-1.5083951039185477	1.5599727829039582
0.06742780519893204	-0.22192824090292004	-1.055191307714822	1.0803829639998614
0.09069859412891004	-0.24789700111465612	-13.444499410405356	13.44709052377237
0.008129982556323695	0.010986626125897148	-0.18908643085217058	0.18957974813362605
0.008706805363870236	-0.019106012623760237	-1.215653352868307	1.215834660847429
-0.02490290108335743	0.009063020976536832	-0.04542531112145483	0.052590414735668535
-0.41055264361418836	-0.1820565065991037	-440.4070738390874	440.40730282949664
-0.011612535316427334	0.019527205039352187	-25.950092384340152	25.950102329634475
0.08088032996126764	0.06105182902415557	62.088230621776596	62.08831331818026
0.2722069435962075	0.146762909635981	91.23587010328173	91.23639421565653
-0.06960977726564652	0.17180603691659832	27.87690474180898	27.87752106661035
0.03767304849155076	0.004435954859374057	7.311749013573515	7.311847411822226
0.05507644443639219	-0.005277557901503301	0.13208987086552826	0.1432096412062772
0.23704683243230198	0.06987889739066402	0.1464164791677411	0.2872491017193967
0.005370304719600091	0.1473176922572883	0.5421630552116123	0.561847061985007
-0.03665085663422063	-0.011563626870653189	0.0645914827181856	0.07516024479842756
0.04447604434735253	0.27075224787312474	28.962005468436576	28.963641439516877
0.28485890513708195	0.7253236766214706	35.55899940100621	35.567810689123995
-0.31864081060744653	-0.37013497716234367	9.971213662052174	9.984143105279465
-0.20813100379276084	-1.0007674210220168	26.122364858648975	26.142728999455993
-0.9745139032464692	-2.2228574214295262	-0.23885812023803213	2.44280687941733
-0.06567738797158912	-0.2869319666531674	-0.09477952524931108	0.3392733648324159
