-0.6864790142527619	-0.19434792241441834	891.8960723682476	891.8968512563835
0.5540831018623114	0.21744825020423805	373.42922029851326	373.4308734092212
-0.07225561867583764	0.2401675032656626	19.172660956443945	19.180655603946526
0.08645368444516988	0.5757355255705034	3.2765089943249897	3.364249807498048
-0.15415185436444245	-0.4416004966333592	1.3860257201069575	1.543878567773009
-0.1662338554213854	0.7779280609695934	-0.5294999833665314	1.3392261153432334
0.22884474890638729	0.15745588093572987	-2.8608967355609973	3.024017888503117
0.14912848986149058	-1.0579110099241242	-13.499527258776153	13.542456609003684
-0.4828446034636273	0.5759514406657644	-51.467908637308746	51.4819466324299
-0.11597384236429394	0.16569200314544566	-6.858211594683819	6.862612464242368
-1.4632517388283623	-0.32713146943580534	-240.90560124788024	240.91030761060662
-0.30688010211181815	0.350632983444467	1.0120801073737105	1.456631601604503
-0.24560372303830466	-0.06697011312191285	-1.1570171436024428	1.5120471686795331
-0.11942524890410323	0.07760311870655368	-0.01486218437674344	0.19996325545769342
0.1694413700061292	-0.2540924043863739	-25.882828740237695	25.88500679368678
-0.11716198626043325	-0.17803098855824123	-55.09907724514907	55.10749973475221
-0.03019236331750778	0.20534872243087457	-14.999128562095954	15.001213853678285
1.1563325041744144	1.6835482769048362	134.68893389306123	134.70449076662294
-0.35909664520095724	0.15041569757778295	99.60794820752643	99.61314026362606
0.6484149574468169	0.32494778669938684	-27.602714131612892	27.612593870144835
0.376027208296578	-0.7122377636052446	-0.8557266257304514	1.1833963563273036
0.08709657388862992	0.7661159054007455	-0.03919652392689878	0.7845607344744527
-0.4905806416627914	-0.2469113397766802	3.54139358055275	3.586444318955032
-0.09153373104729337	-0.20415827180999008	0.20437102519505657	0.33362602522458956
-0.39147082982194675	0.0772874138952807	13.80102959335614	13.815620164655659
-0.3130874681951051	0.10302380056368818	3.5674342930849456	3.585345853136332
0.12063771518832457	0.26786514442236353	17.327800619938472	17.33085281522991
0.38495826421300605	-0.021281112263306895	85.45873344893445	85.46102906231211
-0.1790244641156839	-1.047541982209477	255.63536114219636	255.63804681660125
0.4079166078781128	-0.04176823633296439	76.79675603152421	76.79943748135399
-0.025127896474783085	-0.110390549910418	6.495682551841954	6.498168132935218
0.025534281033113254	0.32945246443634546	5.062609936730269	5.075301969559158
-0.16885170208507647	0.6328038294626251	5.51603026515809	5.556529605330977
-0.5041028205382239	0.26483814488247104	1.4516506638521287	1.5655760382114017
0.05336752260945904	-0.10422077685741443	0.8718545788501613	0.8906852723382296
0.5978747280304333	-0.7860758654568085	-2.38679287100343	2.5868184031052386
1.720324641243873	-0.20921004601077067	-9.084378356177087	9.295674608424147
0.6909590308361808	0.6845254817754186	-305.8785478554262	305.8801260583085
0.19762059845686286	0.7239347888991288	-850.4427031002347	850.4430456366246
0.029911673124044955	0.11824188314802561	203.17388611299708	203.17392272166288
-0.052087451439418384	0.07051037731559182	56.48374094909859	56.48380897585417
-0.22036443254064883	0.4381687366719954	93.26416915382643	93.26556320563009
-0.514939364857767	-0.29081401112069805	40.08314247558939	40.08774782700873
-0.057248719867179054	-0.24405219756590035	3.61834906392648	3.6297064102184367
0.2078636716619647	-0.1674765716205942	3.024586166370958	3.0395488103896526
0.47233494991610026	-0.18836693843621446	0.10607407063093634	0.7193398563740887
0.27937179130033163	-0.43935105579021816	-0.6304893454074645	0.8295025904544658
-0.19057808588273087	-0.003330098080325146	-54.010471160539346	54.018956641837576
0.20741179894510983	-0.7245439799987006	-2.8062024733347166	2.9089922206055974
0.09799951137424179	0.15463812292754636	-3.3060751053816873	3.3140804517417313
0.11192125838394033	-0.09186631556835276	-3.545571189072765	3.551270283954349
0.5096740068993698	0.017010679725808525	-168.78505403892797	168.78588212189214
-0.28624306695690366	0.2641783953933251	-78.9214217068608	78.92797553044821
-0.6688255477037737	-0.20785341653708278	8.712694148598136	8.740799161578053
-0.44461679178770713	-0.25558330513162597	6.69719157847235	6.7167984900667195
-0.27542967499573473	-0.1421046549235438	14.08711611198996	14.090525028951413
-0.529575708956516	-0.45496902593252464	26.69553051192798	26.704658705165144
-0.11020747755134042	0.10633088220923931	3.779393272328266	3.7850687228159785
-0.11486018818305668	0.12555367312981927	14.380137225899068	14.381821268818978
0.1756777851129912	0.23342631660613794	10.518412308215602	10.5224687224571
0.7601001141363504	0.7858481483006043	32.093561771284556	32.11217863463883
0.15398974111709407	0.05105654416215234	7.746799128816894	7.7497545856762
-0.06393006783891494	0.08594334933725281	5.673418331993294	5.676145581956717
0.8685703112765539	0.17539289097790245	70.25220049706115	70.25778854853827
1.7792952011078225	0.19393191683802422	150.25148222759677	150.26214231332816
0.918136878448123	-0.03227957053518973	82.13554074589351	82.14603716255263
0.11295086831122453	-0.01661573221535681	0.4202547387473938	0.4354859660757764
0.4930550048752625	-0.05669681289064163	3.233722242122691	3.271586359187773
-0.07300019981803635	-0.02233140028248188	0.5345710896921346	0.5399944171439977
-0.10384498001212551	0.12246404768418617	0.6619150326426829	0.6811113956521923
-0.7395367112199996	0.3031354141577398	6.165317039124841	6.218474057546736
-0.34388975665721544	0.26215288854856306	0.2274438010428795	0.5081286935816036
0.22555785489308328	-0.11081642730295715	-0.35940886439598896	0.4602294462228326
0.10791440898630346	0.28081616770541995	-0.4596425385753583	0.566792985030356
0.07910095902357232	-0.2665434055244303	0.9832658606178456	1.1365429219803191
0.07760555809882251	-0.07294080969829254	-0.010125012288224697	0.10698364473651549
-0.0065170863162933475	-0.05880939643446623	-0.06890202776032997	0.09082272883769525
-0.012270058960179468	-0.03966328020843808	-0.03973426825146788	0.05747002121331575
0.4546640796189638	0.0008878654580663781	-4.827219073804109	4.850592127256116
-0.3060467240589875	0.4476001516866387	-6.084754716182985	6.110460721918454
-0.004639374929323668	0.3530613199119095	-24.97324821100787	24.993410967951647
-0.05393677178403394	-0.5462183912083052	-15.488438295798113	15.498789124763592
-0.09842367082057195	-0.02806673672138004	-0.43609328145667603	0.44794230746786484
-0.33752751661662417	-0.29305404635014587	-3.0247926165614927	3.0576422079374335
-0.5887839128914363	-0.3286598074370671	-3.2386914594239435	3.3110853083769856
0.2022009798802512	-0.022617910801878097	-15.526488204852214	15.528448491928238
-0.19172991168300033	-0.8508473923137444	-6.322256414492038	6.401503223987847
-0.5182233919897107	0.13740145448726318	-8.643015564621805	8.659627745694094
0.0748613572500576	0.2633471531539001	-4.008731254557558	4.018069463952821
-0.40954286495042413	-0.34740115939683586	-3.155702746082745	3.204114937126352
-0.024430890093344627	-0.02185067697791744	-0.0717056791626553	0.16029912600923038
0.13016742534593442	-0.03595781248778693	-1.3758792362020416	1.389517894959255
-0.4129964348669912	0.4486610552374666	-3.4633199015288176	3.5193646192068773
-0.06184240286795646	0.36836207920480774	-1.2426633473699544	1.297585179895819
0.02533933581934974	0.03670457351073401	-0.3074874962795741	0.3107054361041198
-0.07835270896320716	0.1755186328142146	0.08975021042821651	0.253930743784114
0.513448375981685	-0.39636408760974895	1.2287781663742359	1.3964631365714482
0.41486450081229287	0.17631788701294238	15.272452083287671	15.287076670509402
-0.00154473199136854	0.004505385469762135	1.7500656745197072	1.7500721556059584
-0.8095734209164464	-0.011988707093636796	57.752796421336605	57.75847164994329
-0.5351520996643744	0.043939704438887395	124.6373738112442	124.63860858023139
-0.24115080545370532	0.14174738058655445	51.78700807550937	51.78795160294185
0.18624524942852436	-0.10027538640476101	22.860030341887647	22.86143498258535
-0.049404073335928556	-0.15655039884422262	21.760029171162195	21.76109597664075
-0.1407448286321904	0.00915481399368949	21.907178738992165	21.908077346140086
-0.01713379532258133	-0.15213960935999365	9.978147640934377	9.980298099599164
0.4016718338835181	-0.13458307404158365	3.2580931293132918	3.288480422646957
-0.03919798001041068	0.1816316094953221	0.8541168952244798	0.8740950714382627
-0.09848775186282036	-0.18345738643468185	5.87564674428675	5.87933509110953
0.00039967246675207124	0.06617866959915947	0.17651469781029794	0.23455702822779867
-0.4597831044287119	-0.03315597631516022	3.690026900871186	3.7213274695915324
-0.22815744847234667	0.2803350480428114	2.4536540198847274	2.4840574459241194
-0.0935505351067473	0.003507087757153176	0.1350130778479797	0.16429404576331924
0.03424773943311028	-0.05069767209553936	0.08677893857731829	0.10617789691263885
-0.42180159118598864	0.7492495426301548	3.098628906323423	3.253983446586909
-0.17166394185053876	0.363826848395828	1.0776038233358594	1.1586838522709146
-0.06219303726324088	0.1585963573421414	0.8020964451688766	0.8317807828381056
0.33571061101384203	0.2972272661998412	0.7649162428563381	0.8975646526046882
-0.03926819977644962	0.0902063651539611	0.02995305215950593	0.10284145643485897
-0.34797331310650237	0.5810409263955209	0.6027861892747601	0.9066670694148253
-0.01170577240889445	0.44005365523132944	-0.2884493485794224	0.5444878843335594
0.4688074452721192	0.27395643979587403	-1.5747127804418735	1.6715360233734649
0.16370394485029144	0.13543384611437476	95.40031587926747	95.40185022778307
-0.23658019636050487	0.1569278044152507	36.85625201570082	36.860704345984225
-0.00367418236487592	-0.028079420243036175	1.8792951394559576	1.8795084928353003
-0.002020350756807211	-0.06042000792474486	0.3167407117061381	0.3224582726910841
-0.04927638355672502	-0.0039691997258322655	0.020966395784411083	0.053698289312431556
-0.039233817483322525	0.06468283060256033	-0.12976207869800438	0.15020438767593067
-0.04327466130860569	-0.007511199996144455	-0.1357933625407265	0.14271983655705958
-0.25935864093117844	-0.08201676347885271	-0.20153302016105082	0.3385398238500879
-0.028954835015268757	-0.030782989628559448	0.044277281867990834	0.06120827240537791
-0.18360766701088632	-0.006164016644063922	-0.06204610605729394	0.1939058786196071
-0.1068769836584525	-0.06532074571554669	-0.5655152370886927	0.5792210051752654
0.0051443802458183766	-0.0009856510330064072	-0.6283283101946667	0.628350142474845
-0.23483390493597456	0.051935628667083344	-8.46064700771981	8.464064748196977
-0.09303540873618195	-0.005972445912903086	-7.539892371244274	7.540468700772952
-0.2943559654044879	0.10503552344531737	-8.330506622558778	8.336367223440336
-0.31216342508184397	0.22183638451828103	-7.7385616890311795	7.748031646837541
-0.2186681620282305	0.2807962262834977	-101.25672231437893	101.25734776369083
-0.10294249880798995	0.12570959880557392	-80.4199201839139	80.42008432256445
0.06187187569820448	-0.16611069225787867	-22.20825391899061	22.20896132243574
-0.012030788691892336	0.011549530501294083	-0.507159601846183	0.5074337328914265
-0.059458024500970895	-0.05741805997508667	4.268341868466169	4.2691421148036435
0.056337354963220586	-0.1994266345511248	9.70537349328351	9.707585669169383
-0.01756225756922169	0.11670205227452943	4.542889867756631	4.5444225323424625
0.13857448759767302	0.7383928426272366	39.27696390993663	39.28414846806686
0.06412726642316977	0.0010107644447317349	2.9276520007321003	2.928354412521534
0.11600922844331397	0.22912000880892924	9.658590288073702	9.662003957378213
0.049870478412587384	0.23114852415719936	44.730253735308736	44.730878774398555
0.1043294197027817	0.17168730702030516	22.660949637015122	22.661840163820397
0.18102896997434145	0.0632777765753926	22.74213416737988	22.7429426867344
0.002795185319819607	0.02048281482757914	13.03506151071115	13.035077903364732
-0.012429643074232728	-0.02918213825098693	12.779319715289866	12.779359079344161
0.0462469965077354	0.12256575512080645	28.61712836010699	28.617428199051254
0.03104638405178673	-0.3168227443842293	0.8844084672179388	0.9399568427372768
0.061960111608846	-0.040517406099054125	0.17315618083256884	0.18831829063608663
0.18505879330532515	-0.19370125461776322	0.2414444784870855	0.3606416077105071
0.18401660495338737	-0.278656972339556	0.5170542128267875	0.6155135076778965
0.025856705776056955	-0.028958744363914386	-0.4875020713820502	0.48904544544501566
-0.071282421202593	0.011319959154351373	-0.18463336218672727	0.19823925817086602
-0.008646522813799799	0.11461880989509099	-0.10539106820022351	0.20928281366352258
0.10302871076650952	0.04674166430960176	-1.015421071750517	1.031193209965819
0.11612154376991192	0.01969372720625833	-0.22022695447628735	0.24974380331988796
0.07475835002818638	-0.10762891499987304	-0.2976513150801225	0.3252216161510688
0.024518706261218687	-0.028949277002333795	0.7446006566078189	0.7455664728355734
0.2871520655474038	-0.28860260703330215	22.533722214620074	22.537399686281386
-0.15086998648959052	-0.37894112292197224	163.42457701791434	163.42508599236436
-0.04966953119158641	-0.0598526459503981	61.353299968679366	61.35334926838395
-0.0046063596655948145	0.0012425449739587114	0.024718756769098307	0.025174975741616177
0.0645847255351216	-0.12596613781565555	18.943680065514535	18.944208958919912
0.06128664758710362	-0.0005323102242708365	1.4151705219273092	1.416497067649154
-0.0045633820652674975	-0.003627299667738545	6.655209972218742	6.655212525237532
0.13509635420716543	-0.02883015668140869	6.5063531816495	6.509315917369115
-0.28054679137462346	-0.18438299520608242	13.296096441253065	13.301066271208265
-0.037176505182595	-0.08469116317028952	2.7398072930397213	2.7413680323244405
-0.008922184842437668	-0.29886518975591014	4.385788315628707	4.395968511777069
-0.8714800605822395	-1.3785440964957532	9.737457764572559	9.873091969530627
-0.10659931000961514	-0.17202083849272834	1.1073834834160088	1.1257233328992708
-0.4074272269394887	-0.690786485500808	4.305016569693017	4.379081049747151
0.3073644231059289	0.004998879579139075	1.5185385086293306	1.5493408532593713
0.021880385910789883	-0.02006378732868448	0.04269296128010562	0.05199995954268
-0.100107254206073	0.5035559792865939	1.722175960366	1.7970754366699562
-0.38360743308391415	1.0210981326825614	3.965378484547067	4.112666116401117
-0.0037472964170323225	0.022384274603240616	0.043048753540627795	0.048665112363500185
-0.8231466233219278	0.7751265938525668	1.0857803014012755	1.5675810865453872
-0.11476369214805932	-0.09275505554713158	0.08750719920208717	0.171556740692984
-0.029625306888704926	0.024435226956618334	-0.026064786183030087	0.0464124143246014
0.2379959820054669	-0.16261390320302496	-0.039181641934842665	0.29089614990642193
0.2668730031244257	-0.03467338985870453	-0.0005644121036623706	0.2691166333060188
0.15492908059200924	-0.03414686221862369	-0.7731373161162775	0.7892466900684115
0.5186611728147853	-0.07154786004599407	-4.056854747695549	4.090501063728341
0.4197331150238152	0.03442322423063465	17.500681184522477	17.512707463750807
-0.14172006972748635	-0.3487573406765452	19.380610907365362	19.384769154891387
0.11313474894176863	-0.040263392351027896	4.754626489581767	4.781695683543064
0.007239039510536456	-0.3463521449359815	-3.6568644260292107	3.675887569996224
-0.2624624983380753	-0.5955807817288417	-13.120079046012199	13.136953870251164
0.3756934295961705	-0.38018655744714164	-60.9382012459832	60.942544896072846
0.1450485056150256	0.03394347360160843	-82.99609087403121	82.99634191567557
-0.7500039551127219	-0.5082896776533886	-148.14480314361305	148.1483961530848
-0.3552143902384609	0.5327935862741812	-108.94192314038739	108.9438944759162
0.14246060764960616	-0.421968169524633	-541.9449664116795	541.9451673840282
0.8642581763404482	0.1536810860252045	-147.15355037372035	147.15623475560773
-0.5645374905717272	-0.7344540051435624	-109.53637034805304	109.54037627320196
0.3823436296953924	0.1524487968887748	-37.86192424906584	37.86737982843861
-0.11302403455320892	-0.1268246840097979	-23.086443727229376	23.087490610464567
-0.18734929954147528	-0.7409651262807226	-22.158998779076732	22.17767066019168
-3.3603425628738988	-1.4995013032623095	-41.42560759174377	41.58895106189127
-0.8795837409550171	0.019625907200538806	-8.128337326210252	8.177004354110906
-0.5976806920173063	-0.6633056541055131	-5.501800626264758	5.595598866425819
0.5198085149214344	-0.4355548060805986	-3.831709815540357	3.9224519033626213
1.1640258883984569	-1.0493235940470058	-4.026295686955321	4.3227968975630295
0.6598802916555208	-0.6197486033585249	-3.863074111158663	3.9701828300324546
-0.19580373526424888	-0.23798938850374704	131.0137673951116	131.01412986816416
-0.5028112313303408	-0.387279656324157	219.7388912631634	219.73980781422125
-0.025211743484328926	-0.11128550580671646	30.76071809547985	30.760929729860138
-0.6219763375353548	-1.0795288417034963	408.94984224923934	408.95174007792446
0.2574407397923478	0.007276256053784902	1.2262957732946587	1.2607972822414137
0.02773914389425136	0.3596268636261972	1.4331067560566426	1.4843772095733594
0.02738624621668223	-0.7317872372590724	2.0277572092627136	2.1604494096631877
-0.07929317288516302	-0.5543400649014819	5.122216978807092	5.2376978604822995
-0.7604939267983459	-3.775314228733626	34.53260902255485	34.75935535990149
0.05936143940575894	-0.9415502315049753	7.148836686345664	7.212169324958822
-0.34036576054266465	-0.7086698573629743	5.408518600877477	5.467139568240626
-1.4346616118430273	-7.372002378663764	82.85602310176729	83.19582151188253
-0.7218571049374726	0.5139672261328954	14.116357666892585	14.152894032007183
-0.06943206332721454	0.07343098586106656	2.0133945464535676	2.0207548851088717
-0.12304015109665524	0.08704403106662702	0.9828666608223238	1.0041026839831872
-0.09085733513087084	0.25320138111104395	0.868660786302545	1.0347258085132407
-0.12959089291357268	0.05645287697250999	0.9517484370300532	1.0814461413467433
0.3509537401783531	-0.16952909898029386	0.1477969810034114	0.4395820465396284
0.2386622796964774	0.09159943854963895	-0.03788722111785908	0.258429066508708
-0.3274783083887215	0.0017439234026158656	-0.7568759801225312	0.836412648111215
0.1492950618006869	0.22965978168424936	-7.95935208539537	7.965287065447733
0.41583920431669746	0.15339545010426417	-1.9628770843921162	2.017131290048104
0.06069396049513617	-0.25087813974009626	-0.8453857381846701	0.8839121246855236
0.052461959570351185	-0.058336022423437814	-0.5772069103631433	0.5825145200637619
0.01430476474352746	-0.08263115182280482	-0.8009930110383953	0.805370931483305
0.07783870059976886	-0.007464721648434196	-0.24615659088226036	0.25827824650002096
0.15060810940560762	-0.4071897268637299	-12.00658391755517	12.015241297222316
0.6944846771133275	-1.0009548805994344	-37.688376798518455	37.708320635262254
-0.062496759154965845	-0.3746747236526382	-5.657306303825517	5.671761753957318
1.0656509378086723	-1.7072366146194722	-475.17950283781363	475.18402519622157
-0.9477237884260418	-0.7875637281185938	-581.2607700104334	581.262076167134
-0.022461779859686032	0.11845580990997479	-54.40730359919191	54.407616204259455
-0.6083229201910454	-0.13252173348238547	-89.23394501831105	89.2362260637513
-0.19576829434144327	-0.06833064831812936	-13.180068972716578	13.181699906618084
-0.2610444311792104	0.015749077483871603	-10.894336311377531	10.897474748486012
-0.03185078521099638	0.5658105740202648	-19.84801870375871	19.856107436830303
-0.07576046170902305	-0.12341780636861087	-5.7142850718772	5.716119792758531
-0.201339698195906	-0.2917039226593216	-0.7806361553744863	0.8573340420409786
0.0008904134074081329	-0.008333573957552865	0.004239195893492288	0.009392128234088436
0.32538115849856136	-1.7222888179885634	-6.5371859567723405	6.769522264473013
0.36346608260135654	-0.7461757744702597	-4.551408857006405	4.628573025041759
0.009084472542175537	-0.16102999374323243	-0.7259784381637437	0.7436786128462911
0.00915425706067765	-0.10453411967726361	-0.2619935229167922	0.2822264846703533
-0.08018909588984999	-1.419962429245249	3.9798887996460133	4.228678071692793
-0.020481085232294305	0.03679337583146146	3.043584266771479	3.0836501680145654
0.8744512087454974	-1.6211214236870066	10.682004347141934	10.850881825988736
3.129842171658426	-1.6999235536162058	26.068123398289426	26.31068584056629
0.23517334306581156	-0.49470208378477004	0.16190972795114894	0.587989113755483
0.4578098312557648	0.34168964169622906	3.0956903293365152	3.28518371676297
0.9741831506917088	0.8337589155792096	4.498932412166601	4.771260858781737
-0.26575921685895604	0.041143956108960766	-22.111615397293118	22.113250694194196
-0.09494315565277389	-0.0650986341743998	-11.713101045846399	11.713666725034681
-0.004062468732584229	0.08435284827276933	-9.47277595542321	9.473152390218795
-0.27897600962237007	0.2790569408774324	-52.24325630227564	52.24474642923881
-0.0387699104106021	0.07076331034865013	0.6326557391507062	0.6377803981975863
-0.22911826538142224	0.013275262700636233	2.225432148400283	2.2372348243455935
-0.04640771928746007	-0.24264031086935467	3.1766242949620023	3.1862156091845195
-0.09138319507081871	-0.05334781854852625	1.517340533369692	1.521025697446253
-0.43612925476933057	-0.7561596482850977	1.34348181365496	1.6082317336385066
0.25467313434519645	-0.7973083955385907	2.434271073415998	2.6218029014255437
-0.19747078209628224	-0.7279665146437031	2.8850721784603683	3.0226298770359348
-0.17062429392813105	-1.0093003357978487	5.376484890151262	5.4748396667340815
-0.5276781602829893	-2.172423226151166	15.50445561114519	15.692953912416623
-1.6843171282475877	-3.161116918412384	23.399377704192545	23.69052156236211
-0.355380082379085	-0.8819604056693793	6.1786983411880385	6.252994653477649
-0.9801062375638956	-1.4035508419467093	23.02829920957974	23.09184114982544
-0.1278257055741661	-1.0759520236073177	9.833777684591313	9.89427488515335
-0.15706963934769308	-0.19864701779661598	1.9684402771194196	1.9895648817694496
0.05235432659216907	-2.3173994967686955	23.44964840359246	23.56393625129815
-0.4150681042603128	-2.079541002380795	19.127241586611444	19.244431480933788
0.48017058887330305	5.050408281768267	148.681796872602	148.76838840512303
0.23421881190127694	0.8610822085564165	32.89157203560862	32.90397106399577
0.6935145730053458	1.1085566274845424	20.52159810608438	20.563689573416944
-0.32432055899374934	1.4236877543867303	22.13734468452328	22.185886958002556
-0.15177837617686993	0.49011407548055264	10.278553778955745	10.292297899606504
-0.06137781327701217	0.36454167918009917	2.534419910910505	2.5650383898767926
-0.7365561480665843	-0.03233344362263174	1.7801555476146729	1.931836941730455
0.25332788858091004	0.8375134583025745	1.1412940100622162	1.444865258172779
-0.39416729127547945	0.8925827447654936	2.333990844184165	2.533587349076416
0.047629495329678986	0.06207317206398925	0.2570861037631687	0.2687283242674138
0.16849318250295486	0.5776890647032813	3.2933013514900944	3.347827414869859
-0.11905659967271698	-0.15609488399964555	0.29944861999441547	0.6130458994667956
-0.15267827480648938	0.11332869097665899	-0.11726251201392413	0.26340905341347826
-0.16180145611437297	0.25229028793237374	0.4967098701713978	0.5966829816673325
-0.0076976444520417825	-0.03010163089735525	-0.06695505205822824	0.07381287766311995
0.385471937887123	-0.3014141159673616	-1.0088049780531037	1.1212165571144421
0.3977454961044825	0.11667607806601718	-4.941156417695812	4.958512027917326
0.0668324272035055	-0.021820271404827063	-1.4090398394395656	1.4107926731798583
0.14530397154122932	0.04781218706457538	-2.4882345703098254	2.4968360601293935
-0.04322665926578939	-0.13634358498168472	-10.065117574854684	10.067101355295156
0.015908705342795176	-0.04448105109530731	-9.223771410036552	9.223892382038061
-0.07878756935333571	-0.6159645021410792	-226.53576865526642	226.536619776983
-0.20960508965675606	-0.05987807669164303	-34.391594181539475	34.392285036405745
-0.10789696221325744	-0.1192173920939503	-40.27706176645092	40.277382723800905
-0.24289160786469943	-0.060142579507470775	-30.627919040647242	30.629259181514374
-0.12016615357840256	0.1683045248413558	-8.510483952827972	8.514140192279566
-0.08455595164137082	-0.0834417726399912	-2.4107928213859684	2.413717934230385
-0.06589129114276092	0.05304534256087318	-1.4018811200789776	1.4044308973565587
-0.10046594937731458	-0.07719509937223026	-6.66920877292229	6.670412142227419
-0.04983820802508536	0.0313825177547655	-8.600085869360493	8.6002875341336
-0.047154131347290615	-0.055437215230021236	-1.5334486719345806	1.5351747869195562
-0.03735464521489046	0.06338066904257629	-3.592628412257598	3.593381608914917
-0.8130620791984611	0.40694896664868363	-26.102129168250734	26.122699711825973
-0.043773194140514234	0.009721621385559908	-13.041778953542016	13.041856036450454
0.047439888420096894	-0.0083956808836751	-2.232240035314291	2.23275986297917
0.22457553826266752	-0.3299440343424118	-3.3339835073211135	3.3577884485585607
0.09566188462875233	-0.1475140332624853	-2.43593550398408	2.4422721727420686
-0.13661965644391133	-0.07419022206400387	-0.951689349145436	0.9643037575648155
-0.20680885420979334	-0.35080886907620706	-2.3684558123339152	2.403210290378352
0.8295814350994825	-1.6998272071530347	-6.916582668019611	7.231672302316299
0.08445976197934418	-0.10943890386701113	-0.8397712355428097	0.8624417881911324
0.8384974961842808	-0.7892611389562177	-2.373524661025095	2.800432519802623
-0.09883411161438582	-0.19138783217124078	0.7127341189128658	0.744572138415957
-0.3947789618113532	-0.054013755176586645	1.9182639834977686	1.9592102043481332
0.622901556716137	-0.3888793383278034	3.954668924259343	4.024688754989659
0.013982588960843029	-0.08003973134384554	0.16249301387007925	0.1816751247260479
-0.016651524346348097	-0.04151941065553636	0.6207723781313893	0.6223821014257592
0.49996681608494586	-1.5108323466402322	9.404961992947408	9.53967353060501
0.7422084191235155	-0.2695063311337467	5.394507208481952	5.453778030613526
0.008734957597154806	-0.03101072501174367	0.17757668921132405	0.18047560805059865
0.3855621499682481	-0.015131118921768005	2.843877642054358	2.869935045471347
1.1871771561892064	-1.5383464097373418	13.175438081241671	13.318691666003176
0.38275065763803606	-0.12886393688561237	1.37654557627704	1.441340171028302
0.8371283112022408	-0.2507150593489334	0.400975155859395	0.9715465562272972
-0.1015281468751035	-0.06500037321993066	-0.0005971099276364106	0.18442655602404054
0.18703114737225557	0.3129751377895279	-0.06240982494962416	0.39535915078824113
0.20175388333385064	0.11212548680287385	0.9667670605069472	1.0036907334494596
0.06651903059860059	0.9084233450582644	-9.224768465339935	9.28276526347665
1.4220339757117393	0.7073520794001376	-23.352053842066876	23.424800891960654
0.04770146676472538	0.3751903056615345	-112.53661759638595	112.538335971228
-0.46351069693660235	-0.7061844869329315	-63.176816012592454	63.18261707122947
-0.08536981319964324	0.16133667650946368	-121.23945802752019	121.23967576713459
-0.029589576218567365	-1.3336241095405943	-49.82274635030423	49.84079616619524
-1.7276227194886649	0.006653998057212743	0.29638514922212167	1.7584221558439757
-0.2516805075701861	0.6289285120087105	-0.03665916615985659	0.6926166547750735
-1.1145490249903576	-0.15660477960523292	0.3013147196288326	1.1734627950076484
-0.7901657056438913	1.9609028616877462	-1.655487256756064	2.688795216734182
0.46955432811131964	0.07323793814004971	1.3022354474612037	1.3932487244406717
-0.04883856630468258	-0.08450984491319158	0.016660583512050013	0.09901865727685141
-0.09639839438227477	-0.07105197711256697	0.20105434675130687	0.23401684605745812
-0.10369262657226225	-0.14082941885718153	0.1797532746802451	0.2507913989342094
-0.0028659278267947966	-0.11959263873172764	0.28426371189456645	0.3084095826675997
0.002431556220081413	-0.44319874358830386	0.49280586327206366	0.6627885467169952
0.019910140391082826	-0.03767061774117329	0.12444223371956353	0.13153462914574518
-0.57781504800967	-0.7467085631439044	2.901017536980389	3.050794430610922
-0.16256532162375678	-0.28839422588384367	1.243466634180006	1.286782026466305
-0.18936446325059764	-0.29580854344326807	2.0674142015380546	2.0970367366923854
-0.03876860306061282	-0.14868763886155298	1.4751197633502386	1.4831012557340644
-0.06530090750898686	-0.0830851171288189	1.0447801856621335	1.0501109377403939
-0.19104751903474815	-0.7391437498692909	5.932258890026696	5.981181168949902
-0.2881128208679857	-0.8419599511101133	6.443287257419438	6.504448957324946
-0.32674420116342917	-0.6741020452898091	6.072491394419446	6.118523275738688
0.4638779344230949	9.922681177931917	305.50478227316694	305.6662661401435
-0.2594658550526115	3.084029914080114	79.97057348560283	80.031961781525
0.5570313722090049	2.7893731428502675	72.99753103999726	73.05459701043767
0.8221285648349282	2.9607150080529236	75.54435846029432	75.60843566597498
0.12647230639318366	1.4213537807375891	13.845130831928344	13.919172725144774
0.15748647436380714	0.09326351404710845	6.225395976501623	6.229649662846424
0.04629694299922191	0.3257128861439297	4.176067935791316	4.191330991508022
-0.17865133401056488	0.4131227825653694	5.309481060364479	5.330352300541439
-0.3994627289200223	0.40424492163540754	7.626103066099428	7.648523529945851
-1.178218705277529	0.9530066884025332	24.052723811805272	24.10081790349635
0.040888744274666156	-0.36476308589155926	5.842295688483075	5.855478007370997
-0.2225018546599293	-0.050403726395807744	1.8717028558480067	1.9491123964387678
-0.24839154887109458	-0.07925090311832053	2.267856754429284	2.2870577410083412
-1.9404642816653	-0.5100812639892993	4.415508627740325	4.875440152236615
-0.920486317963252	0.20392715772727102	2.2399111886592156	2.4798797194011253
-0.9939718367698027	0.3301422150406253	3.770690629113597	3.9159368610625673
-0.5804901513061811	1.0621824096113248	2.5988540005954577	2.8669221132535507
-1.7285089037912142	2.763343370808434	7.265043397865802	7.962704640280831
-0.04603084865303285	0.06597747726076547	0.36176567425344763	0.39601269487412233
1.1275456640050376	-0.04292663109583314	-7.514519815012772	7.614783641883291
2.0359166298049267	-0.14859410864226422	-12.713982063473116	12.88627551255038
0.0327005767170445	-0.09985090215420253	-0.2679409363545102	0.28780527401902695
0.03698612480506034	0.04173832441083149	-0.1981451490009011	0.20584353578703568
-0.8251032400163392	-0.1551707685748838	3.3110579468970114	3.4513327852027595
-0.8934081078812786	-0.12035259457625225	0.8490761486414484	1.246223449202043
0.4074677004870917	-1.39594371445509	6.295317218935042	6.461091832491389
-0.007388576718853766	-0.06487123482577471	0.23242982260827844	0.24142595264690783
-0.0266507103839127	-0.03459119752430493	0.16971335094422543	0.1752410705252924
0.11636119595340348	-0.049298044583555294	1.18193645188541	1.188673210524634
0.07844914552672051	-0.19338976685857487	1.928221891807783	1.9394828007503113
-0.05445135316067333	-0.1306585482997606	1.0743194555076665	1.0836045859016643
0.05453657005867144	-0.09355066517402366	1.1198759163754963	1.1250991211916064
0.1657891661912625	-0.5237896799455711	3.4249173632224803	3.468703017173236
-0.0243515374910227	0.11848008122510861	0.11542489796024577	0.16719280515147222
-0.006038953161229439	0.3707081731200903	0.12159897657049244	0.3901891730908348
-0.0018156157128139568	0.10479869046437762	0.03498769007501153	0.11050095728657794
0.617986167374602	1.552528022213024	-15.81706745259081	15.905701894211727
2.4714059827048116	2.0217707429373117	-30.5834218061268	30.74996867680874
1.755551590976673	1.7126684831596275	-34.27939232458677	34.379859287810184
0.011949022314363872	-0.6090140242513159	-362.3029850970581	362.3038388794854
-1.0122922674966346	0.7203452893783926	0.5991694095758335	1.4663739851192705
-0.2647018903101	0.4533611619738876	0.34446602182743286	0.8011716334304848
0.09340936168126146	0.5260998348221971	0.37241106168548527	0.6660901806927905
-0.5544441180845071	0.986207715961866	-1.842248713087854	2.356744545527809
0.5856645933702995	2.437106862876128	-4.718835241998033	5.424965392611105
0.02887756779116915	0.5574188252335374	-3.212064762245501	3.297367076912353
0.04441000980929886	0.03076021710139066	2.432372415949083	2.432972258328764
0.1267966277246192	-0.05926479328979009	2.0348810925067	2.0396888883276483
-0.06190239452021734	3.9703595565478165	111.32018533985097	111.39098370610384
0.02506932407046072	0.9078913584309916	26.94121425903935	26.956519080570995
-0.01225992837357141	0.15105728096384258	4.0964093217038755	4.099211868020277
0.26305304771509364	1.2753111292286345	39.269010363850846	39.29059417135953
0.43661472443970417	0.11435861258226768	7.1596377880025015	7.17520754753224
-0.06289327918556442	-0.01725639956550293	2.970541777059542	2.974533842814521
0.11397928105293556	0.3093638528863516	6.871416130528564	6.87932096277461
0.304597437103187	0.5529305119240007	10.200633150524224	10.220148160436821
-0.02801701618684931	0.05253781326855632	2.2048430185279857	2.2056468238071694
-0.20511683246702106	0.4622839457679869	8.785047949927863	8.799593561296334
0.1600892932642916	0.0365051024856462	0.8764524913005501	0.8917007198787542
0.06295994236853404	0.10477091987889174	0.37569389770475153	0.39507822613744037
-0.01388891181402363	0.3182742137725168	9.102724539132458	9.1082976132946
-0.19115821532885685	0.4828264374421402	14.767637459786004	14.776764834552104
0.009978680306620719	0.19461502427324887	0.8032728361724132	0.8265723386770277
0.09408285456343929	0.06034293326751052	0.4457035157073999	0.4595045995766188
-1.257589984710428	-0.17489864439216582	8.635444399740217	8.728288611546875
-0.29754201831316696	-0.030198858585229058	1.6350116373946568	1.6621390670270881
-0.3910621320995365	0.279592171434814	0.8099393250985928	0.9521464534046394
-0.892603080284859	0.2479471513566203	2.5667587917414743	2.7323887953001917
-0.7481387316967187	2.331166723556477	3.253817316253369	4.072023696202184
-0.09826855855969062	0.28086766951169395	0.3228440421407711	0.4390576646912356
1.6695196197670945	-0.6862394306537107	-0.23114849700421883	2.0474375540021974
0.7561547035478172	0.5115090888244569	-0.13976771494366472	1.0472184300269394
1.3465869047807142	-1.5092375681789185	0.7464872374567733	2.160513205216614
1.0370102999903184	-1.945511592551605	0.5430459620161369	2.2748152498171637
0.4875786188956932	-0.6873290090633095	-5.883426489877472	5.96426668167983
0.06716969455096854	-0.4956928547350425	-1.3237158138611855	1.5000208138781361
-2.9924398580274025	-0.18109938127985156	-6.996583040623487	7.669580126646518
-1.6852588673482902	0.4927763921573373	-4.837692271473028	5.231304151835708
0.11455755530965839	0.13935484862348374	-1.8324030701823508	1.8412615835147113
-0.027123073481264404	0.029696315859706873	-0.9718772229498723	0.9727090360325974
1.5485819992623793	2.2688227428095873	-49.51921246214926	49.597839483492706
0.01907863603294313	0.04404953519853401	-0.6240759069299371	0.6259193985766125
0.28366107728957507	0.4260600796625947	-15.116354165419589	15.125017489333665
-0.19560099574186737	0.3935093549977877	0.021147032239228605	0.4399506324333584
-0.5436981933692827	0.7474558050789808	-0.07548181586157049	0.927359375077995
0.0019177539351304985	0.4322530570282923	-0.5225194549142358	0.6781393395566503
-0.030777096828796303	0.012252513990688253	-0.04336532586943501	0.05457018669624835
0.6429141331567423	0.4685909621700211	-1.4418453770273447	1.6467647566350327
0.03050157263696146	0.00818113162702476	-0.12802049071296678	0.1318579648349518
0.010951302041400948	0.07289965709349873	-0.8758808646365326	0.8789775765383273
0.22407687395087408	0.0845792947885137	-2.596618644268006	2.6076411728431377
1.812536591987469	0.5203700601688245	0.5573106708570945	2.1793257823383914
0.1781872691368102	-0.23675234139591328	-0.09185700151637964	0.3401762303078527
0.8568729582656464	0.03581195187027689	0.1253870061224279	0.99747461431759
0.33766452498992455	-0.18472461758060482	-0.09624615310994185	0.42057534719171835
1.2266746003423266	-0.19358409167445062	-0.2183531201744798	1.2609058096322499
0.2579677512849526	-0.10445099555276538	-0.04064489975264168	0.28126389574718125
-0.10077592132873545	0.0105527467293417	-0.2470379195445336	0.3012883425824517
-0.2816531936005277	-1.1710874950884507	-3.797404711661364	4.014806682626929
-0.40938852081656874	0.07136178155842526	-0.3332013515059824	0.5506309021377056
0.23397455151165264	0.1650163700741519	0.35105154011547784	0.4530029546978445
0.21074030922250908	0.1667778221059122	0.15653122248154014	0.3110118060285742
0.1049240988621049	0.15377079220802578	0.2059732965615347	0.2776319901501528
0.201048688084216	0.7064079580420228	0.6322324398759536	0.969097846554715
-0.9022841005816127	-0.5405654504717271	51.688792524054584	51.708030246607414
0.25530160407806973	-0.25148033388469493	11.966684241982858	12.008759453315582
0.03440271703906567	0.058688030724060786	0.01915067452355544	0.07067234412870063
0.5101109458265941	0.17073771203258206	0.11364359442367794	0.549799426987476
0.31459915251758	0.09606035902456844	0.1780038071618552	0.374012800188474
0.2268903304386294	0.18862036055864817	0.10195313990133499	0.31217191609682954
0.2580996171291874	-0.6670575808295011	0.00038938874713224676	0.7152491734549129
-0.006753280349081653	0.0019465950095424248	-0.004747750299174525	0.008481577713361126
0.3447011888969945	-0.6114896429292866	22.43513820950004	22.451545267860865
0.9593546661385768	-0.530539671353703	35.16896865296781	35.18951420201983
-0.15688017901977142	-0.011969376291035581	-0.2532708665582669	0.29816235239420713
-0.21787005351590824	0.10349311118130353	-0.6483904354172272	0.6918007957653357
-0.08125010846324293	-0.15987244255459426	-0.5872676100659647	0.6140391061213044
0.013275531234575894	-0.01990135653659198	-0.40254497206319295	0.4032552023903888
1.2628476817134104	-0.813947425396257	49.115848856044984	49.14134226128213
0.015012376807762032	-0.1183593217112697	5.179544463132567	5.180918368982528
0.100349839219323	-0.02594620158531304	2.8451706564108097	2.8470580183250855
