0.6541071320212796	0.13750947755164733	2.054476307719334	2.2161583512821683
0.16957981007073208	0.4615862634004397	-0.21770128887736995	0.5556013198530714
0.049160381913554846	-0.1163693999630081	0.5273198917899194	0.5599148449317715
-0.32183491961788496	0.1450649543195902	2.6558252597406633	2.682817390661124
0.16849910623414435	0.06776007298062026	-0.45391787030986513	0.5084334707498003
0.18509447205045143	0.11249682625636262	0.06800765371366334	0.26649638902812006
0.2220411534165522	0.06222254395249688	0.26527517707345505	0.3781859638561777
-0.28800950963796434	0.24547694351357008	-0.06795590596324444	0.40903080262243163
-0.011071690663277872	1.2613307862186531	-3.7552082036731234	3.963854988824773
-0.5364834731438718	-0.26084948644409867	12.816744744957226	12.831378827461347
-0.3089267641048287	-0.6152319207829978	66.44904147904646	66.45275418920473
-0.15084041341909998	0.16948551206517024	37.479578040966366	37.48052465058232
-0.09688091740782881	0.35866091649307585	52.48699104473408	52.48849142697923
-0.050361975059392355	-0.13330577530479415	19.29044741382799	19.291478636144603
0.31078480478116566	-0.07505079410409884	417.22711734647464	417.2272631897997
0.40965117601412043	0.7549502851382749	167.8017951791207	167.804051527785
0.5212889946563357	-0.32794856442258224	61.416296187577295	61.41954257125308
0.13068420970749636	0.4980485873165753	12.14134828392728	12.153063346108205
0.5173700664006903	-0.3929547806645708	-672.4920849848165	672.4930533492994
0.1814522271995071	-0.11055499865860884	-66.46907954324249	66.46956568557734
0.0041686391708889055	0.027334264324093582	814.1062046222341	814.1067457769595
-0.0419947514096528	-0.0007693850335371046	0.9446192843229411	0.9455526127160102
-0.18080793762800698	0.275801748061299	13.62610105985778	13.630091276583597
-0.47685746991546585	0.2503681090505072	2.3828405473607224	2.4429503291696406
-0.30754501601650325	0.04937352346114311	1.474377129093545	1.5069205687393357
-0.023509917845147034	0.02020316160254066	0.1314266957736417	0.13503281207840295
-0.025551804299922133	-0.16712437761255428	0.36643308934455	0.40355502879032007
0.29549156480006644	0.26637167913521975	5.254885918458457	5.2717715179269975
-0.3499453806422679	0.015891214929546288	4.08151003425183	4.098892319242259
0.2773718456942246	-0.022902755316514912	0.8628120292819508	0.9172698947194041
1.0374744411927126	0.0942450485419308	1.607654235291419	1.9207465398779817
-0.08015715599660506	0.08775210806446715	-0.02923734145085452	0.18563461197291822
0.15297324935453227	0.27935450863519	-0.705020610067464	0.7861129702738607
-0.34211272106752433	0.10150812740873659	3.2406883094070773	3.26027694108552
-0.025277706808583836	0.05131224163156131	0.3149733004445194	0.3201251139721313
-0.2604712253163199	2.090881507919209	-3.44361002094693	4.0370881481263705
-0.01813169581726234	0.2694399105589779	-0.5358314002987236	0.6000349267678764
-0.15274118909022702	-0.27346669732922285	1.5279417218374518	1.6359828095442952
0.18375638246345202	0.10431075218384449	2.022481859097273	2.0382737295061166
0.07738426731817337	-0.08811278476717758	34.80857595638573	34.80905330634607
-0.16500261692239135	0.21660321438781419	8.511941924965413	8.51743963494654
0.09497968253262683	-0.0952548588096707	11.039425457560046	11.041127154695106
0.020347288785302037	0.4320960483232943	28.497919721046856	28.501544330426533
-0.1364875706779204	-0.07989061877696604	6.690955662323752	6.692824444365803
-0.036968694132922315	0.026692515236886385	5.790703153903715	5.790882678085095
0.22582175987709155	-0.6866482345929474	66.9054057503055	66.90945583146836
-0.25858582740761954	-0.01706248984905484	44.53048249748328	44.53145527604348
-0.33941775613782654	0.7089304787388608	335.9182476278719	335.9191961707488
0.027199223077518823	-0.22921521532589098	85.41925479965474	85.41968069318635
-0.12860016433843557	-0.05204637745624718	26.91476512115442	26.91548454216428
-0.15249588721619323	0.12886978112093647	278.223214261954	278.2233209068827
0.07803058847570028	0.08098189343214923	45.66188584676335	45.662024330100046
1.0104000759696847	0.45091361057227797	460.560504535087	460.5618336000189
0.0670206634545319	0.23666327643110932	17.220884152258026	17.22320620692131
0.1623127267446444	0.34384442850392727	22.137318561017004	22.141023627400894
-0.09675036759397435	0.15929164110214752	12.16845394665239	12.170681398231352
0.49275306125121243	0.24323502241898287	27.414763196461227	27.420625261989354
-0.22253334776431943	-0.2619396566841562	24.462750515957733	24.46556306455058
-0.11238965074176703	0.08991872917691332	17.874614966887197	17.87573933606156
0.5858447922653763	0.05814365038291513	-91.73143157021045	91.73342690922325
-0.02583622503401911	-0.4702256992747885	-37.04134711988986	37.04460360106253
0.2829417534514911	-0.8148997015026155	-76.43728267444354	76.44227743858131
0.07764129599727648	-0.6090719885415525	-62.98328880146552	62.9862815627886
-0.07177063495333826	0.05027998449484122	109.21082212401545	109.21199093422075
-0.13911787757940933	-0.3644398209348581	65.35066399773152	65.35182824612747
-0.052073315166243694	-0.1542145888011053	16.080567704329443	16.081391465388634
0.055368454536263836	-0.010347750328704095	7.12298230398303	7.123205012110066
-0.04549099814464255	-0.11994698930050651	24.36787112460636	24.36820879458682
-0.1414906068538142	-0.059149385514575534	0.3461575261906672	0.4035133944159162
-0.45215967414334607	-0.06902402802864556	2.7111196391674186	2.752973332625288
-0.05668765468445919	-0.08332480473073105	1.6601921162486912	1.6632481402759332
-0.18046295463148518	0.01038580944135914	3.5230752198103517	3.527709419364618
-0.053595443062796	0.0009013398636714756	0.10024017867520091	0.11367223650251393
0.03341768257502224	-0.041647887935360874	-0.010848174139234251	0.054488264427457016
0.10761106592646814	0.09040895140919904	-0.08790154543840636	0.16577274111023746
0.06482697871264602	0.2883797734409064	-0.12737956559500496	0.321855533788081
0.026216543065525538	-0.0340731313154031	2.231372642428537	2.2317867628396884
0.23840011380390416	0.11601713198361675	13.245062941034634	13.247716290030688
0.013236219989680775	0.06637891644778865	36.25802558606259	36.25808876316618
0.044686303535317225	0.05920153736932077	7.583536270762905	7.58389900102362
-0.049418243334966604	0.5170960162008764	157.19287992000056	157.19373819588512
0.010717984635967402	0.2526481255283273	54.22853830532161	54.22912789896459
0.2589509584680775	0.25871259310794315	280.6266517763312	280.62689050587977
0.17120675028678126	0.28812708581081775	191.68275488422142	191.6830478914958
0.02871091212591413	-0.14410811510356114	15.322208244669866	15.322912809199929
-0.010776825769238427	0.011352068799856903	9.899510851124521	9.899523225942346
0.10088830212697565	0.06988264954716324	8.258770151256998	8.25968198210484
0.045447673731331906	-0.060176057599281955	4.052874205324421	4.053575702159741
0.5491425313189076	0.2891477706548846	65.46236621783713	65.46545680415056
0.25080221304578487	-0.1362878855622125	30.413831661252228	30.415491320077482
0.018549098526057038	0.012513018785087147	0.9751279287775818	0.9753846021838273
-0.21340016733736253	0.3979799204795217	21.176767974458063	21.181582317960977
-0.015641413393460354	0.10038920006043187	1.738210921621084	1.741177720206797
0.051660641085089186	0.020545450640433283	3.210974873560301	3.21145614574058
1.1030354058743974	-0.3141682367905644	-304.7500117012305	304.7521698375382
0.0036585046374856094	-0.014320764716731146	-5.221753511676876	5.221774430753221
0.19389713434462083	-0.6838320422042107	-57.02977623430413	57.03420552348783
0.015739682221914505	-0.017474435725820685	-4.683231448746618	4.683290498787121
0.08311441976411973	-0.037422748218544875	-2.811769621110745	2.8132466779609313
0.48395000185453596	-0.1909084678745744	-29.499829253315664	29.50441627319849
-0.002588225183177001	0.07364864171084617	3.261733579364801	3.2655499611843903
-0.07452960514060114	0.8893450856518866	3.3732327744504684	3.4920865508950927
0.9153517660575314	1.162360858163117	12.8348443137086	12.929265258310402
0.6998589292388693	0.5884220011957175	8.76178666237241	8.823189243785581
0.7587495420495614	2.029338193520027	15.272788847240736	15.43359042757195
0.745765955072926	0.5863304667967968	14.74618273249027	14.777325036722113
1.4765839369516667	0.4812181640200716	9.065389887992989	9.198513176077537
0.5872123092844448	-0.8799872097856122	4.183579391074726	4.317523838021813
-0.15960847070005246	0.058708141578153517	1.4730329117298455	1.4893714290753917
-0.3422471544539892	0.2840000991115359	1.0726001730478236	1.1695042056997647
-6.817908617375756	1.3558597202151825	18.775271513302453	20.02690125397374
-5.562293491832955	-0.6630412878517956	10.98330660928017	12.365053517758863
-0.17523916929030398	-0.057046692753077416	1.1668100578808858	1.1894908943239604
-0.5129973264684118	0.499887769291544	0.43826803499811906	0.8512418541472961
-1.3193459097641607	0.2157811337326785	0.6511918315837936	1.5668458351758274
-0.34227907958540305	0.2891689200653818	-0.5102077154380852	0.6932281950744358
0.4081650015808072	1.1624801746830866	-0.46040531590884076	1.3226532670597382
1.4230869008565845	1.313882245890032	-1.1304159035082324	2.2963063690977665
0.7579457291233012	0.4072520410369172	-0.5208356417462432	1.1204131654609422
0.9282159829699399	1.2119380194212006	0.28146434318064084	1.5585508125632426
1.1038793787809946	0.5478630889193132	-0.30409896956833404	1.2769728326360936
1.5899247325780514	0.5355563697512868	-0.3305284517397832	1.779789392106286
1.7815898835962747	1.0035104910550465	-0.6946393716288897	2.2152515924849503
0.9048419990272254	0.16700031313793212	-0.75709351227762	1.1997076806558404
-0.0815178079564095	0.0406683413802504	-0.5509132662976179	0.5755730004850372
0.41578205489590125	0.03207060630080158	-0.613249875000053	0.7546246981444087
-0.48800914319705857	0.16604874181926282	-1.8102231389116257	1.9458553038586262
-1.8398465140925244	-0.9784747495908407	-3.9200843887077843	4.466903803306688
0.4316971180440098	-0.3405460683325325	150.69485601907957	150.6959237817082
-0.1284807758311013	-0.20639936587736576	56.675198375998626	56.675891689074376
0.6154874055118118	-0.30206371120231573	258.27296111544206	258.27434295824474
-0.03896832618626684	-0.46255778051135327	11.598843310902037	11.608967403111885
-0.2238478691318057	-0.07158389949133005	0.9016512115289219	0.9421713301373629
-2.1145297597470494	-1.0981895068842398	-100.41055874054291	100.44003824585245
-0.5226843142828352	-1.0887000805000069	-30.628829479416673	30.65294670699315
0.5682911576076974	0.5385413538126327	-28.648101269038715	28.659137595810158
-0.3564303241201491	0.8613336259855787	-42.36331124062346	42.3737956436055
-0.6034637927614863	0.43531650530131816	-17.153616120026715	17.195364654321878
-0.23214287942365264	0.6386858082851329	-18.00728119466768	18.04450987128507
-1.1255353987806571	0.6663421362805787	-33.70983461569357	33.735489790112794
-0.5719260949422144	1.051120866444257	-15.012852917510134	15.089748143744577
-0.13780077629150483	2.44347124626331	-29.82962934330232	29.944600837696342
-0.35035186239091093	0.9629109981473138	-23.03083156043767	23.072700253242697
2.6833773570392077	1.7444087339866574	-6.680185671571163	7.408632550143404
0.47822361921976564	0.26933125422937926	-9.370697039668807	9.399729788996176
0.17383269358988718	-0.32047561952242876	-0.5099034499878558	0.6421866872479667
2.022622078730414	-0.8886704122927752	-1.195439796830693	2.5158082732591054
0.364339798338318	-0.1876193726376856	37.20783329700492	37.21035182526832
-0.08822201650908856	-0.16606197171944545	24.492548302504524	24.49366779063653
0.7900928673701291	-0.5462132213000441	-9.350454295675016	9.412614466772743
0.7701186176160226	-0.5421400612714466	-17.150744796254745	17.202191610094143
0.18441502579884272	-0.13685524860665638	-2.1271714421555634	2.144079380534628
1.6978377779346887	0.46029645985936957	-75.11452914788606	75.13525467345315
0.7279812803634305	-1.042207414802768	-76.10217852797291	76.11859511005436
0.7873064355906992	-1.5343545698583876	-143.47734683432273	143.49078695780784
-0.3944629965216162	-0.5389612466972652	-35.58036799251929	35.58690976397161
-0.7527826930462345	0.5259418256468219	12.430836044520822	12.464709437153868
-0.7646539984071348	0.5459835173742337	14.705702358135682	14.735687143279126
-0.17569072181571524	-0.07320881553900736	1.0935328782252183	1.1187138602271276
-0.234912352383204	1.2373051113605718	11.400731031195779	11.470930894329001
-0.4300965307549907	0.2868219988636904	5.185193070847873	5.212768635923567
-0.11464692130829865	0.17495252427944522	1.5256862741791182	1.539958086941258
-0.026079970719652762	0.2917712032626839	2.73921392384589	2.7548327572680864
0.013277932453351945	0.10425757321149008	0.40198003786072334	0.4154923536007536
0.1200170806681492	1.7820069316287972	9.080631739366712	9.254611058879803
-0.0019177176884149078	0.11603881687551043	0.6067712619903673	0.6177704348391764
-0.2838424923649203	0.14485882310782522	2.2353568498849987	2.2622667106979004
-0.06122275107198722	0.07764928030364462	0.9100354626010628	0.9259708224733791
0.45262642322815644	1.5546066020256624	7.93554197452079	8.100245587656426
0.6674869720167247	0.5838800517901319	9.82340222890372	9.86433808769859
1.0642991542668239	0.5013601038974369	15.634001575753143	15.706255139501097
0.7745735537766728	-0.02204441555645449	17.22157200351443	17.264511085217546
1.259353478672335	-0.1749785492342958	11.69732236498903	11.767048014362345
0.2891511066313522	-0.4848717705371841	5.986913182222641	6.015090874849791
0.9057174741736403	-0.5674000745981113	9.991241044504033	10.049211132320762
0.1331991836398634	0.09789233435582637	0.3509734877937378	0.41229492560794423
0.32668139099226673	-0.44203337590704905	4.580976019610187	4.615943599501626
-0.06468387473599001	-0.07664982456900239	1.0416140179789968	1.0556982270552842
0.7101501948973454	-0.8356635981828472	5.973265723065354	6.074704118875925
-0.25062576465055864	-0.5837948355077189	5.227102966647776	5.265570729542064
-0.26292463662283433	-0.4031190471855757	1.5142219473304404	1.5888682879723695
0.01695894829219835	0.09027711704122353	0.8967699625654096	0.9014621065513615
-0.13641693662196072	0.10993128465381946	1.292300341027713	1.3041221719468241
-0.8865958608322813	-0.16446607201908658	4.244498750940685	4.341468730847588
-2.0067582723970285	0.8763341629778516	5.538534606432504	5.957338810289915
-1.4335632788488202	0.22333408042336195	4.257245249708161	4.497679279595759
-1.5159401638651626	0.11459405445153456	4.676580983746683	4.917480663436947
-3.9201167744767136	1.4736548093777935	8.63300893164365	9.6078893196672
-1.5025836550389466	0.14811021710995842	4.151231853031789	4.41949091630793
-4.248703464149207	0.18401616634548845	7.40919933769601	8.594438299642679
-0.4756711873428455	-0.10988267072806854	1.2324521055493811	1.3329498329523093
0.09837475711336485	-0.23514035616431675	0.36020936737504683	0.4628165437610534
-1.1830606685740495	-0.12767338527003916	1.6334063029445738	2.0256922210030455
-0.7769790248426308	0.8917029625135854	1.41732735661337	2.0713375386704973
-0.234568512577478	0.27942548216292523	0.2312219115543522	0.4319311977128327
-0.5544442584650209	1.0271417953917392	0.6856446062139324	1.3537123880705422
-0.019604021680151087	0.25898959175908876	0.1405530932373136	0.3266418271197862
-1.4797566880318223	-0.09777021307300948	-0.6441853567651739	1.8693753601430412
-1.1735571818364583	-0.04554950636135224	-0.46436875243009995	1.2706019595857627
-1.443184759567299	0.732432224327205	-1.3114462428196205	2.0830579591758647
-0.6681471754029307	0.4208907539197843	-0.7185429537551271	1.0676486552818871
-0.498964648061674	-0.10297432482218119	-0.5098122002619938	0.873611958207916
-0.018543626697290955	0.5327182154386679	0.1544036648111238	0.5722349515350782
0.3379103596739724	-0.04026540591476369	0.05539298113484306	0.34477977963836454
0.041188188627432294	-0.061966879941318206	0.021753469576764682	0.07752144561795733
1.1145544601997628	-0.06784010475596677	-0.2588127628178777	1.2480135869300095
0.570291172342261	0.5712821668231773	0.08486028013274328	0.8235753683943581
0.6948607583761184	0.14988304230494356	-0.059908048294760145	0.7268873083581162
0.3184848957928169	0.202408049481629	-0.27874695108191105	0.48947042298854015
1.1154694587133667	-0.36681101026616336	-0.36072609602864436	1.2362950828304873
0.267402679265965	0.1957152176154554	0.014847102561243664	0.35987339529249135
0.25125006671443684	0.15309247150360095	-0.12015094872798128	0.3471021985457942
1.0747753627545564	-0.08868733325609704	-0.47239715216758726	1.1855995857541086
0.1533149702320041	0.1504740455194285	0.13417196150836425	0.2532785694195728
0.18430169559401108	0.05654848381342832	0.025068733733224054	0.19440495732211255
0.0363513229097022	0.007517057061929927	-0.09037087370662406	0.09769759279867823
0.11194435024403235	0.3102942461751435	-0.3421811270500786	0.475291468964278
1.7262682697977523	1.08135121121654	-1.501419027540537	2.534375951288754
0.0025578249550057275	0.11099038144406226	-0.33450532018220025	0.37907651123723723
-0.06060836297915306	0.8593626533930357	-1.8008901115045606	2.0564782225505436
-0.4929463520940952	1.7346112062757404	-3.428573821699185	3.87639915110934
-0.10188379136586817	0.35655913556261964	-0.9289902416749284	1.1154629243607734
-0.038924800095264736	0.44589774981661723	-0.1388956131294626	0.4889905107469759
-0.1629737053873243	0.24432579277470923	-1.0777601494925262	1.1170597394485295
-0.029575128744677198	-0.00805969838193199	-0.2514247174928729	0.25328646932799803
-0.12792069129725875	0.3176774389229792	-0.9259986097110837	0.9872973633356322
-0.25184362684018985	0.31944253793192395	-0.8630723447313456	0.9541292468321427
-0.30420420541085513	0.010585729317271836	-0.49369627910688474	0.764201533863163
-0.8987306462232382	-0.23233079907094037	-2.3187979425560856	2.501599100167754
-0.14676696168729908	0.0012575262222124413	-0.24221648319222425	0.3157383917820728
-0.9768481343823034	-0.6652780579448552	-1.3445966361881847	1.7956188545951635
-0.5548761557241091	-0.21349751122957117	-1.0332508571506809	1.1920889519222144
-1.3442980583738828	-0.645921958305103	-2.96531512976449	3.3192538716974767
-0.4331286260130618	-0.5551991884771165	-1.817376238655206	1.9540170734377316
0.0602589488120594	-0.18722403347430472	-0.20144554764856548	0.31423569687378383
-1.073962441591219	-1.0678784640351608	-0.9425712045573839	1.7893238947880366
-0.6508890215459596	-0.3056043404715828	-0.2841482356803243	0.9173389196607593
0.27240895263460624	0.028011090223300672	1.1168214329659358	1.1583441443211373
1.146328790101434	1.3183659045872365	7.968145719268425	8.158614118941358
0.2702332910626806	-0.5400744607138607	99.95293253011691	99.95485434739885
0.6567677587118417	0.09727847128738605	109.0221982870679	109.02430924394572
0.25091598210012084	-0.17655655451773036	54.35216312272256	54.35320824892455
0.17926425729080786	0.48796390456098904	4.738099020421523	4.768574898050342
0.06513126930732756	0.10752769091589358	0.35588883034611024	0.3774402550343697
-0.399531375739942	-0.42376147566804123	1.0924005893938509	1.237957251349593
-0.09414877878409272	0.16012572965408195	0.25357741737502393	0.34392663948344443
-0.1831880516455508	-0.5698398458792195	-1.9211930247876572	2.071950263184448
0.20266761746077852	-0.07791001502416936	-0.03739431134433202	0.26081076095363187
-1.177329209432649	-0.4463066610033848	-79.74523251186793	79.76070582598813
-0.6675267844907252	-0.2079536503851606	-29.376861979292055	29.385512353266808
-1.395869685661945	-0.5838034120186144	-67.77765763013448	67.80105415268898
-0.09491310584338755	-0.2532139415164967	-13.10227870066284	13.105812173710651
-0.044330234551349254	0.03289676040548187	-1.4833371264882205	1.4843639706483434
-0.07231188296051445	0.26133708743386197	-3.065881464998617	3.077849125462114
-0.4082234423178692	0.7203559356154472	-38.93676505460393	38.945817641374035
0.2159359637776312	0.4849740478331851	-34.24572558946176	34.250124512199065
0.07673084394044893	-0.04038018371975472	-4.308990725829274	4.312122336139332
-1.9256603685753328	1.374622120460173	-50.96461706758639	51.02815633020438
0.03249626987387497	0.005804448245174135	-2.44491521371052	2.449118185451307
-0.9956092359463992	1.4532228167504857	-22.70515006579677	22.773809817443304
-0.22212323229640396	0.524925071896563	-4.437914545277417	4.4765444661609575
-0.15108671678296226	0.4631301933453509	-10.124531429971054	10.137205395637801
0.6542879244453055	1.1270204198225278	-9.515358377142787	9.605196122158741
0.7100187055078533	0.584835219334252	-4.31443010519958	4.413609148247865
0.1275460285856233	0.4932671575346229	-0.8684989782227897	1.0165386063422677
0.2995636763652173	0.924806802490396	-2.9697228913287055	3.1278970338410566
0.6918876389973536	0.5270913001481173	-3.923904048582977	4.021571398231672
0.3899314786648376	-0.251770063170579	-0.8599299431851455	0.9771971295235522
-0.006897216179856759	0.002889716626838356	-0.04319080506986092	0.04383340844376366
2.268875145931126	2.042904181265841	-7.498434799509692	8.150494963439668
2.22203223770745	0.335729878284699	-13.184808758674583	13.407821389484056
0.6432300020793591	0.26039683325512053	-2.5249331109696236	2.6222735071145897
0.24605910178820767	-0.09286648988027509	-0.8698763911979894	0.9194204627802997
0.6141514477721526	0.2153884082218735	-5.342797953302505	5.384101031918923
0.7706867235474897	0.49804847304157135	-1.9831555701114705	2.189610948893789
0.7838786955868416	0.04010311393402077	-8.620378406455753	8.670329500758939
0.1483281069539927	-0.4779737373411859	-7.212105145725637	7.229448163857507
0.04506659981463375	-0.019168634899036162	-0.5828876584574424	0.584941413617419
0.37322399491926445	0.4856185821970667	-4.446928606547397	4.488908062044505
0.19346797779856234	0.276259269827421	-1.820676862581311	1.8516515008332344
-0.023982907586330565	-0.13759775214226824	-5.105557165405281	5.107467306843198
0.22444899137542934	-0.22357901552071113	-1.4676576778591663	1.5014606172955782
0.05288597961427609	0.41962443129965166	-1.7889461728989973	1.838262766775546
0.07493960528555957	0.21794327877753644	-0.6574726919168082	0.6966961732498556
-0.12374493870528887	-0.15656640349155412	-0.6760078377269325	0.7185347800390032
0.33701138488149984	0.017651870627287528	-0.6653047765125306	0.8945605905285438
0.4561958900599898	-0.010733260574957172	-1.4724667944079752	1.5478592114673397
0.3652903149533112	0.09377635348890806	-0.34226248837923673	0.5280666762104128
0.41347717432537195	-0.4234126812644371	-1.8702114426204461	1.96657374571921
0.5670378689791503	-0.22088024015544125	-0.7838077574519526	1.0020750525232132
0.26406083192351454	-0.7421881728667667	-1.7303529095266836	1.9063505405110854
0.6582880398476321	-0.38269137325670577	-0.27967510602437146	0.8231001035118903
0.3478914994508646	-2.033230103841357	-2.086185163122237	2.9338066884831155
0.20262441101091255	-0.14606550412445998	-0.22015436644767658	0.3329560458958955
-0.13789549312664728	-0.3416171238263783	-0.5451731025211273	0.6579750284232373
-0.284015348492623	-0.6060156184050463	-0.7044052423098862	0.9716513743745163
0.5407662955752008	-0.8900185569551684	-1.2268342965791912	1.6152904984298166
-0.0038842140005249104	0.15659513938405373	-0.05124201564493314	0.21596910395810953
0.07019239728708979	-0.6859365335925803	-1.1656182080481041	1.3614629971421135
0.3028293515001085	-0.6351697242318255	-0.4096032498832143	0.8260755425054059
-0.6038588887956219	-1.1368992056612561	-1.648847402814128	2.0965120805942363
-0.7195279122055167	-0.8184958862364785	-2.0668561285500693	2.388152032587927
0.14899413223313368	-0.22813272881128405	-0.3375429168822995	0.4556959502038592
-0.04380935456139117	0.036187780407365644	-0.3876581806637831	0.41591761796472587
-0.004438969100005312	0.06018822607142225	-0.09310692540494975	0.17830034061285002
1.560409693527414	-0.6912149502119028	-10.514323609438714	10.69328991788547
0.6103598983077179	-0.01966614325276317	-2.9409290279752014	3.0069036058942435
1.0950863994879658	-1.4707386163470586	-12.875927659634689	13.039731254170986
0.017127111689196062	-0.045597567683507964	-0.5267806627486218	0.5471289863271219
0.5566227716459489	-0.42256651255714417	-5.25704317817001	5.326585215378927
0.1923049662924863	-0.21874912410239933	-1.7043775461208481	1.7347089046803343
0.012850338663768564	-0.4354926939347997	-2.848675147001095	2.8851774461401978
0.24677890387570917	-0.36382369893867306	-6.346640336577563	6.3618480863017215
0.646670906835564	-0.6139300809140434	-12.65913263116958	12.69049771992971
1.0470950843459925	-0.2466654490801684	-55.19738872673499	55.21584305978331
0.03123536640621305	-0.18215083762083983	-9.967728351621437	9.970418389033547
0.014186524807420907	0.20209735248477223	-2.4009657774497613	2.409498134851406
0.08261399262755756	0.058174305137379166	-1.7685023079755724	1.7713863877965783
0.663295553383307	-0.4047797930166524	-27.59212048497645	27.603412838167852
0.4186927028855844	-0.15531801606525347	-15.268481985495285	15.275648895934278
2.051727400793555	-0.6692601211068386	-145.2850710082213	145.3010989370032
0.01785637186859958	-0.002184498274008184	-2.310497598332347	2.3105676302477183
0.7903118157007095	-1.071832412038566	-96.55270517042291	96.56188840951769
0.4035004588625252	-2.8300243482004106	-210.3844803937471	210.404479897461
0.4160057730774981	-0.7006896981820079	-60.38114449449075	60.386804163706515
0.8395284688089188	-1.3039824626292174	-110.84265320177234	110.85359004969598
0.25940049211088984	0.36986161978101995	-20.989523014638493	20.994847996592718
0.3461221282369651	-0.02290313659451154	-86.98060077802396	86.98140442975273
-0.7899423817565057	0.03528573318367301	-68.60917472922524	68.61387316614419
-0.37965376079048424	0.2581932550046184	-19.259583035706097	19.26556044420122
0.01520019347863924	-0.15516224988719696	-8.063967604839798	8.06668207421599
0.0187079175999878	0.4967321640320662	-37.89681931002209	37.900336231098635
-0.68629055923649	-0.24559081873085054	-41.76798992407979	41.777266686828305
-0.1485121565645603	0.3513020436722807	8.522026001602129	8.530556614812339
0.030517659295466213	0.08289319523218856	2.016615893353156	2.0185495462507785
-0.03424932803814335	0.007201055506378082	0.8110789020650728	0.8118336387749366
0.10430395655696523	0.10563447341871782	6.529937127717871	6.531624365292006
-0.08078116495422662	0.05058905771722398	3.922366781775219	3.923524693454313
-4.718954530339575e-05	0.11255291638059668	1.9851381640672725	1.9883263544119236
-0.01708994188334992	0.0064108520310344475	0.22654826194151878	0.2272823797087298
-0.044378031796198425	0.7667436878653637	6.850416875371414	6.893335669975815
-0.19054493252346696	0.2985901884287376	2.7019951777222566	2.725113100840149
0.006172670004039524	0.008534355935504128	0.012977618734640053	0.01671393652717177
-0.07635453403743062	0.24382806673518478	1.529379143800219	1.5505749599703276
-0.06780155739353474	0.057599380105825014	0.2620658530253467	0.27675485740175676
-0.0453579029245768	0.10775331389034906	0.5970231563910033	0.6083623634637039
-0.6812342923267817	0.904323196654994	7.6528610104270705	7.736159399208699
0.07782888773341973	0.5747098045645094	2.3498537069783696	2.4203638444309115
0.02098993347205249	0.44813128634948596	1.403334262423194	1.4732987745882553
0.823289439366225	0.7794900546381711	7.772847221199795	7.870843657605272
0.03786072109618176	0.1017166230149966	0.5086430693791685	0.5200937200418393
0.23534387080949112	0.11614055951750406	1.6798997865213132	1.7002760540121085
-0.022006812311954328	0.08104729697841814	0.8641747266825861	0.868245888197902
-0.02394020738796749	-0.04338171883443738	0.1973902561609898	0.20351417711331624
0.19333420876553453	0.04590264799986292	0.8180319382142346	0.8418203022682048
0.010426986886833134	0.033849244421668916	0.48754287782530725	0.48882773153907544
0.05804566913243065	0.02169812550348801	0.819490159352264	0.8218298057570046
-0.07758081949332314	0.014106984977601655	0.9398227382728824	0.9431248962640912
-0.5728426165005414	0.05119188448521815	1.217072522066109	1.346118418373619
-0.291314272749339	-0.012373243942004978	0.4365962858888993	0.5250080185341043
-0.9386355706199425	-0.19983758755901052	2.3913151597088684	2.5766955561121074
-0.4704694069630716	-0.008834755903364473	1.0951229500194088	1.1919369913964706
-2.6256254444697067	0.5283420301689901	5.759464609428836	6.353264251363477
-2.8209422375843105	1.1013218701904406	7.672894156264514	8.250055120281626
-0.22621752994666403	0.07460306198559662	0.3225319854754872	0.40095744084323526
-0.2027903903634859	-0.014132980111885636	0.47434593380537016	0.5160695190265615
-0.025595049170974597	0.03352427916379004	0.060628513771064284	0.07385662135248584
-0.4032780033887957	-0.06550702291071218	0.5735171613364081	0.7041635125560324
-2.781225827677168	-0.16794935734004354	4.435097592645544	5.321077460473564
-0.5326655086176891	-0.10134640145597147	0.6806882224172213	0.8813738583578101
-0.046278494835718505	-0.10687691731353402	0.054089497241783656	0.1284135828118371
-0.005402090252060185	0.026333636665415817	-0.028315705722733613	0.0390438495757525
-0.6749316889178367	0.3764047520094514	0.8371338931902863	1.4759258348808408
-0.0629719398760012	0.015129867733579036	0.008064764021212603	0.15407531738763405
-0.20576534076374406	0.07964367831907698	0.04962939970236046	0.2261538597296739
-0.2944516457031558	0.06074206820613716	-0.0818969788233943	0.3116062991142113
-0.04251970357435657	-0.0500441048312584	-0.017239902744202458	0.06789368061198844
-0.45120386313404726	-0.1657599269080248	0.14505928614233993	0.5020990698774168
-0.8812789794315309	0.07013293012026	-0.7639139444235542	1.1766968882681246
-0.14560111053168456	0.06743550873974569	-0.01802336513731062	0.2134288120613545
-0.008613122303161663	0.011148218626989946	0.0025484120087561762	0.014316530939119266
-1.1335975714923263	0.3475648933955707	-0.8218475689527308	1.4426635906571874
-0.07308781213680521	-0.03222095442206809	-0.03216173708969183	0.0861068842743737
-0.1429624206605781	0.12884843256292602	-0.09155168757579232	0.21312410420464056
-0.3312136122160248	0.1778265921367775	-0.37368121043203284	0.5300588654273375
-0.37608610908679707	0.15382114692585405	-0.234640117192189	0.4692096453458684
0.056604687465508514	0.046973323847627	-0.027362805551832813	0.07848125205441966
0.3522088415537585	0.023764961558883507	0.07007783584065772	0.35989824192769526
0.13088643191046398	0.035818124311227204	-0.03442003283611607	0.1399961954763999
0.49462050651025	0.2526018571521075	0.10751671404508989	0.5657004397171738
0.0657994620490944	-0.006155607452783346	0.0003740369130134022	0.06608782499579838
-0.01640832163616978	0.09017409709380636	0.06692276253285595	0.11348681399452643
1.1379280330253931	0.06959424079641346	-0.1600277628040992	1.1512308419970145
0.018208578479421894	0.010416954106338486	0.013081971790789257	0.024722525134577965
0.48801264712646586	0.10248797222374786	-0.38033966066538016	0.6271510070796128
0.9681969731229088	0.12935428492288728	-0.9772193819355683	1.381700267866663
0.8280007608362726	1.8298910168463263	-1.9351445810143049	2.789062735563572
0.3564070039500921	1.0067183697929543	-0.9755127307361652	1.4464207259202262
-0.014912521098375105	0.0284131346531736	-0.026340687506284377	0.04151531433859779
-0.5443843923367822	0.054817429206857234	-0.7499555730228661	0.9283278939430787
-0.045086165957338366	-0.07149419642973809	-0.717630889639659	0.7225913618698159
-0.12200337738494722	-0.04024051763168723	-0.3701523959011188	0.3918123524647208
-0.42394304775235375	-0.4071068759518548	-0.8439112766441612	1.028421100051925
-0.9586699915251848	-0.684008580714959	-1.5464373690918742	1.9438066847468114
0.09877827614107006	-0.04326957874407886	-0.22520004852197628	0.24968873850534806
-0.3204137563068916	-0.5292935564534592	-0.06188495396547923	0.6218089671765381
0.3804214177837795	-1.3875216764543108	-0.2658468156946254	1.5453889799187048
-0.1377866736512467	0.04249092491041803	1.1983695486164216	1.2070129333137833
0.3428098191827303	0.26446267672179824	1.0323673859552676	1.1194826926268524
-0.4719220177869209	0.21276263505084642	1.1833523336177114	1.2991462042912418
0.2730900934313064	0.11084822892801827	0.47079540169332473	0.5727072761388466
0.15304158782469668	0.19751807484271816	1.1563130778588064	1.1912073020346978
-0.5761709542995785	0.4311659962331576	1.8970737702496878	2.0337762314363843
-0.5022466697685735	-0.9204711193770164	2.675716869444091	2.877231194956096
-0.12674642513142104	-1.0013009022852941	7.478654231117569	7.604717552066852
-0.8532690957813494	-2.260097352591308	21.392931812366772	21.549395154075206
-0.5760002483829972	-0.7041354608467429	5.447163635650661	5.524369148763871
-0.739747690344606	-0.3181580921716003	6.706923358417759	6.773108008519737
-0.388966662449488	-0.3733199159358216	7.864284647686994	7.898186867020607
-0.6093647664920884	-0.1393487399300891	5.1692697181928615	5.208797624623917
-0.3548380146957796	0.2717174959764942	1.9020073966299549	1.9587884868019918
0.13521130762801187	-1.2330596119080586	17.580145693340153	17.624406954226735
0.10267824920924426	0.15680028552534364	6.521185969607463	6.525371666618441
-0.5204282298329657	-0.7313147650062521	15.065034784492262	15.092396087791528
0.37029583046443704	-0.6674278529605033	15.622614621047031	15.641871573556
0.19185349531630327	0.04077807938325531	9.46634899043573	9.469409359038542
-0.5255061344199631	-1.208158383792163	36.34620099648672	36.370339702009275
-1.0808681175662682	-1.7409332295758162	73.50444770525152	73.53900834683841
0.37035585748276795	-1.2461632283432564	53.84500897980841	53.86889520004466
-0.6810149167134459	-0.8226693100326834	76.7913914442365	76.8004042046317
-0.06753073822083798	-0.07085753322958971	28.466133900653652	28.466644344310467
0.4428835347333225	-0.18137644297795333	66.04115445744867	66.04303600756779
-0.07043868677301407	-0.3056439385385254	26.716219759634246	26.71806089653272
-0.08646094014866326	-0.9108446911004895	96.56359958809207	96.5679340099748
0.040158964244848744	0.023365826139920158	8.418201655997137	8.41832987149312
0.14018693267998994	0.03315323277020066	5.918781729988062	5.920534492778319
-0.022063777398379725	-0.025297791950235366	2.5630272579567115	2.56324706448281
-0.1685907631875095	0.017613594782500037	3.1472611309341687	3.1518226013597808
0.1919965781016903	-0.0066872325680216865	0.14458461640774464	0.2404415030396207
0.228466949432722	0.0428042735837179	0.3885846804470595	0.45279952153051906
-0.8616305675047866	0.14610603261159427	-36.073692540223895	36.08427701498576
-0.2414425653332729	0.008685630688233179	-12.956805995439337	12.959058281989012
-0.017592191632038467	0.0453469849826014	-3.624679547727105	3.6250058838524106
-0.03422113866649523	0.11084132889407275	-1.7184390403947598	1.7223500289068705
-0.01134921891064393	0.03463936136402922	-0.2899929727629144	0.29227489522273703
-0.18865081732273067	-0.03332008441807223	-3.807786710141811	3.8126026528914285
-0.04330328020757235	-0.003451437719941712	-0.7309067753459728	0.732196558818545
0.054430240729412833	0.11561061433129709	-1.2614433235898797	1.2678989407209884
0.6087612688879243	0.24054617007514556	-7.08746930214666	7.117631196634674
0.13338775865465194	0.12135262209627559	-1.6669112083809554	1.6766370297934527
0.5071074622171036	0.1863717095260088	-2.1658291408357475	2.23219807804801
0.1278213001905258	0.12417798186397344	-0.8148514794408771	0.8341111373846963
0.5106001227154868	0.5201516078638581	-1.9115328051882392	2.0457829420031954
0.6380925211531346	0.47076691410567817	-1.9095375308697604	2.0676356387836643
1.1391222388585822	0.9208641786040733	-3.5755444001700654	3.8639498014448708
0.2655350756425106	0.2966793064156421	-0.8972352627536035	0.981610209798303
0.1627796117712359	-0.0291654678363804	-0.5799976787546123	0.603112869936671
0.4150594415446433	0.04253547231757081	-2.27205102918458	2.310043178306272
0.00710887983297874	0.0551758371806656	-0.010045191681460099	0.05653154037335556
0.1471068160792457	0.07261651612317754	-0.2437745869862879	0.29383604784160844
0.03887142973026844	-0.018006503500396176	-0.0120884573240925	0.04451239173602535
-0.09568369394185153	-0.10576967264547052	-0.14471574420768404	0.2031876953938691
0.05187926184194944	-0.3313571575299211	-0.515696108778693	0.615167863485293
-0.05814833630258469	-0.1195767968583867	-0.1545818897507762	0.20390046591558217
0.015745982343965594	-0.28618797923097755	-0.12467474527285702	0.31256245379945863
-0.016687475944663088	-0.1485972922975498	-0.1857399439068173	0.23845115620200882
-0.12709623208348805	-0.716765205383621	-1.1387592026373288	1.4402409678764343
-0.04739232962500477	-0.19265472578490334	-0.7570722913846918	0.7826367807974587
0.007484561690331872	-0.2666914041062697	-0.5891998798915271	0.6467896274307898
0.1241349691319841	-0.07976518067189259	-0.17639830773346582	0.269013238485114
-0.31776549144074656	-0.14666713483341628	-0.3086457577314792	0.48706071968129555
2.235529951232003	-2.6928027776706815	8.182950796817074	8.901064233579907
-0.43214233890853165	-0.7636951314658706	0.41903887552596986	0.982369899276275
-0.10161225759735112	0.06579323581288235	-0.5077004667834606	0.5219325289200739
-0.050721778889783915	-0.030423985384504245	-0.7793948091471875	0.7816358399318714
0.6582146454010802	-0.8914408753594895	-32.918679760599524	32.93732518791692
0.4765833274427828	-0.08446412836004388	-13.000429607147838	13.00943641467155
0.15192970641603387	-0.06768389618554581	-15.960226844825167	15.961093467672335
0.3821450271679067	0.0428587945093841	-33.44292624948381	33.44513698322178
0.14047641334084016	1.2368926848362782	-49.589279244539945	49.613798936529406
-0.28573615150356957	0.2393674392093566	-11.31079464784627	11.317795601170644
-0.017486110630105172	0.03074760339728481	-2.693570139434069	2.6938023823640997
0.043516444062536686	1.2988096810018221	-267.8527991314775	267.8564138088691
0.02318781133684852	0.012209965101657446	-5.553733860618734	5.5537956887542625
-0.019215081060962196	0.4783621131340611	-176.1698054637855	176.17045597000265
-0.10419467666773469	0.10308737557136254	-9.32002863208938	9.321181107596502
-0.024327271987450223	0.06182757661646952	-14.394136313660981	14.394289655333683
-0.20659999468810408	-0.10807121424629408	-38.22931240513093	38.23027817972492
-0.019980393262620237	0.11947651939221368	-21.73336919026067	21.7337067757659
0.13099210444042073	0.1407651079407053	-35.88200832307438	35.88252353227428
-0.38382401190599497	1.1856828614880728	-332.6749910735608	332.6773547001641
-0.2245930308639277	0.37175898500037385	-165.9653189329231	165.9658872638571
-0.20649296120494157	0.14996558444820576	-106.09069440510676	106.09100135439051
-0.6669112105607037	-0.35201481150549935	-87.63862523811274	87.64198079916702
-0.1733085373481567	0.007927366529427313	-25.992301555602406	25.993255252748337
-0.07322734358515647	-0.03213822089967846	-20.544263768697178	20.544419410314205
-0.0036964986848249727	0.033182074879263494	-1.4145175157067815	1.4149114871387198
-1.2232829508857173	0.48235788764076304	-0.2739238657970732	1.350408967257749
-0.4197450269102338	0.14432627654345834	-0.34443903144504573	0.5789075858887781
-0.02230656255956337	-0.03378922627144885	-0.05128497678483701	0.15410784629300409
0.5377353196525299	0.1970334466278819	-0.2189217788523666	0.6287988416399599
-0.2709795378795732	-0.30766451739681955	0.0007850472409742237	0.4330909447374945
-0.2306367462774739	-0.24814031655484456	0.43437224199592506	0.5682657432486714
0.015392875372774482	-0.01890067846608756	-0.003949648840995839	0.024693642596574795
-0.160630170705805	-0.36248585316585896	1.196327207630671	1.353557082506591
-0.2077534255678199	-0.1676705923233958	2.159186797154098	2.180101447930764
-1.4698722007045903	-1.3409907601642308	13.353671906329678	13.51025349870418
-0.53980103559603	-0.16373968636799774	3.1052914247732217	3.1561100544329164
-0.219322238910014	-0.09670545119569099	1.8706726931640891	1.8859667318702238
-0.7835835456335215	-0.6990366311275945	8.005564115770486	8.074138480132593
0.06650793453662088	-0.2465232847116509	2.2121161682555197	2.226803758106859
-0.03748242153325301	-0.07090833680950054	0.6766634843090154	0.6814003193059882
-0.8262180725493229	-0.9026447886782595	14.618649955306177	14.669776086692954
0.2653903134609039	-0.13882945279790002	3.0887694877565672	3.1063937884368436
-0.4262376639461152	-0.0070770283644985554	10.000512524362927	10.010567374796318
-0.06701358007860807	0.043312412267466155	1.2990639602075773	1.301512181149901
-0.054764345099866	0.06025673511975342	5.9919426829359335	5.992495900975735
-0.4338643307853798	-0.41541327540105244	7.565035134684289	7.590127984481882
-0.13836975612516178	-0.9287624061088859	40.257425427831876	40.268617156028036
0.4606771223903864	0.25639156929133367	-2.3796528235603738	2.441349502524458
0.030326805020445186	-0.0770523901131791	-1.1440156860748785	1.155468935458793
2.389848023534236	-0.8339386220540375	3.211978118016278	4.11914439828944
2.02228126787155	-1.6422100107698407	3.504093226338576	4.3685952398487
0.6401645599504543	-0.4890243318108257	1.37874340272233	1.6029250189481514
0.3734925387690725	-0.537303893046135	1.6766005539555289	1.8051762663027358
0.14642223338960386	0.09791013040343693	0.22255700590137212	0.2838265050029699
0.1986149485555766	0.05384609445931371	0.09237168499020601	0.22556557331779478
2.0074795787389452	-2.259837346356475	7.294513980643257	7.89723072283831
0.3489820877004628	-0.27176534326053325	4.16632633339369	4.192063907022768
0.22079658938086424	-0.07939958682709265	-1.7410961557597642	1.7568355790659425
0.12895342225054854	0.030745511643323363	-0.5895686978833453	0.6042892694067977
1.1959214168645822	-0.5588041716122465	-5.600450128655299	5.75391447460612
0.10034807792902264	-0.07189171687390619	-0.3925262120001903	0.41147901867087405
0.47430422411569223	-0.6821698327664033	-68.54693523466318	68.55211251323888
0.06866478229840967	-0.4454479339923175	-60.956862206704066	60.95868821247907
0.9118826760304107	0.4352178052267334	-295.0424683279056	295.0456945175796
-0.005251231784808005	0.02415360638506428	-19.30049960495995	19.30051543283742
0.33966601715490874	0.07748415743993847	-188.48703850767924	188.48736048391473
0.20843008404279614	0.5819297406898739	-200.74451620406583	200.7454678724466
0.17830275367897017	0.7789617616792218	-223.20753978214177	223.2089702249766
-0.3205922667096755	-0.08127189000998848	-39.534746813224075	39.5361301862905
-0.02172051007947961	0.02090977321129372	-8.937003718199279	8.937054573979145
-0.6029677538568838	0.104552817421047	3.586019884069898	3.637862011232226
-0.01090824798194296	-0.01500376075269208	0.21673106697336716	0.2175234656357189
-0.44045941428521884	-0.2590689226961329	13.744735111989534	13.754230785510963
-1.613002553625249	-1.212034739646047	50.570385471891335	50.61061837424821
-0.030961522797606077	-0.14821983155212512	0.20540317526475751	0.2551826772493221
-0.0013331513694469005	0.030525083333591496	0.0418879654827438	0.051847465293687195
0.22190533939535137	-0.04872720514051606	0.8615207768240135	0.8909738318673694
0.07314336253890931	0.04342847204641883	0.16531622756413109	0.18591782798812082
-0.24754204654274337	-0.3082584200445239	1.1674923413268856	1.2326145729269344
-0.06001214309928157	-0.24183295456372925	0.7430681665052736	0.7837314178377057
0.007593468252961453	-0.022102121994936674	-4.113277592703277	4.113343982600003
0.10122506677623423	0.20481506268028515	-43.04224886346275	43.042855190476224
0.3308232795229936	-1.0393358232395435	0.5885616112916723	1.247215919931115
-0.3333449978743351	-0.1686134057428505	0.4093621745705394	0.5541901823139459
-0.08630261759769223	0.010490414314470738	0.16861129247930678	0.18970492494462313
-0.9236066188995649	-0.48198617875521355	1.679437654604598	1.976327578791009
-1.2721721076867059	-0.83789339546805	2.5571832716198437	2.976520367542843
0.5337447544908686	-0.4436884387492106	0.19852453609389847	0.7296018918955235
0.20948196501782784	-0.24144845708934976	-0.21496245363465055	0.3852128081608753
0.5929914378691701	0.1208627168753971	0.13153752579547773	0.7920029702021606
0.10443934117416968	-0.2175264766406457	0.1585811913271028	0.3207072234411181
-0.02004930253330542	-0.22778897898460976	0.051559850168130306	0.2728149492390092
-0.17625971185605452	-0.4720737997438441	0.3761146981653545	0.6440987575707517
1.1110173822580298	-1.0253966589805863	1.1339454572074852	1.8898757186253092
0.2020594820544328	-0.14479175405677172	0.24641421306970046	0.3500180720101494
0.11548347676554117	-0.2663859312556866	0.10461746095363672	0.582204992518273
0.0044803190658076475	0.503480645080889	0.09478189775254499	0.7114888500683431
1.167536187223747	-2.4005631071201186	1.5291162303887853	3.1163530188156754
0.20595337474371458	-0.0480767462100596	-0.015101309275477835	0.21202880850560157
0.26379768816782323	-0.13516124608741073	0.12338493581847737	0.32106327275713037
0.1076514258161744	0.13145057905203184	-0.05028513316415974	0.17719107999757505
0.13028434705714823	0.030366193370811916	0.043630067493872854	0.14071140528564446
0.593742684976792	-0.4244256306328906	0.19337298837299866	0.767815335503193
1.3001714147752979	-0.4416462322179212	1.0644882857921043	1.8072764384342808
0.08012842584517942	0.06907433697671936	0.13042597331514932	0.1679367832620472
0.03083275062682092	-0.007229506238226907	0.28762640301732645	0.2893646004340367
0.20297611169481694	-0.008239663574414961	0.19368425813995171	0.2806791510351095
0.2818034580227823	0.09159728447002805	0.13109828831185916	0.3240216237756064
0.03583971354132593	0.041923130384738466	-0.06328165458338665	0.0839440393047127
0.003205552155221277	-0.07751441342962137	-0.009215644728034978	0.07812610294716786
