-0.017127755177849025	-0.3961255812969943	-1146.369112168743	1146.3691892331954
-0.5473229639895204	-0.5818828911524432	-7.776362965701878	7.818532527596233
0.3446078066194831	-0.38172660947625003	-1.139206322458662	1.2576726818990356
0.24099131518959185	-0.2889531633424921	-5.110906825332224	5.12663818761671
0.4276698801823643	-0.12819552525780614	-16.300426425425616	16.307136997484413
-0.5256375296021296	0.12978596195956474	-9.000238456086217	9.017588993725607
-0.8377935577910568	-0.07314381934673823	-41.70996319536744	41.71867396751233
0.37648421301846735	-0.010129390672525364	-42.812468403655075	42.81435242492955
-0.2632928046759331	-0.047557727039232445	-443.72940864002555	443.72951125280144
-0.19534753679990377	-0.024843651735081587	-6.258659356025421	6.2633117906447735
1.7888932703815068	-0.3854957150418031	2.5779390450714352	3.164489782593026
-0.1124978912505524	0.2978282777611231	0.2837672465800914	0.44873276423905606
0.23272162160083176	-0.36092405985730897	0.3256507129401997	0.5567348577939624
0.6433411126820178	0.15094292226248676	0.8493876188805132	1.0851777112784724
-0.32213496946571624	-0.7588957771063395	2.299217481666452	2.4919499813325174
-1.581772504126289	-0.6980458190761402	7.230829403180494	7.451032547280894
-0.36631077072120677	-0.03869079082731766	5.395728574713085	5.430772261144495
-0.14726467256776535	-0.3245161840446831	1.6203195700680313	1.66490628310991
-0.7462260842814281	-0.4638848831750444	10.039559905446676	10.09002108972785
-0.20176541136194573	-0.5394752793242271	33.07281977288285	33.08151856445249
-0.14282709563016727	0.3476217472330583	16.069527555445326	16.074527554441907
0.660389311535077	-0.44847607355786345	215.12951638769903	215.13104272935945
-0.20211830860282926	0.07126179719786785	-1.7389854839433099	1.757691768393391
0.08907874813423472	-0.061915833308628265	-1.3385030771998174	1.3501255002246437
0.16696377807948873	-0.12409144573803882	248.8504333167392	248.8505594072552
0.47017249732355126	-0.4184932679334726	21.847346465407455	21.856857645988292
-0.036197637395690326	-0.10827866504435249	0.7486765800379863	0.7700850243019874
0.14682209165851567	0.38287624471790777	0.16412225889572876	0.46321360745697615
-0.44136707680612886	-0.392217040405957	-0.4736048843569372	1.2055253139855433
0.2938519931070987	-0.1228906622397995	-0.999365662235999	1.408181316619116
-0.533710227470234	0.14956906963530023	-201.26269299773622	201.26407137372203
0.12105539599003945	-0.19623921611459716	-216.1986256198515	216.19932122896145
-0.06796220774798488	-0.43490891805579496	-40.947353176439215	40.949956978849606
0.004662544681967411	0.6193047319104039	-41.3649772148759	41.36984868068039
0.822919073877691	-0.4113032011382679	-31.089761990351388	31.117519459864027
-0.3658794579977779	-0.40430646586511704	-3.7749832380293724	3.927872265798343
0.04263311487697788	0.17850312529171056	-0.22197837164781786	0.3200548868591736
-0.11607276930893404	0.2955598005312855	-0.6295396885158453	0.71876873038674
0.036270615205751616	0.06649058923665299	-0.18933628850926346	0.24711246636077255
-0.3193831044496187	-0.26328684114887185	-0.860851254252237	0.9653342400317498
0.18817116721862326	-0.03217247314649918	-4.410630228459883	4.416965276443188
0.3545798797811692	0.3458070184776044	-8.082932207695807	8.099295169598411
0.4863557361484677	-0.015507915865985891	-20.931514836213708	20.9371701940872
0.0031558979329916292	-0.0009878630151323611	-0.010546471193113707	0.01105276525251935
0.3111190502691057	0.11196407736817912	-103.07703010921895	103.07756044433184
0.6169860304672626	0.19998780704332708	-151.48650807918753	151.48789653602856
-0.32199363837763056	0.046806202831927934	-26.796548932940876	26.7988877609533
0.019865352602873025	-0.06617815086080314	-20.278961391631004	20.2790791039225
-0.060853929479375464	-0.1275226081367622	-13.750840036643119	13.751565980995268
0.0073603908361535506	0.11329042866864848	-2.4540328811776577	2.456657541962718
-0.23323723947828812	0.3913310009543483	-9.684717454804362	9.695426331089301
-0.15508788070204246	0.04771312556355582	0.2217804259053205	0.3082128084723928
-0.4647124545165789	0.645484844247272	-0.4238462811477953	0.9119944103329605
0.05431606965548526	0.043851968363678114	0.08466088244880601	0.10973010329530863
0.046452276494953454	0.18498136145058858	0.014714374475916954	0.1912914814932814
1.055936816170681	0.3077204046081979	1.7555333211975392	2.0716157097762533
0.5528535617290423	0.36978371642387015	1.9633718366074395	2.072972751010492
0.7231523289939092	0.06894219718955022	1.6012434958115458	1.7638488697338606
1.0840141914647388	-0.11315865994674681	1.9717112368907688	2.257214353179427
-0.4586510523364231	-0.21556328031317779	2.0138776030800978	2.081348385234035
-0.4128446255274178	-0.11434990821717231	0.2197192735151181	0.5012713141504915
-0.5863384670677673	-0.549191523589439	1.5888980779178021	1.8476258203318
-0.9768577478301059	-0.24120011675222766	3.314464765194419	3.466638865014973
-1.7380408989066767	-1.297761618912586	6.484704577959099	6.83928685128052
0.04042431801898577	0.17742804302902648	1.5186964245068828	1.5359145323390875
-0.13548202760811368	-0.03275794981238788	1.1345641474905737	1.143094164035373
-0.010226244808161642	0.04604426476112571	0.16430499327298148	0.17094087052166188
-0.9755215854695007	-0.05246195727154562	9.895707220952735	9.944792396445175
0.06123485729065039	0.057161762610457356	1.986474062824127	1.9882395170414287
0.09298705162226634	0.08219982795635693	0.8457385300371374	0.854796504833071
0.0006731917612063446	0.005845606326896295	95.55437297196603	95.5544750834559
0.08487116664112916	-0.050685739798370405	89.4958718225915	89.49603524866208
0.15195879233318396	-0.6688009370109879	913.3088318380992	913.3095726485224
0.30707984393998666	-0.03187209786378416	208.28034741077283	208.28062298542872
-0.31042250340445005	0.2783997404788898	392.2739963660065	392.27424281144016
-0.7124505606314265	0.5696946832249035	-5.880065709614816	5.97084839241684
-0.30216447781743455	0.04534308800385838	-0.7873243119259524	0.8559899090141676
-0.8927314296686899	0.3281710716257189	-5.882712234810037	5.960742292722776
0.2317596872308387	0.15899028011900482	-2.3934773523754007	2.413960248850757
-0.2774942677945361	0.17397562200439537	-5.13698843638231	5.147418846493475
-0.06838395425971555	0.06998648426327389	-3.0975338960171546	3.099079009989087
-0.2857883404395152	-0.01501212627083559	-3.91635554978159	3.9292774038837477
0.5034423079560397	0.3958372230948164	-13.41594749216629	13.431949529464832
-0.04184188932639575	0.3084664469315377	-4.340838654288213	4.354223501388929
0.0032209531620542436	-0.13430120772612825	-24.75297478535408	24.753339328529204
0.17289624599196943	-0.19757982453104	-38.46267970639722	38.46357577105696
0.013337694661535886	0.3129258998741794	-25.400389444021947	25.402320453472214
-0.15930721325014913	0.6489224108135484	-49.74699700834528	49.751484303805086
-0.6493193502588137	0.17161674841593874	-15.888087789024882	15.90288908669173
-0.021269831256069238	0.12379398864553984	-22.864746808281932	22.865517788781546
0.014874746803390682	0.044189640362488236	-0.9306459751499707	0.9318132395875636
-0.22106526285681322	0.3252645337501007	-12.271624789266676	12.277924980871237
0.013464039018594899	-0.001211422838608289	2.359480024995301	2.3595187509837
0.7569165931751793	-1.3226016394367903	315.65300793638403	315.6566863177662
-0.17865814068181882	0.5438099964184333	13.702214962307858	13.714875963771235
-0.3625157124605083	0.03875401647707695	2.5731323452286614	2.645307075565294
0.2509849500160089	-0.056116027212851936	2.1761970271104043	2.1957813505330748
-0.12888733890143203	0.22689904810728745	-0.41450861656945404	0.5093057061052899
0.05060093214459548	0.10587978594830136	-13.083638530843432	13.084164787604024
-0.013986082495793709	0.12256290753077347	-111.94439639403352	111.94455136846194
0.16273863042455858	-0.14955880825445927	-50.38138793434365	50.38206607191382
-0.08968807342208604	-0.15868948091667176	-12.274552047180922	12.275905435478936
0.009718929610621527	0.005770377275961471	-0.10899874567268031	0.10958321680303404
-0.02298389469178522	0.13577627503114792	-1.1360933373186313	1.144408811297922
-0.019804779009030472	-0.02891348193101557	-0.16180105266375144	0.1655530107007112
0.19897599260766297	0.017896086926485234	-1.4301090045934084	1.4439956650144885
0.12219677452570331	-0.047417988535693796	-1.8682788328864952	1.8728711420578255
-0.03589565226047554	-0.010656430856536635	-0.962833489382309	0.9635613035224676
-0.0027414045440042516	-0.06330575898955837	-0.19350959972509518	0.2036199882277878
0.02049108053582908	0.14584786643202008	-4.404399765283238	4.406861556363138
0.030185265795248068	0.0701910979324003	-7.404504897701336	7.404899102660556
-0.006248007565651803	0.07247928477564473	-4.312821756317634	4.313435265085917
0.2826173003888252	0.35092964280564104	-26.7946155226991	26.79840378011244
0.113519369682161	-0.11570785714536935	-0.16086524918415132	0.22836940227028535
0.32670670785018807	-0.17140772835477472	-0.16097232332378578	0.4025294662137292
0.25244880900230315	0.10929000582053851	-0.04172207264457477	0.2782362986468406
0.10592555507935636	-0.024900790639739188	-0.0704611149619405	0.12963425980439613
1.2681974821790707	0.01587885716801796	2.4643729731479174	2.7715900026324607
0.26603028362405473	0.029454390108453285	0.40800535338944044	0.487963155674891
-0.015283549457977583	-0.03772255995478375	0.06824639697785952	0.07946162038390783
-0.16184151186062326	-0.2892380690346512	1.7901166126319907	1.8205408049151923
-0.08177592395354066	-0.048934307774809116	327.2149601479017	327.21497402542735
-0.12563224988469554	0.03317543902608211	1098.5818426875535	1098.5818503720386
-0.20391088980178657	0.15823795384824768	-83.10930946062602	83.10982744361836
-0.6369348960568527	-0.20976020328174982	-197.3959187765756	197.39710715924392
-0.5742856835569613	0.27950941387846845	-7.803352119556713	7.845243754828491
-0.15078280924265097	0.03870410182833767	-1.9196617941227878	1.9259633607304585
-0.44956857928370136	-0.11570302620966257	-6.111126076970735	6.1287324159556
-0.533319207397871	0.004130199751069104	-15.08369687617382	15.09312286731362
-0.14434665086002224	-0.06512275230202957	-5.360434422347403	5.362772988367943
-0.18016399580346562	-0.03598856033133835	3.353934738560892	3.358963005509902
-0.4472153519768092	0.025023055220851964	12.137171891053656	12.145434090114659
0.16445888107525267	-0.04137239902647159	-0.08924590087793388	0.23707175008685383
-0.1463845241952445	0.2421130488212916	-0.18646259434041	0.3664631513830081
0.5016043102737602	-0.11779634686279833	-1.2803325960562117	1.3801211613273208
0.025130115977630957	-0.012594755138968725	-0.017671197951276904	0.033202738186676295
0.056456402075971544	0.37965690814177455	-152.10879886842818	152.11217693032353
0.06870446953220206	0.185395881363979	-40.373603079576256	40.37432844455778
-0.40297074509246844	-0.31908101571213604	-81.68555920596421	81.6872955892896
0.5608679030992121	0.31163939901496573	-113.36543989330991	113.36734156673302
-0.07830004493789554	-0.29574600334608164	-8.814896701999858	8.821308307012087
-0.43786862720005887	0.04084519648815824	-7.383050529881801	7.397453087140883
0.6920431674577128	0.22305489776674964	-0.6934444439459592	1.0144073219285041
0.37520615988768447	-0.20737505999074085	0.27868589617927475	0.5300280101589647
-0.12667076415938186	0.3510106683700913	3.163732407313388	3.1887201981025726
-0.06801661357862218	-0.2332018914053437	61.5702682694304	61.57090566116767
-0.18887794576705305	0.062454396066766116	2.84017943321665	2.850556862746662
-0.153302788004491	0.1023081980002417	3.2102114754406785	3.2185254720351413
-0.7008415708285258	-0.237649211401339	148.18277075294088	148.18468437682284
-0.776259699354219	0.5034270543093492	43.975998754512666	43.98850081918173
-0.02194385950637158	0.23916904524759713	2.034037403260149	2.052917754790965
1.5186747478939868	0.2803448338156354	0.46888629502859264	1.867515022243093
-0.056333572214708694	-0.08347981400533158	-1.0191059025532716	1.0335371189385276
0.10849716548644887	-0.3900263180217086	-1.4209057860985703	1.75090182521367
-0.045676460526564856	0.08965189822996888	-4.1480478377111885	4.151614679945977
-0.10415509328802926	-0.3337540454384557	-17.47526802136763	17.479322419643122
-0.09412065577145515	-0.0962546282741975	69.85439377404059	69.8545234984108
-0.0041291968803761	0.026350720895049237	49.823741384056795	49.82374852333104
-0.1654567464304063	0.0054876830834632035	80.79628483470654	80.7964544342178
0.02345042925949886	-0.01487342247147767	8.345909318052595	8.345955516685045
-0.035442374391814926	-0.018644556497823043	13.617628086758272	13.617686972854724
-0.12353673223576597	0.20619463404649513	76.92800004993518	76.92837557906799
0.09488469237602443	0.011425770153795353	-61.56987110416214	61.57010346930653
-0.07170337706801358	-0.5169965428167559	-202.0080145153002	202.0087370263925
0.09077942082836526	0.23035491380359452	-427.2516335761607	427.2517281153728
0.005220226853087046	-0.0016634115191478864	-0.07331145022036482	0.07351589242941103
0.017545022075353776	-0.3670119246719213	-47.48221645895764	47.48363808130078
0.2668303942766563	-0.03868845154228166	-6.152468948195632	6.1583739261353765
0.1362921051843945	0.011535915611311388	-6.0001227228224625	6.001681539719934
-0.021268759092641636	0.13665971504901714	-0.585506440664554	0.6175968060071994
-0.029966178389774792	-0.10915718246713565	-2.9517139781116164	2.9571791382685886
0.022243760424507906	0.009373461176558878	-0.3089710940279778	0.3398905242825945
-0.1511588283627976	-0.017406310474063713	-1.808204180424694	1.8199544263639333
-0.10051343849951708	-0.20836649073511326	-0.17979036184871638	0.3245364461720048
-0.42088969853852476	0.5555186740443876	-0.02694137844759907	0.711304968575745
-0.017322988034401784	-0.1448657683290754	-0.45881403148465444	0.48145248180398326
-0.13131217839909223	-0.07474312206273596	-0.41711229547725703	0.44363508599963863
-0.09987990184552663	0.005281954665362951	0.14347852151487195	0.22376274237203284
0.0693184143597096	-0.302325903252183	2.0611195950292394	2.1429035655997546
0.12329271563965524	-0.11414385803758018	26.931699137012707	26.936819857450303
-0.20080046827443687	0.1785008412876192	21.002598775289158	21.004780848156393
-0.20072241822795248	-0.268514817586625	20.200183399181867	20.203447201948613
0.09100302311352612	-0.1112872823953166	12.767276230661452	12.768085555769574
0.14456634569261226	-0.031885807107286196	24.97375349742073	24.97419227688727
-0.012165092315395448	0.03719801498662203	60.25362963607698	60.25364234636213
-0.2177666188969297	0.03797161243205072	127.43814924968645	127.4383409666377
0.1854477603520301	0.3599410793748047	65.62599275174072	65.6273902641943
0.4341181309887562	-0.3904805533296129	22.35142355145215	22.359484523921648
0.0694998319494936	-0.31680342369594316	15.714570588544596	15.725792162252345
-0.004934556709690677	-0.11024811292532119	7.197209881329819	7.199408924145446
0.16450618938330552	-0.5073895426301219	30.268011340877763	30.287247606190974
0.1152537201610476	-0.008547353169844521	5.3032592279804085	5.306354181669042
-0.08540762888133563	0.3889578855075827	202.28665373825655	202.28709386193168
-0.7649785469545335	-0.2796263726612551	76.6530455733549	76.65749968881917
-0.43921992635813834	-0.08132375922818685	145.36063424010402	145.36138756274906
-1.3639610577458057	0.2566741860038908	258.09829462193284	258.1020262573598
-0.03147215770372348	-0.013762248164980574	7.69636977677925	7.696446429171468
0.09953207917032567	0.21391055497675637	25.09769230466177	25.099189292977027
0.20706838014582724	0.11546146102074534	13.64815413064678	13.650926694617775
0.5391073006993552	1.6857490316725574	20.483890720766272	20.560682024793014
0.24599703040356094	0.09186758830470522	1.838728051399549	1.8626204188325317
0.4100683363182865	0.04487313415047727	2.461584741469073	2.4998097653526954
0.1018426293548507	0.06958588293239407	1.917842791378924	1.926866594656074
-0.15518758117842862	0.08633569368133064	3.114157969144099	3.122338335132685
0.5635298882335564	0.6192284475848667	6.661171421457087	6.713584326666904
-0.014704417283657858	0.20965540190769993	0.5994353723088551	0.6352120693215666
0.4646345341823383	-0.2527414454265384	3.995155785547519	4.060142014977426
0.951648120967353	-0.8263658277791975	8.156406319856156	8.267962180879357
1.1717906937664282	-0.7977115599314719	7.949342672016187	8.08982113661256
-10.086987409601486	-4.608253827876332	-33.52084145222092	35.31110094504175
-0.5126566384960656	-0.046499784008976586	-1.9144152913710597	1.987320998641716
-0.03441796402414213	-0.03544538094396833	-56.54111988673196	56.54114147253373
-0.2640292894209012	-0.19228749692359473	-136.70955586171354	136.7099460531461
-0.041586381532737235	0.01765963182467622	-6.33930659515806	6.339467595716511
0.021006725592721355	0.2357674283629409	-57.99827996958014	57.998762978123935
-0.15783594595817063	-0.01352159685338395	-11.629567131710944	11.630646013458989
-0.09580815624721437	0.06471650468873623	-4.106484669860195	4.108111947425411
-0.003315699907667308	0.022034156506838327	-0.11387507649351601	0.11603461106605097
0.0403450401605767	-0.013494127894701873	-4.0066460105236485	4.006871855624817
0.043394973506761456	-0.05197515843225234	-4.3450551865248	4.345582712912708
-0.032568367583318006	0.03607169920145087	-0.965402750151466	0.9666252304023192
-0.09579913636403385	0.0012386299362860675	-0.476895871931414	0.486424384048988
-0.1521962912802927	0.19262447130018903	-1.476513526045002	1.4967832477072283
0.08254050358554375	-0.3868342666824582	-1.2488147787360802	1.3099587917952058
-0.015203110446245175	-0.0037527360292425593	-0.13244368629835349	0.1333662162440046
0.10406464592105685	-0.15321774666317264	1.4897167566627418	1.501186578512137
0.14324693429867003	-0.27642741458775244	1.444226868811522	1.4774041587591293
-0.07326200170679986	-0.059476357710703635	0.30607269472026877	0.3202893261942171
-0.009764137380875358	0.06324841949324443	0.18893751399484082	0.19948204215351495
-0.012298682847782606	0.12161588825436631	0.2369076397231328	0.26658377976702674
0.06344876315191368	0.03626246562244234	0.03994019925704139	0.08328223985471715
0.06509818538359091	0.032266121111370685	0.624721761085666	0.6289325520958398
0.005024710998087033	0.04461814036672074	0.05098550688365022	0.06793782512401646
0.5370902713069978	0.27185375104178144	59.504651470970295	59.507696284624735
0.05287089941731523	0.07972465259815906	11.957838762749446	11.958221407389583
0.3443319551997803	0.12832787870284665	140.69913228074302	140.69961214265606
0.09115160250661701	0.04499481171497307	19.759808186924005	19.760069654020707
0.2815174546324734	-0.08905686784889892	81.30950795830424	81.31547244780303
-0.16516310444953883	-0.1382319617057154	39.2763024350418	39.27689295113831
-0.19817446494742905	-0.012787743004820218	44.126671960206814	44.12711881517567
0.5626042683177881	-0.24655001433625215	44.34174679099698	44.34879293353189
0.1538960454291372	0.32232738749933826	9.585451508899714	9.592104021902527
-0.014963101001084875	-0.003898256913003469	0.37548326372729995	0.3758015063006441
0.08296342874646243	-0.04682804221553814	1.102346925518157	1.106455846496571
0.03845749060779557	-0.07282082520086033	0.24880092848979438	0.26207585387472604
0.033481483785772176	0.024724774305747245	0.2472563510653212	0.25073497435161385
0.21823832072927282	-0.1829252551625331	1.5534250864798156	1.5793096950616854
0.18026410527824208	-0.007384275836942223	1.0104253066025177	1.026405853161503
0.5889370766617086	0.15673224753170578	4.5058091024639	4.546837092477551
0.039433752295970806	-0.3847966553438491	-0.009198046245776133	0.4113245382161055
0.16608490371134954	0.44690786844814034	-0.2730866999161923	0.5668923784042126
-0.6018283724686783	-0.5905999158199862	-1.0772725539305008	1.6588768486017327
-0.22547863797145465	0.3147447049673567	-0.8216354637523482	0.918950197607023
-5.1498015003905815	-2.3486993356213945	-16.707372206141187	17.647117209595812
-6.37513751179643	-2.7680839237194723	-19.572372022337404	20.77561391213853
-6.526848609247643	-2.9291688320612703	-21.026517544169007	22.215713870870868
-1.510789424235569	-0.09763487751267463	-3.5828518038072463	3.889581507274757
-0.3682339175731409	0.04260301835007863	-0.8622198607883057	0.9385277425636408
-0.5976278045584865	-0.3577244847406614	-2.322536304347263	2.4247269299398253
-0.0851009976050678	-0.03257395926863347	-0.1770060525029873	0.19908386483716511
-0.3734768294302806	0.6940538492690367	-2.21621972113145	2.356333025070612
-0.02144703722204333	0.0325148711474881	0.7819481476319946	0.7829176826694165
0.09669665967311192	-0.03103121456453469	5.452756007900691	5.453701611013053
-0.2712546255707598	0.37473754862355246	37.199861991902864	37.20273833360739
-0.03124249898405481	0.030396540931821106	1.4195269290185957	1.4201960236715065
-0.3033906597763451	0.03621817228275749	36.23676917689101	36.23805731586229
-0.11841028503762271	0.08983787437086943	25.11297339611317	25.113413241396753
0.06857147113856354	-0.12213793672532519	14.146868410855278	14.14825025722957
-0.1948582571029871	-0.30371150723568263	9.173259942275632	9.181415368746114
-0.030828536554135852	-0.645776244246169	0.01659568545429893	1.139562795976797
-0.03379172133975222	-0.0034336103601241286	-0.05386402990227982	0.15341052352600296
-0.3574059803608353	-0.11426159911880931	-0.4904983548549835	0.6175624534784498
-0.00831399490614293	-0.010302378046705184	-0.10010847140873216	0.10098003541546983
-0.053442101306187324	-0.0289842432008705	-0.05380114701533846	0.0811831753882173
0.043001053393119784	0.06627315127962366	-0.050917265810128495	0.09398823932295518
-0.6260230088854539	-0.3339499923722605	-1.1027704091684591	1.3113084993231
-0.1379754376519222	-0.13753121190925305	-0.3875597384945816	0.43376791783908564
-0.9595976518333249	0.04731544255520455	-6.037940023549691	6.113901056812375
-0.05365496807147793	-0.028850363408226738	-0.4476931718228643	0.45181896282067985
-0.37741145836537066	-0.10837362409678677	-4.704854990144841	4.813796476222915
-0.4273436020612386	0.7834012991368666	-4.293783831418195	4.387755636491203
-0.658865353431514	0.6931621645465249	-1.6453265356994593	1.9081814731015612
1.7319696488783893	0.054390294943057034	-1.0870032694466305	2.0503007246517737
2.416603933254439	0.7796339710131656	-0.38380578361645606	2.5718845937203367
0.04630843599258443	-0.2536715955121618	-11.398683604532035	11.440141269177632
0.03231153376450713	0.06425717601754291	-1.4281331609231311	1.4367383652259926
0.21191710912105113	0.08770199518552568	-0.19096578353274102	0.32946656352051756
0.3918055242111267	-0.02619617048787748	-1.8706885878067612	1.9165472562921688
0.014481189725775473	-0.07069291357297701	-0.4199525606999485	0.4261072002721314
0.007542773002678055	0.05063146291330106	-0.6699973014893763	0.6862919257607198
0.40642175986370555	0.30043563728883177	0.21810112873982762	0.5678803626658038
4.503069373976477	0.8963366965124654	-0.42639399893763785	4.705657838771303
0.31691332746884787	0.04527783979294711	-0.24843100631353138	0.42858125215838216
9.030315805821646	1.8973275613526608	-0.7025295559900985	9.30163178146073
3.0461302070754446	0.9544483016154451	0.05679251335679836	3.1957136876427903
-0.4003080932795342	0.5384189545848609	-187.8310675752285	187.8323176872797
-1.4002510542370672	1.7421732835839372	-571.141683879266	571.1468302695844
0.24021967306909786	0.4486345887575408	-119.95636871942182	119.96112773152953
0.1997039785531553	-0.11962971125865762	-50.47973621067706	50.480465931202616
0.46770490369426965	2.355359311083829	-68.76600018420793	68.80805713345373
-0.031660060904467824	-0.4855147873607763	-8.836795627177692	8.85128034295656
0.16831892358788547	-0.3709632095513411	-12.536846065249073	12.544239076625168
-0.19867716606337596	0.023896127968789815	-2.6644691530596933	2.6756156849879353
-0.020365589226979675	0.0625617885509192	-2.5919349890133034	2.5965237350701535
0.3814906924741708	-0.14870396433486655	-0.11760931916524386	0.4482853492005286
0.7120115897453783	0.045902057216697476	-1.2171792350676354	1.4177702839206003
0.07143448952909508	0.03738755176103575	-0.038521131034388145	0.08935654904446011
0.20983091070862014	0.03738198676936754	0.10782004395897775	0.2388547380793396
9.874216501900326	2.592062723128289	-0.7461126791072757	10.235996522906628
2.637424152047952	0.6456801373716509	-0.25162777921784135	2.726944358962286
0.11038903262521398	0.7913525267377567	-159.25619513615428	159.25826067614153
0.0491870524870652	-0.16209429386335292	-36.85466438480309	36.85531794229442
-0.07387095870696124	-0.1794926452142299	-16.150601703512297	16.15237102405157
0.050710362921895624	-0.3405802260223626	-17.658095270412893	17.662003702727034
0.096399294797468	1.6536884501965248	-51.71311545595295	51.73963943124334
0.029003249276249858	0.08476080655738757	-3.4926004506932893	3.493749202644603
0.15607908216529487	0.052012516030787964	-2.4601366539843026	2.4656314278477423
0.41802490165042	0.04883254569240998	-10.036056846442658	10.044877622995076
-0.17877745028624012	0.6068818091124946	-6.969181446474322	6.999231152472708
-0.0968454080327118	0.206678368388452	-28.154478693041995	28.171033279787107
0.4440557577850443	0.9686193670313044	-16.04936307502758	16.112115189917454
0.28067792161984184	-0.10320607799994468	-2.3705167343116065	2.393378566539846
-0.029821843079340715	-0.018122822370005676	-4.579123029431379	4.581382464124133
0.33772927374098755	-0.11777621013366636	-37.17915788561517	37.180878329882376
0.020660742901716066	-0.06099177263714793	-7.72759275917642	7.727861069811136
0.26141634750402865	0.07204692255167842	-5.964222487831093	5.970383501094516
0.05492414552081594	-0.026599844217472402	-0.6270444050189227	0.6300070629279648
0.0008615625053336341	-0.17069145598100552	-5.25579344989832	5.25856454780475
-0.004478490216138462	-0.05189912214181358	-0.4233020473908088	0.42649525094537427
-0.2613431161130909	-0.1359865784854159	-2.520925193178431	2.5419158499780394
-0.2452657505429724	0.2341527389296042	-1.659561316539619	1.69959005109831
