0.04590139019722271	-0.6229771767612898	-1363.2488885315786	1363.2490387929379
-0.5362836192983685	0.14387474202575407	-0.8486285403459359	1.0236944105104846
0.17051178029279246	-0.48424035276558036	-0.15211959838314054	1.0803027129362395
1.55916211359765	0.5177893969530183	-0.5465646155208179	1.9693084643891319
0.8922747414103913	-0.15014273750560186	0.7761189652737528	1.2002239328318103
0.2746539851676121	-0.6585159736248541	0.5094407243686809	0.8877430572146575
1.1300828759962172	0.6000724903369024	1.3076021189402134	2.056645177622029
0.9669153787271049	-0.907525725339118	0.7790586485501518	1.801613516421339
-0.3747459456603721	0.08911927270810434	16.46789953143506	16.472995220387094
0.06056938424900488	-0.0515375118616773	2.538098504283576	2.5431768652187206
-0.1610837964924387	0.15007358696294953	-2.2460006963793435	2.4440416919588017
-0.0060704989819338325	0.012000513165536459	-0.44240882809668614	0.46409720894658385
-0.08201315065333466	0.5876570873482179	-20.90354822143343	20.91243350353763
0.23316831411483838	-0.21109927420775504	-1.8867669734445849	1.91788940329192
0.4196613265045045	-0.11581700334885	-1.9735641072162364	2.025824345154448
-0.20781365013529438	0.06588258648270945	-0.2827204291661767	0.38332447658884683
0.002419477209070736	0.46512748206426474	1.0841224317538178	1.1879186253162373
0.09633917190174573	0.46318097605619823	5.686269282069354	5.727232852192115
-0.07661744069710374	0.478816558311037	4.267557135455115	4.396308681838169
0.43909235235324484	0.7819195406278245	2.344916046732366	2.6801459141311095
0.6732683769068314	-0.5243951532704908	-0.17419004473457983	0.8821012077426126
1.1095506780525866	-1.6376583360467087	-12.540033547111353	12.729817778757416
8.060544990706788	-8.503858828036934	-74.79479638089099	75.71282822585769
0.024155260636904673	-0.055972960849061566	-1.5808807553609623	1.5882003011375152
-0.13869324338982328	0.15935384612727763	-66.41959776716865	66.42008037334352
0.45580693156865615	-0.39681809451707784	-395.7672044538272	395.76877807167835
0.1453985056976846	0.06867059874954248	-2.217966244676082	2.228163015583524
0.04844973468549904	-0.08062058017349788	-1.296989735458038	1.3078643712259
0.15123325337556237	-0.0348725235413444	-5.53768523559092	5.539859687600974
0.08684471281853817	-0.3392518648615001	-2.446809867835248	2.4756801381019486
0.7404906132650714	0.4376796265016193	-2.3034256536756104	2.4627503589887447
-0.20557871324386112	0.12202326444153955	-0.48327356690114787	0.5391712389114705
0.021038927095740834	0.0025081464177839873	-0.04783801374155096	0.052320195054393316
-0.14926031425447858	-0.46736091448159334	-0.016306195964273205	0.5103435536217169
1.2907280820627087	0.6423082317641043	8.019340282800712	8.201899121707568
0.1555306413942471	0.012914364440017242	0.4447174085026241	0.4915383195099698
-0.053188311834577354	0.6130436943730264	7.137679117173839	7.225503894702836
0.07222233428518839	0.1440021530832657	3.315022995405429	3.32186843969309
-0.10333019499910777	0.24531421647825602	2.6980230520670734	2.7147125756496244
-0.14231650549590003	0.059235559876674004	3.7593715280307554	3.765118445674553
-0.3981787894183984	0.5313551083197127	8.198249233425736	8.226278312684652
-0.012811514960419518	-0.21037009391406247	4.047623250367949	4.055509027625041
0.07474219281305429	0.08883812990442422	1.941032329472957	1.9445012503906067
0.19496227158008175	0.9408198070220068	48.38808665264782	48.400182828300125
-0.405536690196157	-0.1721692964330161	65.80167908694482	65.8098429076373
-0.8059400675602488	0.4128366609583917	1148.1869036739918	1148.187644112478
0.21510999010309007	-0.04220316399714802	97.01686587388419	97.01721392202019
0.6826677216416339	-0.0005162293257640373	917.5982605833505	917.5985251409573
-0.13108940072590214	0.032959348263948515	9.038414735924203	9.039425406970974
-0.15831564771085563	0.032896805164642634	26.14943569450152	26.14993562487239
-0.020310308326749987	0.20079571577770777	7.773051982675761	7.776924092363159
0.401251716123675	0.09573659531467169	9.633929475281748	9.643767176522722
0.048118264800290134	0.0037242455913178776	0.2755414207298339	0.2797361470214933
0.3086497392068706	-0.34859406654432334	3.034913039806775	3.070420108703624
-0.05242654909322408	0.2534528935609856	0.8906381198383415	0.9379248145312268
0.03176370900897703	0.13998900663716296	0.880805929670743	0.903274446573359
0.43334577583027645	0.1676187909527177	1.7268567971533066	2.020076930041272
-0.004893077314009162	-0.08406351196830751	0.057762773441541876	0.17293622855175692
-0.10546920206609466	-0.01711314506268464	-0.08809749302480631	0.13848386402628643
0.3098294221970408	0.10698598113105486	-0.6941963038783957	1.2123115821586268
-0.026871394632810963	0.0735184934499011	-0.040504791995649894	0.16506805809503633
0.4402458151633093	-1.3722333419475017	-181.51575860804218	181.52391097472662
-0.1677388398825408	0.2897514882433403	-227.04304902550504	227.0433387766004
0.09631361154033591	0.1400441330355957	-84.40101616391401	84.40130270296272
0.04475765403318019	-0.30680716540554787	-86.41226717334807	86.41293613636402
-0.08003647445524514	0.1254867932921787	-38.004896634900184	38.0051880800764
-0.18620016476258894	0.2669742095580859	-11.896827996852199	11.938310345334179
0.13315330618286425	-0.11899555417770719	-4.363232980278074	4.369115650786527
0.04666533908677459	0.00995823229924242	-8.71210547180052	8.713354024538383
0.00016277415588140075	0.015641203701623467	-1.0156800677510933	1.025344068435336
-0.13245575043894953	-0.262006540989776	-14.307564691045837	14.341302239849323
-0.21411449258745385	0.059144458246895674	-3.0856855190333077	3.0968173969656574
-0.06992604680080947	0.09354983772862432	-0.45265814983122277	0.46748328822415325
-0.09810698226077355	0.17018345204936694	-1.8173195094022894	1.8279052455129978
-0.022757224140874475	-0.14688531809361918	0.4813492693705154	0.5227524193589071
0.20577246810984096	-0.26728408929972275	0.4584365796563259	0.586026429004519
0.12817990254644948	0.47572422263209	0.5096255087909491	0.7224552356555782
0.2945994799389337	-0.6536667640562346	0.9634914680356421	1.3000002358036384
-0.2950608916768883	-0.44468426859620724	3.48671486611914	3.5300800799769845
0.20172910088326915	-0.07289309711272436	0.28660661277356847	0.38422801711405113
-0.1346814091680771	-0.38041048523293264	1.3045285641616564	1.3726346122928446
-0.02638931620593006	-0.1893545843230661	0.1591082444550606	0.2487307541651193
-0.20904371682134956	0.03433884902247643	-0.32739158776864097	0.38995343803631827
0.31342231793457315	0.3371032430873127	-2.6375608650084574	2.837067157365794
-0.1667680218995568	0.13280069117549412	-0.5319462146475296	0.5898255308841892
0.030663850216020583	0.37038738706329344	-2.7629488282455172	2.941905012166253
0.2858392316775419	0.08452707937001136	-1.8817270949711888	1.910294620827254
1.3026965558642347	-1.1290832622262956	-16.294519826430577	16.392893083468802
0.11300582359501504	-0.4264344364219645	-3.4392009177143867	3.4701872257906183
-0.008868473784017672	-0.2846246694844261	-6.998977605983318	7.022143356822213
0.4703688960803336	-0.5993654308608264	-12.827991635163382	12.851355375789455
0.22901014620142546	-0.10009989012231671	-29.19150719433459	29.192910743823646
1.1517169778280463	-0.4061619326003264	-4.503398883676355	4.666049830210608
0.040015237287097244	0.009255175223481089	-0.19097570383284512	0.19534225589464932
0.2069527456514425	0.000503027209803289	-0.2718676567941118	0.34167486705897093
0.3091760052211449	-0.16783129667983399	-0.4197416880873426	0.5476679934669835
0.17426619300787627	0.012238270873703806	-0.07632158844175793	0.19063962379765023
0.062448973227925655	0.08748538825965906	0.006934303459215165	0.10771096499720884
0.09140178316567671	0.3265967157785359	7.001881389262193	7.010090062903574
-0.03602738716423	0.38695085915806154	7.426195555335437	7.436357264555869
0.03958782025649891	0.5732296223392019	24.38265878337951	24.40746933491987
0.07902046628158853	0.2055897220586952	7.153351434774579	7.158102255640041
-0.1743461219192945	0.28701023335259745	11.653307211165332	11.658144809620241
-0.05435323474441432	0.0012876277853744317	2.4856326171255287	2.4862271496045585
-0.09907878473191675	0.008614509361426177	50.09578179257169	50.09588051151825
-0.07883278731742306	0.006049172255674056	162.1461538544138	162.14617313085154
0.27268805538142954	-0.08975970377105287	1.4861609286859032	1.5136346606500914
-0.010390681929484648	-0.021415506098533526	0.23104125094226552	0.23226418107272356
-0.3723261338446939	-0.1783271326990788	12.802070584869005	12.808725095659153
-0.1185155565220768	-0.027191755707517036	2.166803206355407	2.1702123084593055
-0.21300478165735282	-0.16985934386772628	4.986600465265141	5.018767094216525
-0.1768101070496929	0.0939425781016405	2.427294285364429	2.6104858464657714
-0.2950009790334558	-0.18271640412737758	-0.8799647242598929	1.3323285521258361
-0.03790908575999044	0.014481979682896318	-0.30263026288581113	0.3357256133109735
0.0075102422768948685	-0.044545226654093995	-21.33012068777952	21.33016852338951
-0.09499939395547657	-0.0057075855469743385	-11.957153818638387	11.957532559184745
-0.015267580662331082	0.313825325708884	-500.7949404276468	500.7950389903683
0.03565398222187998	0.01333915616499943	-42.260345440015875	42.26036258539446
-0.04645398258042021	-0.09750428886093446	-5.3714132596137025	5.372498996221197
-0.22102078329193586	-0.1299172469604735	-22.183747753211158	22.18522916392359
0.21412724059350177	0.03309888867202461	-16.287443768325883	16.28888487644176
0.5382079965989687	-0.12159041648029209	-37.00812131588251	37.01223440172264
-0.210936371268619	0.3442622103001847	-9.585923485486841	9.594422321941693
0.006813459665697413	0.0026199955806115835	-0.030302558411941904	0.031169418598486036
-0.05794502151698427	-0.08190088539198713	0.04967924595047887	0.11195270441040427
-0.20994472313185025	-0.010129515772208157	0.18282426134157626	0.2785751324073662
-0.039761293479373676	0.10460352379036669	0.5614685676594253	0.5725118427753623
0.024901989078446856	-0.007103118446124462	0.640865568809346	0.6413885254953109
0.35557075689528495	0.14646960938771236	0.7022503970240329	0.8006494424863394
0.1116850338081297	0.026206665209690373	0.4057504961658869	0.4216560223891022
-0.0029981372117987987	-0.059496748655080645	0.1464201997158862	0.15807506701598018
0.13195455366163758	-0.001653931083465919	0.5409792630820827	0.5568422602541085
1.4096181951732636	-1.660978437834258	-15.465261850956589	15.618568331657904
0.2531455020108375	-0.5665276075301123	-3.9083834964701993	3.9597951355673353
1.0193839263369786	-0.8324977930845487	-9.230900370041736	9.33752287914206
0.971328485167388	-0.8140295072325581	-11.624574019709886	11.693453048798585
0.9571320086182329	-0.7496621711106772	-10.047893951686806	10.121179176215595
0.06180771757381445	0.12186180790041293	-3.7875155599060606	3.7899795000378256
0.25167729194385197	0.1868849093168697	-5.484327893141076	5.4932795184749
-0.1474485206872002	-0.9571305244429533	-223.41982487907507	223.42196729213657
0.037308950285920905	0.41019891685994475	-115.91107784504351	115.91189370420018
-0.3595995136376338	0.804032053441705	-35.12219547094128	35.13670607775547
0.12009941077533573	0.6104163729691141	-15.5531567630441	15.566219743328235
-0.49121010858340447	0.5898883548513778	-16.02610080204483	16.071961745355345
-0.5780743527588191	0.5157140044566019	-10.65272531379757	10.722102372568253
-4.35528167921573	3.788826288152932	-54.2738199101797	54.58013091386488
-4.376632191135496	3.149028239147097	-47.462738765174265	47.76821473598846
0.07589397118156194	0.42057901483866594	-4.077871589132759	4.129818790508913
-0.8693674096997361	0.6636570089536247	-6.523343588622791	6.615869684229534
-0.1495155632696896	0.49432630654214177	-1.380854770865656	1.480862277229686
-0.9680238828314702	-0.1877653055074734	-4.589304607265534	4.696117823357191
-0.38117892668516207	0.009154617997348027	-0.39672092495535805	0.5676693213279757
1.3798699124721274	-0.010529751350966704	83.58844862569761	83.60129553687729
0.0711420817430903	-0.03420914458058273	0.2042583823238468	0.21898161593437585
0.013942747620262944	0.08822554235975588	0.208309052089054	0.22665129101356474
-0.5225467457583527	-0.2690856568140482	-52.33773934002059	52.3410395523068
-0.08307649307839593	-0.10779809991716086	-14.738163441392478	14.738791801204258
0.30374694184092327	0.04418515564949527	-27.985514857341002	27.98754609014536
-0.3220943797151573	0.17731606926525398	-1.3949402617306639	1.4493184248331994
-1.0946628127176992	1.2535190051219616	-10.399469024649704	10.532712487735418
-0.661718522663853	0.0028052069325799067	-3.8473463647352193	3.906332436898283
-0.22562434517873226	0.3992181523722981	-2.1799763972467496	2.2320524984358694
-0.23447973115806403	0.25301852213854836	-2.471122608657096	2.4950843801133025
-1.2564581492987372	0.9397049342204862	-10.903986706919058	11.01629059842763
-0.045750872851328825	0.023487003141743693	-0.3090282302091349	0.3132781970540382
-0.23232992859798351	0.22232492037199625	-0.7019120425559124	0.7720661120822307
0.08147776730635709	0.4489838650190916	-0.9956077707462083	1.104056047346757
0.3305463855045814	-0.11855665462175971	0.20394037164585763	0.40608899087798106
-0.0009310074357587669	0.004441643702822448	0.040427481129134024	0.0406813987477661
0.17402221207406357	0.40503095310923987	-0.1336072753932263	0.4813153770759158
0.17026549234351285	-0.3152803597236982	0.19516150378988287	0.43123061182157724
-0.3050665156828507	0.010718386694233806	0.12183314654013441	0.3570764110104053
0.038106365798827424	-0.2288729570046662	2.0406514071156576	2.058536585981791
0.8314647245494695	0.015872618234078498	39.15234534448604	39.161425041576024
0.8925795360692045	0.5251410171097453	18.625967243458287	18.678315707347416
1.6051539434233417	-1.8191690911415916	50.81583571178585	50.87390818716762
2.656964864725788	-2.0272243437383786	129.22699942783035	129.2702825932457
-1.3822854145810857	-0.3191293852637392	10.438368971142761	10.545891297183866
-1.113502455297464	-0.5603998394405033	4.2202573025436365	4.402724972397358
-0.6299775298758528	-0.4481625053242294	3.50074588731559	3.7061752348997192
-1.0514399143189217	0.5103256329654732	0.811107672397077	1.4294521979436723
-0.32472443630949294	-0.3469220603558591	0.1506267942416598	0.5176573109129159
-0.4541948101199094	0.521384611907646	0.20749573779755176	0.7353020503018453
-0.6510625865540896	0.05584582876765065	-1.8413917461789824	2.0153026456334864
-0.2761651505285057	-0.18022847773711667	-1.6123290297051038	1.6516156270402844
-0.2501618675649751	0.7996510518010356	-18.82230044493066	18.841456859509748
-0.4001164888311769	0.4587421857579353	30.648266417759604	30.65828586131324
0.14173417204767924	-0.26628617382159603	2.815287841157921	2.8741194256443507
0.278415936359524	-0.38595237023602164	-31.94882806539602	31.95267702717327
0.5549266360771444	-0.1463473959808897	-143.23932329848301	143.2405409788862
-0.2995888969629781	-0.6749895025885421	-157.69231762678572	157.69410858566584
-0.1368075851798517	-0.15895207646225065	-5.93868311563233	5.9440238063765225
-0.06892721677264234	0.03666496326630397	-0.7178696692690604	0.7221025846788064
-0.6779363130195049	-0.06708925004250571	-6.822014219737653	6.855944619546201
-2.5584130095318662	2.268612484484145	-26.792406421887833	27.009722723636305
-0.005628224425588085	0.008237957450330144	-0.03932343008918218	0.04056936044747323
-0.7711845019263024	0.1920008534275502	-2.635522176989167	2.7562740781769017
-0.02873277011623504	0.1134508319542199	-0.6830972944119573	0.7069641871287342
-0.3712910899289938	0.1648397778049753	-0.5970137993967277	0.72211820533592
-0.23789265546872218	-0.00042300868093688576	-0.30029626310827107	0.38310695647442405
-0.02001128711782555	0.01625830677318774	0.029495536548714466	0.03917615125991426
0.2176924206033053	0.22055285098840516	0.510729508725073	0.5973928198010036
0.3568545961700208	0.145596514899788	1.6040371519199388	1.6496904960319252
0.30853458326681665	-0.000796465140081068	1.3591497772960637	1.3937296511706587
0.2475132427500346	0.08727233206143649	1.4206347759985314	1.4514000885202112
0.0707743001942471	0.3358807746818473	4.130800039061447	4.147386362997655
0.1666375481746853	0.10414903968679066	38.79740245092763	38.797900098255
0.09975167288933257	0.10357348766207086	13.44823033680526	13.44899910979847
0.6396364768964488	-0.12293147464167284	-44.170845083564224	44.17586764457675
-0.20790411828045996	-0.42147012297589503	12.958784307686278	12.968054275988951
-0.7304604524366431	-0.007746027058480043	106.52252119638818	106.52616990416429
-0.12757934132729284	0.341608645502964	49.629160688214355	49.63295561936663
0.1815705169517308	-0.6990598769616901	45.3260510239839	45.33201996136832
-0.14292241646165887	-0.34924514807422086	31.849407136335177	31.851948350321038
0.25698350462512165	-0.14659359147184342	19.837277303097764	19.8399743141872
0.3377895707396944	-0.7535135463275554	50.266724655685856	50.27370059836491
1.30936499368506	-0.2036830649356709	63.99355347147448	64.01416719109133
0.08514407033381927	-0.41303439246128026	10.610967361224954	10.620261533877128
1.3128293076010933	-1.449453717841513	98.91074756898112	98.93454004194221
0.48040739147099504	-0.37409737184224773	15.633590535049445	15.646065732569545
-0.1312073976031469	-0.0357291861701718	1.7757675400533082	1.7809666791484762
-0.09592304464147887	-0.8927360465064773	33.270717016053815	33.282830252873
-0.08983881359109883	-0.32041022780524303	15.40800959717849	15.419633886229406
-0.647494144861039	0.17376904592260756	12.542222739881517	12.560902650313437
-0.2142540423761828	-0.3854620982880771	3.7397797318552293	3.7682778628421696
-0.10710513994978844	-0.11373043585194074	0.5326612909959224	0.5550983462127941
-0.6611060545750274	-0.953042730147289	5.275077691425946	5.40109214061953
0.1342526735664633	-0.2083754929186077	2.209589404295831	2.2278261258197913
-0.40311083912162193	-0.7684762199881636	3.4378702135521317	3.548448314324672
-1.002554450483199	0.5041230399285329	3.831005495792168	4.101054786181264
-0.5579000825977382	-0.16758312535057848	2.1493925977243347	2.231301174229287
-0.71480712147532	0.935155467025816	1.7633836272226988	2.176857075597106
-0.017981840834157062	0.14851510797188647	0.18381657325703765	0.2369991909261421
-0.3112417731515115	0.46929194805311225	0.638137776490477	0.8510735547801918
-0.30072042730053744	0.009094375996453482	0.11579725491141249	0.3512894422205162
-0.5458848412010239	0.03976481208792331	-0.7517708703163921	0.9403247984019781
-0.04254281745425446	0.20229641628630632	0.22010272791360444	0.33265406520022983
-0.12572117748742812	0.0070883351654500715	-0.08122870512998667	0.20477779762791049
-0.5960307906809487	0.07288979223695116	-0.36447063617837355	0.71615937806355
-0.059557046638110574	-0.26128510869915084	0.12561319711514435	0.32722379195539736
-0.0898218960472489	-0.5134162436335833	-2.326444788644089	2.3881979297674603
-0.390344293324083	0.11131990700357497	-4.46445795402496	4.485044637144952
-0.13321603958673994	0.07884694926124029	-4.511554502011654	4.514209496604317
-0.013144171843332213	-0.03039992324882688	-2.8620946964920697	2.8622863197582125
-0.37500573416644745	0.9607321784825067	28.734442476642826	28.757182407275653
-0.36630345236178186	0.44979552858674776	1.61295175922303	1.7197637626224882
0.21299470028758782	-0.022215408940877403	-0.21039513583167052	0.3310682177839439
-0.004178806760292048	-0.22823768895471713	0.3233674867667959	0.3958237443398311
0.03537290591683226	-0.04068465631352957	0.010895515988763128	0.055001781798524316
0.28663323053874035	0.13536114008877048	-0.4805353096705488	0.5923472088525247
-0.19646590567506625	0.32736316585464187	-0.5111362126657502	0.6530738911098685
0.44832313980555893	0.01438090172240071	-6.823490818189482	6.839642328282643
0.021498775160992162	0.19484383131674932	-4.557259086596018	4.563607836262618
-0.1422606782150312	-0.3026684526565264	-17.88613325136045	17.88925959837974
-0.009600063347458998	-0.01936902768904225	-4.956104775083965	4.9561519208010525
-0.013503664791069236	0.09626948775797803	-3.680323994879237	3.6816076475528785
0.1293574116111935	0.24088850974422873	-17.768434621302543	17.770538244678146
0.7685183045103656	0.2755322564103429	-79.00180414639425	79.00614581523911
0.24119040900284044	0.04930086748617615	-98.94407164433137	98.94447633259983
0.02858136253857668	-0.3936899375050354	-154.33052041497842	154.3310883134184
-0.3373624995538681	-0.3438898870625749	-55.237486104448934	55.23958675487821
-0.029893888494040052	0.00217985191076802	-7.122226374006406	7.122289443635105
0.16743155109630015	-0.05359255225580018	-11.030723001547514	11.033006625926097
-0.9354449005929989	0.7794240572868648	-31.16277273444687	31.190520663079802
0.3618307190214285	-0.06914795508709337	-45.71718571526699	45.72832343764676
-0.5743330822372874	-0.5784976534491506	-20.41458832941181	20.431334133351534
-0.3772277644817934	-0.07290897240134131	-12.849979020555612	12.855721579641957
-0.33067550423126546	-0.005343692601912656	-7.914776749913164	7.921683270941548
-0.6373227651192411	0.6142938065284345	-17.198113679360702	17.246490747418505
0.2469556617196549	-0.5790524165237716	-9.860447877868634	9.881508029496377
-0.07996683497798118	-0.16453496489982325	-2.3565984273627474	2.3678053936334287
-0.6529833060252938	-0.1812156037279832	-3.008331967227134	3.0868701467542974
-0.050900195198891114	-0.4169516547150759	-19.25807646060574	19.263162467769348
-0.3600888010237042	-0.5328011454338893	-52.03795079482829	52.042111253436566
0.010932712940625672	0.04819736252780868	-5.5289966152665455	5.52921749270146
0.28443971749365576	0.3085250237052517	-100.77399819797921	100.77487189994066
0.0015409906789116135	0.5951319382772384	-82.52301970595298	82.52528367459642
-0.07548437636410998	0.13762244995576672	-8.648464017068882	8.649888304732157
-0.08247124225494801	-0.0040485623887866334	-2.6947540990085144	2.6960188335357897
-0.47867306444860036	-0.024125004739606534	-0.11421305831445161	0.5120882014573664
0.0771840750487483	0.31582587938826906	0.5340679606511262	0.6406338572277905
0.04978413861943948	0.2100773919871093	-0.08486223644208007	0.2707256086079345
-0.5546889040798867	-0.25106308120328186	0.4094291271357202	0.7468764597306228
0.011787448365838428	0.05870326535262035	1.367030085882247	1.3683407006331654
0.052753500459415396	-0.0733742586211674	2.2139529503600244	2.2157965565563065
-0.06619444422130719	0.04766636280193574	0.6383397358974067	0.6584916020072733
-0.057927802513397006	-0.0033126276866894608	0.8209320601238054	0.8229799822263827
-0.23049523202399333	0.2749891016259992	3.893979683455019	3.9104762923663556
0.37716367705924064	0.1433337165561406	52.37614339620582	52.37769748713197
0.8848012830549699	0.4510467563696411	154.8832752331068	154.88645926426634
0.0485916000681209	-0.0213805827379851	26.514226936479492	26.514647425469384
-0.06002797916109805	0.16048210876656233	16.141345984914636	16.142858726233595
-0.49666402161620454	-0.34106734196771216	268.1381107645129	268.1388239815883
-0.12566905515387755	0.17224446710508318	92.4623950493841	92.46274622203876
-0.9192472074784072	0.46465106646141896	207.96196321159854	207.96456077574655
-1.3229523613733067	-0.02589034290392389	412.5224884746253	412.524634234542
0.34953396947957804	-0.06863970296723604	-0.0556076445292456	0.38659720598275416
1.1253953384633966	0.3266379825321674	-12.273684976674467	12.33028911790037
0.2602087400624827	-0.227844816252026	-168.85624898948464	168.8566608826327
1.0111790332166037	1.1367363108412996	-431.40215464969674	431.40485992703344
-0.11332423431076674	-0.06293422887841985	53.267630844485545	53.26778856761031
0.035976551766632045	-0.002308468692160375	23.48543570926569	23.485463378340164
0.06306863405762955	-0.19951482771487355	7.471101509538128	7.47403114690479
-0.010667419592326442	-0.2785117786906227	15.42263745705821	15.425155711906614
1.023934784938732	0.539237055509807	36.76549916471184	36.7957054513318
0.03163942014777626	-0.005518916812779611	1.4688726483618324	1.469223729884451
0.532100579669331	0.11601822290410976	9.987822813033585	10.002659436344135
0.7594963882664278	0.15374571619194136	19.12432572337199	19.140527335148445
0.4137745054259212	-0.2078729722806861	9.861461020342615	9.873313210598665
-0.008899841987222986	0.02207488548576706	0.31383968848828525	0.3147409376408338
0.22823845942343757	-0.049481530683403954	4.5507374752680985	4.556726103799548
-0.21606236694206366	0.07565542443946557	1.0529434453957476	1.077541919768131
-0.12316101905022461	-0.04384789721008825	0.9063988953759932	0.915778484264648
0.0039702297884624815	0.07365946684586375	0.5136917839706463	0.5189612015358517
-0.1313445838047762	0.12338729549140548	0.5575336758065201	0.5859348291763027
-0.0478700195499325	0.02076379047328876	0.00025727129540555754	0.05217988074966246
-0.39926071670413443	-0.17714992057269807	0.17686894602582798	0.47124710962540617
-0.08199225562803243	-0.06688867748685842	-0.023119850622715786	0.10831136898650237
-0.30099599913487907	-0.09161843675006393	0.13060972621114567	0.3406632208335382
-0.038397609849419485	0.009128804337583424	0.031021393081980653	0.05019998346144028
-0.12466338160392218	-0.2599257056938554	0.1705281468406965	0.3349360835417648
-0.03821067083842132	-0.009937705636399723	-0.026748062979397975	0.04768933038309255
-0.06207558387427663	-0.3818141425938343	-0.2521781997925594	0.4617675411379769
-0.46164970473682654	-0.4562227216758536	-0.36313520352940565	0.7437249476111889
-0.026151157767963534	-0.0051828885495038765	-0.04849348904178057	0.05533862905572195
0.09270533125257935	0.012657406325029763	-0.282831666374117	0.297906428063389
0.10870796988847478	-0.09990109482330357	-0.9676460386141108	0.9788444756496043
0.041064305334396006	0.539269346909848	14.47669801946941	14.486796859644253
0.008319378412925963	0.963260850378189	30.69609769640249	30.71120893851322
-0.2665969307666175	0.1486504663556849	3.893578400349004	3.9370978342436764
-0.16424164175158318	-0.12295774349427872	0.23395124966236047	0.31117054936005817
-0.18529158798014733	0.01176061274807904	0.20768958670475052	0.2785789816443536
-0.13798035878871462	0.13438366601921525	-0.8142499270404379	0.8367200803073778
-0.16147549581681825	0.003475344859871929	-0.8540950580249136	0.869232294564441
0.03186067456980751	0.07224007231260413	-3.1052998526730193	3.1063034149359665
0.046234975769110016	-0.009674014231207619	-0.3624793016342069	0.36554411997587666
-0.06395285470540697	-0.11683870679192285	-3.999405404618914	4.001622776015344
0.022343428903931192	0.024832538873606473	-0.6837674353549246	0.6845829310273116
0.02496408045449222	0.021415712791725036	-19.0918403326305	19.091868665081584
-0.015622911541913621	0.28091930839212853	-57.675236040916516	57.675922290923346
-0.12224263342437552	-0.09084318227094734	-0.48481768997157637	0.5081770731753003
-0.269317558106134	0.00809766057081078	-0.9645542962461923	1.0014801593730942
0.21408378483029258	0.03453016318410315	-29.242582880201525	29.24338690549629
0.31593480449739875	0.22567350907207084	-57.31720724234787	57.31852221922373
0.06749046110337462	0.008743984559014623	-0.07004909994711386	0.09766420024407692
0.4048787061281663	-0.19635780031779154	-0.1801648776813744	0.4847087120855209
0.027191404230341075	-0.24676695612596658	0.047643939191976216	0.2527909176402927
0.08113328315262174	-0.12262401255805386	0.11376384189469307	0.18590715374509387
0.14140860271555072	0.010020713449719741	3.075000263971975	3.078266302815227
0.7275243617186121	0.28483187532650944	22.220963586083194	22.23469459174403
-0.021527677616185358	0.11009132725861943	15.594930797630107	15.595334242141561
0.19747310595005108	0.6025078835228647	84.46161881646847	84.46399862944982
0.02144182980155951	-0.09254258110339335	23.27110201408291	23.271295899266896
-0.02549962113338196	0.012460519570697562	36.90830783834508	36.90831875045612
-1.4601751205720137	0.28789887462998254	628.451108503804	628.4530677723811
0.02420132271107084	0.07661502133214615	0.014491766450389076	0.16169527423379843
0.2917091297774406	-0.3664335981070348	-1.2238778987984562	1.3178485096112165
0.3247245088456832	0.02599248839452408	-1.4741569622695823	1.5161596718043557
0.12092002631230919	-0.03166456054555311	-1.1873457852878109	1.2020374769110322
0.13179041040196673	0.3865428291281615	-1.1668628208825675	1.2441192461666786
0.26259322389852524	0.44748166849472704	-9.365355743027727	9.38075492821546
0.42891317894588105	-0.11075488827684002	-3.549992925700003	3.580246181168375
0.13683547465122853	0.45732929006457335	-19.770192953250277	19.776447689621122
0.22773336976862046	0.2812862017333548	-90.0192108363115	90.02004656626319
-0.041557062345925454	0.1655913621950545	-27.46862846192391	27.469513589664828
0.03185490786209211	-0.0703725002455302	2.043437364878645	2.0448968893633457
0.11659648746090216	0.04240500902378595	4.133862193738626	4.135723583908874
-0.31886638738519335	-0.12688997709270286	2.081379470177219	2.1140948708763925
-0.04437989013943422	0.09220541449616808	0.3040543777544242	0.3498574890477957
-0.09333188689607595	0.027454127466720026	0.9246942275890114	0.9297978192935167
-0.7126053902772136	0.12159805537058029	4.18831912228616	4.250248180921904
0.00334043533414366	0.004066456991303112	0.11507305226637073	0.11519332419277864
-0.44303627629971476	-0.15886529985425768	1.8579402378518937	1.9166275728592788
-0.5851620214270997	0.050308132941390325	0.46703499584189806	0.7503780293303768
-0.10790378570595938	-0.039246736874657434	0.1381757104644568	0.1796553931485042
-0.21403414891272732	0.0018862751191260005	0.5351241365270224	0.5763436617404687
-0.2659075010661896	-0.1033606907584346	0.4595896242952231	0.5409370150739833
0.0020969267320735605	-0.053459922190594346	-0.01194435591512108	0.05481813587282199
-0.20657003823236128	-0.1184119125543204	-0.2145514269144643	0.32050721758039075
-0.029091335203623246	-0.006349257725767006	-0.030950739826418584	0.04294842434130076
0.09117116571845249	0.15658403257845513	-0.23237300131688127	0.2946658318468694
-0.26547251175937847	-0.07576980733635266	51.18709699587118	51.18803175907263
-1.4061571299006554	0.08096338032992575	345.7526038939791	345.7555009138606
0.2307659261750857	0.37253684506350376	-4.226498151048226	4.249155590752989
0.402439604876714	0.06657446616997409	-1.4821378098880373	1.5372450301168161
-0.35209591267048684	0.11389859899428088	-1.2903777461904244	1.3423930685293342
-0.06639135133873236	-0.012733899952118363	-0.47248603467244005	0.4772976185788691
0.0670755653061286	-0.1580623245588572	-10.931694001933389	10.933042421110988
-0.042905128489413316	-0.06503105054300835	-2.533295683518771	2.5344934223075537
0.05190296995624096	0.1552189814482539	-27.92158585372006	27.922065529561955
0.006090588855025823	-0.028084272589108974	-7.2454365542811745	7.24549354314482
0.0007928252067564948	-0.018194260223755074	-0.34724443222336754	0.3477216636722937
-0.19063286256293957	-0.1444242896014645	-23.38728336767541	23.388506206760237
-0.20656263724860705	0.11685880848728264	-14.03826312630915	14.040269075331828
-0.034999512310363044	0.12293871438015444	-6.468722472977488	6.469985264725058
