0.39807662321417553	-0.030069635235966993	10.0881938556857	10.097054235553435
-0.28156893585312887	0.4823472999682844	15.23016706206416	15.241043550449824
-0.28859654241135274	0.4326875497804446	0.9366940738172858	1.0804545584388152
0.2728220030271834	-0.4551308382547107	-167.30373315201788	167.30463287760975
0.20975213408603233	-0.09364284330951606	-146.4380486940578	146.4390610124413
0.3547416438758017	0.6246394506674744	-0.19121648860722465	0.7563462220736923
-0.5029420054037778	1.242043720787642	0.6487422131056663	1.5685055519866107
-0.3436196090520798	1.094665773845401	0.6632040997740393	1.332549081651685
-0.6809170146801087	0.8427139555793577	1.3576739798648583	1.7425766015619406
-0.38620877968503176	0.2657980785709875	1.0068836837704687	1.119419661083822
-0.6524994103772518	-0.12775396246716442	5.208554459944514	5.252675118696817
-0.06849170662829152	-0.09205453093735369	21.424830767716337	21.42559260232322
-0.17164262389201407	0.31030624958469377	556.3834788760212	556.3838109051028
0.19253363550653096	-0.0905733972943477	371.5582833526165	371.55837048903805
-0.2983817260219531	0.39530253352353356	1398.711925021452	1398.7123274081616
0.20492453700780502	0.4020363679802098	-3.22284266504696	3.2572721617318914
0.1648400997881005	-0.13237038019185485	-0.5378635634010281	1.1030789517458564
0.024728320782416602	-0.12414039019112696	-0.44092837098850773	1.0444092816363229
-0.17669802822381328	-0.08204026744047728	17.302184709263646	17.328701598938004
-0.7065888966620982	0.21447118493055395	36.06685634103853	36.086614452952816
0.14740933293023178	0.05550239050772262	2.0268776274953346	2.0377739640422043
-0.16381084659877665	0.14117249471329663	43.50003908821654	43.50337784914516
0.07609317717906311	0.4284508196152175	-84.34314184136554	84.34437987046942
0.19810632052052754	0.20113063117428	-0.1322090516706628	0.34155330955855523
-0.316518050063168	-0.05820725219881025	-0.6290999962241114	0.7202904625034978
0.17565823595695185	-0.04646148548190256	-4.449844220450983	4.455738755433684
-0.12342362281322314	0.08522266112525073	0.15565022275634843	0.2572995712816312
0.2630852514311064	0.4047258473548039	0.02428064624729167	0.5030767294556754
0.43923472253660667	-0.5412700403851823	1.1287278117251558	1.333944022799402
-0.026334996862783063	0.20430219911533967	-319.3228929639638	319.3229899076805
-0.09328223816317165	-0.12911386444132608	-157.47816594185605	157.47830834804392
0.0030249541525415174	-0.8170093454789904	-35.96863074080579	35.97817936714262
0.32744298307891245	-1.7758904799420452	-281.0053129886762	281.01114998083744
0.6193666547514941	-2.519119082172443	-308.5935582343833	308.60449322643666
-0.07387630611217944	0.07724362001587261	-86.07087621877076	86.07105574545542
0.15842210786769478	0.007980328008896254	1.003153570636111	1.0251624852072743
-0.1006713492529166	-1.4226336636095205	3.9032227975608538	4.184840428402764
0.9637001967806215	-1.1010750436972243	2.899802288587109	3.285370234299764
0.14650729270482032	0.11006136153621124	-1.1610214523514677	1.183650492265015
-0.27660346627340887	-0.11231853621872755	-0.016233968391057788	0.32995190219561493
-0.25774385826918295	0.1758070683477134	-0.26347165316919846	0.4315519883863504
-0.05162742159323623	-0.711819393971763	-9.527404983585447	9.566844720384225
0.5743816698296424	-1.0298357779560716	342.22634594912074	342.2284059184806
-0.1977315822626346	-0.6022847108747134	95.89451518488004	95.89671197168163
-0.34352112963770626	-0.22847983812374273	135.31379962653108	135.31450054948598
0.0018507480936708898	-0.34127175164993817	162.64337835676352	162.64448565222702
-0.05709446971587909	-0.6544296622544186	69.31914337942212	69.32860540506415
-0.12770871562793784	0.6194517375093731	28.069282297623133	28.09212399338487
-0.012023974332601967	-0.3453259305999816	12.68814435785489	12.69361578136696
0.23268010736862219	0.11910610908959512	12.761562786883403	12.773782955865299
0.920842994589637	0.6875209265473045	1.3150605499858405	1.7519991096328607
-0.7599074465952702	-3.493063246637245	-21.64778213753467	21.94139697994327
-0.28311873507285845	1.4043135725461293	-9.828478184231262	9.93331344673047
0.1629717986242128	-0.3455283969850998	-2.0041791356574277	2.0450338561927177
-0.051009629520308714	0.4709698527347308	-21.02683255611158	21.037961447574773
0.41473602913011465	0.32070972588563396	202.55953878465323	202.56026533636475
0.2629203742110084	-0.30305169040694224	46.31955866657382	46.321506477027576
-0.08338247101992467	-0.18713323403836152	118.6743444638994	118.6746033707503
-0.3284801468341064	0.05089654474642727	10.6441235123007	10.65022698326866
0.06191502145034452	-0.11242614875609652	3.153601199884055	3.1562119125171986
0.10152131222361072	-0.2951569248058543	4.035230512260372	4.047284209710699
0.051403687975314714	0.13819561060790847	1.7039130798274729	1.7159661810291889
-0.13909930716098104	-0.4898731871943263	1.223017242556536	1.3321318693264508
0.204355505612754	0.016644580021154487	2.4709747982921235	2.4833917237143885
-0.03249274491587354	0.036355214260013126	1.1070156391386954	1.116844165617439
-0.0019393266545998933	-0.40933578162590945	0.7201913675784466	0.84006841027483
0.3756342747793998	0.24116339731962777	1.1038664574291253	1.1988585543478083
0.10030690536313415	-0.021211162622270338	0.37880711291403363	0.3924362591269855
0.08962627676184941	-0.18896265458654263	0.595671851133776	0.6313198147909852
0.6114862382279533	0.16120165593160501	-0.37114763169584425	0.8839524310338758
0.1434410514956539	0.09928105079583367	0.20426143987263914	0.30271204637435145
0.140675476792847	0.06625748696336524	-0.08069459067459185	0.22398894216843668
0.09824816158122378	-0.08783820177110077	-0.2775284941092562	0.3374464415089042
-0.051519312575341744	0.32576299643412754	-1.1091423741578417	1.157139825417167
-0.14181159290410114	0.32203016253319194	-1.613306210607275	1.651233140003906
-0.21750294635403689	-0.15707407264289758	-11.240309853818886	11.243511257869017
-0.09976071458535349	-0.09803692808240133	-11.42715915568018	11.428015129876572
-0.2518760259815286	-0.1401845895104371	-21.488094493006884	21.49048110156897
-0.17189069558292272	-0.08345270859564383	-2.6127887504942726	2.619766367542981
0.08553568149789968	0.2008191379441639	-102.25563318912478	102.25586615733991
-0.04625232086957532	-0.12783692746962538	-7.967727780648035	7.968887472145732
0.15983566874901067	-0.043065516478204516	-150.95511190235501	150.95602282533926
-0.8338848030732707	-0.8155627389408163	-1.854485835367501	2.1952457594592665
-0.012667377036531424	-0.0043913293260056385	-0.010017592053075626	0.016736139482477007
0.06878625807453781	0.29138909200034957	0.14145247640675185	0.3311313263922454
-0.3696675448827178	0.11157808178003982	0.14378333805086774	0.41204054457586997
-0.3727336941698394	0.10827947157619243	0.006788499432321529	0.3882021824498898
-0.15873611704243484	0.2792506663727324	0.5654536456774586	0.6651283333562431
-0.03747739838966081	-0.027556243623032335	-0.01006220711871722	0.1474616386209283
0.39174471197033156	0.13602751295078588	0.8207970878516405	1.0456055542899665
0.3524472043816467	0.3016873578424256	1.1374056265549697	1.2362870370497645
-0.09734697973755839	0.058141173062824784	0.03682649805148838	0.18355600324664495
-0.14274038572310174	0.35119304820228886	1.116023575053833	1.186886590958856
0.39270020773476877	0.26079062445346096	2.649809663457215	2.6950317698329633
0.28556291757248176	0.16254572187024	23.209563779308464	23.21230918935636
0.005956737754119069	0.2002019695759534	6.38134420232025	6.3860120517215595
-0.05670478529051651	-0.05188953605020516	8.790717546219318	8.792161436127897
0.2206131159865684	0.3898221472649399	33.41740503507193	33.42069823502188
-0.032718189421934246	-0.32978196945692356	15.708541282444997	15.71265654287895
0.253982284574625	0.07634921533332328	113.47229836739376	113.4726941284435
-0.06265703122664992	0.19311506512559512	22.37477850762422	22.375699600173025
-0.054465417721801065	0.07132371035419076	24.567071868107156	24.567235777069595
0.016521060972488302	-0.0871703941107419	156.06727829148716	156.0673659184407
0.12578361067276672	0.042372905068046605	8.644846514570153	8.646991848335087
0.5288381524287694	-0.19638826100563195	204.3637908323821	204.3646170972535
0.07683393055643671	0.19054742144622758	18.48985294817209	18.49152112733381
0.2465888363674971	-0.4824232445244229	123.28968874982169	123.29087918523811
0.5711137458728681	-1.2308897816999618	265.0813743105499	265.08484729787034
-0.03351828684329031	-0.682045395077131	163.84282769528278	163.84499448114067
0.041379067065824664	0.1739471853580668	59.18403235099851	59.18446700747944
-0.47795076606343717	-0.15274498159459804	-0.053767321112206695	0.5235825378128488
-0.0912512320266535	-0.17378400019500756	-0.11602566363823374	0.2673376247235937
-0.024943863015026296	0.18241942425169683	1.0572447406209742	1.082194653986585
-0.6702142263842713	-0.29882890538565093	29.344368060837187	29.357759424484755
0.03787438381261253	0.12438454438629243	16.790734854013344	16.791818326390676
-0.1258190061408293	-0.009518184111090879	31.387448253697947	31.388012181111453
-1.398532786321191	0.3176869915726311	7.7953199250613	7.927377340456773
-1.080494774524536	-0.37329034651879206	6.682886491661078	6.781391176293039
0.29458305264357537	0.022232123622425215	-81.06559440373665	81.06765992173123
0.01727920354255752	-0.1812928052162022	-46.24029040435205	46.2408596602162
-0.4708117036812219	0.06394004284737224	-1.830485472419617	1.8962881740499795
0.11847853739795217	0.00781398452117641	-2.555799279759397	2.5623598430932186
-0.07299660611418252	0.04726900962550225	0.09348770594084177	0.12768247701719415
-0.30700107912293584	-0.07240111884872771	0.450058925807723	0.5495858634393692
-0.2272899100686644	-0.011037065367590082	0.04193072680621379	0.27022303895383853
0.13104636763440933	-0.05533414270252527	0.12205462260952127	0.5280646656605135
-0.21609633754066598	-0.11790980855390598	0.6302766505702397	0.6908898546119702
-0.07272700830106497	-0.0007430831940126899	-12.758248570791034	12.758455876946886
-0.22249714844179963	0.11822881985427287	-102.52174366636764	102.52205327356306
0.12794679941367762	-0.20935149732549624	-11.199613278423037	11.213173322549785
0.12968477438915926	0.014951060869051125	-20.893167883226628	20.894041869789632
-0.10796850052647401	0.13180033244032763	-4.916322263898779	4.919273638175064
-0.13198869282099507	-0.0063968653932370625	-3.8758714699084322	3.8781234619554863
-0.016394342314502208	0.011634186198035381	-9.392927990556778	9.393986382225249
-0.04096649299202648	-0.8216931817380491	-116.82485448055377	116.82783470614324
-0.18196784132310057	0.06816254897197138	-104.69301806145995	104.69329142323512
-0.04623720298380095	-0.18408625811644133	-53.16134365245279	53.16186569664809
0.10413450851002169	-0.06968082471114509	-196.021163029667	196.0218346782536
-0.13269264649841925	-1.0679902401809411	16.429082467857313	16.47169333036568
0.1766653354914404	-0.18155927735052318	1.6678260182321967	1.6927190623221002
-0.15910095307688926	-0.014013037676045226	1.0880895878611205	1.1085703471619057
1.2522518766725381	-2.3195220268689676	9.375774587886989	9.740274436766537
-0.1772409693642211	-0.09379202511791705	0.8596007209456767	1.0113578234468825
0.15386068786653387	-0.08574279154624032	-0.8609341802155968	0.8897822121937518
0.020197802887199086	-0.5146379862664968	-1.0934023258186945	1.2166629110627294
0.1861172912012524	0.33989236584308913	-4.402146531126204	4.421373127530515
0.33308164246252636	0.3037843962278848	-1.0793709424976747	1.1780279098329522
-0.16639363345991348	-0.22067353892573643	-4.1368831968267346	4.14845344931402
-0.21341727045957182	0.526375157740355	-9.432621782612847	9.45073813078846
-0.25957909484296127	0.24454107736077116	-56.381482072128705	56.38477119078491
-0.17129838081855553	-0.037097080414838786	-4.501984141474659	4.507555914643287
-0.41890004128048547	-0.17752323910097179	-115.26950666125099	115.27423367543201
0.1351305814569253	-0.06763072554595137	-17.78097452184248	17.782164348593636
0.02242825149565824	-0.09511705322884029	-16.961881438407733	16.96216295791551
0.07740398181229549	-0.007803301352910019	-5.0484519960600265	5.04905137866856
0.195671133874588	-0.1993407608598176	122.15653111347824	122.15685047351926
0.034714418387648896	-0.10619319564781994	26.71271929291689	26.712952927518515
0.35670689520787047	-0.3192652604393634	141.85185513232645	141.85273157180666
-0.039047265873746656	-0.3142974310668682	156.39668577017306	156.3970687297025
0.41973786050076817	0.1078973192403741	3.5353483615435977	3.59640451737649
0.2789099676195551	0.03417978031462965	3.6140210148704717	3.6276144652161277
-0.08889410637840585	1.112451085133074	3.2499030308954318	3.4390113512586553
0.8073771722241944	0.16625008063181718	0.9974361103720274	1.2939767315577595
1.5907515629187847	0.39074949696181216	1.7111486452698705	2.3687983009351767
1.5003024299744685	-0.36114829208017485	3.1526152943088808	3.512804926133815
0.41329875523822845	0.11520202557261919	0.7677028225475351	0.8904688520240085
0.19866127979595224	-0.17071635051534795	-0.04592689600715277	0.3003322178859549
0.7886218881773939	-0.12513156838260692	0.39301135892742556	0.9008441069709847
-0.08549536720540352	-0.07105394298192672	0.14168126891829078	0.18008804121640812
0.620592794456643	0.21154316011076335	0.3930158942140041	0.7644262019488778
-0.12324873529761982	-0.504634780942608	-1.3364143617389639	1.4406004456654935
-0.6328534434808826	-1.6585435811025704	-7.318324834571833	7.5305477009081505
-0.012167740363225349	-0.13170949261057363	-0.5811863323024932	0.5960478145287553
-0.06248240663395563	-0.4442807867526182	-2.9215353865174163	2.9967279532332878
-0.479706531859713	-0.7235784716434759	-4.632938533807938	4.715642416922345
-0.487202844852053	-0.3847163286957746	-2.2094048497976737	2.299200478602632
0.10236656225759239	-0.1497746590932999	-1.0605848468794055	1.0759886518942308
0.01893008898313766	-0.00040003853216408203	-0.7032889508428634	0.7035437844778337
0.13750106109652166	0.022845143562974735	-1.5668267963450613	1.579194236638422
-1.0675114765054476	0.49516669909143396	-9.005166426193872	9.082800942479654
-0.07503800015854496	-0.0006793142527787913	-0.13153081333807154	0.1514315614164443
-0.009265897076596592	-0.12084710339854243	-0.12666774448839807	0.17531285389905119
-0.26133197010279763	0.3560394542615336	-6.820701427606316	6.83641033299198
0.19001715865581773	0.05294710064171094	-3.0229661196131623	3.0326084253129437
0.11253305792495072	0.17613556940548308	-7.52549022897226	7.544561654376792
0.2749220234963789	-0.33455145511233064	-3.4897563261845224	3.5192876830640047
0.06832971552447656	-0.5983366112072148	-21.262617047011783	21.271601705633508
0.04460788435849041	0.603998340433826	-1145.3695682028635	1145.3698364217494
-0.2687439264213662	-0.07551715876994286	-81.81977244164788	81.82036768633587
0.07877927218928885	0.12313921716740427	27.34636115858588	27.346751873967513
0.008773908420508524	0.08682775661492162	5.700977478985415	5.7016453990656615
0.2091215005001995	0.1007514686491812	3.372038581374653	3.380018765433945
0.07890110331071176	0.04415004366960003	0.5312742501464471	0.5389127381388799
-0.04812015157472727	0.009535898643933371	0.06748548652021318	0.08343124859063282
0.08185975308403129	-0.02797344783346804	0.05231969115047097	0.10109838297792403
-0.7740481116238946	0.007755957649845158	0.3690250795323294	0.8688325087215749
-0.2366904328321462	-0.22904279158026725	0.2405242000735522	0.43106221951149065
-0.07751187988889396	-0.22057783852213558	0.023667274192104654	0.23499534939800806
0.023379750529041333	-0.07568285257567316	0.07595465476654371	0.10974341205510298
0.36907068092633133	-0.0038370017533833484	-17.609562733066593	17.613430317229795
0.16412321207348154	-0.02101594618973336	-13.378275913400778	13.379299103982053
-0.05335723109666509	0.5737328021855508	-22.611234376068367	22.61857502876585
-0.09012277062718257	0.284128571873285	-9.155254701621505	9.160105884251719
0.04039784955352521	-0.0054337262873331085	-0.1748414302200294	0.1795300458176857
-0.06978888129462438	0.06213389041288223	-0.13209333323543113	0.16180159756764417
0.027347211753904123	0.026714746420934972	0.008879059477382927	0.03924774342877097
0.07811392478002178	-0.0638631986759915	0.18263467610405998	0.2086527723906467
0.04003834704711204	-0.034402551150829075	0.08203373238242978	0.09755203293392964
-0.024676232620703585	0.0057919283688261415	0.004176523457711259	0.025688640267120123
-0.31239750379492054	0.280989803342831	0.72212064751668	0.8354673539581603
0.02148872433277352	-0.05337233295189167	0.1340191286532884	0.14584751641068225
0.07802640894381488	0.07978803161078753	0.2124009934060827	0.2399342253220293
0.004941538547033008	0.03392395098557344	0.138349553264626	0.14253368774505554
-0.23201485415979106	0.10406623810403291	2.2614849255364926	2.275736088146583
-0.0756060645886656	-0.08910466668776311	3.2467455341760596	3.2488478699871894
0.046439220837062256	-0.05345346679578436	3.9472579888008483	3.9478930462332107
-0.013759421001938867	-0.0070253115679179065	0.6534019159942628	0.653584532018554
0.035874258566573225	0.11976642369962885	41.90708071442771	41.90726720944988
-0.11776741388857037	-0.08593110976210802	-0.1686290819380505	0.22291049027405363
-0.05191402160822461	-0.054186373434884735	-0.3318266933118344	0.3402060891574841
0.581819983052131	0.0011152120585570802	1.2735424214082125	1.4859480972103336
0.02632037636087859	-0.02181690645429254	12.038328864472167	12.038377406810381
0.0055737808845951215	-0.03249452056010799	0.6582308616875596	0.6590560129288922
0.010838359856973841	0.08830822758809688	25.092231353219642	25.092777245285205
-0.03504924383961959	-0.38061081101528166	83.0001346880658	83.00113210710391
0.528075725679332	-0.0721732450905758	-27.710193333236827	27.715318643571848
0.08219969161405502	-0.06891309537172485	-5.0166318469285045	5.0177784817220115
0.11298559028511158	0.022146671351294098	-0.5583968003521205	0.5701431445764329
0.2540708639376685	-0.06252073616654209	-2.415761186858021	2.429889495076374
0.41162050943705103	-0.46868780948600897	-39.38975374490265	39.39469253326674
0.09786707652060489	-0.05005876809457244	-4.8827335658382855	4.88397081480773
0.05096325233899108	-0.221009845573714	-174.405171091284	174.4053185713813
-0.0353212125693212	-0.03357200715075545	-82.94637956677943	82.946393881253
-0.017750605667202823	-0.22410065175486932	2.272187310153354	2.283280832166828
-0.011404999016037103	-0.3680297594018835	2.3346965082212536	2.3635532072091117
-0.15543273934150692	-0.053781320533883285	4.021830275171621	4.025191986624316
0.02256397202509207	-0.021979963214366263	0.3568687550117018	0.3582562768746085
0.07046091725390521	0.022761593932228208	0.1076032254796261	0.13061885450507
-0.033727303450892226	-0.06165202046521766	0.07710557225505503	0.10432531762852072
0.13381828942426754	-0.1381456144641882	0.7618224828671611	0.7857258050885254
0.2814355157654872	-0.16109020362048773	0.7933850459174747	0.8570973307169669
-0.09296724849911202	-0.012310308380998405	-0.2196600011510548	0.23884088655758323
0.010131875738429684	0.06401602103370686	-0.07065505534331337	0.09587931320432817
0.07239291931338127	-0.26859411352845664	63.000838530392734	63.001452674245584
0.07240410497766189	-0.5786454314348484	178.9782013018959	178.97915133934373
0.32219695514836777	-0.32547868378159933	52.26516721995454	52.267360097542834
0.15899412046915284	-0.01698238506737612	65.22677959922686	65.22712491136461
-0.1283692502327562	-0.23986628105249652	4.459224587160454	4.467515911099545
-0.2646920175930565	-0.20511972468898282	4.669762384921493	4.681753592112857
0.12783993025644633	0.0790122653062966	2.0884502397473126	2.0938506130422514
0.2209899583924066	0.030905942917634453	1.6928104584128285	1.7074539487581375
0.026834838829227263	0.019962576351052065	0.02551778732441784	0.0420686403333459
0.9820700184692059	-0.041503051517047154	1.1999943488271432	1.5511835680145707
-0.05009887742368614	0.10816464080239481	0.031525805658568176	0.12330191994225566
0.06890985454719388	0.2431457439010825	-0.021637795018692077	0.25364663412747496
0.21937656310290346	0.016311858079763993	0.1527771085453718	0.26783016642704915
0.38333919180279963	0.10507230347516994	0.09524256725754171	0.4087300717434541
0.005236229167460957	0.032887356913251835	-0.0782483965770985	0.08504003708560257
0.12325045195580758	0.10229502223113515	-0.0065563731126077746	0.16030574384273003
0.11806124120137768	-0.9760666959848574	-7.0876384940868045	7.156866902454306
0.03651240952683317	-0.0421016804624148	-1.1644206020243089	1.174078715787774
-0.10974946918952505	-0.18376456093111873	-1.0288243138181843	1.0508538568921213
-0.25320289449530053	-0.8949642171837251	-5.21516492236222	5.297453900059672
-0.005818525489458035	-0.20914117025043252	-1.7181112117576225	1.7308032875806072
-0.011457883188764012	-0.07170244213259433	-0.5268144855562943	0.5317953427850686
-0.3602778050308584	-2.1008895957336744	-15.208512518229446	15.357160885675537
-0.006025919791918664	-0.09590545808318666	-0.47951549704376906	0.4890493640775107
-0.2648186860438051	-0.7729138284696419	-6.106944018415472	6.161354556165233
-0.057332982150275866	-0.05209500936327372	-0.5257219818128978	0.5313986855498273
-0.10111875991477767	-0.31654748841273106	-2.3093889028739802	2.3331748073956198
-0.21179904976493905	-0.4632941235222602	-3.155717878000946	3.1965693906166632
-0.17930265897448172	0.6720670766988035	-5.848195990908791	5.889415925809575
-0.020730529642729804	0.017749026553555744	-0.4926502476748804	0.4934055627341344
-0.011133988784607588	-0.10797200309947885	-1.6832589539501785	1.68675505785903
0.010234855108493346	0.040116340514424004	-0.8452978657187337	0.8463111453974878
0.029773212616746956	0.00851680762510272	-311.2784382074175	311.27843974780717
0.044177506572664615	-0.12589876522797222	-312.30639307157367	312.30642157267175
0.08966476877204968	0.16520765004604926	9.1118629342186	9.114870227012531
-0.004050593472411129	-0.6392942223690723	46.05155161533203	46.06554537051041
-0.006099823728344243	-0.2244433721970647	29.807654188636715	29.823262914332915
0.4071868685773405	0.42733756223518726	-0.2215238347598943	0.6457330193707475
-0.46138864887700987	0.18719772688279993	-2.2363333951401736	2.295340783714222
0.2492995752406983	0.33317510795372773	-5.399256700062578	5.417066422783273
-0.3334024633450401	-0.4208885744302499	-5.8310026820409595	5.857335269345553
-0.022619193596189344	0.7010968019844777	-12.109673622020896	12.130775876688206
-0.2280532827062941	-0.19538975297985403	-6.260326298922806	6.269078928296176
0.29434470716182376	-0.25062720433979285	-2.073660698399739	2.1140012486223974
-0.16780680134985063	-0.035797697901056164	-0.13093469764890991	0.2570297214383872
-0.023662046099603325	0.09528741476995124	-4.914958088264844	4.915938627895915
0.12707859936711186	0.10743582705147725	-8.199948448635226	8.201636787106988
0.004605182006141833	-0.01990233374887302	-5.8042341404592905	5.804270089155326
0.13441117276092254	0.2137237882993453	-50.5947645025441	50.59539444740938
-0.48857879152859995	-0.4361020235934653	0.4086540046690203	0.7844565577174367
0.10099496646583321	0.03686926354285942	0.295918601403833	0.31484463549889014
0.08967342742659112	0.20417653030268057	0.9094089860135602	0.936351474049724
0.1401952222194123	-0.0768625554436037	0.14612294573274517	0.2165974792837784
-0.017834365115027374	-0.02338796692107721	0.10710794288468514	0.11107282748155244
-0.08842457989887825	0.07143920275408722	-6.442016050561784	6.44453047526475
0.16342548991198202	0.1135631035942595	-36.92037915576093	36.92117930482851
0.12492512920189573	-0.0018105100481128397	1.7393006249421057	1.7437821623633913
-0.0030779028601654566	0.01739940055957832	0.029337166561341638	0.03424736439052166
0.09756433344117396	-0.04556058071149692	5.256919065564916	5.259873801953286
0.011981890443674065	-0.0020754083942211947	0.16908686496114655	0.16952357039950566
-0.16280708725153564	0.479936718785448	7.099043161148129	7.117110312868693
0.0050529381615184756	-0.017539738540542277	0.027125556328587548	0.032695113064035886
-0.1471256167986565	-0.25978558547013475	-0.09775794585996063	0.3141514181333657
0.23129195459631147	-0.22444554286953539	-0.4178000261942373	0.5458098723574796
-0.1514792101701321	0.46223830387627474	-7.409714985703216	7.4269755725287645
0.06095057182095717	0.028300260694636092	-57.2807302671537	57.28076968595464
0.2015750231197222	-0.014101369049306423	-13.001246418492762	13.012334743812335
0.06552318918158878	0.23651008434159415	-2.4449826026261756	2.457268856975252
-0.03190388258127087	0.009870028595294194	-0.1958023512574755	0.19862989690926997
0.5574428565115565	-0.5480394139636222	-3.3523602340955714	3.4775176231154696
0.032673008571195476	0.1228578522735482	-0.3793948822613403	0.4237709746318862
0.683888290851135	-0.5795705527062842	-1.0916425135212189	1.4963316943961584
0.035428425195617674	0.06513220620629492	-0.42027699011312936	0.44900992295905023
0.06895744834255364	0.03128360115097424	-0.2251492236875802	0.23754150439451469
0.15173266077700576	0.22208810762866665	-0.3376823162752763	0.43171202742289666
-0.030117573853446454	-0.3252784808219314	-0.6208383194198506	0.7152853710937375
0.08858613111220223	0.3552302708902385	-2.040886773326835	2.078156551952379
0.343553955692146	-0.5411301289512699	-0.8687637113356734	1.088614398198128
-0.14734299915081966	-0.1038164270046592	0.24795532291244793	0.30654469833188885
-0.0732495571315751	0.04325703293229106	0.13230743192472413	0.15729566128979147
0.0024704307897787936	0.22269507161300545	0.643117477422451	0.6805874578004112
-0.026902399037129168	0.07416005256341354	0.07669235503212135	0.11002349653839488
0.1745767011083909	-0.08661872537338056	0.41977491804658723	0.48339486434613305
-0.032495050299435904	0.3717022567031016	5.292832406016859	5.307803044482185
-0.65039287288738	0.38534890162002033	13.995779580735046	14.016181746024932
0.0013175502462047309	-0.0065728266008836505	0.07502343843778163	0.07532233601797056
0.038935108426683074	0.8797930637031295	17.99647419747753	18.042421841620456
-0.46977854885443976	0.25504389296752	1.8586534773162193	1.9390234155222281
-0.03749313295075274	-0.135222825208644	1.7411913091515596	1.7468366044197698
0.05994213213158802	-0.013211972263069291	0.8344338394217332	0.8366883815302179
-0.5296844003666376	-0.5858228616657722	3.4721456445084304	3.6827083988310694
0.0006529310636802857	0.11859175087415438	0.18696807553629408	0.22140797403010776
0.1278303229327631	0.07234396374747906	0.29178402325018826	0.32666826717001096
-0.2626813703890878	-0.18125519630811626	-0.3931226832455978	0.5063599437360756
-0.09830386359023335	-0.1921463056341235	-0.32407933694512314	0.38937291765144627
-0.009124404940783148	-0.03194599792328359	-4.418467081417466	4.4185919874003545
0.1270299845274473	0.016452181969644736	-5.365441953244454	5.366970713996515
0.10042878004644362	-0.0018664098091538614	-2.0556894684865976	2.058142029645647
0.030052395551552386	-0.0920627878938059	-0.9705706749103282	0.9753902492792601
-0.031534813452055166	-0.002415775505583445	-1.3157727129469563	1.3161527694635389
0.1033178801097625	-0.09769513623511769	-2.6089808515778152	2.6128528484960793
0.04564115127771744	-0.03764948065873813	-1.2919299286083608	1.293284013091414
0.32834335950097193	-0.43845317957214525	-5.948531395613932	5.973698713277222
0.1603226545695714	0.10186175527552303	-35.22430015185285	35.22508878829799
-0.11307515761443443	-0.14729966940296016	-73.98814723827084	73.98851191043661
0.3762386488795195	0.5090558983899964	-60.44450543498638	60.449868043038734
0.04879996568079806	-0.16383727909729912	-2.8159046634644214	2.8245394225064606
-0.2849187858039776	0.10224718112739835	-4.027864292710249	4.041633796615268
0.05280012434337792	0.15548076458602408	-0.11786688917515402	0.2021255175646035
-0.08154275630417732	0.20287294347869067	-0.11638878882078624	0.247695382404598
0.17947064729855192	0.7180003039654913	3.1766762982750714	3.2617489869330707
0.0004475096654596722	0.41347738957000835	1.7401971909479461	1.7886447426288017
-0.11210855344606896	-0.21975108716039943	1.1862222265608025	1.211603086349162
-0.06845782096149061	-0.17230275280095286	1.6605669671946337	1.6708852038400381
-0.020824154447499892	-0.034374021514876854	0.3592097196915266	0.36145102224841424
0.05722986054836984	-0.017890446055102906	0.06588903990013768	0.08908810570103251
0.14847558555607243	-0.25606499022495927	-0.7701562591778177	0.836800291094534
2.3333454938076206	1.7527569939377496	-5.082025351367462	5.881101928007337
2.339023471403777	2.9194725704101954	-6.395072127307088	7.410180712203671
0.7485810155022214	1.3197146024409974	-3.626321328337025	3.9618110110678346
0.28087970709900095	0.4786133920183865	-8.226638427436047	8.260100722572746
-0.20773780506612624	-3.3480585359917154	-151.96249324298074	151.99957724731982
-0.601893651917993	-2.878267878065177	-107.4750752396497	107.51538485025938
0.04355035585134301	-0.2291602357552159	-4.532877110548023	4.541020340339422
-0.6906907049476533	-1.1984150640194868	-56.952743069211195	56.96970840023717
-0.1835232751784724	0.4289310123624291	0.10163367459048626	0.49746537026134435
-0.07035718366855606	0.14223637538593412	-0.13061270416664797	0.24843667838389644
0.11782618504692381	0.38209100149559494	-0.598256670025672	0.7195745871949789
0.02575774332609563	0.6282378143583699	-0.854510591359424	1.0609121374913508
2.296948959487468	2.85448072124038	-6.4082335407492375	7.398453050152247
0.03831036243336089	0.2473206725616909	-0.5976424656596764	0.6627906913995703
0.08371719515558242	0.08282001384312462	-0.42642990951459525	0.46388573602377486
0.14281205196643243	-0.07302685047205087	-0.7346139659445565	0.7519214600192765
0.3847746793731326	-0.03986834014341107	-1.1756479569862792	1.2376547003096219
0.3790610239578464	0.9887161594695355	-2.095391496122752	2.351891198759777
0.34417872349231904	0.2659902967581429	-1.2498531673757585	1.330722569348511
-0.02770273302566323	0.291161501808706	-0.9189181912522532	0.9643407612285733
0.2316778037148337	-0.17223588635973663	-1.457299974749172	1.4856187336218498
1.0910900238291599	0.1092069014387696	-17.574204148749224	17.60838025058909
0.3455980697691461	0.0717222889935974	-4.677414071964519	4.69071258053383
-0.2621560669527117	-0.7132971330833118	-29.65338447590885	29.663120696912127
-0.18795939637339962	-0.934093196916755	-35.71869553645206	35.73140173098406
-0.8324446847838977	-0.9614292970315587	-47.99068943994626	48.00773961719801
0.13698603411151417	-2.3418235611701705	-94.99324752170678	95.02231031326453
0.03841336038253783	-0.25186325201482784	-8.448887576158201	8.452728077877092
-0.06671036177522541	-0.12859889410924877	-3.4535526976615527	3.4565899646124776
-0.17575727408581146	-0.452142125639295	-12.218232384870152	12.227858591423992
-0.034734267567451294	0.01804314026542895	-0.057489037250522346	0.06954864238845465
-0.20052719143316555	-0.5807750029717882	-8.922024406400466	8.943155498311908
-0.2000794959558631	-0.2757859690878092	-5.063959508065546	5.075408910105185
0.06931186068055567	-0.1550299809123754	-1.019521177818854	1.0429485346525187
-0.07628416988670936	-0.1357362223831813	-0.24200737004089634	0.31982956194866075
-0.5669984221327452	0.41978597590192906	-2.02450073081138	2.148439077614436
-0.22079192765475827	-0.1995037336538406	-0.3249920867194219	0.4622233836464474
-0.1943058195663473	0.37755366399284584	0.1536264648151286	0.45155576776669176
0.006931762690195756	0.16331367200475053	0.05565698675091481	0.1726763011297726
-0.26452342461157274	2.025174703312761	0.4622784208700037	2.098686814274161
-0.5819766597026859	0.40347067815238447	-0.38762970700327665	0.8192813895230909
-0.36668435791820636	0.4670857211887924	0.03867062290708108	0.6112296550858468
-0.35256369093738044	0.25459659917356775	0.0661997703378632	0.4615005730992333
-0.53299918689438	1.094999172944769	0.5747263852505391	1.4342739216352465
-0.21630006982573216	0.41604381646742117	0.13335710520529837	0.5070917864017628
-0.029741619336154726	-0.037807542857386925	0.20564561241568446	0.25314793505670063
-0.5701050364782154	-0.19841145314229636	-0.7457451223651719	0.9695372245495838
0.04540738894829341	0.038253747280375595	-0.011823722515859246	0.06053908296484575
-0.04934790795065422	-0.00039823518126164137	-0.07303155210683776	0.08814331134294642
-0.020034781270587013	0.0021877037718124603	-0.02083757919494722	0.028993867214622562
1.1193777643768306	1.2567685785519378	-3.2984613198409556	3.7030151117574
0.016391161721688256	0.04236547895780295	-0.060191821301329225	0.07540927888185722
2.293384525356544	2.836846806797135	-6.269814293851237	7.253818557543416
0.989605644262094	1.3488659545318156	-2.969785214348395	3.408574909520511
0.07288826741516999	0.09114977661117875	-0.249259454530601	0.2752294624053643
0.10764310321659815	-0.03306840194630896	-0.16111757337061844	0.1965691464249118
0.4723586815471317	-0.7729727205138417	0.8302436932565457	1.3242484975576843
0.8435188833882746	-1.2398657843096184	0.4857632340309711	1.5824781117508497
-1.5423533794405957	0.5373582009973977	3.476370478938292	3.843467090399583
-3.3994778747432415	0.9310448445883532	8.336573867102087	9.052139965226615
0.06831159934516096	0.0857080683200227	-0.559399244340308	0.5700349657246923
0.038376328358530824	0.044527622676078474	-1.3955143945182038	1.3967519024748
-0.6357352175820539	0.887630717779158	0.005400766191770188	1.0918226624753227
-0.043604024750575905	0.10672569086343414	0.03564864617437557	0.12067522545573284
-0.3286138261571548	0.501612919925036	0.04943743982606743	0.6017031067178572
-0.22251678953144918	0.5051842026912845	-0.046621751988172165	0.5539841044927719
-0.5220743121645325	2.5857381456195987	0.4078016246477303	2.6728982949412194
-0.004536645445547549	0.522487209068212	0.19612662560827523	0.5752902771334455
0.17138407864133443	1.3965128989369757	0.48055001693019866	1.4867915449318068
0.09238445712150051	1.4231923643133864	0.6033629317608602	1.5485665052494908
-0.01963985679640267	-0.06558454744505687	-0.5406032319453503	0.5625110631163748
0.07634466451216093	0.40172273654048773	-0.8595293242155659	0.9620187674570178
2.9562443435675307	3.219828342373722	-7.53232711681093	8.709885576330691
0.9772304480460164	0.8905646780608204	-2.6431637017623526	2.9586954783505273
0.059225629514859573	0.6621035579764437	2.3906487332751047	2.5307520373767076
-2.0775967346281625	2.1418804811960372	14.19707468390698	14.515805367942857
-0.25476625779972867	0.09171359106606304	1.6369707583580118	1.6650736552833678
0.20320942196905842	-0.05322024966364154	1.1830149218145918	1.209599336262733
0.529208577428333	-0.5581927354183717	0.8547813263509871	1.1583487165253463
-0.11504165472546297	0.006679698910533577	0.12661542493598446	0.22088560711650726
0.1316651082833008	-0.26050969347425607	0.025607515465648656	0.32455589793073786
-0.18181429588326598	-0.321098760813357	0.2765404197722496	1.0454597309562972
0.03832137266830947	0.04202770968596109	0.044953330591369536	0.15727505465231237
0.3076452630717518	-1.0443530365241553	0.7366389542372199	1.615025205557924
0.29667543707247523	-0.957255794735651	1.2462333566521282	1.6052826341954731
0.5880156824291999	-0.6373222360098509	-0.6094649243639114	1.4155352917625128
-0.00047038904090117295	-0.061540274461640426	-0.14997531472642822	0.21391541920571092
0.3045699476759859	-1.4702646930393464	-0.5648161010071471	1.8590992801575583
-0.08610895544077107	-0.35194623765835154	-0.32381085933414816	0.5055829941084738
0.15822599384640457	0.007161049936892899	-0.18203474559167793	0.27875290001631914
-0.2862272439107542	0.03413561636639169	-0.051790245277792024	0.32442763425360943
0.44312837217952794	-0.8177764542055088	0.42230505684530295	1.1345406941668192
-0.39257508217871906	-0.04054826240397191	1.3539655855295822	1.4172021551035245
-0.3648842921592871	0.25582037470554614	1.0495564261058368	1.148752839935173
-7.991072193001873	3.741298766532702	24.47120758777058	26.013727757530013
-0.17522361577546341	0.15036167639932213	0.3542289233135597	0.42283575932851925
-0.060641159030313724	-0.006679049209097725	0.22238373876184223	0.23060027565589036
-2.830780537368763	1.7853513412890507	8.772394719114304	9.40209694232797
-0.09622701062464084	0.19578598293788949	0.5274786477458222	0.5876268351738811
-4.045554638231505	2.912772431344265	12.627661844944347	13.585003466336655
-0.4972823211526619	-0.057512265214777425	2.2516149258742217	2.310810880816665
-0.5311076806552691	0.020454960375063724	1.6045677362469821	1.696057539990825
0.2786194410764313	0.3821056922335798	1.3242858658967438	1.4130981538792464
0.056875480750909924	-0.1529895910838453	1.9578267626080432	2.0256964753079227
0.40729954926102924	-1.1721239135261547	1.5706926713646518	2.0065698702678487
1.5289003039369944	-1.1356510555038337	-0.15130649162076454	2.1284932949277033
0.999413475665306	-1.6805696910396435	0.23432642977852752	2.181375999312187
0.41263856468223514	-0.505554751334859	0.37815320612054226	0.7670305234210124
0.16963044350801804	-0.24379171048012205	0.05366252971862959	0.33251817613380674
0.017402262938984933	-0.03348127550968344	-0.8517652325149587	0.9852145899683048
0.027356942483460104	0.12520149805961492	1.1482272902578625	1.1553569697333066
0.04915016466229094	0.08876372173988437	0.2973839481089159	0.31421640564472814
0.1670448841757161	-0.20587272643104865	0.3333047243243184	0.42588685360590967
0.3503608560423834	-0.6057312378022562	1.2196778025098876	1.4061568204974693
0.10832121668967581	-1.1050144176883119	0.16353551197522304	1.1222897188164778
0.01463641515135472	-0.026254470180774772	-0.014316717556864918	0.033293997275170135
-0.09859823120234211	-0.09930633456916972	0.10365826862703019	0.1741504979509043
-0.012584926780124815	-0.1678873242892337	0.025343948886553266	0.17025524891827454
0.02431632773608456	-0.5018709319414607	0.22907283860061056	0.5522138005400629
0.09074438059097642	-0.17520946100851967	0.07999995113993262	0.2129152179110914
-0.12001461354252752	-0.19501807398113669	-0.08473284195578785	0.24416226397414256
-0.037709789202084266	0.004566900696974664	0.022780764041125574	0.04429275328921314
-0.10061069268879119	-0.41975205285883066	0.31365238768802833	0.5335654764552541
-0.010289132261218983	-0.09460958304408146	0.16485025090440839	0.19034821950759143
-0.7018807292139787	0.9052468719454677	1.9687853429910702	2.2820394319304538
-0.7274664708170179	1.0091505998926025	3.970009072473588	4.190009564076097
-0.050903234933915575	-0.5628692325543724	1.7481654996098825	1.8425458776403252
-0.159989742638532	0.05298113554599718	0.25054140605472713	0.33264771083109335
-0.09629059836070684	0.23355840335111633	2.1824852767605734	2.2527048414040536
0.02741332031498176	-0.02062671634983094	-0.06753127891948946	0.07574579322028423
-0.0021865041732672206	0.08873803736925773	0.0070315684984573815	0.08904304033553656
0.15391641448996446	-0.09703477873976829	-0.03974744031175476	0.1862414291876511
0.9192781010397988	-0.22119576138955074	-0.1890091920740502	0.9642221043911651
0.07316852055947837	0.12165834040236305	0.008086546854813692	0.1992474876387533
-0.05760297976916856	0.07943157699062062	0.5471845161838796	0.5731650358778793
-0.008710337622165002	0.052589158777761144	0.26788664808561774	0.27313869338669744
0.08920373848056963	0.5125701660390357	1.2294055306781964	1.3349619623548576
-0.2819222218363362	0.36139431403548894	0.8445593184583436	0.9609195761233821
0.0022961358081146077	-0.0026436711606815273	-0.00336402310945582	0.0048557067802823305
0.07586195964515242	-0.01897550124249707	-0.11175703572067555	0.13639919941729534
0.03908694451209959	-0.007467030211005959	0.0402415185643948	0.05659439537474149
0.03848559130106512	-0.12787137973295606	-0.08500848099594088	0.15829931248694576
-0.0016099045850615935	0.033478264270588566	-0.037287258201564186	0.050137068078762705
-0.042899951720340966	-0.07669139528552218	0.09496644547427463	0.1293854772934976
0.05491657071709393	-0.11308259610559208	0.009302589581669574	0.12605570774158162
0.015972030485514845	-0.026328536170280803	0.0007689447410504716	0.030804039519432978
-0.058891404348576384	-0.7098547974399962	-0.2970331123855825	0.7842642958264718
-0.4041793856632472	0.47076862062427144	1.370189696221607	1.5105904999342008
-0.5363195889073322	1.422157614173806	4.093762020145232	4.369043172535817
0.1489432856716729	-0.3438635147978295	-0.42752921981768344	0.5853949417732507
0.6235673962905299	0.4617925490384225	-0.476358063155333	0.9211326968993417
0.11215289743984058	0.051593320188061245	-0.1271355988196557	0.17721061926253645
0.1372188711873867	-0.017174321576052105	-0.007293023840164357	0.1384816382350797
