-0.35806057388350737	0.7337658113235915	227.1169662709382	227.11847671983853
0.4329720999686738	-0.28307384990061	0.5069106483356945	0.7375864926535399
-0.5222893069115667	0.5125757955167101	0.9233275204613931	1.1863951960477326
0.18358967815545799	-0.06488849240769878	0.26535646002556934	0.35750457640353395
-0.3123246699738397	0.08840514587300294	1.1257275663330513	1.17987478479423
0.046410872542507864	-0.3022908926564083	-75.2404714987574	75.24694303226609
0.28530053558034474	-0.7747448109622377	268.91876477647975	268.92006833743426
-0.027087412898538332	0.11112235235407542	8.80154906107758	8.803398637150636
-0.08186188888623763	0.23275260545182624	32.071626719025765	32.07637503663911
-0.9823284410486124	1.1840802146295246	150.97648182187595	150.98512773904062
-0.17238331541823837	-1.0441884115246456	1.552002441207728	1.8836764076166836
-0.32906159806188545	-0.32717513075528815	-0.5315949039671597	0.8611841764847028
-1.2525352253280118	-0.4552819070221545	-4.912787127434153	5.092257186153497
-1.9507027897293345	0.38535096541850355	-23.921112301337008	24.004016960885593
-0.8231943312847195	0.5713668740109362	-13.205683375317586	13.24438228857109
-1.2372231278381096	-0.5794944198551926	-18.418966493649727	18.470093159748597
0.6809093320635325	1.351485676708038	-23.540523329754844	23.58952880997139
0.042464516130156615	0.4829283802365135	-403.7327028590328	403.73301804620905
0.6644337663383	0.06403585848648806	-677.252872298991	677.253852998888
-0.0381503216809334	-0.207272961032007	-59.567037846953255	59.567574192447026
-0.289496914200721	-0.799151339170482	-38.07109430037266	38.08083707508275
0.17429143689536736	0.3598568978365565	-44.29748974246271	44.299514125556556
0.49914437121957733	-0.09738182593679748	-59.13043690941981	59.13278851201859
-0.21854516245201383	0.2865987663792807	-18.124268192280212	18.128388735117124
-0.6718421650046246	-1.0512510323949633	-14.642884398293237	14.696599739887766
-0.2378964262108217	0.2780151056520225	-1.6345829771980318	1.9199216678865052
-0.2938374795897328	-0.24854342070028684	0.8054530660389019	1.2950751062685566
0.05844691770646847	0.1871385360947437	-0.07177332644285457	0.5360114053541595
0.11177826101250021	0.10723434530993375	0.17484978649009209	0.27211361080375873
-0.3969949534067945	0.48909128063244556	603.4906150810185	603.4916732289955
-0.09465570235257359	0.04208317716728456	23.914888119475044	23.92020744904184
0.41450354164002107	-0.747902491102459	14.283070335398987	14.309323859396148
0.4563728722202416	-0.49565498543711356	11.57194376802302	11.59238165427079
0.3696142828983576	-0.2535991043400315	94.8358902141989	94.83705225136603
0.129293306945761	-0.14546459287140037	35.51677437831988	35.5173075971065
0.12943567873664585	-0.0607419552923882	51.929293998559665	51.92949083487059
-0.06504345465746046	0.39080762556342	58.82727797669967	58.82877761082571
-0.24750628605217997	0.0460223950451585	14.287349866815877	14.290249242899323
-0.017976233675791497	-0.03017677408216649	0.9927659485611647	0.9933871406927525
-0.08257570460897434	0.10050764283836754	10.934862968178434	10.935636637439117
0.3316753072180798	-0.3829948039605507	7.716407390521469	7.749016212260323
0.12262209002114763	-0.7468329401406057	3.1870388277325548	3.2786417754636004
0.007077346336611112	0.07744863645940273	1.8321116544777392	1.8337615697232144
0.16906172847632295	0.0643536792368308	2.8157037318830285	2.8215085982159844
-0.3422058818844412	-0.2556334808228639	-0.004798724365011775	0.4493953212589703
0.4800773519720045	-0.21642608232006622	0.7373334473025612	0.916763279367113
0.24043378894110895	0.7252934090353733	-0.7652939926338636	1.0904190094253725
0.09884348016646738	-0.07100526502305265	-0.5935275785283833	0.6217447648401865
-0.013857476817477815	0.08890122542618854	-0.10701565944889636	0.19755402758057616
0.152568426531292	-0.23290611800373667	-0.3389374773429301	0.46030509776168443
0.002991857550249985	-0.0164295042668366	-0.04907985407517426	0.05184314706974672
-0.06866489797046602	-0.0415817230776544	0.07749024969364673	0.11157350359733695
-0.10053815696980536	-0.01240558580045431	-27.179783777846573	27.180330899659
-0.11568913275997643	-0.4000022398451456	-3.563486246389807	3.5904456242128493
0.13989460173301604	0.20598637760841068	-21.709267759677193	21.71114431193377
-0.2684817597977994	-0.31586002392437534	-55.8913818078839	55.8930934032964
-0.2785835057872029	0.21328626931418992	5.921943446525568	5.933969478445418
0.4279037290131248	0.45421914307392564	10.948183840693376	10.966842108180353
-0.3173182022273923	-0.03146908263444798	-0.4635864055722753	0.5797182806830403
-0.09477558893571425	0.10087351599732422	-3.7055705065457336	3.7107803010107445
-0.008078347920829045	-0.021633894785024973	-9.897792747701663	9.898803682590358
0.24771466190330294	0.025731950642321137	20.560873971352514	20.562855904220775
0.037985635809697826	0.3690124692829645	174.27808726920424	174.2785379646854
0.34698415874658944	-0.2707332779381206	107.65438427715287	107.65537435907228
-0.06837115466672095	-1.3103597163287355	633.8287951857042	633.8301687388723
-0.026908807023202072	-0.2863273331179089	170.52299116450337	170.5232336753993
0.08245622840502802	-0.14416837695403506	112.19446038817252	112.19458331552244
0.404037306411401	-0.2545393597347295	293.4364645543581	293.43688630841325
-0.05661341362707965	-0.04074891191842612	36.115712655995495	36.11578001653652
-0.5152465607455406	-0.6451161262211408	262.561884554124	262.563182633148
-0.3669618697260015	-0.042128302903434306	38.339227318010394	38.34126063309229
-0.19583238192802394	0.07411345522340712	40.92647374828405	40.927247358940974
-0.6305041213275452	0.4563508687595669	184.73117646569958	184.73281611550195
-0.21020506778487996	0.21992218602946853	89.04526617250555	89.04578586138027
0.0011574571666815095	-0.0766681534104854	3.823054051116082	3.8238229068838376
-0.0343280624148174	0.052513862133944836	4.2660403349262825	4.2665016419548385
-0.38675382827993093	0.6027555592004519	70.488180021344	70.49806214430392
-0.018960462155665644	0.9649302316550166	50.888714748800375	50.90653720712853
-0.13933069606184514	0.010497228699497346	6.433339934311468	6.436370540140006
-0.4426076694873663	-0.08182788741193435	7.992071970803306	8.005953504964115
-0.34319529890942424	-0.07902583081468706	0.7249767780565406	0.9472249658611862
-0.11651996900127692	-0.0604609796292708	0.8367721631758434	0.8584287222593209
-0.8977403336609376	-0.7531813594547413	2.9034683655077056	3.134139148365263
-1.2357655966208325	-0.7416300447097456	2.6755717037981945	3.04225170886194
-0.638093796611051	-0.576539698861738	1.0681317276804807	1.3783856101304808
-0.5448533515773399	-0.48804694521638886	1.4483193476596419	1.6285465032246884
-0.7766169940904026	-0.5680841853878672	1.4815345919338647	1.7720829916215697
-0.4644244132688102	-0.4423726533419895	0.9622816167437429	1.1564469334940803
-0.09174265058748211	-0.06428587215810358	0.2873711376388674	0.3084340416422962
0.09843783780647992	-0.2180135960887277	-0.5427405198569653	0.7716910977108408
-0.15352129913685228	-0.09766721728320915	-1.2776479815337063	1.298064645631205
-0.40645984951614345	-0.4264417847786586	-2.8718312678549167	2.973565662332526
-1.0489256567389078	-1.0657002728944538	-11.55022567360237	11.65707489718393
-0.029823946045785976	0.0876135971569362	-2.4237686295126526	2.4295472344603963
-0.7497840434613285	-0.5660352036628189	-11.269078562473993	11.309031054680403
-0.9621908822870447	0.6190969864388141	-10.622856941815913	10.685207614443458
-0.7102958280372929	-0.17699828715357	-5.7684395827823955	5.816375466052137
0.11430964252342217	-0.08992111489072716	-6.583349043925344	6.586434310029197
0.1707604521800373	0.0792207778904829	-7.675798195420464	7.678106081612734
-0.001706339585010719	-0.022029628743207724	-0.29252777919805983	0.29336107059371747
0.5944327589787015	-0.42202649638388856	-43.190836026805314	43.19721348823185
0.020889246394054234	0.05631875594578987	-7.622676848252743	7.622913517532155
0.30580047037651353	0.6279749267217498	-53.90067139342	53.90519681217047
0.17894235194887365	0.3866191339325895	-32.37274598659491	32.375549071695474
0.10376547850646325	-0.4370913257219501	-32.19718480830208	32.200621196902546
0.14754773833786672	0.2493522369946673	-61.73543698709675	61.73627464178476
0.5588319312557608	-0.39637151334085713	-153.75672416175365	153.75831394836015
-0.4106349595137985	-0.2102303832782713	-539.3130326942788	539.3132480586484
0.33336375181967937	-0.2022184518057952	-201.20497113726464	201.20753659998337
0.12660806124962498	0.20352924004958725	-37.40702290418227	37.40805122018047
-0.38244210821245794	-0.0998375017712316	-18.360071401680205	18.364855870727368
-0.1694638012743746	-0.31272096146328665	-69.1943249273678	69.19537986252216
-0.17339888103028664	-0.27381323375143546	-9.823895745437852	9.829240483178339
-0.4268809227804059	-0.38690857570056936	-20.46208571289427	20.47019485227281
0.04148626070185214	0.22213336172480558	-3.9333447806348367	3.942302029077112
-0.251778276572399	-0.1997777040601446	-24.5138654992264	24.516369733927906
-0.0656054480958348	0.18188026445967473	-2.411153039585268	2.4188930289950936
-0.02002717747318134	0.10895269581977887	-0.5691596593004724	0.5798400603088489
0.3938075550298965	0.029232724788345196	-0.8068331838602356	0.9090646369071933
-0.08334395722198507	-0.03170291539134854	-0.7388747589315001	0.7572100001557036
0.38058490250033644	-0.11807300981045549	0.6435474187255129	0.9058449623998364
-0.527128534027121	0.23120727896507046	3.632901669528949	3.680866151138647
0.21798790718564323	0.32035543478987205	0.9399749054441534	1.0262450682187612
0.49133249505021326	0.22436524618113274	18.484278540974916	18.49269532409032
-0.17579059762243732	0.2128946458143089	7.733191612536745	7.739377156175909
-0.0352863717086916	-0.13081611058131537	2.715363856050193	2.7223222877645763
-0.5946128140471267	-0.38543724484995345	178.41968396867347	178.42177410196342
-0.45895113627572115	0.10555041767652101	180.7855731014304	180.78624034597792
0.7875559955026011	0.19502779860346936	244.46298054361756	244.46483336518875
0.052955757564721206	-0.24642184842901266	14.0087386293375	14.01170103198163
0.3259318577733268	0.15199058637431526	48.61483223802061	48.618668905961876
-0.1480565217509	-0.1458877927967438	13.368946716555332	13.371290890438196
0.17758046889470658	-0.1203936047243451	8.248076587570214	8.250866429497892
0.20811910871156758	-0.19912166108677154	18.460432886216655	18.462679798605464
-0.02633205295836939	-0.0052089376506697345	0.5999453081029138	0.6005454876686288
0.07736469383064311	0.006610601499219324	11.46369740460658	11.4639603619468
0.23043760761801377	0.5147494113780794	8.739142302198868	8.75843344500034
0.0005267018831948966	0.3615967204769468	12.288327025491341	12.29443830908901
-0.4897870426280342	-0.11780741278589217	1.5398070873101652	1.6201159834296546
0.002959391392522673	0.0027542201272839142	0.08950463261151426	0.08959588709782282
-0.18157288849782516	-0.09305086217716955	-0.05860234122504372	0.2122767325601529
-0.04330095662812637	-0.11823027625506287	0.017079841882059285	0.12706333879988946
-0.11829444448654299	0.11813678468212432	-14.901545004789854	14.902482793322358
0.037315059461331304	0.02263192681853705	-3.3767226759656976	3.3770046858355207
0.027468278739402063	-0.0022266531915265918	-8.341053241785152	8.341098767345702
-0.03355596832928382	0.03856525924756397	-1.3550058648134313	1.3559698285397592
0.06924946481721182	0.11819476042550789	-5.291069095663984	5.292842115995904
-0.06139392231547307	0.15986747863753484	-5.645582888013098	5.648179615579654
-0.4175113392157798	0.2490854146869377	18.700952965574963	18.707791982693482
-0.2207724866759789	1.1844911705672871	40.87690964075371	40.894901655185194
-0.10527556684632085	-0.05258894522762353	11.960246392743713	11.961639607602883
-0.17646923241352677	0.24763495245481723	9.409897298376551	9.41480916565281
-0.9896999116429248	1.032755573105768	38.306958819506654	38.33365602167715
0.28640174456375267	-0.03354822552685769	5.080085245940073	5.088262724029016
0.039736836933861444	-0.06815671574760257	1.459397301652477	1.4615282543220085
0.20665048936359506	0.14943908739937645	1.7229544672747386	1.7473088870600268
-0.013047847368646476	-0.1745442716805965	0.9493614297071059	0.9753988200797586
0.15830136106455228	0.07851534527142466	0.7729057847837416	0.8050385813177852
0.15232298997138327	0.2585669755798968	0.3515284919203837	0.4828159480238574
0.0692431458088843	-0.19513192172827115	-1.1880916489294686	1.2140480349948368
0.27914769540222917	-0.17898762562632212	-1.6131709148449016	1.652803736496643
-0.25113509468213213	0.14669220003719566	-8.15596072091047	8.214903122451734
-0.011187295937766926	-0.2076979967049361	-1.5691027744116952	1.5889703946241807
0.28322868408553603	-0.09880281521163267	-5.816775796203015	5.826177214261151
-0.40119722012728803	0.0912285140662959	-38.67384527156401	38.68741320549865
-0.12966741801815856	0.26994038393317826	-67.5840322169192	67.58649874116962
0.3352261339442923	-0.26369586218190855	-364.3931169645888	364.39336657414196
0.07439657115574846	-0.11955808443066632	-78.62056555159153	78.62069165707877
-0.11736422244681241	0.15334834088209276	-51.124404047465205	51.124768745519404
-0.30928361364427936	0.1319973560981897	-103.24166119527389	103.24220883928918
0.013940299490128094	-0.2709525749618643	124.04024051069794	124.04053722707597
0.04298392161802686	-0.015119832729241816	12.908121297026904	12.908201720054539
0.03196160179896539	-0.013263957404238441	11.158490164790472	11.158543822304111
0.4857171976025112	-0.9015229850426588	255.97206412045318	255.9741125093981
-0.034423659526164226	-0.04811802767013128	40.7988660791716	40.79890897657807
-0.04452933091903305	-0.4799987005303572	183.15293733412426	183.1535717252915
-0.023131501720820617	-0.0004253423935925106	3.9238348220975103	3.9239030261199117
0.15222172494191985	-0.13654207610882668	63.99669480949955	63.997021506725744
0.07225628916584921	-0.015607975423899238	14.520562165386778	14.520750331132433
-0.04180283456231496	0.05192537039746998	8.997131343276786	8.997378291993837
0.03526783391148225	0.008270868147167796	27.7179130920288	27.717936763125607
-0.10534396569342916	0.02106847428422782	33.489756480592966	33.489928790027825
-0.25560529230253026	0.03343341666808733	27.253698228529352	27.2549173359698
-0.31474438440548963	-0.10882070991792744	36.698312942056	36.69982396098784
0.04556490367538964	-0.006081036718416469	2.5457811410086846	2.5461961348980964
-0.04409728096066316	-0.004339172380013048	0.35679836206045235	0.35953924650041885
-0.20165741569457293	-0.09102788207267798	4.0039764041635095	4.040840821638164
-0.8736387957519087	-0.3792702264832725	2.2266649827456564	2.4218025508957646
-0.027560824023975795	-0.000449265360656325	0.026937815223010253	0.038541493863547854
0.02287314522461196	-0.12097243937391441	1.113982442797285	1.120765093461225
-0.06683141566767685	-0.15296316893165843	0.7292156823835573	0.7480773226103556
-0.0024893247950918823	0.025113068283864257	0.0864168439408019	0.09002629534338503
0.18534422795906746	0.006131182918521183	0.14054656803386958	0.23268736972131138
-0.22500811306869573	-0.09499413951144034	0.3651420447225888	0.4392963126551907
-1.1769567299354387	-0.8246157299516309	2.376898174328728	2.7775642526053694
0.026546048373052897	-0.11635965523265629	-0.19474908513662104	0.2676775170081304
-0.17750805611221737	0.27017911554225177	-0.22219792151803375	0.41636230099141514
0.1438553545838302	-0.3810774856124347	-0.7869830897123776	0.8970711128312935
-0.02984343576170967	-0.4625383196104912	-2.0505319480168445	2.1068918772694327
-0.6767319938249919	-0.18575029026328926	-5.1960601078020705	5.243234689167681
-0.3398797204787757	-0.01736711242824769	-2.1189586523615387	2.14611407231877
-0.35577372136644614	0.6651948439569714	-15.775636980096515	15.794279376848147
0.09481827182377503	0.45176132182779005	-9.165823896940461	9.17850130964724
0.7210139997523519	0.6851931325202512	-18.89259573112015	18.92530422445914
0.034227491182639576	-0.035890560861351575	-0.7188364801099052	0.7205453064508835
0.2371339963255503	0.10289732782556778	-5.2250934118429315	5.23148368579807
0.0666774583318342	0.07250134849032208	-32.44209944011948	32.44224897277596
0.18583293681578444	-0.03839049509667125	-65.89411093314146	65.89438415661591
-0.004537702171723737	0.12351310428864197	-44.40660382809239	44.40677583007823
-0.021427335122151413	0.11492056026320772	-14.514624028646255	14.515094782977364
-0.05405326790172892	-0.047380097489237445	-7.186718616477678	7.187078064264766
0.01335823155872606	0.03425546641718949	-18.07188770167183	18.071925104458778
0.06676941500701188	0.16248222547032454	-28.222940494834475	28.22348718360901
-0.051106600170317	0.05332832402288531	-7.5036608775615505	7.504024410952554
-0.08937534527368131	0.00988549422976899	-51.045620850320304	51.04570005073879
-0.041692348630027735	0.03759606967315576	-6.3306377812547785	6.330886702022045
0.24668441596547483	-0.09565478050018486	-0.2901256419846601	0.39265242422500635
0.06342674955286151	0.0005248818668529692	-0.20409364053903653	0.21372281620896721
-0.02624142408253622	-0.08872148272525975	0.4368282820027944	0.44651882579837643
0.006300921526665275	-0.19650730067188338	0.34962503055290467	0.40111405213299944
-0.017736421605480446	-0.063036841513604	0.21475083513789917	0.22451312930829614
-0.31208604009271845	-0.11785238189586868	0.9395258943790255	0.996993373372156
-0.10013252734398483	0.25841787962882	5.84178685684806	5.8483570346198
-0.4535916349154297	0.6114833257971392	18.114843402651747	18.130835853087106
-0.0934457043912918	0.10806664938255703	0.38979741776643684	0.4151536188874419
-0.023890223783167273	-0.008235472231359429	9.927063945483483e-05	0.02527005441116346
-0.004008786801896165	-0.015307886116206867	-0.018723030982145193	0.02451435575592763
-0.0015939988557278867	-0.16653017114891705	0.24027588358399848	0.29234797582215416
0.04956657038945706	0.15398677695523474	-1.2346433959273049	1.245196003641252
-0.05964536262707524	0.03531953896373193	-0.6867453969782337	0.6902349450631418
-0.12013270310276239	-0.07271942711959731	-14.68685796687537	14.687529299395663
-0.10693990233343421	-0.03186462640125301	-4.27085254012664	4.272310021128261
0.026842135974987864	-0.0998680106548606	-2.218155373981513	2.220564654077629
0.062066098178182254	-0.07892803308512211	-7.088928479726852	7.089639541304759
0.38332868853191004	0.04919737203072208	-0.2789244587606179	0.49662853669642626
-0.35537546674911025	0.07245180018371672	-0.5691029078374383	0.6891290810334716
-0.07015475171968699	-0.25492858008182495	-0.23019468184775715	0.3773322760941298
0.010517619264091258	0.03988127792168508	0.15125193064078415	0.2099001383187149
0.1407638452995736	0.3145714962863174	-0.05953771681372395	0.6050077425477514
0.20688399128955176	0.5465452310804747	-0.2967596559664871	0.6701184624960371
0.457643045224177	0.7346920009159039	0.4077634037527921	1.3409967454814853
-0.17673161294697382	1.4483762697960056	-0.6489118167120091	1.8528103552958437
3.183527887749914	0.6507802526367406	0.36477310253416007	3.272751739826253
0.712515311268171	0.12282940607161165	1.3247513940871305	1.5156553608334837
0.3076739400830483	0.43674912351428075	0.13256382971905328	0.5678609021111611
-0.11805131103255002	0.04086494892597107	30.572325784541288	30.57289959616384
0.3140927578338052	-0.05186122530276938	55.32492406105993	55.326015996040795
-0.051120817516790484	0.06115879360483823	1.754652023754618	1.7564616308035197
-0.13574234466278493	-0.06517764600844296	2.9986809941153227	3.0024592943355968
0.06183538941097484	-0.11059655106052317	2.8670709407921517	2.8698695078391423
-0.02308347204365171	-0.26673743178537157	9.360714161919118	9.364542237896638
-0.12475167728007464	-0.0890120976062741	-1.5224782232908556	1.5365239535390731
-0.1788493770679075	0.03787720573298562	-8.433157557539323	8.43629349641028
-0.37155407398928786	0.10873959259766582	3.652350276515439	3.6728108134314166
-0.039852836523054755	0.0323700591731048	0.20513627403391577	0.21146385089258501
0.19847635081781842	-0.3091338560094891	2.643583849822926	2.6689871063401287
0.6236572064100437	0.12454502476753751	4.048989690378433	4.098631147967864
0.029434288460244734	-0.5589597459408937	11.900507779644643	11.950553894326497
0.27123339203609587	-0.22296415164361977	7.35402416771592	7.363724044946512
0.2014271367398395	-1.086926993843918	20.60252525925519	20.653542602287626
0.10195722372652491	0.3425686248801419	0.8172030286581153	0.8919469313082976
0.6316850185953321	0.0345429120113909	1.5131398376397371	1.640064432801475
-0.012991990916566602	-0.15730072528260614	0.009060214203046035	0.21088902859991332
0.22049777968828338	0.1440230897385666	-0.13334280375954494	0.3265302580768932
0.059868697937799656	0.22120262689317252	-0.13126473454328474	0.298705672145553
1.2384340193761396	-0.0929213569966088	-3.948340060694592	4.244065624695266
1.5391426066562632	-0.565096677811787	-3.705591675148514	4.054526318416066
3.1590133637604327	-0.22599881232545319	-8.338912764203746	8.969295266490544
0.09264064216492782	-0.0713736030016536	-0.5204301450329409	0.5513653965794154
4.104546201655904	0.42028143879498575	-9.53759393233565	10.392743324664059
2.2699607781674103	-0.1748832513311352	-6.165415141297781	6.57382154727815
0.25020463256960024	-0.07656731337355896	-0.8609647272255644	0.9106069174254741
0.17523016637703773	0.031921641782631266	1.4507929854633639	1.4683339790362144
-0.14203931571532463	1.5292895240089035	-1.5654234104050495	2.2479261579723726
0.08583732367944219	0.07671547971709615	-0.048334637691846226	0.12485811213323528
0.04464271442019041	-0.02150558335084262	-0.13298903151591204	0.14192090955741143
1.7067473524757069	0.479539407090236	0.1921823248582165	1.7886750400850342
0.08632671865874275	0.014674849311574506	0.21949104440745337	0.2744517389847946
0.5062647647805723	0.6105633158297807	0.021078250085416524	0.8056150769580024
0.10445438053253073	-0.2160122969431881	-0.017118777270639412	0.2781094523354943
-0.12626346992700238	-0.21748696736962372	0.29513916290499054	0.3877501389992032
0.020616488452470924	-0.0180572950266597	0.0006640948733454624	0.027414348830338896
-0.09966622087889984	-0.03465025687946898	0.02511380965573151	0.1767610936306946
0.61714681849383	0.1773085403899627	1.216659168456027	1.3827681769408735
0.7201907970871103	0.2296684406446957	0.9703289075573646	1.2379177479051673
0.3199531890843176	0.4310237978334436	0.9255461929586011	1.0790120934003244
-0.2367277231118206	0.06133731936821551	-0.1170575593543437	0.30493366284977613
-0.21230419359204183	-0.1266990305252199	-0.12471379739777295	0.3100951968576271
-0.6089093821517775	-0.0873424302423725	-0.5344133491795108	0.8267265258078784
1.093668930978418	-1.6828596718598425	5.753085715807314	6.094719308063816
0.6946639289604337	-0.21771869239871708	1.9218042795828445	2.0597987467569467
0.12235191666675121	0.08895079223848079	9.675392091525488	9.67657451579358
0.01207806240078485	0.15996659406385982	12.690391554296337	12.691405477415156
0.014105584412244652	0.022175782297032313	2.095884326475479	2.096049103145647
0.23471381146617648	-0.0721619250755052	6.477042782239717	6.481695852142956
0.13098306693686654	-0.12506896476811946	5.535075422567394	5.538037445095687
0.09837849139809653	-0.2213996864705624	4.448430244201599	4.45502275934327
0.06884103305993244	-0.06562839232930846	-0.14433527266494617	0.17285498155318726
0.16628999736439737	-0.47763738331538635	-1.2006823139801737	1.3028537340271948
0.15746928263907917	0.19061137490887906	-0.6024824439678375	0.6512406364079085
0.1278531148587674	-0.0848117101673164	0.07232481016105735	0.16961816920786235
1.6314043128819011	-0.060838314537360036	-4.215079874269166	4.5201858013885206
1.899876332962318	-0.05595166035320147	-5.323149255507726	5.65230737533435
0.1830045180263531	0.04924715875738788	-0.5858310538767026	0.6157223074974801
1.118749272339481	-0.02085798106244506	-3.1628268338299628	3.354923034963543
0.5156338618721734	-0.001923549886229687	-1.1652939104044877	1.2742809255337535
0.8526643520431072	0.07417718351484583	-2.352621159962563	2.503470605799653
0.2844570154371555	0.11674142633660935	0.017729524784315786	0.3079913802423663
0.08020664284985438	-0.03587396452152096	-0.015263031110067226	0.08917963336099972
0.0680174101256138	-0.385832061272657	1.176657998809285	1.3362756099876902
-0.019678350758537022	0.3806777453320583	-0.4435444743970052	0.5848371431841439
-0.232512970185943	1.3737979635557456	-1.947740902383304	2.394802235841517
0.03780776522910116	-0.07453238636187602	0.10196184787182272	0.13183596682943363
0.09090606685581283	0.03800468452324335	0.04453699679687972	0.10812868777798998
-0.23561269698191523	-0.14609651947224742	-28.332023365408617	28.337680311847
0.5343994652991866	-0.23122045652214773	-23.947069050756763	23.959233747182715
-0.24734872637702468	1.7086572060077145	-13.282799148245903	13.3952575129269
-0.2562229990637105	0.30546542150911526	-4.30925969116128	4.329914343235251
0.034059949489353036	0.31606122624631716	-6.424488397158788	6.433862426958121
-2.2841360172069183	-2.158783312451889	-20.574783399818095	20.813909158770556
-1.0164372729919304	-0.5090842335370962	-6.168873117216408	6.274295722069419
0.08651769054582509	-0.12373717092797562	-5.90133078273106	5.9049115988603775
-0.1810730174157139	0.2561073132514241	-1.1762210864551343	1.2252976057507787
-0.21082289577175062	-0.26818058493755925	-1.0695650667914203	1.1312896784288158
-0.3635960317543375	-0.5600426289016095	-0.9583021759883614	1.1762961641944412
-0.24074492817051366	-0.19224310917355011	-0.43669034380056804	0.5523529439888935
-0.42864838809938466	1.2153503984358418	-3.7868280925680318	4.002544543057678
0.3205920012028216	-0.16120055422043247	-0.6483580590622966	0.7540641932668816
0.21849754204164704	-0.40204622463756284	-1.0784063428751938	1.1797552152361988
-0.05796840296851519	-0.6678534687759484	-2.060969729739964	2.171742296706312
-0.8592962118432147	-0.012591166662522614	-0.3245479927306227	0.918629368543973
-1.5809845597239816	-0.0697640330736344	-0.7910328282117318	1.7692122918703062
0.05482353785603415	-0.303652561324223	-0.16469609595062762	0.37658343992160787
0.43204867776728595	0.8544579266805344	1.1379411770376675	1.4937048957961976
0.10737395772037983	0.11683945842105328	0.3605125104128631	0.6346381710115202
0.7167639577318912	0.35335676223000584	2.878227194859131	2.9871061845444693
-0.06985672402305436	-0.06584669689376821	0.3384900945949445	0.35183986914780924
0.31473512340750853	0.1109909079528211	0.3601245189902345	0.5104376882955243
0.5317621056293851	-0.3947490907706337	3.602332789427374	3.665362068381682
0.09825821172070691	0.27308183245884265	0.57754835145406	0.6612641276804099
-0.0067942308960889375	-0.006285288645438841	0.27896259715615096	0.31206663060784134
0.07526908077083301	0.011779303133645964	0.37591588612907717	0.38355826147615396
-0.012760649457451829	0.031418951032744426	0.015293825773338973	0.03720061512071001
0.0451350156514579	-0.09314525788903524	3.238481607257598	3.2401352331732745
0.06504014322887589	-0.01723668551196529	0.5756081823539654	0.5795274826541938
0.6805108003921393	-0.28378530275338376	1.5825475889514722	1.7458768338016568
0.06699326211323425	-0.27512876625509636	1.3654238956239617	1.3944770883490842
0.24293975110571636	-0.44317044004712003	2.405543753283804	2.4620195562711524
0.2519829272191883	-0.4086051400609327	2.0777295595590464	2.1370291209198804
0.1729708042157873	-0.014290765388143289	3.8173484781163207	3.82383999578479
-0.08753750611609758	0.13531015140145017	1.3363724509370625	1.353271134907133
1.013953332928574	-0.2468384791958542	29.38737235651444	29.410105411723663
0.3712827899928367	1.0884190346775828	91.42143786325433	91.43002473805944
0.14752142516233988	-0.05985264252912801	19.647808968856456	19.648949640407647
0.5946095821726278	0.5524139700074261	154.11672033129534	154.12172137375407
0.08639684465521094	-0.08236814453667901	12.394360670852322	12.395721243641763
0.11126523163222438	-0.34724447472308667	-15.016946500466734	15.022021190897584
-0.15360711480232989	-0.4305607576817164	-63.02044216807055	63.022254708601146
0.02962149120419528	-0.03769403975085401	-2.492045746095247	2.4964114362230676
-0.49976039034729075	-0.026289112806978626	-16.938709320776905	16.94667533187223
-0.029817356058781733	0.23390407713851413	-5.23171518518113	5.238885736087321
0.1134047610237943	-0.14139602498812437	-5.29304347091781	5.297984753246368
-0.1861119462516943	0.2652329249248803	-3.0907634486253985	3.1108334319375834
-0.12508914036330704	0.4106058019650315	-4.959596405477922	4.980092439681587
-0.9091149713571743	-0.6911279275532787	-9.603585039705326	9.671245703540041
-0.4817403919879967	-0.4978915427022811	-5.842103830511726	5.88303892219378
-1.0902813816601127	-0.7075910304634989	-9.033469976518237	9.126498691954298
-0.20876912397089425	-0.19971364418968207	-2.257043216474136	2.275459111439055
-0.30259269809871425	-0.2482920386614167	-2.623433897265031	2.656143157968805
-1.158162669099008	-0.9823996149392683	-6.545965336001098	6.721279025345945
-0.026107669022009703	0.02207937981028761	-0.048141879317917496	0.059048708189347154
-0.04800730170667483	0.09027665934133829	-1.1074048535381829	1.1121151405672491
-0.07229206934931875	-0.08527751625730048	-0.4537786782934765	0.48774303874437347
-0.062375977986947856	1.0655562914966195	-2.4914722696734097	2.71407715963077
-0.9876691734750933	0.6937852321214197	-3.6447636657285614	3.8419539701118026
0.06495715804747662	0.358490450528381	-0.43235845762602365	0.5823645389980404
-0.09252601550349182	0.11723773034107315	-0.08403531191442615	0.22101463188900763
-0.3872487065986197	-0.1235764176933728	-0.49092153583844256	0.6524694866598792
-0.0731714751570173	-0.05220224381982777	-1.6939482569929603	1.7020633423307039
0.4269965807197779	-0.6258643320273485	-1.7090975730285685	1.8747070547375027
0.8414332703538732	-0.34834922984870736	-4.287080727002947	4.384962722661928
-0.04359083739622923	-0.040947935158154994	-1.2343822311239905	1.2358302419884628
0.036661099016467275	0.05171754641292983	-0.5358552338225989	0.5395920425684028
1.2598953198514369	-0.7834234353787956	-5.704577935123879	5.968759477386109
0.1746176570845499	0.07655276039022467	-0.7075202546500756	0.7459332054072726
-0.0020481529370217633	-0.07322419413804475	-0.2570354804533249	0.2672699305000305
0.5345608803923587	-0.3208754478811688	-3.3733138994767047	3.43328455523301
0.025567600424528016	0.023026054582202596	-0.04962979819721129	0.06039054768907799
-0.019306726233213747	0.4426293026518784	-1.1396862617307446	1.2227749120515727
-0.003561026143711843	0.08930480928712914	-0.2305448448883476	0.24726345563911978
-0.0036769092035747204	0.045171300013929216	0.20662169036330055	0.21153365910612776
0.03516554926860977	-0.09090671210599154	0.27817728746884873	0.29475964687319617
-0.15021553629469617	-0.16608169497681483	1.4534368658602652	1.470587147976068
-0.03119872551300054	0.01786127448008671	0.10145110971349441	0.10763230584628398
0.6731725369448858	0.31470336839337454	64.2241273308115	64.23527910324484
0.07756311221574022	-0.06021318486689279	8.122016360738883	8.123808910419944
1.4220646394718988	0.9383970174049647	-349.09856226788594	349.10271988958607
-0.1999449593860292	-0.25703240169562863	-38.777683054487085	38.779050358622236
-0.3239174821040838	-0.4465726494015693	-47.92402927178367	47.92720450129742
0.007245421485236953	0.011000014485101645	-2.1835746855893317	2.1836144128480464
-0.1623274618959954	-0.21612137615757496	-16.240749626323776	16.242998709568806
-0.31508723805853434	-0.39548770880870066	-47.733846992999304	47.736525211272706
-0.1786211432672171	-0.21219381305710083	-18.312427570681802	18.31452798350503
-0.0284958599718738	0.08212973073823904	-2.472627392805006	2.474155114449447
-0.30046084954166147	0.21383448633120694	-16.312894370316123	16.317062377975493
-0.051662602917214084	0.2305698467335727	-8.467320437092654	8.470616675494757
0.02149094751899393	0.04995783731450748	-5.189042585373332	5.189327567147054
-0.031538104010353424	0.01770016986187023	-0.33431392980592917	0.33626440739392965
0.05936275915044147	0.3209043064409094	-4.651585600018536	4.663019633817347
-0.31033099532957464	-0.15715973294243138	-0.9452285488426722	1.0072048043312765
-0.08945738834767612	-0.1468160677313861	-0.5023514395930585	0.5309562608495283
0.018146405792619214	-0.08824303359710993	-0.5011930548520973	0.5092254935228485
-0.05128515372841637	0.023882279881321054	-0.16789681997337783	0.17717187260524714
0.09715787714723563	0.08569931572896644	-0.15926592074926854	0.20530382198167363
0.04111227816751527	0.24830346847262336	-0.19280531756405003	0.3170468772163392
1.0838905211356344	-0.7093748351816522	-4.91516573629863	5.169107980955777
0.15107741515710058	-0.31584156702116994	-0.896226989367319	0.9621866229060494
0.2533580303574015	-0.6828696367132816	-1.4162199668242468	1.5925389247121036
-0.018323999414314767	0.00587249571405879	-0.026787341462532192	0.03298206820497685
-0.12092284236608168	-0.17552478562222973	0.09632461465191547	0.23390108071888419
0.11581563697125524	-0.004351300968569434	0.06894995219794789	0.1348565589627585
0.07535172578087096	-0.020737000541845785	0.24734183233311358	0.259395234712456
0.05257661459863122	0.4969518486739481	33.31548109046361	33.319228768525555
0.07801468440995837	0.10494991830944903	8.922540649270859	8.92349888856538
0.27796591753499666	0.19890452671068867	36.186700022931525	36.18831422727079
0.07899650597241259	0.17550256946059345	21.996435223964102	21.99727719882376
0.2699810842145554	-0.3960385886202863	-4.871553465146451	4.897065376140122
-0.06594386090666894	-0.23414842199964075	-1.4763202354644747	1.5027226287169833
-0.0327633671821995	-0.05452906999217636	-0.23553691619337347	0.24397642630633706
0.4310528516569038	1.9606386266580802	-9.102131261790767	9.333939352413532
0.025307683293399247	-0.046451362724508186	-0.06300597337969296	0.08226761582886308
0.2824689925603787	-0.06244897893377978	-0.7703314610260785	0.8228603566672292
-0.05726898265658639	0.04448322684976079	-0.4199058219913046	0.42612133622676146
0.06489781784222813	0.055371830528639684	-1.019769447920931	1.0233315656666393
-0.4458814160506485	-0.05213684744969144	-82.90999383527722	82.91132664502871
0.6384913958735724	1.1301325385418766	-111.74903488011518	111.76051189059297
0.9411016439593642	-0.2424541337430864	-53.79332232035489	53.80228120031458
0.5458937930973632	-0.19761790268614962	-2.722859849579951	2.7875613740613594
-0.20207999298619975	0.18858152153364888	-0.7672581430872789	0.9533122858554786
-2.819482781318037	-0.2682195574945309	-8.12226715869362	8.653059601508842
-3.0120490116285703	-0.6926027561450209	-6.413682881060225	7.181073493425432
-0.01571315858156111	1.1556582822382102	-149.67295500773648	149.67748238630108
0.23784551989676822	0.6397344081961902	-140.75861949153972	140.76340995995136
-0.1173074004696833	0.10456901522703028	-48.128900407403016	48.129359334150394
-0.0034596175448178765	-0.08873439219459636	-2.228572397416217	2.234703666425857
-0.30986349053049994	0.1717214986863486	-2.289286816520387	2.320736428177246
-0.25553091025457697	-0.018757469682587985	-3.3440258399580913	3.356730029652644
0.3155128720779917	-0.39815895829822345	-9.837723664499421	9.863194501274519
-3.3571160061924754	-0.45933053058509776	-6.180463769949745	7.065625575235552
-0.9524577540556327	-0.32467443541879176	-3.144849103291095	3.30486685505574
-0.2864666016492452	0.04872304849085804	-1.2956618104492819	1.3351615487540902
-0.3209254132838215	-0.026859409160646813	-0.43601910888643747	0.5597383290127396
0.7962134480834689	4.8698305858940065	-766.5788060212375	766.5948490972586
0.027807664623540788	-0.01772134331926036	-0.20587570901445731	0.20849968772892682
0.08617208263910914	0.1652906406994253	-2.7710345565674444	2.7772970920339297
-0.11123988389328332	0.2585971946004588	-5.923445588940487	5.950972204443767
0.4164113231136974	-0.04091133732410842	-3.01552647429502	3.0444165360070383
0.09290263425487802	0.018851545821164207	-0.37072123598139817	0.382649336911641
-1.4223195006157958	-0.22784584216397835	-3.0350845114009517	3.3595601618321025
-0.891267880276567	-0.1729334725437711	-2.1657208802821337	2.3483209643549063
0.027075069025056343	0.010834257922539	-0.17631243145776318	0.17870790131942157
-0.1300323693267875	-0.08425225215211088	-1.2226979681950136	1.2324760364784604
