-0.7010129571840257	0.05795209134171564	-0.529728692377704	0.891554756287556
-0.1726122106961192	0.2632409797468279	-1.2241414775671693	1.2716496886720823
-0.05220077693787262	-0.5331044345574476	-0.511406918606383	0.8900461999560524
0.7022911146026807	-1.5460371405966824	475.2492196953099	475.2522737919678
-0.007291038050181289	0.004584980701348787	8.25806332775975	8.272811133404058
-0.17681692316172742	0.6012412641443124	13.372491352365746	13.396268144282677
0.23597932015607412	0.20074416931750097	-0.5264338589266148	0.626575497271211
-0.2218003014735087	0.2496170672933614	-0.14862718720291598	0.3912465714785614
0.14096296874943434	0.2986292554176104	2.6734194083872738	2.6973507574640143
-0.6478107223977634	-0.3946073355630724	6.551123702417768	6.596368336487403
0.3151274797736949	-0.15535445429999434	34.06401906362069	34.066116815489735
-0.12380358115032034	0.24298271424503903	6.45639773013521	6.463661451586292
0.09223609411727857	-0.1952568752253072	54.7094854175634	54.71213893955675
0.19737921787068458	0.12940516564853935	-3.0721310253151315	3.084343216010108
-0.35898160555584124	-0.6161644632250358	-1.677805394718069	1.8887237288216352
0.17982142577086502	0.6670463507267548	-33.44242224076132	33.45320032300276
-0.12754091091573794	0.24919097671931	-19.11641204333199	19.118970997995266
-0.40189700421055774	-0.18058330334365907	-221.17192471376137	221.17435376578834
0.35373439514291305	0.25632130537321646	-6.6379257531333415	6.6705777021489014
0.6299659672247205	2.378013062999236	-31.68470263060471	31.78036601146068
0.867690055987815	1.3414891443553487	-39.15536231688902	39.188191551913135
-0.07173104336326161	0.0430630689513992	-0.7233823468246563	0.7414590852414487
0.5653553954379603	1.172376231320916	-46.68802744122567	46.7063751418204
-0.032448956904494924	0.686504517933738	-207.2813712965711	207.28463420757413
0.28302021540967875	0.95379792323447	-83.46586519318262	83.47706771299607
-0.5420337929926214	-0.08790599958305073	-8.99673566873837	9.026987356425064
0.7156552305865862	-0.22677406102798126	-32.14178590294281	32.16424008906994
0.7196478210500744	0.2061290644925854	-26.33167789499748	26.35906741006536
0.5557105699196047	-0.7897537108126066	-20.013093608298476	20.036864044073372
0.4066964129565817	-0.3191398570837133	-40.1876793308755	40.191246584385375
-0.2683025353662102	0.3566831712901526	-0.6870279966998548	0.8310814570876627
-0.03967850308360554	0.36922771155604467	-0.6710450378450705	0.9142322689034562
0.3023036796320784	-0.6749751245766906	110.2864658598256	110.29005055183534
0.483208220235147	-0.691646312957411	80.65704518921414	80.66157873018706
0.25019628973317437	-0.2819562772546981	25.25570383189709	25.25890245745212
-0.29473489640690714	-0.1859969144180711	13.148861374686616	13.154219807611492
0.14020784446958012	0.013304780187287951	4.300282194440769	4.304850983896073
0.4623190213964385	-0.3270682376440864	69.79745763748073	69.79989459125596
-0.3326481946278963	-0.285806291378441	3.19852781049034	3.2314702531449715
-0.2756470271337583	-0.20420035084127064	10.421277583872547	10.469052303808393
-0.6154148289165972	-0.1505051478609742	2.0568036977836845	2.156689232898365
-0.5504316227279817	0.4805370586028746	-14.083473321543906	14.103105736664165
-0.007484751612634132	0.0717040044100846	-0.9255616549354223	0.9283651559822499
-0.03643823398115943	0.04703758392744567	-3.4063958310980564	3.5341002563905404
-0.13230820738513027	0.2135482917838758	-1.1055701372032356	1.1423105741613644
-0.1351746611764914	-0.06747096095773542	-0.289422978980017	0.35506332570177934
0.08750889374361717	-0.0709722324253481	-1.3245484132041678	1.3366387500298484
-0.16396599628126107	-0.24628677882827105	-0.05840651677461202	0.33231480777096806
-0.022292473627845154	-0.06369059544424457	1.6117554559944671	1.6131674111066165
0.13499870082366863	-0.07018824118518685	4.632421999414037	4.6349201308199355
0.050666592314310595	0.016049588027073253	5.066461440681794	5.066740196888728
-0.039438896417476825	0.1413341491587655	26.173087460665364	26.173498772458895
0.1720144711948037	-0.07665748596341239	118.34782479140324	118.34797462654417
0.45019393102922334	-0.003304977805191976	351.77403471485894	351.7743228052173
-0.36505629828340413	0.004748607262356409	53.46392228157245	53.465168795957304
-0.07258019184378495	-0.0610180456197463	16.96792386210543	16.968188803650968
0.0311363960046096	0.08791665884227562	824.9944924378227	824.9945095158755
-0.059417321570267634	0.009278198756581396	3.0898122763026503	3.1295808582404905
0.10474561337833085	0.23940026229451086	1.3947880431578046	1.5037730967618268
0.019784387631904966	-0.11743610227053732	0.9990116378706273	1.0157197928618977
0.02694159927397615	0.11664011597890586	0.10333347533414117	0.21092263617649815
-0.0253742164619538	0.049393218424673896	-68.93191869379196	68.9320823574432
-0.10065948795420511	0.2531153925159653	-257.0324754379935	257.03265767077556
0.5546526753385835	1.6510002759579905	-16.29315369267318	16.393413881706977
1.3866829264463019	2.705492099800523	-28.872950810143323	29.032901083261326
1.2359787256153139	2.347616011178306	-31.943864674895025	32.05415596297959
1.6821501845851665	2.4037533766748944	-46.80673773108168	46.89880421024124
1.323854881725462	2.3406810631041433	-31.458153494685018	31.57318926980779
-0.45580977891203434	2.417161955364906	-210.63860453644926	210.6529661683777
-0.05237709084918387	0.6525697337301796	-55.77244712888415	55.776289311509466
0.9179455885752918	1.6864079423677425	-225.99155295673563	225.99975239684136
0.0013231690741355925	0.061678817707314926	-6.582313860312374	6.582602964100944
-0.26516970430583436	0.6502444005951736	-45.415866940526016	45.421295696095555
0.08997146278203576	-0.08844288372605749	-0.6645567930895043	0.6764264476189016
-0.04501394500201872	-0.0664226807022334	-0.6321839876407479	0.6372556959225025
-0.01940542449588032	-0.23862130906941986	-0.5786789479206325	0.6416118837026005
-0.19417215463912324	0.16184252782388597	-4.084827663673277	4.095020470798665
0.0003660431264625799	0.027758543949357235	-6.114700110366452	6.116355769195026
0.28778692135578166	0.4195398327393203	-21.23818511874968	21.244736334126134
1.2707762971906371	-0.5938101281343882	-42.76171485001946	42.78494150475199
-0.07148328652103607	0.037024070563894354	-2.6923758068233004	2.6935790553129055
0.051529364742084346	0.08386534428874148	-2.2303100820285358	2.232481071230283
-0.17005202049972257	0.047161126423227395	-46.50973645425173	46.51007124167273
0.004802827636389562	0.059651737127445814	-21.721449087759858	21.72153152678326
-0.15825827313990626	0.06094841943613741	-0.592039635489581	0.6158500798405603
-0.14396043640872658	0.22521698694732845	-1.04884276608045	1.0823670571575583
-0.16163602313734104	-0.046235312640078685	6.570564364063472	6.591524534014221
0.14592719571082036	0.16212778278145973	-1.381064840550522	1.3981846295116067
-0.007869448859947024	0.07148003365676552	-0.9103698362277458	0.9132056516197603
-0.1836779827745621	-0.039769494151396446	-9.082510594492312	9.132779889277241
-0.030828083686426325	-0.05161695681940605	-2.848038106285829	2.852089676137706
0.022860409315815122	0.12652557912098245	-0.3553109102115529	0.3778586553214701
-0.07470624632327726	0.09400081948142724	-0.15015001195116445	0.1922555679085242
0.1618505828234426	0.040199494155823357	0.07983903774615354	0.1848942466354859
0.3115061286103936	0.2792081998879917	0.12475517292379301	0.43652851020039174
-0.12890142357115741	-0.09368217253107303	124.5594566473235	124.55955857421348
-0.2098630226912383	-0.33586928387148707	450.9529044135756	450.9530783237917
0.23211608150003427	-0.07955956611683104	2.637805141102829	2.6491930020819776
0.007336409826918473	-0.17501300933077824	1.6807187659080645	1.689822164140263
-0.07451718466302001	-0.25826377719984567	4.374109863354879	4.38236124550704
0.05298447442414997	-0.20452610819226735	0.2227547949448914	0.3070146285329395
-0.04049992969367174	-0.01330716218580355	0.0728326924684418	0.08439150409155068
0.058160693531034834	-0.05940212285251074	-31.14490601898497	31.14501697238063
0.30308690652342485	-0.69801103159302	-192.5218472726079	192.523351202732
0.12666477253781516	-0.180466484204881	-191.51679721709905	191.51692413051114
0.06845731259670432	-0.30916762096313954	-268.853221707649	268.85340818718447
0.04592927349793878	-0.2110230054828931	-182.03062194182462	182.03075005337865
0.5048014817804864	2.563808804625521	-21.87718828182276	22.033129306249403
0.1736171210154785	0.9563988565699448	-10.450691314846166	10.496726652659826
1.1032143417768154	1.0016523876731351	-15.601231317931791	15.67223047384286
0.036439470457881484	0.07124563205933206	-0.9786687728901843	0.9819349989307657
-0.1915942260562788	0.3362047374855563	-20.58431068166299	20.587947644488285
-0.07748424592631831	0.07169946720183189	-3.1256407745108796	3.1274230403398837
-0.10406163843589784	-0.08087823190041818	-1.2951456741393481	1.3018342560522704
-0.3256988716758576	-0.25946383908350085	-2.305276927680383	2.342584673410629
0.2789892753886732	0.24196103216940357	-28.265319387837096	28.267731784727804
0.10986002414002469	0.05406210267428335	-16.618352075025662	16.618803134562963
0.1774016472827802	0.17663554039130266	-8.12934191441659	8.133195646243756
0.6226810104481253	0.583831334215002	-37.026240658562934	37.03607819374782
0.4484225151900217	1.4234203003884827	740.9452214036378	740.9468888179043
0.39532271639931016	-0.19804144378312755	152.90390617015217	152.9046091598914
0.13053264890763588	-0.012006737584811064	60.223873506469644	60.22417789262329
0.12334995709497956	-0.4367570909384407	31.486202165128294	31.48978212907529
1.0612178577813187	0.8677956707681411	84.64965470891562	84.66086920644872
0.36304401813238585	0.19163783385662364	6.556980908791511	6.571301578958563
-0.3538058233703345	-0.39610227461239883	1.7282922454954566	1.813435811751717
-0.19083614913327954	-0.1434263046128279	23.772176211340128	23.77337484169373
0.01882675045786626	-0.004775337096881669	0.8688587979777683	0.8690758661938358
-0.36960133346809965	0.025347333114857117	65.36767827990636	65.36872808414078
-0.13669909745816586	0.0955360706539037	32.31287024561957	32.31330062519594
-0.3617720186145434	-0.2533333032609738	-8.987054397075225	8.99898234673692
0.19348836874547784	0.1798687592111458	-23.126324553855728	23.128254531515136
0.3267603543635254	-0.715989239565262	-192.70722341031916	192.70946289006508
-0.28180861451925177	-0.6169134371425639	-157.9087747015019	157.91029290644332
-0.00892351611717307	-2.7065767650182218	-28.06703910231397	28.19758502371786
-0.5614557078603246	-1.5710112415930981	-18.164515355135883	18.241502314912776
-0.07766416558870119	-0.03383564430887869	1.8498933519001861	1.8518320622688442
0.05529080887732081	-0.04299338479795072	2.139633361308213	2.1407793967398323
0.2813450793966851	1.1177851405287085	478.44361322102515	478.4450016780027
0.5707199899369896	1.601690975568435	697.4501635311929	697.4522361746184
0.16322263753659902	0.31970200122607456	133.5071830941756	133.50766565535002
0.34111684510516926	-0.09033792392985901	31.081287603911075	31.08360404689988
0.08625219586692574	-0.05860055865131625	0.9684054166268805	0.9839523883900053
0.261423739182346	0.4150328971950461	4.48648712182033	4.515378296036986
0.8568720389935203	0.6197014908915631	10.348588944314992	10.4034144660453
0.22775905262376783	0.40740004614013103	3.923155215435098	3.950822171149021
-0.20802592620305804	0.09103173045994101	4.169885547000631	4.176063581533202
0.04305364798456597	-0.026496758856346083	0.32158587511250925	0.3255352053258582
-0.008262249106856467	0.0391992467054202	1.9191433666609548	1.9195614362404037
0.26024105587202906	-0.03726145952781053	3.587978442819534	3.600303169812956
-0.011179156334303383	0.18239059321016962	1.2930075843281985	1.3132934554234814
-0.04352720771693064	-0.11413141973077226	3.2327547328376744	3.2380709606748552
0.5053426444885571	-0.3134353241615493	2.0363792111645416	2.1214271569945704
0.21484756899235036	-0.24766036009379902	1.1939530541351733	1.238151455736503
-0.11776029507673444	0.36242260850538865	2.2959898571334185	2.3315803317089348
0.02420155833037707	-0.16847624816814977	5.00391048477481	5.008749333532444
0.06578234980808964	-0.16908095892690989	0.7521470033207694	0.7737188137962853
0.4847984740881031	-0.9239807618473383	3.2062062076580933	3.371724818956528
0.48676631378176494	-1.0628966602871603	0.6060696429041773	1.4077026954695668
0.060757584004646065	-0.9357677977053387	-2.0595128830061276	2.450252630935143
-0.6195428827513642	-0.3434942086868234	-0.9898981275716867	1.225234566456231
0.556916891775545	-0.9573988692991143	-0.5466157018370362	1.2429953860231953
-0.16640794363671935	-0.061581980987421875	-0.32334977488331856	0.39435872743585815
-0.1637139795288703	-0.03043926103468264	-1.1248173792857117	1.1456102030571713
-0.04255285825672425	0.5109891107590987	2.332199714081487	2.391977405478982
-0.09293808493006352	-0.020536919045570146	0.40700151766249604	0.4406691195828446
0.06497841529333714	1.4410864038251296	15.825447844613276	15.918734318193097
0.5184080743683186	-0.6686874671076559	18.665985827148823	18.685673564109425
-0.87919513527257	0.8352037310010233	-3.822105330937801	4.009867643569814
-0.6837736351641299	0.8044241682926163	-3.1446986791026483	3.317193755123262
-0.565694410536764	0.44026403819889187	-4.001909180421941	4.067996984105218
-0.1924342786889695	0.28472162889174935	-10.379974441557046	10.386599373705085
0.04230769770207442	-0.0353971799844361	-0.7363657196774899	0.7515032665609965
-0.017246950675303567	0.11702080163445808	-1.5878052016738826	1.5983105044657018
-0.8491870402713547	0.3749426302527137	-9.322153947958538	9.369297445362948
0.05347516600810648	0.08820701331618877	-0.7413145499509465	0.7613587311161094
0.00412477634956919	-0.09712159070480195	-3.9684584086686625	3.9696488205499985
0.23823165193913473	-0.2717879782451362	-11.184285770924294	11.190123825534906
0.11253742638471431	0.027327026515441603	-9.794599213145395	9.796278118232651
-0.18795841093412768	-0.1854662239961908	-29.797211167397705	29.798708012661805
-0.029812797235166413	-0.2716172321229436	-88.77198805547162	88.77251831411208
-0.04367898841905954	0.5376804813029619	-90.33673792365374	90.33845641046676
0.40510044227814845	-0.5500543230707711	-520.0350904304992	520.0357734474874
0.05536549367986454	-1.1827196897226844	-276.09616679825416	276.1003042440856
0.01919298064274022	-0.45590443552446275	-105.54151906752158	105.54668756569176
-0.36424482009402076	-0.39227636557479206	-52.079740764442825	52.08267881851336
-0.16316830078051442	-0.1535287156079452	-2.0659679675690255	2.078080509488778
0.023125027618128277	-0.0563309944747409	-0.7029307875194468	0.7055633493057626
-0.6744147893578931	-0.01081208167587502	-5.031740310397328	5.0767472618294045
-0.0918985753055021	-0.029735755300773187	-1.1160207535571836	1.1201927895040387
-0.5791559565572875	-0.44236800000270904	-19.19062948084753	19.20446226637487
-0.377033158475552	-0.43819702485211387	-15.403171970133064	15.414015614909442
0.4109058040462811	-1.2748189536283097	-17.114076395885217	17.166976950337656
-0.06144805202738564	0.04454185005252159	4.301489205318782	4.304422029480614
0.18373669306897958	-0.6901793941526019	20.64554863781892	20.663796971211227
-0.29110959758347504	-0.3259638791396462	13.913398182836378	13.92095995351481
-0.49171323784654325	0.05616517874835786	16.944843851108875	16.95206977256874
-0.029876485981964657	0.042665889413377026	2.1351888765755342	2.1358240847939567
-0.10480337585764422	-0.39022162972770635	19.214049971301332	19.218297868634522
0.02334324816135536	-0.0697660171948394	2.072755146705234	2.0740602938639414
1.1277627602892029	4.122392034551311	-36.190248564740024	36.44507890031377
-0.059371271286477234	0.5089686077990773	-4.703504113169376	4.733392516903743
4.369850554682781	14.653778297251282	-130.86782828290833	131.75911698039016
1.2242483994672664	0.6852892644147802	-7.419989448475707	7.5527563657191505
1.3502970845575415	0.010707822196944439	-9.474906241824833	9.57166364590252
-0.3892004039291336	-0.2880973741421793	-1.6206640040189506	1.697206130742213
-0.030834165893271398	0.08870604723756706	-2.821693073054281	2.823255444894308
-0.11243237959713046	0.008750502640821493	-1.6688001468414557	1.6726062122856067
0.032383856163190367	-0.04225128625270515	-0.28501053107494906	0.28993945601389054
-0.1353036644407874	-0.10409463533120429	-0.8321492652983833	0.849479354930113
-0.41330019425065834	-0.27844758724445473	51.18758166386597	51.19019775786433
-1.207735696142541	0.498098420488689	132.43692797682203	132.44344490865177
-0.6225192104968293	0.14361000234834437	0.3295776795121471	0.8720638677555097
0.02323936926883642	-0.1064428142462667	12.138577574801912	12.139066507786856
0.23602249870943165	-0.14809222414764736	30.82731483173812	30.828574045223874
0.5409571734302796	0.6800051529488116	21.7468232547128	21.7641761466691
-0.005952822644041624	0.008820560855348348	0.5577403798238979	0.5578418859115362
0.10057397633168606	0.11759834851100479	9.549828823199348	9.551082401942551
0.21058571437179108	0.17313428555578947	9.019238015211624	9.02335725763814
0.22207275017427602	0.3451516790340932	7.326710925406054	7.338197256300385
0.23846021790836652	0.4124576178713651	11.489233078797394	11.499106978413469
-0.042059447253206914	0.0052355837379636505	0.7589318211881303	0.7601144108963169
-0.02716585711586021	0.18863752303042003	1.4414391254379162	1.453983786440247
-0.050235520050454376	0.11626769870220574	1.5534716875280095	1.5586263404637326
-0.07142371187691117	0.015042568847293741	2.4776440557825423	2.478718962014525
0.5440091953120932	0.08208454809615578	7.225970042928567	7.24688394683683
0.3770511839352001	0.10449619183383502	3.9424818176543934	3.961849307072419
-0.04132625214636851	-0.14121747099868073	0.4875678476603149	0.5280647916722345
-0.06048467151858676	0.18916265717620626	1.761193651848977	1.7778424481859492
-0.5220438473853433	-0.6757479726852147	-1.541881806943751	1.831442142101463
0.10783014840552169	-1.2223988012304852	-2.040443988583013	2.38102873579876
-0.00331434588341711	-0.3811513817527619	-0.7709076672329985	0.8599918558331227
0.10924025101557944	-0.6810373757978212	-0.7835139659489866	1.4035633464196187
-0.603781214657264	-0.12504422124647663	-0.6546243748720427	0.9100553112403397
-0.007462481328046645	-0.12379237011206515	-0.017645626159359423	0.1252661472549143
-0.12909514710891432	-0.06639441329473802	-0.04736339199168629	0.15269926661507877
-0.18047994392620734	0.01392067828582337	2.8845739833079533	2.8936160155626482
0.21468224241824285	0.05688228048116334	0.16817343839632698	0.27857918878571347
-0.0038189072698553983	0.037780572001021334	0.07033959831376992	0.07993506592480311
0.07315739906327379	0.5189101473300217	2.774008291633781	2.823073103568651
0.45200347176930716	0.2533294896826176	4.810892257171651	4.8387154575309035
0.24878630782885247	0.2831118352659519	1.830692007066521	1.874289184695899
-0.37685756425708417	0.14285687932871272	1.2580112963593941	1.3283455568402243
-0.004760789160134171	0.20252128731416003	21.71410882866473	21.73531482065361
0.3057323311225186	-0.07455827166779894	5.048621392006561	5.060344745063717
0.31224696608061675	0.041599983825124115	9.13600829269226	9.142502722751717
1.6094686754850471	-1.4625423488276816	69.42365144539173	69.46405970957663
0.35959291288184203	-0.053784636762531535	11.827714558359768	11.834124864521335
-0.005118395937046043	-0.2990393903795904	8.29688824280439	8.303450189738076
-0.263873432329003	-0.7040461963912971	20.443250344359967	20.45754810973241
0.1455427552709953	-0.20982997893098926	14.641194658228235	14.644086592160708
0.019758624527070282	-0.05516331858702093	-0.4887041217401914	0.49220434127157653
0.20066844367162792	-0.28398559667454715	-6.996653878295643	7.005289511224618
0.024230035857013686	-0.0013733795684826955	-0.21579417878325508	0.21715457261087273
0.057500620183338944	0.022090708925267908	-7.6587472812369315	7.658994988808675
-0.023582686016428427	0.21073847042808036	-11.613862828901945	11.615798580147143
-0.10600140865164479	0.07641317075774534	-7.266474496653328	7.267649336739811
-0.05274614943617365	-0.01550110186167681	-5.13594695771306	5.136241193020562
0.06232616350288234	0.05726172943852645	-5.592921072742722	5.593561439927596
0.03325807209394529	-0.004685309642950414	-1.2786735036642052	1.279114529844279
-0.04973437041633456	0.1838219076558985	-5.653879936411858	5.657086028751509
0.15866867004399454	-0.1193814729683973	-291.5923877688259	291.5924553763493
0.17412740262932774	0.00649126749493413	-338.52667786064495	338.5267227056879
0.027935252313548285	0.016972528364231076	-4.329620125844835	4.3297435119371155
-0.05029737323237867	0.034037078570898105	-66.14776397543778	66.14779185504754
0.19024587707779642	-0.17192779433381955	-17.163242828862735	17.165158230051876
0.023191528801919027	0.014324298053067671	-0.6494329207598929	0.6500047315901706
-0.025687811465397843	-0.0024451914148056475	-3.3250875457613276	3.3251876683273105
-0.2396004911676409	0.16432245425736114	-10.131957572619262	10.136122262369254
-0.003143942253238746	-0.047498055172406746	-0.92807528004306	0.9292952571949663
0.33913130822328225	-0.5141618410513012	-19.014394631861663	19.02436794374994
0.06137284131306855	-0.24954870451964456	-7.595646169053371	7.599992230721915
-0.027649505570181473	-0.10612268561071894	-1.7312107508723176	1.734680715144837
0.07692122365341517	-0.2808681368460128	-8.205523741441962	8.210689596879876
-0.051813307549631996	-0.13990836928492403	-5.1932772561914184	5.195419870454194
-0.19997176949315584	-0.3996914433395992	-9.838136581944728	9.848282762160729
0.013329121824204385	-0.12478990729669726	-2.521844049010776	2.5249648698512193
-0.006409871114123614	0.02917584104729426	0.08329431784446456	0.08848875371306379
0.23334875985249695	0.09446720811239617	1.6761519886811997	1.6949516766837867
0.11488396867180323	0.03876908111942563	1.0138778993868505	1.0211022293451901
0.18172966646201238	0.06796308068240685	3.819577677484422	3.824502357999729
-0.002404271725258339	0.04618351115453746	0.9886478683380282	0.9897289046978544
0.12398189314356836	0.10395918951548655	1.0301502508112883	1.0427792490065846
0.002727949084589107	-0.05712169869711172	0.4351746783487179	0.43891608633560175
0.3313299617275456	-0.9621686830946717	12.524395904335648	12.565669138044564
0.06574852734825934	-0.03811576055039366	-0.6428150669320609	0.6472919668323327
0.005236746248432858	-0.001856478463299345	-0.36600802055869475	0.3660501893686836
-0.10212551625827396	-0.37088641958720536	-5.09690130849883	5.113303148727085
-0.14043672764108203	0.051138675165740693	20.37946278015422	20.380488724050743
-0.2918166607701161	-0.013942879559558113	24.121946388254276	24.124119231800094
-0.2732812631077718	-0.1124138215812347	11.497440697749823	11.502084241528673
0.05727223916512442	0.15847251262482887	0.2643304954333169	0.313471302438735
-0.016210871854467488	0.10131603447002538	0.038108529574265894	0.1094531462924941
0.11416660174907087	-0.045643482771644234	0.11649109733707214	0.2194705017382783
-0.11226935474598444	0.2707772947186539	1.203094052868901	1.2382891630789434
-0.003173743016211099	0.014310773290254222	0.0047802304937232115	0.015418219108286274
-1.553781282808221	0.1435842247880833	1.221433484039541	1.9816035073510871
-0.8498631476534804	0.17611410677946404	0.712388806988088	1.1228452077949664
-0.7839891503465869	-0.37746932725316307	1.2518420742712846	1.524542770732901
-0.66359811362987	-0.43489922026131983	1.0136044455090312	1.2872038533785923
-0.05293601840513673	-0.12832484870295974	0.22481989179914194	0.2988197742583383
-0.6394404316565014	-0.015635030317195583	0.8469253404990122	1.41660214777807
0.40869363044451723	-0.49563308885855073	-0.4563947649111487	1.2252874832771656
-0.00017088359653122387	0.015085912197568808	-0.01899159564495933	0.14166184932146675
-0.1388896053396098	-0.08659207360208042	-0.3398536588463451	0.40220492788297446
-0.08875021570857299	-0.011788097598203779	-0.15262107018022897	0.2253631203108916
0.36517151270219705	0.2315456364394582	-2.049141517315608	2.098910278770838
-0.002213999022346924	-0.2826450087167173	-2.4407586643049344	2.461031439259513
0.5697814208222587	2.925804371457027	-20.930435015553012	21.147383099812583
0.042305021209363476	0.07280501668079654	-0.19515847905190453	0.2542772151005049
-0.20547962032526573	-0.3436473502038777	-0.6571794851107048	0.7820997610417313
0.15357418184655722	-0.10641336655420457	0.22131865731578518	0.2896390546651139
0.2943162719071569	-0.056862989812693845	0.19593038136314506	0.35811196832956244
-0.053786939356673405	0.10045586454471439	0.8817213431989679	0.889053959340701
0.025997505291851245	-0.027563149274551987	0.1708914700705164	0.17504140088045822
-0.017166038227735523	-0.05550323519278056	0.7559809558754074	0.7582100550847344
-0.0953905077201653	0.039925726733995914	3.271455235638859	3.2730891786517606
-0.05086366746621862	0.01796521861554986	1.1654597046328636	1.1667074118522351
0.06363372455133222	-0.05736376125982897	2.5196034621032557	2.521059590380375
-0.0693178895194859	0.10235397568637676	6.373629444430317	6.374828123255979
-0.2574627161202927	0.17096774168029225	9.059387813344568	9.064657995283845
0.03987037570270205	-0.4344724032503674	9.534117106117407	9.544094766357121
0.004291963294893014	-0.033997139809984464	2.1492783936252344	2.1495515438733843
1.853517619006197	-2.5281401555086234	119.17040802864072	119.2153241849196
0.5220550556893312	-0.5659561182021602	31.180732528756284	31.190549989117564
-0.40672664101787587	-2.0714441507476367	-21.19837512551119	21.303682667017256
-0.027385710921902506	-0.5281310561307064	-4.634948630900762	4.667108418025158
-1.376871910284221	-7.267887860478804	-71.07307575364565	71.45711683994944
-0.617316871044411	-6.572702934099679	-61.28819574985488	61.642874057239
-0.2406097125199238	-1.1576666506731284	-12.485037131889428	12.541679196877805
-0.029153746766306603	-0.019016185631265142	-1.0820641164116722	1.091583296497453
-0.33177710862977483	-0.9347771228061843	-5.914019833940323	6.016912402368185
0.0911225356030211	-1.7118702448090937	-10.498252732459195	10.648747974693759
0.48432109638319676	-1.5540588318932933	-12.46822831262832	12.57481064740594
-0.3073534498193039	-0.007965508628035745	-0.008691020715903885	0.3377645795293147
0.7624248520841808	0.2780178271204998	1.242628864275477	1.4907017966390699
0.018924631243219928	1.5844939823819417	1.1300211816149308	1.9512577937501443
0.3615731222053282	0.057429829793337966	-0.93911039026703	1.0079492215181867
0.5037290384344223	0.08759659260447247	-1.8191896543050003	1.889673809293305
-0.10888605249745266	-0.37345436652668296	-0.3139664900126615	0.7025804121644689
0.10625113396351399	-0.008726649102612116	-0.11693800423105127	0.21099701326472386
0.5698259813951783	-0.6917718702864902	-1.1212776115229723	1.7156063757736821
1.1624091542441246	-0.03359589468144329	-5.697363944265976	5.890045011061626
0.34983547835760176	-0.08478672727457157	-1.2826590626673542	1.3395027834918152
0.6520827943533499	-0.5202141239508066	-3.30500946817084	3.5354310745718807
0.07901968329337088	0.029719440685937154	-0.5253733005766088	0.5501129387327929
0.17461833195062432	-0.04570629959254695	-0.3260926021411153	0.37271572658907987
0.05922524446630726	-0.09211060779137765	-0.38561520717780395	0.4008629212792965
-0.3808217447140058	0.3344596279894151	24.171716264092513	24.17702950314195
-0.36914473427393424	0.18679719794119656	16.921924358362247	16.926980977662094
-0.14823294125481137	-0.22914480802838605	2.171588266308253	2.188669903454402
-0.03897771826111757	-0.3214971931987841	2.418759612083922	2.4403437808644712
-0.560347354465761	-0.09072273761443463	1.3392458425510125	1.4545787017439817
-0.19490135973716421	-0.09347396895235319	0.6714508874708884	0.7053865728694761
-1.3314350657007972	-0.5673278267977236	0.3142824829427064	1.4809975274528133
-0.2535586993356733	-0.055647208824631304	0.08792226243700829	0.27407836487182397
-0.36942703356727763	-0.115838059184199	0.03450347340874042	0.38869689831943366
-0.16781774293309581	-0.029965453420976933	0.10720949090015908	0.20138172255930942
-0.12776387734326114	-0.02668596179854251	-0.8535169367338198	0.8634390020159969
-0.022645550571473518	0.00893503654644288	-0.015308050116258881	0.028757472718118505
-0.07704846440826935	0.4638064045881083	-2.6871137485485086	2.727935692871633
0.011119948031825058	0.005704669949128889	-0.2457641808657773	0.24608175287917117
-0.0015015014665160503	0.009534944855015496	-0.005248069582911297	0.010986897395953531
-0.0542538877639928	0.40999358777337513	-2.209319786895044	2.2476948518690776
0.08267811686731341	0.8045548173649911	-4.488856696502265	4.561137858789971
-0.022496199365532675	0.8237776291745764	-5.0754845416451815	5.141950893755557
-0.026522682095377934	0.07736742479048027	-0.39452526780604186	0.40291358629571206
-0.1326728163974694	0.48818216544955995	-4.705730397900587	4.732845072532957
-1.4761573027177786	-4.859208494832561	-37.76808542447514	38.1082498154136
0.029420490234102065	-0.3559317212409281	-5.9584983325094925	5.9708236549783935
-1.501454804502562	-7.60186538495473	-77.21187920386141	77.59972302819529
-0.2051167850396447	-1.3283892198542284	-13.37351720526331	13.440894808546178
-0.16111270967093033	-0.6039217937561373	-6.304262092952458	6.336708858684326
-0.1237510562532593	-0.8981980815841479	-7.8027225926828345	7.8564644567991495
-0.3987215630513689	-0.7565548251853634	-4.9547594807801305	5.029957791635429
-0.16478786891277517	-0.31313438175385533	-3.096311908918688	3.1195889801364656
0.1905588126822858	-1.3586393887376884	-7.510690808192668	7.634964968222856
-0.37832495067624156	-2.079896634806079	-11.009406445092617	11.21053656401105
-1.7844997793573893	0.5961721335317686	-6.514954113100634	6.845789827626413
-0.25939015032984786	-0.006452188502709774	-0.7405320986550805	0.796989620298228
-0.737521632971512	0.32270982190056713	-0.9656657195871866	1.2649386764337234
-0.15439385223406232	0.20409060251802105	-0.4439975360665495	0.7115786604986195
-0.2131769830250329	0.26607407111443976	-1.1338180922898327	1.1921673912311237
-1.132654687484383	0.6293471671541186	-0.8553567351293909	1.6292144071964472
-0.11181981948418307	-0.1302127906747258	-0.12117168770516373	0.25223284022127845
0.038269241426669647	1.581420492340437	1.086479142568135	1.9190602480561245
0.05030972126304513	0.18218480693353178	0.13748377258969108	0.2337181200858578
0.12854218211919333	0.010698222084398155	0.524710090425152	0.5580663118606088
-0.13933376113386658	-0.16817579525984572	0.20142415859328883	0.3282506232560804
-0.006646364708083385	0.1759513372314475	0.3798456829530813	0.4186714584199168
0.0875792256617974	0.216014033960572	0.2739467384773506	0.35969292341915365
0.23961226692109214	0.3439345012527526	1.0705130024604719	1.1496534556326001
0.32823477754561814	0.0382461294499033	0.17628160228244705	0.37453442954097954
-0.040234717715384734	0.33620407611957565	1.230912408219209	1.284241859976954
-0.00810661764325488	-0.132283997433975	1.5884443585344326	1.6000625107434368
0.29819845546125795	0.34789108289907167	1.1557994489230392	1.3391932656009624
-0.44904067981487744	-0.18495469039119422	3.605852004887857	3.6722786063805244
-0.6475624344264204	-0.035526325800256844	2.039986973676464	2.145140056960104
-0.895875895193206	-0.1572059863781588	3.020750494932973	3.1578031413118777
-0.7654948346105804	0.3491380463658771	2.220900078096083	2.3790243082034386
-1.0547784970383751	0.5091441401716132	0.8194746461626266	1.4362464669718034
-0.012708732636751294	0.07387964234687328	0.05565239987325066	0.09336435642249463
0.04667210586510587	-0.03572782981513967	-0.006411982869977743	0.05912594027589052
-0.05779149258845182	-0.02765174221129712	0.08616784097245218	0.1073749145786618
-0.02560587482399798	1.1284822224835291	-1.5256034926131337	1.9609471554226694
0.21223444240289568	0.4971373816429894	-0.8454897757173047	1.118374685877418
0.3762854200441643	0.7906237597648579	-0.6437151798004517	1.0956850206368893
0.403009357882915	-0.024172662512616624	-0.4092155479149934	0.5748549598024849
0.058463797700387135	-0.013268782530561964	-0.16189366626970703	0.17263729437651182
0.14223104856534524	0.6652856871668464	-0.19970806269314842	0.7226325566494435
0.17719778053697036	-0.04472440260950461	-0.4444791992965613	0.5004406749289246
0.2292654433495621	0.37757534650262836	-0.22366538335498376	0.5144237304131518
0.3263851300733984	0.4428453467178868	-0.09239488904543619	0.5750268295170522
0.36088089485512664	-0.532843281573016	-1.1224135447187757	1.3848065174446234
0.9169279321693627	-1.258108051358514	-2.0026821955095513	2.540434699573374
-0.773803811187844	-1.790770998606014	-4.202203128543212	4.727254597130938
-0.3739288233879095	-0.8495781173598131	-6.845336281016215	6.907983391891866
-0.35856260736898826	-0.9275282164688919	-8.383486846566788	8.442258432570492
-0.28591116413496426	-0.6039342223439218	-5.527494974537425	5.567735844329512
-0.06588990596221894	-0.19064089091591757	-1.1723646013118785	1.189589924052018
-0.06719136795800942	-0.05505025738369007	-0.8067914310433578	0.8114540183960326
-0.07481799535824153	-0.3114724563712239	-1.8074162319673772	1.835583356616229
-0.22221540242448337	-1.2798161511314146	-14.611129066247583	14.669419942220498
-0.4268329092363889	-1.4670156096243185	-15.224868516509845	15.301974456298154
-0.1494041085861125	-0.6095589598386986	-4.347379680065599	4.394664217062472
-0.6831583484115147	-0.885487532558529	-9.167755537660756	9.236775134349129
-0.2442094255347105	-0.4486070692308413	-3.6309288313617993	3.6666784321096713
-0.7377391991501675	-0.03591096905903836	-1.6169379514844575	2.010678703202539
-0.1595372021584527	0.045316869035713046	-0.03639690323120505	0.2197959439038142
0.19041492724239806	0.1362500402079184	0.1910951278835183	0.33289495456405654
-0.17556174802049118	0.9837371431694732	0.14671098821167933	1.0195904046141742
-0.28455646822634684	2.029479049616653	0.8856372303589609	2.2368707350091235
0.08101095566597478	0.1181891647695944	0.16973743295694768	0.22213115439681838
0.02480705274057317	0.029158922634292497	-0.025567093202173846	0.046035952142590444
-0.02176719866852489	0.021891387309026226	0.008289888844020474	0.03196507521084602
0.12184068083017434	0.27002207393394406	0.386901057209407	0.48728790256531673
0.08860030749124588	0.02953981457842913	1.2829614653913182	1.2939059168702762
-0.3247214303150591	-0.0668517925263028	1.4197636254518955	1.464623400921257
-0.5668387801199124	1.3399814668239791	-11.753431411097795	11.88035345662577
0.3348530511474686	0.7024455242689007	-6.275833696541435	6.343135250763073
0.011957366837980715	-0.18441301667394494	-0.1853546613622961	0.2966264902688467
-0.43334525385651573	-0.24010787939462852	1.0733275329209682	1.282609686464891
0.053579247028329904	-0.012517002879508656	0.06610153158300401	0.08600478795292346
-0.0625793864958303	-0.10124973841120276	0.22550524766579003	0.2549907956521978
-1.3426824554318204	0.015100354472472266	3.0033289572223447	3.2927934655881277
0.09641877589477196	0.13553089960944759	-0.25746664851349077	0.3065196244790238
0.17872441119656463	0.028082489419164566	-0.30101996000838405	0.3512037267640897
0.07044395372346215	0.000438384001115788	-0.4062397322831166	0.6462267210369624
0.09147754334658294	0.002450344689697556	-0.05589441172844678	0.10723026806034489
0.3713617934980246	0.2747680778481267	-0.1475470464550965	0.48495072862306965
0.34517880780983823	-0.17353199770556738	-0.15634580219270702	0.4167802459954013
0.04989526402437174	-0.050339342047052094	0.024439513491904697	0.07497250529035869
-0.10459498953104479	-0.22492236760658524	-0.531866329864967	0.5868662335905697
0.03231923212596731	-0.19620380469725035	-0.5004829413929688	0.5385384297970265
-0.12214402209249481	-1.1292176995605758	-11.046389435902846	11.104628374905655
-0.15210861898572095	-0.5499571258624367	-5.797789933270802	5.8258010593044505
-0.06092564354623686	0.0068290766225837934	-0.11454886483448819	0.12992310327232057
0.04516955482252914	0.04462898444666741	-0.016149926655529244	0.06551988298665774
-0.6227748049395699	1.344528251218806	0.7736267486375911	1.6773737827629804
-0.07677470040757103	0.8154104431885827	0.5665600220082961	1.0056135385533123
-1.277672337524613	1.5627926721835954	-21.028523810286103	21.12518831106781
-0.026956670691544116	0.0038685440270559285	-0.03748072900889571	0.046329610128944126
0.27978928718445917	1.4133412978603166	-25.594334857207702	25.652020252705988
-0.029156959057329304	0.3536479610630081	-4.829865936070552	4.844894400700615
0.5170541257220109	0.2985609791153095	-5.206071395654885	5.240196847813299
0.4868826459384863	0.19232272948739326	-5.530897644851202	5.555616212537914
0.37091736461174807	-0.047251621533171126	-2.282479088546698	2.3171109126800564
-0.02395541139003875	0.006615172769515478	-0.03925126095516067	0.04645733238366866
-0.07412360944468749	0.3665180179831555	-1.5626246492289089	1.606743775889977
-0.5425174719697958	0.4153630715968005	1.7536008659335873	1.8820116061389884
-0.3550543199875527	0.1656555240484363	0.8586412291546175	0.9438061682325126
-0.8884279856067577	-0.36098693927916686	2.3515118702259072	2.5870724524359123
0.13701918206842847	0.13290611835661334	-0.14060772975096753	0.27511563226586083
0.04876710797449901	-0.12967838580391514	0.16484284676547542	0.2566079959678799
-0.12028163744115772	0.21555798958960656	-4.041431963755015	4.04896347684715
-0.003530550915781444	0.12327186376634172	-1.1045930805510675	1.1114559329039966
-0.7772261708991692	0.03734142630167214	5.4348612336525	5.512785797036522
-0.062478736854769	-0.01728589388448753	0.2247294148917311	0.2338925065151363
-0.5920866395224842	0.2465967213183628	1.9774873940019915	2.0789018555724996
-0.8129826917540449	0.42727622410850813	0.6417651637402042	1.1290917319113476
-0.43686860724837395	0.10800200493648807	0.4419036604451805	0.6459700016907011
-0.26266495091229	0.2351608350138093	0.1436599895385433	0.3806989458303793
-0.0816526274203296	0.025922790387130773	0.10596954847266202	0.13626697262946047
