-0.1562474667964473	-0.366543458248234	13.36093330654988	13.375986922172839
0.00811684643718881	-0.45197879588027956	3.8053938577910045	3.863818457230486
-0.36404041812012666	-0.08692633215393825	0.018960834274781735	0.6198072836642122
-0.5881878188764361	-0.45832317589185817	-1.055548428057417	1.2998797300937892
-0.9849942820261202	-0.12360446366791354	-0.7152032796348597	1.2314573947819898
-0.4357026864173428	-0.2998475841937471	-0.2700221200942373	0.6100304377146337
-9.7705000247349	-3.0315126458370676	-12.26570899518646	15.972471211265738
-1.5654210577804746	-0.2336515931053017	-1.7772615529542364	2.3839619476016156
-4.055105134900565	-1.7587075622567407	-4.4751056109009	6.2915006125925705
-3.2419098839813354	-1.0432176316674036	-5.153214491465177	6.178461143587806
-0.6727545984216777	-0.23058091777278814	-1.6821587038209054	1.8316397023101685
-0.29293501827688456	0.43536971789312906	0.07569160938712415	0.5482396563755987
-0.7021047923036741	-0.36286002795704203	0.6774254561966788	1.0502397692279841
1.0951635647600109	-0.6708729148790569	0.5212581297962771	1.673772485218612
0.06613244236774324	0.7060927067001345	72.89634391384789	72.90146511805352
-0.46232216949761873	0.1410617048905572	353.261885465906	353.263462183273
-0.1998885742042641	0.16521687032566768	44.61165948522902	44.6151446711177
0.7368370273406507	0.32321254229116864	992.4985109882764	992.4988469458707
-0.07137045547738623	-0.013439826989833415	2.461884111223891	2.466906470229711
-0.22672592070004224	0.37339849049147766	-0.9363965744941859	1.0426645699567245
0.6406607520172963	-0.01687193127886561	-11.438116385948387	11.456906960634768
-0.6396376834450425	-0.1447034908230967	-83.30369998096792	83.30639822828948
0.9283215719364178	0.3443393608754287	-199.4849690627332	199.48747507620848
0.15256720630384052	-0.3029828194311076	-1955.424934703403	1955.424969109
0.25590286699961057	0.016112722147473918	-20.930543610095043	20.93257942768029
0.31280263813630377	0.013046456490702268	-14.188286166312782	14.200323939264015
-0.10788201052572871	-0.04003957191719752	-34.195306494744976	34.19906355307791
0.08807332448593301	-0.18905838887240214	-11.351242469402747	11.354016266016252
0.012415928847014035	0.5207879709153771	-33.67587822164319	33.680196377838726
-0.339636851139748	-0.2573341993499385	-4.459089519889153	4.481577089830371
-0.4185432082323582	0.21278743902948558	-14.386734090649181	14.395070492752494
0.4164685335101781	0.1594904327109451	-4.55076100395367	4.5746900154585175
0.36293604561344767	0.18679242247767774	0.6103588885652113	0.7474167111131286
0.3372645072492762	0.5518843563715702	0.005198431190101993	1.14067633413015
-0.631197968390661	0.07940199230229308	4.396595662003563	4.469730294909371
-0.29073900902852723	0.029222203967631144	2.1796122511090648	2.2538439644661157
0.0430732830550061	-1.0601629102014043	434.28807534881537	434.28965208812485
-0.17173881693421097	0.03071259267086987	48.76470369930562	48.76521551424294
-0.17885738999744974	-1.0141918142391435	349.8389902532602	349.84053389538445
-0.12098433374294579	-0.06983481650761839	3.9205389187311765	3.923026831911005
-0.014259938409746216	-0.019965769850770174	0.09696884754923543	0.10002467297727358
-0.053127345329318856	0.1323395064713026	7.032620166284436	7.035450408319663
-0.28458631223246506	0.14331529851833535	3.207628940447084	3.2264364007978155
0.21398038578572198	0.026466272623788156	1.783501227470054	1.7964867651821965
0.11800691632469366	-0.00748558287437907	0.43187209019900097	0.4477668685200888
0.08297578721621979	0.028241603638652885	1.1139653267009133	1.1260910724413482
-0.18975106733632574	-0.3594005106163721	2.993182134263992	3.0238705773170462
0.01767693943768034	-0.2378789047926657	1.5249054737396586	1.6216816159389658
-0.6596440912009608	-0.3915815747264352	2.7881376014116923	2.895109242503177
-0.005117011370395521	0.28952557941671264	0.2575092226065829	0.411876230886652
-0.3839919715596729	-0.30065570364113026	-0.4062372091475597	0.6347222671769328
-0.415549083472304	0.15121023379060872	-0.04404091007038252	0.44439304375463606
-0.22349702761616547	0.07130438956995852	-0.13657686335640956	0.27145621549244514
-0.7536489126225346	0.1419294364727683	-0.7291090809511157	1.058173284656151
-0.8944907716324542	-0.17042690738381755	-1.5122436575759302	1.7652308492587205
-0.6166932631815406	-0.10021049594763388	-0.8387650698222114	1.0458869760664518
-0.7020005778917022	-0.32392552912781314	-0.6316744545859188	1.008079838731752
-2.380827205604703	-0.4352069147460351	-2.9719510177440074	3.835324742229778
-1.3365645293262782	-0.4079167511940915	-2.7533551167132755	3.087679584362518
-0.9381772206665359	-0.3847415238454531	-2.1477808475965845	2.375113703983708
-0.06524595104427443	-0.047468003079934235	-0.01800073260235186	0.08266965476092099
0.04087027196297186	-0.03407147221811951	-0.10891522583353858	0.12121786488718594
-1.4732574617387013	-0.21267484910244477	-2.913478989932914	3.2717087224858545
-0.41432629258203146	-0.11844643180260554	-0.9434425909470104	1.0371980314020794
-0.189888173468386	0.05408077932835412	-0.2084277422410144	0.3192243063295912
-0.8060850026194653	-0.17213678106778402	-0.6549375771661926	1.0619920516316135
-0.0055950436274674435	-0.06599033040687756	-0.008678565276992706	0.0667933059195991
-0.07831117085310456	-0.22730105317198823	-0.3330995466315807	0.4107964413424777
-0.01986483839229321	0.0069506322459311504	-0.030907377762215138	0.037392366775939344
0.18328828459028454	-0.08519800800136691	-0.5416111748154736	0.578096843548248
-0.041170976617715155	0.09682860139227048	-0.23392504555022603	0.9739525343664929
-0.7344813979840585	0.42982661362507135	101.54403901268631	101.54880497964574
0.06343297448370176	-0.4255745949522335	21.475272680642682	21.479582728397645
-0.022519770147399806	-0.11195273699073052	3.4673294039949765	3.469209384164549
0.8387434350231657	0.384791073125654	608.3225892743035	608.3232891942513
0.3043492429260918	0.05465764619754984	208.2992737378471	208.29950325345123
0.3116193158306012	-0.22251927209262795	22.3023671716538	22.3060907078899
0.02393832445055094	-0.09970466450003578	14.530839508329663	14.531871547231441
0.2723355102604086	0.1932383060145652	137.25707964130504	137.25755680150186
-0.05916648301927463	0.48186529544117196	178.85833741697346	178.85905075836806
0.4652660571162494	0.007240744134750704	35.31669734166642	35.332257610292146
-0.44846277081928043	0.3816426091926547	22.41862519719061	22.426792134743028
0.3245530521871512	0.7065020812675212	21.16202583486	21.197079230467136
0.05243449072261016	0.1534343229536192	6.302610523873322	6.306240612902136
-0.16009930432878156	0.003137976344763427	13.778581393046629	13.788352576771198
-0.012247109404051229	-0.8232599272811005	21.775862180338414	21.791869134646266
-0.05395284430560778	-0.027514560807056727	-0.16996177550571226	0.22811126780175617
0.11942441709682955	-0.3822750384473997	0.0559519627874376	0.42779294461064366
0.1540129504056453	0.04847259156900989	-3.4641867141963103	3.4679474003854645
-0.25958417382439314	-0.17328848525065735	-21.132356211116868	21.134660912253835
-0.39129983113773004	-0.41938580323034025	-31.175279178856535	31.1805553492789
0.313114086460051	0.3327614828864675	-13.682619918833531	13.690246837763464
0.265071364164888	0.19323898604477824	-7.318713180976653	7.326060794125941
-0.4911513773311741	0.1816605050937596	-846.8513654094313	846.8520485408401
-0.4359245138315839	0.03336639957962315	-509.9578853402587	509.9580918506849
0.07806559068652301	-0.3919060796599141	-522.9764525493154	522.9768419551577
-0.3049871909899041	-0.3942882282411221	-3.1819111187311764	3.22072022397204
-0.04190415994426562	-0.09383700655544894	-0.3776287542046463	0.39136277086876164
-0.276706529335257	0.11474284336117951	-2.901199885293574	2.9581097241831342
0.09239510657327467	0.25351264484508057	-4.855914308991674	4.865407390752098
-0.014307192294176518	0.45114829618409635	-4.3077688964606535	4.359395862801976
0.007858803507186977	0.007507760242682505	-0.006763945782156312	0.012801492841466961
0.06697244251728897	-0.3041010487550334	-1.1284565932941781	1.170631043010455
0.1615970044723083	0.6439365082929347	-0.1908533782493584	0.8513568832493885
0.1300718851860403	0.10018079569115092	0.17754426876487303	0.2418198803084912
-0.026330503829951897	0.0756605080087491	0.10280604480828295	0.13033376674217062
0.7026723738191587	0.655034030433403	1.1215181166373198	1.558280027466245
0.4272092867062075	-0.36519346120779717	1.9203704908994714	2.0057857926444775
-0.0760491129856179	-0.3970812030802922	5.656629456549398	5.671059315342057
-0.21237402131328764	-0.36302411412997876	1.7324592123731017	1.7827798952492868
-1.1780270376255364	1.4890593135156498	-266.4988946453636	266.5061155254857
-0.3030056065785352	-0.3380997364162449	235.11468995211723	235.11512829911555
-0.04809110276019953	-0.16960997888899648	78.04238929375018	78.042588417968
-0.13476151466696537	-0.54783479753852	62.336422348072034	62.34096125743123
0.024643298595957937	-0.042904558255809445	1.1092208591184338	1.1103238300551102
-0.10672555053565295	-0.5758102216706	19.358440547602047	19.3672963572503
-0.023469737237549956	-0.090079315149182	0.7496281951893405	0.7553856912905973
0.017566607357370617	-0.3036241514536637	5.063839454568314	5.07296424516108
-0.2882905804061356	-0.6498055172457583	1.9826425173073587	2.16421942799911
-0.08455281827742221	-0.1762607369339486	0.04914708954042746	0.20157495596786876
0.04064540568721724	-0.21560013301393097	0.09963080608732311	0.24096008773386726
-2.7848193192381308	-0.5496343048430133	-2.997960013244266	4.128568850203876
-2.212575496574868	-0.5383987982793954	-2.5053527154185393	3.385580573946997
-1.1566014473627493	-0.4573869375446355	-1.3822030185661303	1.859412515611151
-1.5709882350440352	-0.742476350259667	-1.766304515062447	2.47772210008945
-0.029711533788067124	-0.07534634599613871	-0.20185631053241618	0.21749900504776684
-0.2869257888802905	-0.2739502225743148	-0.4881199962972529	0.628996234931755
0.1011783436664432	-0.05541896725234189	-0.16611297715596965	0.20224203405331123
-0.040789280384967194	-0.02880147432120671	-0.03381928028788255	0.06030782732439429
0.022425039283228074	0.02441534588761005	1.9901680527310046	1.9904441387822922
-0.13521933963180904	0.06106337773053143	3.28740666710138	3.2907530446408337
0.010598170222065155	0.0809670918133375	1.3549971649873807	1.3574554535205212
-0.12493821301210402	0.23717582053313294	8.698376543835762	8.702506330090682
-0.20029389927087798	0.03958391405373025	5.289497846038866	5.293436690429646
0.0017571989215350373	0.0515462819718427	1.6738550713343812	1.6746494877331783
-0.17236160365659128	0.15792352312090124	7.005839882028553	7.009738997579859
-0.24574078199340588	0.22344601990516041	6.157873600345619	6.166824461064196
-0.11441953195487464	0.1357818157791395	14.12930347500356	14.130419145217763
-0.08142492630566303	0.03358040276346736	17.850799963238565	17.851017253636602
0.037605756108234065	0.06568973609627039	22.574320501696924	22.57444740071515
0.0021050937327277497	-0.0288985701793458	1.3304466515890865	1.330762131826214
-0.0871533954928863	0.11247075222940815	43.14061449537286	43.140849138871005
-0.08092274013925412	0.08309259922226345	12.908860527959423	12.909381588605472
0.13377498412011588	-0.1671627802118555	8.47776470324618	8.4804677645205
0.05857229830316203	0.019590600137613913	1.8866625467540046	1.887673189687922
-0.0755529756441411	-0.06834506519306316	31.628378772129857	31.6285428537797
-0.0245374253810606	0.06054320451867245	16.180849233037414	16.180981103355414
-0.10760990847587487	0.06642510223260663	14.321936353503055	14.322494653530198
-0.035606004379138564	0.07574275111956146	3.0864871302323307	3.087621666750124
-0.007423335305591066	-0.13461573353591463	7.379281307049828	7.380512794528403
0.09643063251103579	-0.10876922728968162	14.26842027037325	14.26916068392566
-0.013821647884425144	0.012257485469687107	0.034173074703361214	0.03884691667252536
0.14795467300275916	0.08753549211550371	-0.03799603407461104	0.17605892834121137
-0.17497660922563862	-0.08392063927292243	-0.6766629282875907	0.7039404846937097
-0.17201419988479988	0.01111566107803947	-0.34000754571826936	0.3812054223493821
-0.5665903427721093	0.06583252099757718	-59.94738068015782	59.950256786222376
-0.026866253489534697	-0.10850208635725637	-26.515589543918626	26.51619247072979
0.028384220356852095	-0.05801679685193019	-0.23873488472416138	0.24731752438208476
-0.012571340791629207	-0.05011301677582504	-0.0049233177745807155	0.05189982772209273
0.5498694633619612	0.1286780055682419	0.457044548365407	1.187685126599441
-0.022976338742924388	0.05991881334584914	0.11310983765843277	0.13004619067824066
-0.032394884722347916	-0.05212797076692207	0.012508670831642518	0.06263561876780396
-0.06510432549095922	0.5458311602064901	-49.00348088763565	49.00656394130812
-0.023166603849370443	0.013387024831303496	-4.568692714622283	4.568771062836316
-0.24122348102281466	1.409149984373234	-140.45603046792732	140.46417374973592
-0.16666653644960247	-0.04764995874122488	-9.982339548494979	9.98482002337985
-0.33028438203669963	-0.02946582467597699	-127.96565662654312	127.96616236980415
-0.15342563361505138	-0.01092002718629385	-7.680722538596927	7.6835302545024655
0.024240855502407378	0.33134574254646687	-17.922493427302015	17.925572467061215
-0.04204787657859068	0.6205331339051969	-43.55174276183141	43.556183567743105
-0.12932413740731777	0.6393965331943132	-108.487669976131	108.4897210305842
-0.09510763820988094	-0.24001192306796873	-66.38624349602968	66.38689220384624
0.18865829393142367	-0.1698660158418095	-184.64319652111894	184.64342378686726
-0.5185073607011986	-0.787970047430842	-237.08846649047794	237.09038396626323
0.23597022159505435	0.017907955243927298	14.072930984279946	14.075612559087691
0.12834025733231014	-1.6122879707483153	25.405057103705698	25.456872352072615
0.18411296112336228	-0.09781375375733647	17.47832361632591	17.4865371498274
0.03591915911093367	-0.7568964392372479	149.63764592522386	149.64037884338165
0.05369554753233949	-0.09104793529727229	130.80179020756123	130.80276455176167
-0.637199296931539	0.5565506092094988	4.363289418038911	4.4467455352304395
0.2302522429381952	-0.4752974392938646	0.5456541877924341	1.2080786517163504
-0.21485926870891592	-0.4024460900121623	0.6304439991272747	1.2199913039246628
-0.07917000419551798	-0.35959725368443707	-4.043288170492684	4.06241764088428
0.6629433427897036	0.23252382393472015	-0.989330254957697	1.2213989285737372
0.7804803345666805	-0.5126946233244043	2.198715254531857	2.392871472695967
1.581188828778429	0.609701744777921	6.340260689793382	6.6295663913470415
1.3876374740257647	0.907890223023457	6.087009542482912	6.310385675341896
0.4606763252177484	0.6092677218943336	3.8895414692466703	3.9662882471459366
0.15936432700654035	0.053088504845009876	8.12666281146629	8.12959676824368
0.35683233167068396	0.09845389634111551	4.384869110482785	4.428071763318247
-0.12015329594130791	0.3620253312666747	1.1789979875093701	1.2470024837406923
-0.6838421863180562	0.5162675600362371	40.96002920306525	40.969228018479825
0.32608996430260917	-0.38384059448906627	8.193420193178154	8.223717083604965
0.8025211854159202	0.622233423682591	31.330193918533645	31.350534056087653
-0.0330888415248867	0.46121544065782194	1.9063134896350125	1.9665516672081207
0.807507226719363	0.3942704238980843	5.32753595731155	5.404593994900288
0.005347701595228786	-0.03510538918179905	0.03172413074440892	0.047617294478430175
0.009516750584019367	0.0741748421731466	-0.06142357651457152	0.09677464288196087
0.887852623035746	0.11126156741429774	0.979031239488093	1.3263346427310616
0.15377140443291767	0.032260364031664976	0.09959557670604256	0.1860259519748164
0.20250859993346848	-0.03114082548997384	0.31791038137232214	0.378214878929301
0.7232860606288353	0.13113804709339938	1.2948830587650064	1.4889802042915379
0.07291337888644543	-0.5839070679961945	2.8366264406843387	2.900378108758589
-0.06483898358436656	-0.0398598349201538	0.3462007972197836	0.38095626668651805
-0.018669968318906778	0.03029081652539606	6.535705736106473	6.535802595722873
-0.21782841412847265	-0.0068203538889855565	13.283904887586905	13.285692484687583
0.4268194606121597	-0.837588801817272	47.062500848426446	47.07209572290069
0.569866920907503	-0.42666364107736904	47.76809392429979	47.77360219949705
0.47239410267569315	-0.6711363655700797	54.76589915204722	54.77222626410707
0.5691567459244354	-0.3559125249997112	144.5697512656491	144.57216609655757
0.0010855085072460635	-0.19471979584601978	20.00719564752219	20.00862999908674
0.5791630954331162	-0.11734215714770724	85.6601125023294	85.66226446206979
-0.10777485964642594	-0.21838966131841545	57.450048815610955	57.45271998863696
-0.000641331152970961	0.0068123448381545645	0.5899197412011439	0.5899594226780903
0.42447307086043307	-0.16876594468845868	185.37225986561327	185.37282267640103
-0.3037923119231567	0.1471324711835184	15.947433433210119	15.95100532378846
-0.02922441289644945	-0.026676432223263383	1.3521088230499039	1.3526876829906815
-0.06213628853405104	0.4621221316196017	25.645931365513608	25.650549568623678
-0.0003015085111984783	0.06825677352310283	77.36344654142084	77.36360255074875
-0.1524325133643314	0.07526216648673224	2.5253824933421862	2.534943113250088
-0.21431576031038554	0.15986830450645756	10.163885283665675	10.168359403773986
0.05570140380546147	0.34706489578854727	6.589731847535773	6.600575906358612
-0.05026367691241418	-0.23073526177192644	1.652358986879607	1.674973195207468
0.4042610551730676	-0.047897440160129895	-0.1333958860214327	0.45055012241811476
0.25217733954448196	0.0077089164626039375	0.044311604974977256	0.29171242895738736
-0.04871196299060726	-0.41376594904713415	-0.03980192166745272	0.4411792082563453
-0.28027249922205916	-0.3180505442815145	0.05873631157421501	0.45015393115609875
-0.03848271964086802	-0.18695551230478963	-0.14126077107068424	0.23746134156023826
0.05935533529441195	-0.05836508477429876	-0.12015304882892051	0.1461721385610406
0.9618983755189068	-0.023327645902272792	2.7262713531593405	2.894447778047916
0.6204443560038135	0.9726145997675042	4.099492482948187	4.361142139534848
-0.06403607422782603	1.3114955268670268	3.6245145752207346	3.9678733380341513
-0.40170135695776055	0.15694945974937397	0.34532066829373675	0.5698449455318171
-1.6113244230905794	-0.16527799661543965	7.87436296904232	8.093952505774816
-1.2652485223816288	0.20739182444180426	4.858567236026621	5.111979319610513
-1.2524283155318479	-0.4906023281645687	8.572089301231271	8.678102448296519
-0.5406802234524799	0.19019089251902827	-1.1543363455448583	1.2963332377038193
-0.6210814526730382	0.8965981578044726	-1.3677206415664478	1.7549273391510434
-1.6016458635685162	1.4252211510001978	-6.310510829603049	6.730484553505923
0.01412212368466842	-0.3474864545577387	-3.9288856500068405	3.9467161674242752
-0.277100330656311	0.16471944769843017	-4.919483295574403	4.932008999387116
-0.7979134079666357	-0.09576358011708891	-28.639541398964987	28.651154388572536
-0.5418340649502779	-0.3136846592377108	-41.54802423538248	41.552975583804
1.3965362024551917	-0.8242924396262353	18.952351366641246	19.02211537921903
-0.0974166253832776	0.05896838690753871	-3.945721386953494	3.949830922700078
0.35703425935657407	0.06106782407092344	-117.17619486294474	117.17683783532134
0.07064072763880529	0.0934625659310149	-11.16873330553932	11.170219729208332
-0.01705540637696082	-0.062032418757381025	-22.625419143684052	22.62594108805529
-0.10152542675470241	-0.26017900539571065	-8.059512158053002	8.0655574226355
-0.15861545384552997	0.06212887919487527	-0.015559050779666295	0.17105830552708953
-0.4523056249128529	0.3617401828036102	-0.23636840501613693	0.6255448513675645
0.9429158852168416	0.4379659116204812	3.359421527523553	3.5166201822096896
0.8124419945658974	0.2831207043299916	2.496368534085637	2.6404687435619087
2.4476624627069397	0.9368104307988415	10.66899838113646	10.98706837860721
2.4767951039827696	0.325674593353501	8.653323052284351	9.007777614926157
0.5663466273575262	0.210819724861145	2.180769628693743	2.267251511641975
4.966903852706243	1.4958225684093849	19.343579939104284	20.027510671164514
1.883264080976264	0.5968943175600548	7.365792574831259	7.627407584846256
2.971926889458752	0.903562737047288	12.548465374761458	12.927963416662179
0.9834906691014078	0.6120583053308923	4.047182708202497	4.20969798666215
1.0839441958930276	0.8105326313736223	4.415035355236754	4.617838818573267
0.976962030365732	1.1465747641181518	5.372481875328409	5.5814093008953565
1.668710155019822	0.7328120915824508	6.018565332333164	6.290009188188705
-0.04433054169139777	0.3900564061309446	5.37948107394005	5.395591312050019
0.09095720822965785	-0.020514616792405196	0.7278343136854344	0.7469381743551606
-0.05373017315803552	1.1368728201594793	38.489677823063396	38.50971671378593
0.0767211694982331	-0.8496091845914274	30.3853190282662	30.397611980858084
-0.5985581771734454	-0.24864569981612844	9.225060335389264	9.261179756336148
0.23255099540697388	0.7899332411763469	14.137165464984708	14.161814914065094
0.6756421927134015	0.8176753491853956	9.09160408507031	9.15326991784396
0.015340083654132041	0.01994816395700111	0.4830914238059237	0.48374639137321274
-0.28214166574830446	0.9655001840472481	16.03246335822976	16.064593229921083
0.18330044018342623	0.16627806165809456	9.725071268717095	9.729220853269132
0.08350970241942844	1.6570498427248834	22.312221151513004	22.374259329653732
-0.09583616954069278	-0.6472589721461229	1.0936636776339987	1.282072062363037
-0.3829702813029253	-1.260363230226873	0.5756569198656963	1.4443138103467752
0.36563714256834073	0.24736337340923203	0.204720726563182	0.5062306977204105
-0.5645393083830675	0.5758656418388217	-1.395163391949597	1.6174939082717978
0.01299503744880276	0.38326943951750403	-1.3126718264854298	1.6592056663400567
-1.1608252916897601	0.5093086984645965	-4.172628593489798	4.461001218590617
0.13109169782680932	0.5881110824546789	-8.76755124269164	8.78933980778243
0.02151829193585275	-0.4394628476966245	-35.242372401519404	35.245395201411355
-0.10651547084579957	-0.0333585654487772	-3.644031691215486	3.64841131054341
0.23860812458480418	-0.21357370932813785	-5.92959082192737	5.939871603563445
-0.12867673834187027	-2.316300545412303	-9.359698400991258	9.688578423178809
-0.08423171965446213	-0.7262537560538336	-3.228293755012918	3.4408155798202342
0.41082491352124084	-0.6733753171396226	-1.377683874923281	1.5936449012958467
0.2252370494061077	-0.7458091904852155	-1.5296256380311544	1.722265210256422
-0.19708317622696347	-0.6004501558634983	-0.8404324100750942	1.0607490696827593
0.011582921465067496	-0.029350955620316352	0.19562760328507578	0.19815600377620343
0.12318589292000262	-0.5181869061531275	8.940359335663198	8.95621111211114
0.027552620930609072	2.7746861767673214e-05	0.51603067106195	0.5167657120656135
0.22711367983882655	-0.24192061210870983	18.84389054430972	18.846811853787322
-0.020590119159009677	-0.09350511043584782	24.566088392211515	24.56627497307303
0.11517958959654928	-0.1036663992725416	25.109647091076337	25.11012525055573
-0.0015284548328092884	0.011297002483634789	0.3861651669945704	0.38633339829638624
-0.7224881425510092	0.27684309714392596	69.40116499596407	69.40547769458541
-0.3056391039114522	-0.15924208211829483	23.51452192855273	23.51704732382329
-0.05787114944052444	-0.11990983476616257	8.939395993722568	8.940387473202396
0.050521518713292135	-0.0008304881542527294	1.3117403715371956	1.3127131887370578
0.3002641658882753	0.198976414763402	20.522921200628033	20.526082061371
0.08961874209939341	0.06223443381163982	0.6041324105906324	0.6139060296278098
-0.013369078213060541	-0.0238370118678232	0.6198840770479974	0.6204862644448311
0.08919317492463874	-0.17348780044046205	0.06242179540759368	0.2048167959341085
0.05529248652810639	0.016162869242873606	0.018383305662979965	0.060468531780766804
-0.030667775919043974	-0.09219261417339554	0.14386937895644095	0.1736041151276584
-0.3652164741581522	-0.35334071825931074	0.4574695173712573	0.6837478303442057
-0.22401604684354381	-0.08951785803219839	0.054310291048815885	0.2472776655177105
-0.4211160695356347	0.0008867449247353734	0.17755347666071708	0.4570172506722376
0.05237242850040428	-0.04666517883779911	-0.04536293678238403	0.08353625689792595
-0.027487306744139038	-0.26705303919025347	-0.30645603240284364	0.4074164669829755
0.5464188791199578	-0.025060602757269554	2.6494750802871305	2.7089480635906926
0.017560093603106106	-0.06194574445883319	0.426802683948724	0.4536363610533698
0.6953291802622038	-0.3249589671512222	3.262183213498721	3.3874238382713404
0.9197934576302658	0.11317903548641607	3.212591604154258	3.346498782123714
0.054325666938810496	0.8339034573814994	2.0160558905184076	2.237531575288969
-0.11865097847720935	0.3581300156827674	2.3813781285556916	2.415114228952732
-0.43521135699165825	0.4846921381136206	2.4465847107334406	2.5795022936989818
0.10428080907792606	-0.054844572389308816	0.4130093755506249	0.4515959958361345
-0.13284389719514317	-0.02086311551875017	1.378923749620646	1.3924773832199235
0.016519737509891316	0.36829001507174897	1.3213236652440445	1.3717895849083055
-0.06556204542679532	0.0889606816593683	0.4168458485750598	0.43124569117395994
-0.8669883636315638	-0.5980411192539876	5.488459843729341	5.590348222080681
-0.8084958227350443	-0.21106467537280124	3.6800035870840926	3.776257403623597
0.06813556166645629	0.19282998145991237	1.9560097729081265	1.9716185922042666
-0.08058832423907648	-0.08345134767845244	0.5103763481524521	0.5233952829233807
-0.3476242554834707	-0.23950238181436811	3.308401315756661	3.335224622120016
-0.07678838868699533	-0.2105880946768984	1.837167895262239	1.8507916353925629
-0.15217172603941725	-1.2485269350089923	11.546298965874712	11.614602685886773
0.46199953093669854	-0.35056834301814677	1.8706475095614818	1.9634519651982305
0.26153609177094844	-0.4139196322052941	3.17952280754637	3.220027275945242
-0.23636143664160225	0.7262856137964582	0.3341789671101518	0.9709010329059229
-0.3309789374394108	-0.2015582688408823	0.08877682216917458	0.6369221530305821
0.2926132197695905	0.3318939972052969	-0.8298017468972431	1.063937391493763
-0.05311709296723912	-0.08915082964755502	-0.176238567001347	0.20452219559457596
-0.002620414194309981	-0.009166287269048386	0.025511441551417102	0.02723455604337682
0.040822831136881885	0.22450781819422214	-0.3776241842834369	0.44121456064832154
0.03468408472128856	0.21055635331773073	-0.6829798521737859	0.7155406642048663
-0.7094697269713033	1.2620196005948403	-4.25745301250525	4.593989410562929
0.10538908890626182	-0.066204105571213	-0.22769879372276275	0.2946461763162343
-0.12214911122000871	-0.19691475915988668	-0.36418371152718865	0.45365778775256677
-0.2725126109542485	0.5014581960495648	-2.3849558489286276	2.456260904658391
0.01672499262028658	0.13862209839787154	-3.044379543644379	3.0507740660695832
-0.012536481430500103	0.09563945165710441	-1.385976555719472	1.3893290039022221
0.08477221816577905	0.5681754979617255	-5.012987557033504	5.0457956728775235
-0.5998485500985524	0.11809527069174476	-24.67532959913365	24.68783861629641
0.08775864851697816	-0.021167564424409674	-1.1119925166327966	1.1156509325145225
0.10720623207802887	0.11774012394569913	-3.156452081213693	3.160466050123198
-0.14230298484080373	0.2547879320691316	-10.13241257146703	10.137575219604823
0.04397852000239812	-0.03861377229281003	-18.748135952685754	18.748746801291016
0.10469116389893052	0.029543018381237345	1.2835671453527708	1.2881683299796824
0.3231930696327106	0.04374693792385831	1.9218393921592198	1.9493163427446145
0.267686320754058	-0.2016864324338582	-38.3530039455526	38.35446838415208
0.06840735247798267	-0.13475922373223664	-11.681436768086698	11.682414330140062
0.059702305186674375	-0.09521290109243805	-17.63640605594856	17.636764114544317
0.15494835922600186	0.007937541108810335	-21.19049954797046	21.191067530710242
-0.19865906491913826	-0.11737804730970099	-9.606024638114883	9.608795573750905
-0.09099691273123905	0.03531171886627145	-3.2789780628305953	3.2804305345701485
4.10975059168332	1.4695002457424922	18.668699267307332	19.19505571297307
5.03950212625968	1.252467756083405	18.168979335388567	18.896998360461403
0.7587638546351281	0.2920254844574084	3.082530383819977	3.190999032081751
0.18976371422063043	0.14865994831603307	0.5937496755315712	0.6408187923758023
0.055002770080058265	0.01774439961201848	0.4170760812505265	0.42106130905767974
0.5477194534561916	0.1775281544964431	1.8126290141040518	1.901877174820995
0.7301301720267287	0.21870125667703214	2.9611702375129223	3.0576869498541273
0.08846836697223112	0.10751079391514623	1.9347998504676294	1.9398030013721907
0.09006992198275444	-0.018093591476537593	0.7011858946432832	0.7071786392031368
0.03624821954092081	0.08647356786846663	0.7505248106145862	0.7563591096217784
0.24924212448787322	0.09345712134909011	1.5459825953668456	1.5687313521847182
0.122345274480753	0.2838858886811263	2.028437571393226	2.0518573403186915
0.05037373895624164	0.017384661663585994	0.17763067651369224	0.18545187320785128
-0.09192920952396005	-0.14671726270387908	2.0932381119125147	2.1003863282506123
-0.03570819860663262	0.0058522553902293425	0.3614550105152336	0.363262040527841
-0.05126563147441419	0.005409706422612515	0.5204669789609582	0.5230139263956513
0.1406442161482916	-0.5054140558290571	9.216782096543206	9.245102059502905
-0.18784207712633366	0.1998453896254786	3.241169116771911	3.2527526910617874
-0.14498574987338947	0.16106729580895035	1.4776121729109368	1.4934193232244375
0.1837762201456769	0.5566551729098976	4.75209002009596	4.788110090600886
-0.010156350495733562	0.04456315173640136	0.1981542675324432	0.20335717270210288
0.15466117164421028	-0.04775411732282309	0.058987861414202813	0.22172028871951033
-0.3562017991229651	-0.09148302175608684	0.168623871692422	0.4279750693353577
0.27404529285870394	0.14858358584397652	-0.8868747252431032	1.0636448631452593
-0.1701290200670555	-0.0971457973996173	-0.09636740481865826	0.218329718849421
-0.4800663990667114	-0.15021663585816686	-0.4768526389273291	0.6931213634374443
0.20389081430247447	0.1234640056208593	0.17488946594407354	0.29563685517722066
0.04604834880533955	-0.032735484555889094	0.01714128430990515	0.05904139229896319
0.23499724517691167	-0.03201074966794033	-0.14079533547773718	0.30911406426646065
0.02534355034186506	-0.016513112525651772	-0.09566655655252805	0.10033478196434947
0.2141250126037142	0.26108343378867543	-1.1221564929557748	1.1718571905758104
0.48654286984476597	-0.37234261750291014	-10.761100186931086	10.778526811312107
0.33621097199106115	-0.23704736818950908	-9.423275331512194	9.432250380791373
0.0303196444742813	-0.7195727225287787	-19.788526603803312	19.802120318748187
-0.05694631908474914	-0.5624832450552039	-3.0716697559084425	3.1232651782369936
-0.05012671753915075	-0.10156084759747372	-0.9175581223063488	0.9245216067709392
0.22688767157857243	-0.3634680588730784	-7.131992707330409	7.144851784519357
0.4370777460175463	-1.015047301330147	-20.843992277088756	20.873269318133588
0.48870060330458354	-0.7007786187527647	-5.977265254891429	6.039627361386097
0.12494594279604201	0.0032144497587059256	-0.642808768582125	0.6548472602634227
0.4406658754131215	0.23435189917635765	-1.9175720489151966	1.9814615285647117
0.2541540790801182	-0.5846313580840732	-1.5518666029238668	1.68349572584511
0.11419094642780334	-0.16928827215372827	20.73335376578948	20.73435932139481
0.05383465222840099	0.012847175323420112	3.228402207225435	3.228876589668983
-0.05633312861039994	-0.34097193053497465	23.057742615375673	23.06033238693022
-0.07268178701436023	-0.19063403628890171	8.565612637309473	8.568042006805937
0.19034588294217003	0.2613692944433946	1.7670779099505698	1.7964158213136916
-0.019017029182538944	0.02054595265579624	0.08046338687970128	0.0851947193059303
0.21480129672404033	0.10553680736532356	2.867422654633574	2.8807759510224056
0.33644822072083796	0.3727279532957758	2.04062195885229	2.106119962453334
-0.28108342279223986	0.37221301631920684	1.0238620208554692	1.1250972659447216
-0.21767212850037848	0.5029991402486875	1.0513001905390615	1.1855890439963888
-0.7490324184997904	0.35136328403051886	1.6945124892491683	1.8857036611169236
-0.22292292895968546	0.027917742760108638	0.452696029749753	0.505378796516013
-0.9667862500574018	0.6553277528604168	3.0375350898994773	3.254343180941396
-0.1290191196602673	0.06440477035328049	0.5143117891465377	0.5341446659260783
0.003863315701139146	-0.25739932188814474	0.6965623276978583	0.7426091922973634
-0.018953857063247724	-0.07313894086981367	0.0693028036344338	0.10252527474103665
0.009598120871079675	-0.05495715853613914	0.6030258332604599	0.6056009979995856
-0.019035914576270442	-0.269831487287995	1.032814910662195	1.0676507093904657
-0.2044695985315727	0.05074318029409793	0.075451734214893	0.2637336462532923
-0.1287035728937796	-0.1814119550716783	-0.2765322824660579	0.3813460308754252
-0.27996848222412013	0.41253184364581497	-0.6858343677850898	0.8478995536594336
-0.38360864772422704	0.6609640113196985	-1.3443360810414018	1.5463726968807978
-0.00545363378548072	0.15036398225113304	-0.6501295274855929	0.6673136232601021
-0.04565633775276775	0.1809525019438059	-1.7405783147569682	1.7505545346943423
0.025900211551492393	0.01296592664680081	-0.09810268234449476	0.10228916118243969
-0.14412775380764145	0.008079992192906	-1.0732258167804563	1.0828904605247713
-0.06939061052858397	-0.022013387882487547	-13.206524271305783	13.206724914779754
-0.1773111424798147	0.047597823353380045	-12.456485540176354	12.45783836813827
0.9086994656973038	0.21309242411124477	3.7484553373749505	3.8629082977035494
1.267919704189886	0.43916338657649145	5.747795617988885	5.902341850702528
-0.016676831928383033	-0.020736639334671816	0.2923476229579608	0.2935562255909995
0.20049977710455155	-0.050255000122450356	1.147536130838095	1.1660038152746959
-0.03873521973491118	0.053850196278098054	0.1596454646441447	0.17287838288388283
0.1022494194664599	0.043266710713753605	0.3224921523733443	0.34106911378723226
0.14775570212595449	0.1247171622683382	1.4139998602343977	1.4271586186608334
0.027440272065728924	-0.031193996234968623	0.17385333284328117	0.17874846928817364
0.29920919396942647	0.1489337252959085	2.9513235756949183	2.9701882507240156
0.04917789161807739	-0.008890590531436225	0.995297015392535	0.9965508800223325
-0.009898888958769059	-0.002875043515194728	0.17550211941150315	0.17580457273848663
0.24105143937386092	-0.08822203724864632	0.842432746411329	0.8806712533667976
-0.15988673317516894	0.3534048853219455	12.5409383985548	12.547711922165771
0.017007523879616016	0.022603435217989402	1.2544656262266427	1.2625228565995832
0.04513719605631732	0.03238685964614811	-0.0558405165186563	0.07876825776057289
-0.016169456885927202	-0.09249532311745498	-0.06337111029648443	0.11328165674458267
-0.6064200693512674	0.1186595630399358	-0.30719183237178593	0.7040397710277168
-0.00015158071081708413	0.12140242146686328	-0.0564235304060242	0.19339589085140702
-0.4703476766907176	-0.1493864655796217	-0.4880590661229137	0.6940784574466331
-0.09464279363134336	0.030446460064697676	-0.09514435219671316	0.1376106575514719
0.21529665014693813	-0.0973437358338223	-10.939098130663375	10.941649617985103
0.02241382567028083	0.026596414904453167	-3.7564858076700713	3.7566468255737875
0.05605278314470898	0.10765060449980626	-1.6697432059742505	1.674148422644961
-0.05625487994537053	0.013155700430255192	-0.5767590392813658	0.5796452996136886
-0.2755180111281729	-0.46746969452547904	-0.8602586056315336	1.0170953536020497
-0.12865953267495064	-0.14848700477127957	-0.47217775970885	0.5114230173718731
-0.6753924683304332	-0.762292774381678	-0.6213183086762791	1.2011500679550176
-0.3142817168525843	0.38606310455213655	0.14496331217654707	0.5369467990606116
0.6280692679796842	0.8246969315353309	-1.9045376894988577	2.1728643836848107
0.20856033929792556	0.06731725840229325	-0.8296308404482297	0.8693653689500763
0.288833733584717	-0.7495721077870694	5.989754803950373	6.044991783846808
-0.10672177651768949	-0.07492906475300833	-17.626740600240726	17.62722292621565
-0.022237845022486	-0.16652247261026734	-14.777700368109635	14.778655298276059
-0.05796645361653702	0.06189872611825344	-8.581902641583847	8.582321627139347
0.03130843421764937	0.08647018725789277	-3.21035130229611	3.211668226248145
0.8578995304059461	0.19037507938509468	-0.7768451013027777	1.1811868486567854
0.07246019651515181	0.08085246301364801	-0.09486866924511007	0.200667511467915
-0.009153874380573634	-0.18907707247982553	-0.5155384388598055	0.5491937861044333
0.1614201674667855	-0.150605166161207	0.08963669274071265	0.23827111286293765
0.010968579534641795	0.03758999329827491	-0.5154584339262519	0.5354535454536429
-0.10712971470273253	-0.08991534401398034	0.3365615029441808	0.39027551169076324
0.11362473885222225	-0.41450646105338596	0.2705159656817639	0.5266733903691879
-0.27081359381562065	-0.24936365040909175	0.3105331834186352	0.5014308283749528
-0.11973421957363314	-0.005853831646605065	-0.0928753874256052	0.9517290439885243
0.007903011800314174	-0.08298945593162577	0.20177023559204776	0.25911526443305816
-0.1511727599655573	-0.3179216570581078	0.4490318735790162	1.0992491945742142
-0.1521359998951116	0.031008029956963452	-0.07671833125717784	0.22242380186657945
-0.9286469967921431	-0.06686182948499128	-0.34680206137768965	1.0032981628454034
-0.06474253669108876	0.3467332021497646	0.0030927935076868196	0.3793479402895285
0.12075727555479163	0.3346746745448058	-0.4882325594560075	0.6200324784993536
0.23218025241339102	-0.011191141880903505	0.18185812609196847	0.32647369602010323
0.8437815054007444	0.060254622217735324	1.0052505046639972	1.4048993336115472
0.21822963521042088	-0.08552752156388609	0.6685872086707394	0.7084828764529632
0.6890284258502368	-0.16906142563160728	1.459113752407916	1.62245335209742
0.714326477620713	0.16811583056391613	2.2318267106903744	2.353519810957032
-0.10944965145796626	0.044145867546568955	0.48534865429007934	0.5186243196639553
2.648725457368945	-0.49194678107031575	4.488385901006438	5.236682725273047
0.16451963015561563	0.2035111357598514	1.0146229222259453	1.0478278319414507
0.2231325630095367	0.07987373385141558	0.9592427898820303	0.9880863747543692
0.4492809026493976	-0.48312600055966154	5.072720186151438	5.117346376178821
0.36853417237466396	0.02608972024678766	-0.23246159806612682	0.4365048731525132
0.5286599522805139	-0.0590550238863886	-0.1899870496170824	0.5648574333525769
-0.1952548643219501	-0.2791994129279394	0.01465118742754648	0.34101529513164985
0.006938094435869721	-0.12121516432313958	-0.007656586577708097	0.12165474316404075
0.015644237815003886	0.003937441167870134	-0.14242019480749676	0.1433309370260593
0.04392160055672907	0.21249661128069297	-0.2892069816225311	0.3615585637493017
0.3742144621649107	0.17422208800078653	-0.2866974126046268	0.5025785570783088
0.4420339460830189	0.06039753564498597	-0.36478133633982684	0.5762875108342904
-0.05293152166328448	0.7417725192786869	0.07874041901768557	0.7607286341591997
0.19688510300481446	0.18734578548407185	-0.005355578861976306	0.3055661209113457
0.07829959254800636	-0.10736926259100349	0.2464624859948742	0.280004895930934
0.0525964029859717	0.040408401295430794	0.10573602388778404	0.12481717530016981
1.5250178892977697	-0.9272319575085799	7.522901477537352	7.731719427555365
0.008127509512069597	0.004645031198887246	0.03072472464574448	0.032119175429394756
