0.7287797784077005	0.40404215255097886	-182.96931519749182	182.97126592350628
-0.18927519722056046	-0.014312943295152978	-1.9413026577870616	1.9555474309409522
0.66314654128068	0.07358249057644388	4.597176518392184	4.6474390199644855
-0.2337957042071671	-0.43333838924172563	3.6288607100101706	3.695239178450004
-0.17427587653803212	-0.6874058005825893	832.532003719764	832.5323174485457
0.20755064049030303	-0.22213691984873898	361.18275193073475	361.18290684101197
-1.351768170635669	-0.6577282091546763	-11.028632972091438	11.131491750985754
0.03676539520502603	0.021830295180065948	-0.10150221052143353	0.17779409358290768
-0.7885613545054365	-0.046213306080420236	-4.383904865379481	4.45668782091322
-1.7372963866876532	0.35925088733814237	-11.847832052646536	11.980728862129796
-0.6672639018298622	0.28270713587842605	-6.173055875219681	6.217013998926335
-0.4038017995875274	-0.2234972213079741	-7.276489440598736	7.307805787158511
-0.17213209671294857	-0.07815926735501913	-5.140183104100943	5.167295290176195
-0.5019268174394887	0.002530506111284442	-85.14799440581092	85.1495881848552
-0.9015768905689767	-0.09288822528707201	-3626.678673782967	3626.678908744622
-0.13113049098372756	-0.157636382939857	-303.9505850969372	303.9506863045225
-0.20701276081568973	-0.5685477049445098	189.58070627533377	189.5817232024628
0.018611486282330225	0.11631321255919244	23.07568146416517	23.07640418200708
0.22117061455443604	-0.7177028442660751	367.09881448946334	367.0996092250272
0.2098305526855262	0.6278984871954437	32.38305863002252	32.390125831670346
0.009556811280065164	0.00018481939406605788	2.5668096673488394	2.570619190019306
0.37470477078931647	0.06719050298286436	1.2495324638490977	1.313670199120069
0.7824579323202775	0.0017057094520904759	3.2054759113479134	3.302544311349567
2.413074267428762	0.32108904177033337	29.678060558475885	29.778058766318765
1.5785296051147237	0.13134929730828243	5.713228340251403	5.930384996345417
1.1451845258723692	0.2462256986979409	2.5413116024410383	2.801752868937274
1.5126223554635625	0.2655492695511104	4.98293957984917	5.216100981205663
6.187190889243229	4.193574563315222	15.980976125397692	17.649439554301715
0.10421689474288386	-0.01099477511269329	0.14690331309273383	0.22812806606651845
2.371360266443776	1.6879145519748002	6.12025700439094	6.778600934760281
2.393334232318614	-0.7546728051691296	1.2777875815178734	2.968277528606661
4.773004355925524	-2.177719913306671	3.2421237724563587	6.23844475356824
0.7609859545669739	-0.32059776777171217	0.3306167964612019	0.9003720357444922
1.8058185890749874	-0.6963134674408866	1.7095853025922605	2.629112981754074
3.799489898605672	-2.1847194018296854	2.367174702532769	5.0056326642142555
-0.1836216444711805	0.22977641674809807	-269.4289122607784	269.4295323305303
-0.002845083731421477	0.5946719219060873	-105.77454838174143	105.77631213053068
0.01005385911663731	-0.15855028505292926	-5.1597819995830045	5.164113606524772
0.04111062927519781	-0.04468007687689249	-0.3188025542318783	0.32453268201199315
-0.03471618933241383	-0.045812995916096166	-0.0418769998998602	0.0711177018553407
0.03562324539379082	-0.0838280655220855	-2.931001405467296	2.932416307251209
-0.0962777575970628	-0.2160977658622791	-4.838785432867743	4.844565214376996
0.03759138775307889	-0.08858028936915063	-0.34878284415492977	0.3618135603798269
0.23903731722019841	-0.07054272957713671	-1.0803573339645374	1.1087321970480448
-0.47512915658632304	-0.008498672644277337	-0.756318760260289	1.0224743136611332
0.1696856513646469	-0.3883436276726714	0.2991123265585347	0.7160950493700362
0.14693858729672196	0.06786996355967861	0.2702946425918295	0.34458128083834355
0.02276350242761652	0.02680407932598209	0.027258163228813546	0.044493181206722986
-0.1649787836693623	0.4362868700793073	0.20854787346364043	0.510936833268876
-0.056772581955300966	0.7022736313823675	33.44784382038486	33.45896416992545
-0.2896658396684843	-0.1683624195875623	207.27091254505748	207.27118333107455
-0.055386721830164284	-0.10297687681219955	108.84235769302674	108.84242049909999
0.10314459001208166	-0.052920268590122076	1495.3052926139528	1495.3055914792976
-0.2625687481173666	-0.07151032272850791	656.6675955395556	656.6676667596477
-0.8984098013579981	-0.2893204365790987	-1.8652005068956647	2.0904113033377625
-0.3410403474385033	0.21683693630033954	-1.0921690896704956	1.1728767543338776
-0.4541576921264924	0.08618851287843157	-2.341956210687067	2.3912185903312104
-1.5811622714148934	-0.1781253678857026	-6.45884068487604	6.651949020237624
-0.8294463431241769	-0.034047196389234445	-3.0597738791983193	3.170387458896525
-0.3213151402381944	-0.12410168409190002	-1.141006668768537	1.20000860430874
-2.845136430753241	0.024156468072850365	-13.794433829769996	14.08549854685137
-1.0073783190579833	-0.7883464543321851	-10.924487379184377	11.0000093405699
-0.5891666165108644	0.06056441889259245	-6.135866091505079	6.165964468647907
0.016095694277370856	-0.12932299571877087	-1.4050935352725062	1.4180095685010516
-0.28905580115019025	0.04480033200324615	-2.1099625337952777	2.1347088805844154
-0.16845958631760805	0.25675956517719317	-4.450775579408937	4.463539755585833
-0.30165559196987235	-0.701873463534362	-13.218179943282996	13.240973651997395
-0.94122753453936	-0.4050768405610834	-17.587751222451644	17.618128997322138
0.20075525183653775	0.048539926899923605	-111.46429907028866	111.46449042644208
0.08177755669251291	0.03307965415671064	-18.36214925531928	18.362361152828917
-0.09205591334513541	-0.14587795155673997	-10.718442679822706	10.71983060260642
0.023501728108959424	0.01341385101668624	-2.43244305753662	2.432593572872646
0.42542699318912547	0.17256261238187737	-346.0111805630695	346.01151327725455
-0.2117637272352052	-0.329915358261629	-408.4335771599105	408.43378915002273
-0.008410656068787221	0.4201752557658358	-465.87178705460616	465.8719975177966
0.032987296480869115	-0.14127396480661691	-43.18651491253323	43.18698411061155
0.18669227167329006	-0.07025850713596532	22.735469852554633	22.736773286098636
-0.12560328449652763	0.2930658297705183	160.8083165677104	160.80869323793263
0.5301191746889243	0.3393331971626448	212.95378150653156	212.9552930711086
-0.03307973572747002	0.12418335159349547	120.69538534095666	120.69553445824187
0.3433704598532565	0.1175545120820587	15.743525820062162	15.7483271291866
-0.014476503743752728	-0.31469284847601653	16.143975980867033	16.147652504737472
0.5721074031365986	-0.15919506059222038	11.260130790621156	11.276642902692066
0.09547803117819317	0.15230295169551133	19.68957034303588	19.69088551390696
0.10286352739384427	0.006809155226682399	2.2706246464992534	2.2772446816389027
0.07868814034870422	0.054849583521902355	1.8871312636841775	1.889567333179293
-0.03782386078352232	0.12150667984460228	3.4151350094032757	3.4175051792416262
0.5178728693256746	-0.18007349035061618	13.025840254498101	13.038121524641264
1.8410028414591872	0.06395202366298165	20.878084720210996	20.959658458400494
0.05480486390505071	0.5082621939331358	2.6725495348569694	2.7245797532928964
0.13428826014154854	-0.03865656143737914	0.25846246518023497	0.32528494794725793
0.5365803236274741	0.27224460051801647	0.11451304891037445	0.6281947066683459
0.16493848411342682	0.28749749988382445	0.5014400423301181	0.6170748876215234
1.7662080776212148	-0.8205731684396393	1.535869955590285	2.4802676909362833
0.5143032914196165	-0.29883483216976486	0.40571837114906667	0.7200121729323988
-0.019955985890990735	-0.008892930963157804	0.0016656389424801014	0.021911183151158663
0.14984458698931552	0.14966399284466975	0.07332056758109612	0.22411741707110142
1.1439549603089862	-0.8428632046495621	0.6170971085812984	1.5554227590231096
2.5814611050510186	-1.139889819996281	1.8433310993254703	3.3735203519858636
2.415127169982035	-1.0836234127712752	2.0123348799387886	3.3280700716495972
-0.13645621438096248	0.3454455965492705	-2.3644173126478805	2.393412247601212
-0.10669883328529747	0.06728072435735	-0.7627568754696125	0.7731166716419062
0.12782123489858127	-0.023988317663365753	8.532193248730582	8.534325698381743
-0.012102347381038367	-0.405753176051372	44.47219838130334	44.47426998566237
-0.1748220171949838	-0.6830109540154161	-5.508295251150842	5.553231810033962
0.19235695455439955	-0.02545106325028748	-0.7531271858248364	0.7777207163336013
-1.6706383530285356	-1.8704822508451011	-10.03566791717524	10.356065220128581
0.012442237421203726	-0.04212930900775112	-0.4277738361371899	0.4300234212610327
-0.17467511814672956	-0.21151626282372418	-1.2194625032576853	1.24993572762362
-0.8280079794889958	0.3853036093329737	-2.3045736637248995	2.478934419664399
-0.06449568776637625	0.06794924304037775	-0.31453464477273174	0.3281902438107001
-1.4722437873857483	0.575733786597691	-6.106302980475554	6.307607093969208
-0.10014129928221144	0.042972726448076794	-0.3657069231854037	0.38159762817272
-0.26206775969001755	0.12455188280567078	-0.9444174895290613	0.9879865069062213
-0.33218479778306964	0.16574168547508394	-1.3689301694093672	1.418374723019788
-0.08278561256380502	0.10802777467905403	-0.3308258171504102	0.3577278002097539
-0.18106464751884346	0.08476959980560651	-0.9193583784238073	0.9408454281179127
-0.1268571826047462	0.17204226213071588	-1.514391022582892	1.5294023192139883
-0.1669630394493867	0.08245064055882081	-1.0802381848185543	1.0961702881445123
-0.0791969487729721	-0.02354632497772468	-0.21219423413040078	0.22771249222010806
-0.23190337231690764	-0.16879244158388332	-2.3792291469251188	2.3964560075256616
-0.18908639311539016	-0.30763789206404235	-3.5151120522253683	3.5336111099546654
-0.490288261566371	-0.11115630647499818	-2.4628644809427023	2.513650682849171
-0.6232295153540696	-0.10627574855952096	-3.9238178189607766	3.9744252213287985
-0.03685804119506414	0.08159670243525854	-1.44426658310699	1.4470392185869003
-0.13239996524587033	0.02969771417739826	-0.9649443829587825	0.9744379750544291
-0.1841319485127387	0.023623753486827125	-1.9549251412291995	1.9637196755142803
-0.2649601869455429	-0.1299247545146177	-2.983200512247523	2.9977607707713743
-0.2024432197659591	-0.009607155915820287	-1.5487870401500083	1.561991309326215
-0.08938061624300839	-0.09978856630615328	-1.3464399911035436	1.353088061497968
-0.5184659323711982	-0.1102724141958045	431.3693930099709	431.36974125743217
-0.1768447647163091	0.0071998000289669965	63.27230278472296	63.27270426791071
-0.16595773381367396	-0.025740656108611926	6.662127270946937	6.664243717413428
-0.09895720002246142	-0.00789502641225183	10.711416217627876	10.711876224366103
0.18180710140466524	-0.07968890084082213	3.9235750404089726	3.9285932903214436
0.11703869173759941	0.052955011848682294	3.1914545253826425	3.194038865798113
0.06389007085974484	0.022437358704193024	0.7542272526661772	0.7572609357972014
0.5629870583937048	0.009871801372750875	3.4116227716020284	3.457777004969326
0.16996472826999628	0.15164532283080168	0.6707360093913797	0.7083580359441295
0.5605335937507946	0.23055725905366148	2.05922723322177	2.14657200146366
0.2762959878473741	0.15718828757245762	0.7478010262939733	0.8125601550512046
0.3258231529660989	0.2099363601042411	1.3616764659887652	1.415767212620154
0.7613545146586549	0.22111930961195972	2.4649604575012325	2.5893212437082944
0.48578809982013094	0.15570462197988863	1.268615340503973	1.367340078179077
0.15415585626203443	0.04420569961172961	0.2656492693507582	0.3103026042504883
0.5889991603374316	0.38793373661153047	1.5730033715909808	1.7238770843410436
0.5724633921675414	0.14507964783755084	0.26109616730072327	0.6457039942324682
0.2621812130875898	0.04420769576469924	0.2214664444992451	0.3460356844315939
0.293267210563682	-0.19693048423599907	0.2998906522032366	0.46338070276189847
0.16411860802890518	-0.16841879513748823	0.0847913455595462	0.24997875977511985
0.6854065883012431	-0.1679068906764132	0.5944312032485968	0.9226718650847362
0.6034600435560045	-0.08123108422098896	0.3799781662226908	0.7177366648139768
0.017983475063582936	-0.008841646024713365	0.0007375059604066217	0.020053029567386332
1.9207644829830242	-1.3962667184173576	1.5767421064999811	2.8504407761711206
2.519919896348043	-1.0093853380259477	2.7663667899041915	3.907589534868947
0.0673982213221557	0.02064897942705342	-18.829652407229656	18.830301603069934
-0.3842181788547244	0.3677172939312585	-68.57299028845716	68.57519461513002
-0.001887242149037547	-0.015334915919460977	6.579549657974154	6.579567799109375
0.05719354317737331	0.22947835983156398	38.45136938727294	38.4520966811372
-0.06998904047329496	0.10453327079304854	5.414893785104806	5.4163548973876985
0.023796266908399102	0.2628773247893344	15.652779385982543	15.655004735114169
0.15290580095153028	-0.3953852412477047	-2.2054799255248034	2.2501846945870967
-0.5589742460032774	0.0055631398500315815	-19.74257061267465	19.750976111006885
0.6169388383220141	1.7298188687337812	-11.310251566413626	11.45923894197688
0.8368486269897979	1.826695802200646	-13.82085338554933	13.966839344247594
-0.16799282865399312	0.05306832458452765	-1.9869663365480583	1.9996381785284534
0.5242089844225609	-0.3662210806273864	-0.38405834792582527	0.7588764976969162
-0.6895973565201219	-3.2571006818904147	0.8836651179051097	3.447403833552547
-0.06469467267054702	-4.5551179749735	2.2264122928153602	5.094498680596354
1.309723580219531	-0.6331775102681423	0.7544160964514836	1.888974602152587
0.019271550470199707	-0.8326002241011821	-2.3316715640975563	2.5246795343274773
0.13298552049742388	-0.038366297110727365	111.10163323424216	111.10180711501671
0.10600410604458337	-0.6934223835129544	314.61299171656384	314.6138047004678
0.0061278828797911855	0.1395895127239753	43.16973945080204	43.1699655667357
-0.192116675893388	0.5712700301875708	139.92379829036392	139.92509634181786
0.016206355965925692	0.11614569327131744	17.91238550608453	17.912769383504784
-0.1573468842898476	0.29938534841851516	38.68925282600796	38.690731110481856
-0.07214190391344125	-0.061783905755605356	0.08696418868456987	0.18990592493189684
-0.5535661477390639	0.8504901654104526	-1.545223138665903	1.9134271588046068
0.09231736215716865	0.09156728996753088	-0.6825099739261763	0.7086654452958501
-0.3404902129560887	-0.04894861685143126	-1.813538291320332	1.8511430174882813
-0.40448253043859156	0.09622537796269766	-1.3973602548798005	1.4579029881003092
-0.14554264292931635	0.08808387701074256	-0.8628111624268523	0.8794228404518898
0.12524400520818205	-0.1347336598353377	-3.746646232024183	3.753755052314178
0.1773664594680715	0.03604606738360177	-5.445631655733827	5.450425863613632
0.09237533151929539	-0.09072249264918567	-6.72603001156058	6.727276082409536
0.09218057557680216	-0.019225663489710956	-1.7315676520633312	1.7341261252637907
-0.18359278526586054	0.49563065962757236	-8.848741051141511	8.865610753728225
0.1992186289324982	0.11240367626575778	-3.18951502050689	3.1977067899654084
0.4598351304624548	0.3830282548636057	-6.078948122390081	6.108336047234237
0.07087828006534044	1.3616079815828943	-8.327705551130586	8.43973693650024
0.10102709386646747	0.5015416359586566	-8.679881747933406	8.696066779257311
-0.02355665747153969	0.30733824396817844	-3.5763657767736814	3.5896244764034426
-0.07911748245025758	1.1018564634556323	-10.165014990978781	10.224865623024664
0.5420494897776241	0.21736245507996915	-5.034984794830061	5.0706622600323605
0.33272523280261357	0.10270629317079599	-0.8580931752515525	0.9260553766453333
0.4830025781045102	-0.16969286570070408	-1.260308539666096	1.3603178945675194
1.179787858368122	-0.22142509681766015	-3.2218117363388745	3.438168019260325
0.42309213140271923	0.1080596562508011	-0.739752619833027	0.870285909580159
0.20014327072592947	-0.997524460036887	-0.8323573979339396	1.321896743313983
0.09486150403254724	0.09892729367936759	0.1408844205272251	0.2410674578397775
-0.10994761383574017	-0.47883363983736527	-0.10424607637351015	0.5212649631112228
-0.148871323630107	-0.3449452054274591	-0.36095853761956026	0.5393706670993739
0.2379021196053589	-0.4238355662557249	-0.3940324577651323	0.6410736060769187
0.34199975450190356	-1.2412875241427108	0.18112951584044742	1.3076873617498561
-0.02456512055513657	-0.3215232020352865	0.0383360226465565	0.35345445269124764
0.17424593512205278	-0.5940741202666833	0.49380475745713437	0.7919146701283489
0.07573910717087896	-0.4545757119111968	0.5085211610329998	0.6862720025128253
0.2579128379908626	-2.072746895312985	2.4620401354127117	3.2317054533656315
0.1929143722829564	-0.5091967936049387	0.3065490821172608	0.7988024671330278
-0.3668171507184642	-0.5004348792812979	1.6165299944080713	1.8016034040219446
-0.01915021753572066	-1.8961926555312836	2.038316881149594	2.9382717387270105
-0.2673490806613257	0.1580759851700562	0.34423358713683416	0.4841901438805133
-0.5435442525252645	1.3081251653561679	0.6380615145457678	1.6301761381629252
-3.706940749352448	6.2013047991894314	3.4718274773726416	8.030871491108499
0.073108239982556	0.09924253137634903	0.13161897193647243	0.2280290189009886
-1.5511297719384498	-1.1265523360722067	5.626862847846001	5.946107048201639
-0.6210477360264688	0.16255971660960972	1.054613665668418	1.2425038111017517
-0.2935712749472305	-0.04672105357552347	0.23034848008354655	0.401132344118683
0.5043567464243552	-0.044890147369240935	0.7963939256535076	0.9437341457277033
0.35830644728831607	0.055308499169100495	0.7194458873672815	0.8056332447822696
0.243415213475613	0.026985958245726853	0.2511546998930435	0.35079608232160053
0.5413604573732441	0.2616396322046206	0.7030132365081181	0.9250697555607126
-0.5230174496770665	-0.5706246610622427	-1.2025968423667677	1.4301744375248848
-0.2883223266115712	-0.09839762689394893	-0.07675260534126227	0.3141700485847462
-0.23345056662621688	-1.1638588718808331	-3.4455141715133055	3.644260493819405
-0.039766390442422625	-0.592266358862669	-1.9011048253558576	1.9916225452230127
-0.06553748379300565	-0.8531438575707034	-3.3681229149891987	3.510003065008331
-0.2851820479327445	-0.9726958110341792	-2.852606871649692	3.030562932913553
0.10033369691583544	0.052346948595006784	-0.963004760964654	0.969631488455587
0.4134214389729122	-0.03278071433022837	-2.6425687215729483	2.6749133275061676
0.017864636634072045	-0.029667612208026925	-0.21103538280131923	0.21385800253975207
0.03970162314290573	0.12102225770424042	-1.8801927851380429	1.8845019275726844
0.16903498080416318	0.25144007757681996	-2.1031115218230054	2.124823053944017
0.1586947062882137	0.39723083787108115	-4.051693044707617	4.074210706000827
-0.04464675793159335	0.08517635543744326	-0.5354132149529212	0.5439813004742268
-0.02166046052140542	0.7255239625145603	-3.1535116036544464	3.2359681132724516
0.03607722421323457	0.46162643277250925	-0.7601416088885482	0.8900650510523792
-0.10306009087056164	0.5608719122383902	-0.9851932814127798	1.1383340836543012
0.418940432192472	-0.28130030198377015	-0.7326661186434303	0.8896294661429585
0.23375590830793672	-0.10291170853765899	-0.5428367959044417	0.5999203542227995
-0.002582614635329522	-0.04460027588942286	-0.12888078073133039	0.1364042160260618
0.25070825557419635	-0.1042544255686172	-0.5064544900845873	0.5746475138644023
0.03035500357146203	0.01868578429941696	-0.0031007409614808093	0.03577987382898404
0.03035552894209662	-0.05225833475461897	-0.26975929704804796	0.27644614309578874
0.12453210368243833	-0.20029934607594255	-0.21805326885557122	0.3212091233832312
1.089839318971677	-1.2987659544939048	-1.2178365676825789	2.0875029703724968
0.3537272397690706	0.00022398240722243563	0.18643608075496382	0.3998517506902224
0.013482558161070538	-0.0058069273103143765	0.061804805463108174	0.06352427691588922
0.0014775896715388663	0.051369038348308325	-0.11518300536177321	0.12612726151089493
0.007352988887782808	-0.08411773579981972	-0.3072830905303177	0.3186734341728779
0.10725307479250448	-0.10305055595959829	0.0384747640926428	0.15363250505024445
0.19534338585478273	-0.36486253270150776	0.31269773667722023	0.5187133897342785
0.0058445700932888076	-0.19963211463750166	0.018391278746976648	0.2005626568635472
-0.05066938051397857	-0.02994741329467434	0.05197080533705102	0.07851877668490537
-0.01454508639230119	-0.07269624147156659	0.1732588702526274	0.18845407712084283
-0.07436944934864542	-0.09971045915285924	0.04222268010494967	0.13136112581787524
-0.02330294276082614	-0.22523648240837085	0.7160705207977245	0.7510202999283941
-0.03587639142598302	-0.07300935218591163	0.16505693853413814	0.18401504027556848
-0.09276941372244436	-0.18539065561207896	0.4380702116230708	0.48464588179738477
-1.0074648209192452	1.5420726802773004	0.9926060363010294	2.097074162934803
-0.012123760724836063	0.30071276962523347	0.08904322514244334	0.34348746153762244
-1.0106059915943795	1.746520447360327	0.7873166487424924	2.221541264771214
-0.2026315914694194	1.5392220372742442	1.1882311769885854	1.9600094787423306
-0.6092919668082033	0.5234714172615318	-0.06914716442354424	0.8182421039977239
-0.3904762094990287	1.2805676621052833	0.7781521728478901	1.5547751594434525
0.03475771083719305	-0.06152272956297625	0.17490044083580014	0.23465526591167377
-0.3464702278094651	0.493731167589875	0.39871055573143427	0.7363843947013498
-0.26363887348838183	0.3567215736702751	0.33165603645901487	0.5538514812255396
-0.8876802895581611	1.311140129154148	0.88952208083411	1.816126170462797
-0.35519754962192596	0.17852348636609952	0.6001260620948202	0.7332578057867258
-0.3026194463830916	0.181248191115851	0.10028484754040248	0.36672399261321664
-0.7851067328989701	0.23385410733338552	0.20879114738091528	0.8453839771279252
-0.19588842504924964	-0.006026074213157449	-0.10293716883704396	0.26169530807197156
-0.5258593336440055	-0.3592666357976311	1.550903687625429	1.6765747232581134
-0.3572594336994498	-0.13682058748028	0.7967559831286574	0.8838406376587433
-0.11888085687139008	-0.23841541915209052	0.2185343898154217	0.3717682539592934
-0.011564765902561058	0.20394769932682122	0.7995339133714854	0.836936479908844
-0.9578997651385133	0.20238190837261033	1.2353627472542084	1.5824447222865083
-0.21611295424868268	0.196238570819826	0.6649039148952689	0.72616224200557
-0.14108000080150374	0.12028652886750923	0.7713506386245127	0.7933184879728886
-0.7678331264169703	-0.055758065810000916	1.7461547426185218	1.9134296020484494
-2.5752818833769835	1.4088582806431251	6.546442831329513	7.175817163400415
-0.9032758749508202	0.3178169024979354	2.172220747594302	2.3780112806630465
-7.661742992289263	4.430273220370669	19.4772594337072	21.394222148044157
-2.9580498184981963	1.5955708875004877	7.861034712900542	8.549372605237393
-0.6239822915537659	0.2906244151020451	1.4970732198455463	1.6477392622635432
0.13790917103350125	-0.15099429063032638	-1.1034503873630164	1.130884944426131
0.0852669832059865	-1.1042638444696777	-4.0249518375912	4.176887139540255
1.5320184205251433	-2.958944062928182	-0.9267660406816617	3.461330017121606
0.10214660812359394	-0.09577155213192444	0.013177431165164386	0.14064055048607296
0.8212050422723518	-0.5608851334324882	-0.23276325014015756	1.0213464568768647
1.7658930396206294	-2.0429698288933653	-0.5324301290210325	2.7963021535303594
0.4462344088915273	-0.5929328514096255	-0.4843330087613669	0.8970801314461034
0.13940551535730525	-0.12390794221972645	0.017173221520866602	0.23358463197429677
-0.21958244718577052	-0.1366461305004934	-0.22978017152629365	0.3730513747722992
-0.13154257134791586	0.3506783996415331	0.1553684800105437	0.40548508311990344
-0.48456009225156293	0.7343006140467527	0.29759637255470056	0.9287408011657491
-0.29157176881470936	0.7326196101911706	0.4960763985698933	0.9315778994933687
-0.1439588017132292	0.17145174132839042	0.1524529674803175	0.2708537308009637
0.0019273434312300497	0.07352999027970472	0.008406352356747283	0.07403405218668752
-0.4869742682151349	1.0745379068030212	0.020423212089116093	1.1799121826018757
-0.9216277000188524	1.2660129558330306	0.5542671749141457	1.6611437394056041
-0.045272415835650545	0.028155532719236168	0.0042672119818996795	0.05348396728364965
-0.09115340163590917	0.16452707712593936	0.23167670299935564	0.2984161464298703
-0.018958148270452033	0.15437385309143034	0.056924693135987324	0.16562342404613334
-0.20953467061087105	-0.42837773930918877	0.4370392062716609	0.6468504723212477
0.01380768608854211	-0.08457108451608503	0.048927215690843504	0.09867518921494327
-0.41352068498919287	0.03279952945481463	0.46779012286362875	0.6252221725875989
-0.9978564807785225	-0.04142213956528955	1.4020620877947918	1.7213981084889558
-0.9648681914358587	-0.3996723457934778	1.4058742861814832	1.751339806942976
-0.23318405502507042	-0.07696564861902717	0.23507870045308293	0.3399419214983538
-0.8340663517856818	0.05290993273503568	1.6870341390492936	1.9473484635731984
-0.19321136218828702	-0.03875132422075213	1.6519811451214907	1.663692880144779
-0.5015215735313663	-0.10747526447268366	2.8084265512378055	2.8548790718502124
-0.1415329547357825	0.21153898229020993	0.44826343514098593	0.5154807713087034
-0.42209102422021083	0.30741821359829113	1.0548646691789638	1.1770328207239065
-0.5815102537753399	0.35968108983752234	1.4433547573118701	1.5971216663383463
-3.578757384746533	2.431565251539274	8.488224149845447	9.527327180767468
0.3527386832258178	-0.5270302603493904	-2.1180234978972243	2.2109294451910086
0.03511210686984638	-0.018401893040307732	-0.06275910805386525	0.07423069014917737
0.5743887053296024	-0.4957920948360962	-0.03630117540549989	0.7596380463404939
0.1218123146577968	-0.0797523537389952	-0.06446671736368956	0.15923139004872683
-0.08701517648724505	-0.3055581515976561	-0.21006777600625676	0.38087517044708674
-0.11524756123718388	-0.08837548878250225	-0.09711840580091646	0.174711797352028
0.07806704232344902	-0.3752472689970086	-0.16255253736767575	0.4163271590846723
0.09098481741674855	-0.08365041374568884	-0.06593911308718078	0.14008424377819229
0.06254448682332492	0.11504464607167648	0.05074600010639696	0.14043589266476297
-0.06834357316985548	0.07822503316538192	0.020254816701113648	0.10583126856909641
-0.5790381704146884	0.7616750347955054	0.4763535505324047	1.0688062343253582
-0.1604507605797558	0.28547141924201286	0.238963243011779	0.40539093389637815
-0.17458219052495938	0.37511089250420904	0.1776155943224288	0.4713960194680341
-0.3720204015860656	0.10941628493400497	-0.07320419450032178	0.41858062735566
0.03806567552466737	-0.08156305060543409	0.3066001384885149	0.3486903450031137
-0.39058340219195753	0.17416562214168568	0.7222904958204606	0.8509244403919843
0.4782431528318325	-0.45096118865761425	-0.7435608347714134	1.0022200391191451
-0.02998207461510452	-0.12523938846405128	-0.08162955676905892	0.20670510070965398
