0.3469759175667217	0.2273821418508169	53.70491415222256	53.70669770902227
0.37702286830076137	0.29584219440245807	18.001943799598358	18.008862518105033
0.06733028969536846	-0.32886013613923853	18.345333498034144	18.348935208781068
-0.3503755686015283	-0.027044982603220302	12.13114616328429	12.137037591192673
-0.22909207606449847	0.6316011094801435	7.316689171301215	7.348797408770266
0.6430837863878022	0.24768104085226517	0.06250799580890075	0.7058963725311098
-0.14889074090289106	-0.06251151811864696	-2.8323236639656963	2.9880569059146405
0.04546998568144189	0.18870779825779666	-9.826483478707575	9.829391410201046
0.14305007076811607	-0.13167522808007306	-1.650185428948402	1.6674511756721169
-0.3539053288002968	0.4725123614067296	-5.459985531452796	5.49358159145828
-0.22442689531069543	0.6936381198070627	-11.81425352867878	11.837549049418431
-0.8583618544406921	1.3380768910006169	-10.227220308781341	10.361804380808309
-0.0009872061640063268	0.4732899289013837	-1.7000533051441296	1.7702161892285828
-0.6869479286818027	0.341631780134306	-1.85303859488626	2.010433174456689
-0.1615599611778693	-0.03845680655425732	-0.29505092810051337	0.36621767038077335
-2.4618599197378095	0.2688048865908223	-6.9171081957275975	7.4067365766421345
-3.2478159511779805	-1.0096040459065116	-5.381740715870711	6.435334777616274
0.46572891883871453	-0.20895096366570795	-0.2814421034836148	0.7638674826648846
0.12949172100539028	-0.3748366243443553	-0.8462579490739188	1.0569498850605947
-0.1572756783166749	0.026045267994299626	-0.047881111246308186	0.21722426358270036
0.42013855409053436	0.11674160279306034	-29.775678375767047	29.779198235151963
0.3498355214547796	0.23478430048573437	-10.420381909458378	10.429829695814485
0.22485255949773678	-0.06631968428274787	-0.25822846919691045	0.37565769157549433
-0.19108499658526715	-0.010938300813606458	26.548501909194012	26.5495586880408
-0.24898747814241184	-0.06357828599479699	-0.10623069891620904	0.3111297301994465
-0.18494532370262995	0.2864898525419428	-3.0618852934882357	3.220902752917029
-0.4030243386601265	0.5048353948440486	-47.51699836411019	47.5215940464247
-1.2579566137292422	0.857628185857362	-87.46132494201767	87.47468674619707
-0.35675183189586146	-0.32157396388061565	-17.23126915937319	17.238526570199454
-0.6895003745901104	0.47168985062385754	-86.69142973831678	86.69556719890676
-0.07857823613822455	-0.7837499533073151	-232.00641059690437	232.00827294846684
-0.15967621904372006	-0.046450895485480384	-313.08353400281413	313.08396739183934
-0.21378452717397897	-0.16580548526721461	-100.74762144399139	100.75235368217311
-0.06750623687355298	-0.3836673588109579	-47.141157773077204	47.15210350040909
-0.017631189180380508	-0.23769997309870083	-18.584917135888936	18.586969545054973
-0.1707433504466045	0.48331010548473474	-214.96425108626377	214.9649075240258
0.3212366196022841	-0.7362607148657696	-530.0685889715945	530.0692160151618
0.12450220868309128	0.519001158667545	1.4933766838167757	1.5920165537244941
-0.04859165445299819	-0.09896062548628243	0.3285823017199002	0.3736314603759479
-0.20192443759513776	-0.01392230866109836	0.06870123274843612	0.25527818837049593
-0.046221276588816945	0.0855510467371653	0.24360018406428854	0.29711314777956205
-0.2950454135727346	-0.8544264302212081	10.241322014292791	10.282084064335844
1.7373790910930813	1.0089555643413701	9.424617897967607	9.681954893128465
2.3041571705039834	0.9219796627818788	7.904187937098166	8.337609027942989
-0.11739810657144384	0.11781830580511793	2.9031289474002837	2.911237011777438
0.4506528296675016	0.3105866645685018	4.077214160057418	4.116151982248448
-0.14297957020400087	0.004108800124215495	2.1091954322170103	2.118642300134507
1.2972161555628472	0.2875101222446047	70.9409137443771	70.95349289849443
0.8366883075223326	-0.3437355217426326	22.187489186502233	22.20635849523523
0.4377540799499522	-0.3372502983154195	56.27377040965234	56.284326364463055
0.8562608819950914	1.0599421713723105	204.08272513044963	204.08943066060093
0.03932950671786564	0.2724145734127862	32.35240844333815	32.35388026774199
0.7234839904666491	0.3114213304207121	194.7767637136621	194.77840633623146
-0.21741066476655269	0.20977380387030914	9.715587976410296	9.721286023886588
0.2293726009525377	0.030917108094964445	11.131323649478514	11.144669299242596
0.5409379508824367	0.3399326482043862	0.3569635411235127	0.7450307554803187
0.06477521907484822	-0.16683726222582176	-8.543365180029848	8.546379285131199
0.11334111009982649	-0.1267719414474875	-4.671411093312546	4.676588363326469
-0.17520012462183632	-0.370773045970535	81.47018805573067	81.47133968062822
0.22564111803902814	0.9216788678081907	270.25356668286923	270.2568612658232
-0.02517417279226626	0.4970644640503325	40.79945519517271	40.802729453165306
-0.1177981507989829	-0.12484032278689575	20.600608591981565	20.60179641816339
-0.11285849906608231	0.5716015304528707	52.26324638196503	52.26649392997783
0.03634638220641583	0.12288559910580137	10.142548988968414	10.14335851301684
0.3794030080592859	-0.23416928951422455	3.1817876047920057	3.212873209556219
0.050409444160453454	-0.08886853977698622	0.49123753266298276	0.5017499804877671
-0.091262813324442	-0.1455631342412537	2.684773809697035	2.6902654025915673
-0.15614061307147337	-0.3590940901810428	3.729541177818543	3.750040780271252
-0.0036951694850318184	0.06296947861224834	0.12021447364912677	0.13575834850556381
-0.16385576355126502	0.17245494322906593	0.4444131942564677	1.0662477623996898
-0.0888153469949378	-0.06661015859255187	0.34192389818597857	0.38563819331110294
-0.37209606619658686	0.24776012666719682	-1.0422138361429591	1.4726988925075426
0.21812073997782044	0.08751664033488954	-2.9640602665244375	2.9766371744021636
0.05012115535873519	0.09490976795586699	-1.6960522485056517	1.7051665633682267
-0.0034962749341512045	-0.03946801117123254	-0.2790473540730049	0.2818463653471031
-0.27998631722284023	0.14948504770404403	-5.573654676634564	5.584428740398558
-0.15214041508864384	-0.14547451061610545	-0.8573046695500333	0.8937340882357753
-0.867008943977499	0.5229994907237066	-4.761096366025433	4.869574043765514
-1.4367356536332645	0.016065265840058407	-5.2332198604839295	5.428677308907847
-1.072549079221423	0.08249192567568828	-2.288121674183033	2.532221756858307
-0.0449682724659673	-0.08891597261422053	-0.15561113839691246	0.18477830529499215
-0.6373293675674608	-0.44900166786201107	-1.1920480337792976	1.4243488811888387
-0.517398098621361	-0.5280470453410552	-0.20078047031192142	0.7660595745822215
-1.0771753395814665	-0.8392920677362575	-0.3506930963689319	1.4098594025676032
-0.1444777357693671	-0.174188224092488	-0.7624638851155796	0.7953405117627806
-0.054185057567264126	-0.0048750940147923826	-0.06544742115903344	0.08510670914557028
-0.27764230170601367	-0.2695262336224802	-0.02973838753398403	0.41242428990113356
0.46456523353798784	0.14830780462263946	0.10350585919295749	0.7016049218837225
-0.16363345340741733	0.9794715225895286	0.18264689092130684	1.0193037046440607
-0.5029784582904322	1.3601257700144302	0.5761767056314377	1.5666489143307964
-0.038304658135493164	0.06175077214620506	-0.08512901295974863	0.17890538964220892
-0.500546566759819	0.2228262444499878	-0.39768837422133463	0.6912555450783276
-0.19677071954328457	0.21691350394326786	0.18497001756269854	0.37344862639949955
-0.029226122897325013	0.6955247713788941	1.1592937955686948	1.3594303083296853
-0.02223424543387537	-0.0750873809341027	-0.5104177956801561	0.5163901650811591
0.0028697955098894237	-0.09815128342818373	-2.587612907220769	2.5894753267371358
0.2165800496038325	-0.3317553801473999	-3.844124671819997	3.864487423014644
0.2886559733255862	-0.45263386656642923	-6.97946391917761	7.000079734346001
-0.11962037363032194	-0.26018091623946615	-0.08893916797129428	0.33074628261265776
-0.5440457339710626	0.29240164398209734	0.134102890363539	0.6472618111393572
0.45767902891902484	-0.08363889243500854	0.3517150672357217	0.5832401275295149
0.4837164900027847	0.03760603998344563	0.4423772200925514	0.6565770798624214
0.056339631053683115	-0.06224629849818422	0.344876475795485	0.3814030993071558
-0.06713414953459942	-0.2527117475090583	4.16704637572678	4.177574117082843
-0.3043634660323997	0.1607522789141574	6.822080164266029	6.832183835875857
0.2528049219603026	-0.029613462719528187	5.155068174211863	5.163234930875565
0.5348604523005424	-0.022564849208692152	14.467073531756146	14.47764764158854
-0.36765494905623336	-0.1361028437464572	37.670398257002425	37.672696728157284
-0.009045347266122439	0.041187004464142134	5.360511333158461	5.360677190482953
0.29662645791273407	0.34993790383806167	39.4555868870015	39.45825364090257
-0.15436675190463148	0.1294852673727424	120.27549761882113	120.27669574234113
0.2150232530541576	0.250513189764086	63.826236685358275	63.829030205581795
0.015884978858058875	-0.020656532839369555	13.672656261340983	13.672681092810187
-0.058332042679219306	0.0708688980227025	261.73377541279626	261.73379150744745
0.08500235613887075	0.20141606827555655	7.3297217094827785	7.334309371472673
-0.07026710521455244	-0.04051895637267333	3.607011301153107	3.610621769646744
-0.028472755897567648	0.13240245768695363	10.402702392538567	10.403583910189676
-0.013226942099008852	0.06194255659915786	2.663584919307365	2.6643379507483447
-0.06489234519851547	0.43160078678612007	20.595748533657673	20.600372525233688
-0.034968832408500905	-0.15373504324735926	0.5760087312934851	0.6132887787890882
-0.018517040186392435	-0.09535058845348626	0.3503331714222865	0.3635490977770235
0.16118032385784217	-0.24027944136085483	1.3594725113510284	1.38992043508205
-0.20350399414875417	0.5199510475976394	0.7487358514474474	0.9443771109440934
-0.2557914709937642	0.3771735278176376	0.41457451832043934	1.1224579149617055
0.1738934137611776	-0.5166069183524026	0.026404478335292733	0.5632926493531055
0.13547066808433836	-0.1129962046332359	-0.3665335304409564	0.4300547151354633
0.17974059220920893	0.5372676192155093	-2.364055048704778	2.6062446610692085
0.1011999057390621	-0.19235011002471317	-1.951131573030559	1.9681550208062402
0.007459787834342105	-0.26619900332107677	-9.466108811502748	9.516350423030534
-0.09664311823377802	-0.07317877529104838	-0.4605311578885293	0.4962496929381358
-0.05219789794958789	-0.2136063488197848	-1.9698689705170975	1.9870117862540615
-0.008497954000121544	-0.055432483893502714	-1.3527261329022422	1.361063095903141
-0.43026306598930775	0.022348705312411267	-8.071750084000087	8.084445248379067
-0.04399907879100726	0.3495726246853386	-35.61380511957546	35.61554789742765
-0.124528519923661	0.2563392393966651	-21.905400439618603	21.907254177052216
-0.3920138606480238	-0.09173066221077869	-88.53052133326595	88.53154678817087
0.15291106813291172	-0.19320897007670274	-105.33990581850219	105.34028644890182
-0.07873178712199634	-0.11000155094589148	-422.1642064602593	422.16527079551304
-0.1761085188645124	-0.11926839693203506	-178.56176819649005	178.5619494192502
0.04872889808306483	0.05414737787695148	-170.30844934069563	170.30846491961674
-0.015704224921605746	-0.056457248831107615	-269.8426763725818	269.84268273562935
0.2975872140316265	-0.16747190874054851	-25.069132265893902	25.071457826681222
0.10748237125839893	-0.04061165782080913	-4.666479090667359	4.667893436191423
0.03507285752630854	-0.02710343022328749	-2.2347259779070967	2.2351655774726753
0.03129949476528936	0.2882033564186597	-5.723547246601821	5.730884217736983
-0.0604206446349574	0.5640027173881889	-14.439169941707323	14.450307205212756
-0.04645305456615024	0.12502025320196644	-3.6809789957990966	3.686037723952828
-0.1643720217170155	-0.8111606128851871	-6.900515313256883	6.951373322935
0.378630239610079	0.074832323957562	-0.5688041486838642	0.7014119185728533
0.049045326449590934	0.31873639162197753	-0.7676009023460947	0.8442092522433551
0.08910507504187276	0.03706764948110239	-0.746358984281624	0.7525725602585899
-0.006961752185389716	-0.04581836555426068	-0.1312827532372214	0.13922266307286257
-0.014838806550080907	-0.8424518328265336	0.09138633749691191	0.8589391878321286
-0.12746842035025616	-0.44675294535949805	1.74559580160799	1.8117452579944624
0.0011721010716683328	0.292662198173287	1.0653877101204035	1.1136351708868304
3.897596695522415	0.845495107244243	8.079979758509914	9.011752030551614
0.25821718459256804	1.0647955446860686	8.952681008674398	9.019476864512791
0.08165900465800313	0.8574418406416326	12.198093244825388	12.228464887817255
0.13877160610236403	0.2530587946299983	10.923685468490975	10.927497450318654
-0.0720614939255198	0.3298056890164123	3.0098655536399823	3.0319523557112316
0.4475690005343462	0.7048142706968682	6.656578330586957	6.71018599016131
-0.22492716024561465	-0.14432337164002482	6.7064259697406685	6.711748710330995
0.01965339163037096	-0.011982453078466758	0.7748637581523233	0.7752055718854818
1.7541154721588579	0.4443087034341991	37.05027424490004	37.094698175356775
-0.09451804796605293	0.12748370377034415	1.777716703169669	1.7902352408962225
0.004594566616188338	0.14534866346334457	39.20224206785147	39.20276023796459
-0.08121707176462181	0.49234269299830347	227.44377603159066	227.44432341355213
-0.16725490864279796	0.3195511621213575	168.17173345273167	168.17212022105895
-0.041933141951382	-0.03431421105478934	10.40949504631746	10.409636063416531
-0.3303359932717921	-0.21342769198688089	31.078165633732453	31.08065398935272
-0.2372578662770512	0.08131161070023109	17.004857915465188	17.007280070111275
-0.21968148891680672	-0.03272112908415425	5.350965117722055	5.357390979277082
0.0029913618173860734	0.2654987062115052	10.147619016551575	10.15205151687208
-0.026887998582903194	-0.1352163679413641	0.3908744725557777	0.43734319341085676
-0.10634491952168118	0.19702939777239586	-0.014312954911303771	0.2642242817625187
0.21112847075113372	-0.39843166264581764	0.45680174737546597	0.6568642494958165
-0.09834524931027254	0.14025994416320195	-0.031470341052591444	0.22319231004792847
0.25540451792631247	0.1188060042910899	0.12402301318150712	0.3379464856029825
-0.12858062214353838	0.05491732661014473	-0.8951893500904997	0.9060424171462814
-0.49119671069755827	-0.31894471242114814	-17.200811220665003	17.21077879083734
-0.03231448901252282	0.25584609381004075	-5.410684546004348	5.418624224947533
0.16599128692328322	-0.25706858268150706	-212.74164793329925	212.74191378880724
0.1249894431541321	-0.02216946907448084	10.015339413744885	10.016143839760426
0.45575637353474824	0.1265159383576406	51.726109103462754	51.728271604007894
0.19712065621749403	-0.04968165585800248	76.86025313524813	76.86052196566486
0.009897626605611415	0.031160651691724148	30.350755399314036	30.35077300923677
0.17758614904423675	-0.07971112219939755	2.942725757918778	3.0952087772157313
-0.03477118933866339	-0.1402288916812976	-0.12684235455171303	0.19225545656342954
0.010377175024140482	-0.04242477536872756	0.03295117716614654	0.054711309646209454
0.01744360410392678	0.029014651092935478	-1.424135640526583	1.4245379784057155
0.18638128192203698	-0.08454751006114433	-3.5084834907108675	3.5144477045901774
-0.09102345732989532	0.4063469019668003	-20.297132449376576	20.32307406213337
-0.08505052639047363	0.04320841148114701	-1.9804186737303378	1.9876213087562358
-1.447753286300476	1.2655289495693312	-22.46290879140757	22.56457788358089
-0.10739759522387105	0.11600996478102946	-3.0573298099690858	3.064594248381664
-0.6032238374998906	0.8429911914047932	-4.365881499161697	4.487252434579156
-0.4674487033940028	0.5926485692315446	-3.688548026258719	3.764987006476122
-0.09127050200320702	-0.010480690804177413	-0.6911933980446239	0.6972721584260513
-0.3159714473259536	-0.27122667567398395	-2.1710596303206704	2.210633796794609
-0.5230733794845918	0.6192545971595461	-3.4726205049014265	3.5659746476230727
-0.630890930996806	0.7054986217150775	-4.733640498605395	4.827328872377872
-0.21184724842103686	-0.11754406245498095	-0.1120712786039496	0.2669378856024544
-0.941613928036576	-0.3370837311779922	-0.7187067133914542	1.2315849833329786
-0.04169819763408298	-0.007121841230229173	-0.05116865610639697	0.06639044868182732
-0.15567285259205352	-0.4006141246078702	-0.4103778992822915	0.5942522478618183
-0.17038356636329416	-0.13104872379065924	-0.07219468777523777	0.22675184814417637
-0.09279363708856861	-0.10131387752706675	-0.1785775709538682	0.22531113978558245
-0.0400508974437431	0.012318820534302048	-0.04084449003434655	0.058515810611931215
0.0536774474926309	-0.11945249214605369	-0.13107519736112352	0.18528592394589674
-0.7951340886797048	-0.4751761523259878	-0.11779475092670558	0.9441323969474408
-0.03872230008692118	-0.1948858112342406	-0.01879051001851547	0.2435421197887659
-0.021287931592163294	-0.39830601244997993	0.1577055321855458	0.42891944519595093
-0.0028902585144731895	-0.016145036824217647	-0.022719767640677273	0.028021485506343067
-0.14187817082264628	0.13802091048976006	-0.17392885837606673	0.26349655569742125
0.009900899411668357	-0.021309817610094692	-0.01421664414044482	0.027463596020032018
0.09578209955142171	0.06864998118587398	0.04436670878588194	0.1259183678411953
0.3038691260824514	0.48015476797331824	0.008589734978929696	0.5682946687596427
-0.3623348507340385	0.30920379675149745	-0.16346976804022922	0.5036029160411262
-0.05919673677866534	0.08803196759052075	0.005997957060082115	0.10625496493338871
-0.027396538355558664	0.04732403385558408	0.0017074586022339557	0.054711160014300625
-0.09319941843975015	0.2771383876697452	0.09433929175764022	0.3374485210917761
-0.7051838715350651	0.7801839677598029	0.9137285829085847	1.400125360225556
-0.17466798417718873	0.13282327050272622	0.7191516467759226	0.7518843108777337
-0.5639352369088885	0.5866135692440776	3.557546430057401	3.64942119151283
-0.2724443061852201	-0.14081849175637998	4.741558184072869	4.751466064336531
-0.026342385975535614	-0.09082984163762477	1.3617228414955422	1.365002959147523
0.03620326030008276	-0.027462173068608924	1.6237304215349222	1.6243661313952538
0.2708718758833252	0.15833088307424356	9.1002856177478	9.105692646156417
0.09868063073006453	-0.09952250801601012	105.95351066703384	105.95360336140405
0.001883761884858923	-0.03265924017371389	4.68073509021371	4.680849405747372
0.06575426039410259	-0.12067112266864716	8.847158816581963	8.848226052064335
0.18852976226331686	-0.042169257258775676	13.195466345019767	13.196880456383095
0.09859933711604613	0.026309102571851064	5.587765883863523	5.588697663233085
0.2650077226211442	0.098414133150284	7.1656220047017785	7.171196075196863
0.011502999887902186	-0.05708599439112587	0.05256928424382039	0.07845163738222616
-0.08719799453801835	-0.2619990541737103	0.7400133172058763	0.7898523306804985
0.10212582894043427	0.04350734154022255	0.0870823040858095	0.14108827516686775
0.004155414750136713	0.10007800158602527	0.19342947432804242	0.21782524053015737
-0.02019387834165143	-0.07964196009944985	-0.015124477016298956	0.08354270965186804
0.08056274455217059	-0.037030233525996	0.0690368356480986	0.11237294461333056
0.3010631417005026	-0.05000449284188796	-7.049234730876102	7.055837991024502
0.01008758132156437	-0.034033897990256926	-1.7016662816038328	1.7020364859358152
0.2219330104013686	0.22222276481631192	-31.36031241859571	31.361885023228993
0.09819176224464128	0.0010971043403049316	-11.284811377538253	11.285238617434157
0.061520488042665314	-0.03808208468016187	-9.253107129266565	9.253390003739511
0.07839272868027411	0.046617284290754915	-39.53627068135124	39.536375883231614
0.027453803407745125	-0.027779054198351815	-44.26858918500804	44.268606413780226
0.1286453413481378	0.12626106938184525	-96.1843863050084	96.1845552069176
0.08187636725203212	-0.06656488225444718	-133.5823198555676	133.58236153256996
-0.011658685084973964	0.007587237293442597	-1.7051163725930882	1.7051731100368392
0.029165320349417528	0.013480172681648278	-0.08580056783243276	0.0916191486916305
-0.1456935645202273	0.11266082348075572	-0.3186967466272356	0.3680851697647653
-0.016964534990870563	-0.008219784201045178	-0.0244885024347856	0.030903835542966784
-0.25702392464531476	-0.0704830974636147	0.17284454357853152	0.3176545310758481
-0.029389698759535166	-0.024519377709466744	-0.0043920297665404895	0.038525890020944524
0.03459832500489123	0.03454647357758969	0.16236704482342276	0.169568747634942
0.2820771826101462	0.09564710689089866	2.6197053275684454	2.6365833780285377
0.3873373093648953	0.28313378182504045	5.100000694039593	5.122519107708719
0.0372772360512765	0.36001187085757	5.03927479269362	5.052255790809025
0.11891627584810766	0.1944653738978946	2.7044502148315512	2.7140392087825957
0.15164439379745354	-0.10629853794287643	137.38193381108093	137.3820586287509
0.4652028084488663	-0.07324863455284233	324.9407145757832	324.941055836341
0.3200896409781132	-0.28621279275966915	31.54116930046201	31.548016604748835
-0.09725002542620563	0.17490084476339543	10.018523648919196	10.02052214093146
-0.04647482322679696	-0.016058755075717426	3.8332629023744413	3.8335782594762153
0.2283734703043712	-0.4125152448215232	2.629109041967727	2.671055526136716
-0.008005587730053972	-0.02295016808475293	0.051326129753345134	0.05679059117036241
-0.14066441022771298	0.03951595087534894	0.24289856687744962	0.28345669946115615
0.021501408189098938	-0.0029624445344837696	0.13504045557795144	0.13677357666755235
0.04104237334007982	0.019432141188154	0.024780513423524213	0.05173159929942544
-0.039523119952024385	0.12331525642142008	-0.08052476360866273	0.15248923578814905
-0.20907810149351647	-0.037827395393054714	0.15968001164608575	0.26578613674465756
-0.012650008548991717	0.04542613158189229	0.03896025522306251	0.06116745567563792
-0.012772168739214149	0.004104840596461906	-1.4669709054302136	1.4670322475628697
-0.22665810054716776	-0.2533100722362478	-8.092161671586503	8.099297525485381
0.1713967334868271	-0.08232051846825968	-10.515626888271232	10.517345785004112
0.0006518388110219875	0.0160322513633575	-4.418731860912521	4.418760993380502
-0.1732314386453485	-0.0021553140423372086	-0.6258486838854888	0.6642139239243308
-0.2761387088438735	-0.35627449812178047	39.887896091093886	39.89068711445488
-0.7878052219437026	-0.8982632644758244	40.1560522301874	40.17406532152886
-0.4886574681818209	0.13313677787350858	4.79914455089317	4.827813141381929
-0.9494975756277613	-0.18770688565929083	6.864483157871552	6.933786002657502
0.37584589203286034	-0.29551125418018354	9.152063543521216	9.177830576065087
0.12363194947784525	-0.8676671518957482	12.703932961536829	12.734893938369977
0.19957563016128532	-1.1616626688606955	12.48629556491187	12.542581365397504
0.8692163210644834	-0.5066872273887871	7.153358440377067	7.225114927848391
0.6697838964796934	-0.7783379384369007	-0.17833604768777692	1.0515245813572893
0.1431772912100871	0.08144760347510965	-1.3026729876951115	1.3204431629572824
-0.47946473624224945	0.03722617961897556	-3.170501349924165	3.20980230178119
-0.6932558284978441	-0.34311039133497656	-3.774356995763585	3.855331231004384
0.2667512088985371	1.4060316543192959	-5.024528665344408	5.307948767854146
-0.13613313014595574	0.10929079937923186	-2.55358512401336	2.5633480993487043
1.4699425001050792	0.7422701092623489	-12.783228251967014	12.88961210415221
0.6780069392465453	-0.9755285423213595	-24.06368401810634	24.093395726935558
0.4809190454051262	-0.5685410874966959	-34.62475080644676	34.633038710021395
0.6645777699380842	-0.727518988027423	-34.14615165281703	34.173249344777204
0.17337349732286286	-0.5626222961065668	-108.5358046185791	108.54145676658725
0.599335325256267	-0.25587389336869876	-39.79205648774435	39.80045419021803
0.06442041640623462	-0.14454505351145497	-5.713639499921868	5.717534379652264
0.013991054237795168	-0.006093685759081299	0.6528788940579201	0.6530572202426893
-0.06109328715640453	-0.02990680798610865	0.17328260465480555	0.1861549568919574
0.2681429835739947	-0.3659450689554016	0.07697299302540903	0.4808545306930433
-0.11120219143826751	-0.1678843553651196	-0.10381804144438289	0.2660997083545611
-0.7795577891263091	-0.3628350595188175	-14.920024261583363	14.945432860179736
-3.2460996579847397	0.5132783057460135	-360.69760034554236	360.7125988823044
0.4618124422515478	0.5644993653152393	86.799015749354	86.80219205242896
-0.07414025000360633	-0.09396595047311367	47.88151083825419	47.88186385590345
-0.8615142328824511	0.5450603349344629	6.676605916823476	6.818849954621391
-0.021009256269316517	0.00715509257528163	0.10149988046164428	0.17399596211544316
0.14044498513635284	0.23632438320376128	0.17358980219623987	0.3538180496711809
-0.745880202742683	-0.27264363128905533	1.1173351794630664	1.6611623408600706
0.9846993162911999	-0.6866159378388796	-0.3470672033368039	1.2573820493910157
-0.07329622534011762	-0.06342784252533804	0.03650287475016843	0.17380354605575465
-0.011498396724293966	0.04372524655142272	0.1422001230627609	0.1492145613278955
-0.16174307584335307	0.10798003588466903	0.14287669428360908	0.24131775836505473
0.1128070764202112	-0.2617442273935906	-0.9106897532380919	0.9542490784471311
0.053238427318109446	-0.3479438721065107	-0.7816679979590634	0.8572654940641832
0.04995621535897002	-0.05029384874011659	-0.011218728307148387	0.07177015075165392
-0.07216867128675977	-0.09284110783092839	-0.10601962995400957	0.15832861508317306
-2.380588346728649	-0.1726207707982922	0.8598947958182501	2.5845962565488936
-0.8994151033955651	-0.12482261690400287	0.19000513904353417	0.938141754571116
-0.48174549012638507	0.02356306433731034	-0.2702010857799394	0.5701950077953449
0.07643543456217487	-0.06519881245336051	-0.29338758086225347	0.34007251918707326
0.9142610411387135	0.1625515616853762	2.425601620952767	2.643777492059248
-0.2736334966201262	-0.3862300090082226	86.18398644273465	86.18539927305957
0.29532552628302067	-0.29448488695541153	146.9650216767551	146.9656797172357
0.5478453950418207	-0.602307088447938	315.1129702892418	315.11405305492036
-0.06461382417678929	-0.24507577568266728	51.8413992139588	51.842206640227516
0.2444798147409261	-0.4865685711418777	60.62711538552203	60.62972141704547
-0.27429614644221934	-0.17522262535215632	47.73681142472612	47.73792105176188
-0.11778637180172788	0.20286110140173402	9.647009616783743	9.649861180460686
0.059250316602308534	-0.2486143661871752	92.5272748950157	92.52773313437324
-0.7285359738366556	-0.3857936428565236	17.17880929367714	17.20566215206409
0.02484105464413454	-0.542494642220837	12.684773859105821	12.697160515500643
0.07189719379154362	0.0043912808919175095	1.2478288069413783	1.2499060849742758
0.05564488667363984	-0.04782006319311391	0.26758348984480007	0.27745997169724923
-0.5771205514540548	0.015279737950154162	10.803310005452813	10.818724909859725
-0.15240391366059866	0.02623629908944728	4.428256119471156	4.430955603018688
1.3478420821591923	-1.0712229331292153	19.416392424432658	19.493074960492173
-0.02907156957421808	-0.20257273319817304	6.268296967827815	6.27318958187717
-0.004889810135901104	0.001997780079567928	-0.0034471637782681197	0.006307480204148742
1.6829947801798781	-0.5706224162109788	19.12429008281006	19.20718699675625
0.9036108887291444	-0.369082811143176	4.272667758576986	4.4823226478907685
0.11322265858567951	-0.03406443303506	1.5380647915990755	1.5489037555871303
-0.026697087150561384	0.07741142596378821	0.6152107106872935	0.6361362014352246
-0.3352356030046152	-0.7084294441095446	3.7007716302528735	3.7854254227216964
-0.057877204594470065	-0.06757992062063062	0.24823147965904235	0.26369619636331204
-0.3973549695159845	-0.11484596232594724	1.7608182756799722	1.8087458546822468
0.02529924955455062	-0.2620804570847741	3.6047540025845852	3.614357154068116
-0.03364627777848052	-0.12724046608362125	0.9629455007342943	0.9718982691629533
-0.3077710503324926	-1.5674814173947158	2.184607407668834	2.709928103076179
-1.4930066179212294	-0.6269703422161444	1.4822101805016112	2.199678925492954
-0.03939070467646699	-0.48418406048005674	0.9829440219602752	1.1052803116157033
-0.013321152321628026	-0.03567171635163993	-0.039189227865956536	0.05464174253606611
-0.4992753672018443	-0.4433628709195527	-1.5591154110437562	1.6960800077115186
-0.607679109651448	-0.9562158865235384	-5.866255375384579	5.976291043454564
-0.03151799253937518	-0.34091600098959285	-0.9067751384942808	0.979253818106302
-0.5821792272919869	-0.5936015060348109	-6.204389649916554	6.261407678274012
-0.6992010511617853	-0.6030645457371828	-12.827922487770564	12.895290415551745
-0.2220505979458563	0.13497472541979294	-2.133066344665005	2.153363986926685
-0.6380435518687726	-0.7776398499481185	-21.766427355156438	21.809905430847493
-0.24474036514185343	-0.3900055960208421	-3.679207324159075	3.7105321087821252
0.12119143022831508	1.4450716614890473	-7.254530405188127	7.457310605191291
0.38252846720408934	0.5306931244380636	-2.727397158979627	2.80822689045196
-0.005017412262050797	0.22077317069890234	-1.6334444939640869	1.6542027285335514
0.4903622793387669	0.909483409260638	-8.504516051394768	8.581266133126856
-0.0024317023869339233	0.005552637712345494	-0.3266828079645976	0.3553001363378534
0.667061833720715	0.23815001330493196	-5.9166715483348025	5.960551057965911
0.8671331176070446	-0.3068633413007143	-15.013577613137569	15.042376058471971
0.569357775951171	-0.1814201747871594	-14.050890074556188	14.064283601698932
0.7218518109235227	-0.06782735309136179	-16.96539383315264	16.981452773117923
1.2515919491830194	0.06743877142506982	-31.161049485228954	31.186247536631253
0.18426028992715188	-0.02309422154770935	-2.3668626399588577	2.3741364648953835
0.17375775312790767	-0.04324802942682454	-41.26279087551037	41.263415427831745
-0.1763180265164063	-0.03546238340461018	-16.23685980425602	16.238455644397842
-0.0988426247742166	0.11615124853685557	-7.136226771807106	7.1392207768471
0.46263910408511166	0.3724574032376813	-108.09679685804312	108.09851863097752
0.21002674641790767	0.17769226018247689	-16.091025890686826	16.093982719426336
-0.2273965737360424	0.22157659390125972	-13.894139396597351	13.898467352398626
-0.002229083177720745	0.09978211521430803	-5.814598607484132	5.817129720952148
-0.06752196542708996	0.5009528527572713	-31.651031117076883	31.655374954904097
0.4673834309991704	0.7003535366613929	-62.42875510110696	62.43641582869709
-0.7615351832068945	-1.4173047601117417	-0.5253151032925311	1.6925260931650667
-0.44176346132179256	-0.722562167913195	-0.1875342908097039	0.8674215540830916
-0.07251654355967838	-0.0768002221549064	-0.05465247710826132	0.11892777836550525
-0.5099961348078887	-1.2251972607663355	-0.6677690729652528	1.4856378832397856
-0.057343253281116585	-0.12638162181211873	-3.1944529424779664	3.200510888848038
-0.6298727489947816	-0.5810580797961125	-62.048087382659666	62.05416179276853
-0.22711973707805314	0.05440920314052652	-57.07248450570212	57.07296234987252
-0.186886324770753	-0.08514852895692844	-6.512275657966488	6.515513104561505
-0.30841327563852106	0.4593805093896153	-92.94713884469456	92.94889051732046
-0.8036290093193706	-0.1558052045237844	-85.56149514592983	85.56552475289477
0.10122782011846303	0.13895532159557408	-1.7239916651242342	1.7381549698699181
-0.011156891408399237	-0.4457375514484074	-1.4315660370327636	1.499395798107629
0.0418133792631301	-0.1723663226101874	-0.3709082335092702	0.411134315693216
0.01900981540618936	-0.17096100420162483	0.0667205306934684	0.23134487708921384
-0.2884356383717035	0.28354399850128786	-1.0972807964358917	1.1777509276990508
0.06634701248599002	0.24642164678279233	-0.6577036710273274	0.8610572660118389
0.09715038035080586	-0.09731422365945339	0.11964779927709251	0.22957272333750764
-0.24335595314029673	-0.04758913082832456	0.8488290002672891	1.0146985902703247
0.1530626396218693	0.10934737797286066	35.13779692513674	35.13857762570601
-0.05698449678241929	0.6162839114581564	143.07019629757258	143.07160305771112
0.16326130663970417	0.08630175774155047	57.874968273013465	57.87526289227507
-0.009417709451900166	-0.026766337524170042	9.752868617439365	9.75290989392958
-1.1354768899919867	-0.5296811304267421	10.68334927885102	10.768074915864142
0.10202356600532678	-0.03190030271442727	0.5610565542638566	0.5711487498157962
-0.011857590020125805	-0.1029113741010786	0.47106619340141054	0.48232220758135574
0.027355809869604286	-0.014427349685924096	0.011716028116237315	0.03307195288159339
-0.08180055351026029	0.06779863593390438	0.24137733702835473	0.26372524418413756
0.15520641331235963	0.09473642524853298	0.3279437051196368	0.3749814591813216
-0.013273622878716487	0.002727140232359152	-0.005543449201941053	0.014640908005579368
-0.03552928494165717	-0.01947737116431014	0.05066690938693117	0.0648755252985381
-0.031017665552724595	0.045137652538784136	-0.07019557786455198	0.08903326572012878
0.28701269481640923	-1.4200319716452956	1.9334647175021746	2.4200480751849467
-2.0671782376515937	1.5991464281053793	-1.1659579194251828	2.86521078099201
-0.6486975516171362	0.18845706819392033	-0.029760783075918215	0.6904274539266286
0.08507146612084962	0.005308569853691405	0.11679102204021134	0.20096084939868147
-0.5421553698353224	0.21493877760115665	0.3951946044073559	0.7181849924710494
-0.9489756814899705	0.0023191202115091774	1.6077277910108938	1.866908908427692
-0.36064400085961695	0.008840058082637634	0.7913334963701092	0.8696843935936056
-0.2415323095027879	-0.2392626912879506	0.1642870829604879	0.40255996137689853
-0.0077496779444961306	-0.013391468357790506	0.014060964880113373	0.020906928669244873
-0.5790441956446729	0.26682773722087266	0.7443067000630683	0.9800416754500652
-0.07395796590114798	-0.1813211416817168	0.4684646783076684	0.5265796016395847
3.4391365025645246	-0.08528263073010843	5.1013356116475315	6.154513613433581
0.4034756555869855	0.20449693678634379	0.45304374890666316	0.6552404330699907
2.1216789202031467	0.20113763971479537	2.265415407986596	3.1498730884572956
1.5466760122660415	0.6308075344463785	2.0212211466816736	2.6258216887531955
0.8820368429909535	-0.2517463623622508	1.10873068401669	1.4457277537407212
2.834840475936602	1.732935126668208	3.9434440369494927	5.1584508657834025
-0.23697643442469166	-0.787036274570217	180.9267575473956	180.92862454720097
-0.006242436705774663	-0.09261860132691707	13.284128008919993	13.284452345907997
0.02123372312533724	0.01990146812174582	3.2895037988213085	3.2896325299174363
-0.10283635132974218	0.14261832267722657	5.62323236576389	5.6259805847952125
-0.012665128241190891	-0.08036015238661502	2.053345757049176	2.0596909337220533
-0.19537856791094854	0.0787159940859201	15.151252561082405	15.153359460764136
-0.02460571642133325	0.09603114669724928	1.823774490208078	1.8264667567602573
0.033312765518683174	0.03270022816805789	4.063743899478208	4.064011998729224
-0.372464090914401	-0.2426032746442433	26.307251586454043	26.311006667949396
-0.053141894866296356	-0.04271751156639138	8.552689431553697	8.552961204132442
-0.024638401812440827	0.013880515613092705	1.8986768979179462	1.8988874854095157
-0.04938569682334905	0.023011597514988755	0.2633361279387551	0.2689133632765319
2.115464885519213	-1.9068572315031624	31.486626148843133	31.62908903229926
0.13055888913181418	-0.16660802001577224	2.344872573707757	2.3585400203710254
0.008070520025313555	-0.02261647721240771	0.07358113120822092	0.07740039537922135
1.0051386476302198	-0.6183162692431654	5.736066262344862	5.856199695688464
-0.000503793896816998	-0.06223252437482678	0.3002799245197393	0.3066613343216491
0.2916199045469152	-0.3614257199647835	1.4557759676812418	1.5280557541720363
-0.155030932747402	-0.13922146546820005	-0.2231184132348339	0.3052851664920405
-0.100754075161538	0.021504412082249624	-0.08772275193839087	0.13531114000075728
-1.4026864874197607	-0.8766847927619255	-17.752777528817212	17.854343062359572
-0.16796935908286786	-0.24087766610687303	-2.87308305183241	2.8914221004976843
1.1887670720197006	0.5275238130019421	-9.70063127574139	9.832296083092412
0.07442036987673989	0.1323316273630876	-1.2383955169626804	1.2554494384030037
1.4835428996705258	-0.8697205456687673	-42.523631721321976	42.5586189615951
-0.014966189187576556	0.02855312267280269	-4.355042817619957	4.357397961609237
0.30044380247507835	-0.30395258127922564	-30.43590036448676	30.44296799523951
0.05279079293953276	-0.03533751499922298	-7.774961539625138	7.775221061194052
0.6975357304141129	-0.5050498470233479	-59.708794667816576	59.71500474861124
-0.0004846160846659689	-0.2557552940919332	-77.6054612275191	77.60588265937886
0.06516438152784254	-0.04241349782753778	-25.143093811931774	25.143214029575056
0.18284614091886972	-0.3689058624776924	-41.08590727254426	41.08797026691296
0.03879391078248521	-0.13043365097187562	-7.932227548942626	7.933394720611343
0.13926516854708093	0.07136582179203682	-21.51202217832241	21.512591337826457
-0.009947637453304337	0.003210382041212943	-0.1491763143941025	0.14954208377564104
-0.04309149005913461	0.06331824394249974	-40.83765876031447	40.83773058215186
0.06468419717874256	0.1900775549163614	-58.000790664259426	58.001138188844976
0.015651095277970595	0.27838082457229724	-13.896567734235122	13.900065302629255
-0.21168336204076657	0.008195217564666582	-5.2668144327886255	5.27292054384346
0.12440207639527495	0.08041973580712627	-0.620679884231285	0.6531971479638481
0.08275957311229164	-0.2313739112012569	-0.22634015762385606	0.3620672390309402
0.14454688523223463	0.11483254611222041	9.102339092807656	9.10528072390036
0.4913016996735212	-0.31502889826178937	22.12215333364632	22.130290745245556
-0.39929537938987647	0.40602629626381903	238.83025409967746	238.83145141120315
0.26823130626730385	0.3034949000995693	171.48513234833896	171.48561068997998
0.23592983143384388	0.1813547746200127	89.95738249076557	89.9578746804833
-0.44400568719220956	0.7852649698866709	0.5053960756682803	1.0434016970424376
0.10595312243172392	-0.06687571303214318	1.1231591658431586	1.1387118695544058
-0.577273432318887	1.018604419506535	1.9483730363203384	2.2730941616571028
-0.022707156520225105	0.11792006752559013	0.1655803095361337	0.2045424068220465
-0.16862481615673391	-0.1046625551840944	-0.07079290199749402	0.25274492864305453
-1.622957072105798	0.7930106129407863	0.3119479354444281	1.838381567973033
-5.4391696782455385	2.8752256235106626	-2.0740347206757908	6.494042576262235
-1.8756947794510266	1.087308392149088	-1.1011501429696409	2.4356686694950382
-0.07612291084209943	-0.04733599632520476	0.2990455318219398	0.34196989502855457
0.1393996319483953	-0.45994779117431084	-1.1274387619698738	1.233524290350878
0.10616873497283397	0.12760558104176134	0.8301526234501531	0.8580140719824524
0.6397766989370237	-0.21076980161785053	0.06609521029209176	0.6910763311677945
1.0153141897554383	-0.5330498274489646	1.3751781315357876	1.7959954623596275
2.5352937222960765	-2.040037159686214	8.072622094290068	8.754258617457829
5.538914600334761	-4.842580279712042	19.088617397560665	20.457882408759055
0.9114960983401883	-0.7359501888760596	1.859337352988583	2.2020588082325783
3.0965994627700506	-1.905534477172527	8.59351885826711	9.332097086336672
-0.10733845328321928	-0.09888264539022326	0.36150857437445905	0.4140864104976842
0.3163972980126748	-1.2258123066158795	6.587638035357696	6.709633203911529
-0.40593072218726733	0.24434105801063963	2.2053315994477862	2.259966714858466
-0.5811754429086807	0.5944255300652865	0.7854785317469195	1.1521991646277105
-0.7814997415720661	-0.12883523942817685	0.05426439840376385	0.9348823093469276
-0.994896280915952	0.599371014436334	1.6090855159185182	1.9893969450980857
-0.40580502237939775	0.4511874187756095	2.517932765693684	2.636655676800364
0.07088623398254307	0.19428232157294587	1.1556858145076254	1.1823112810923175
-3.013177549751882	1.7055901253291328	30.474199439941042	30.670581799374983
-0.4697677442083986	1.1947166755251029	7.736379813283408	7.843410104575396
0.04970725072537691	-0.08652770811938737	0.34449239958981953	0.3848540675661638
-0.09218090806515762	0.11911655973235225	0.1152876841518268	0.2354933324561005
0.07500317733425362	0.05681991225493575	-0.5264996951969262	0.5527528317262141
0.20028757224279325	0.007792809328817152	-67.24781881653455	67.25468090182147
0.8053620069251491	-0.6928622496823389	-135.49221186021842	135.49962542910018
-0.012459873892700445	-0.060586837680686956	0.08283227967327818	0.10337891425934052
-0.16818583659772338	-0.0437130060083272	0.0637688844536381	0.18510476263678793
-0.9089372792100405	0.24642000672925243	1.098230771889657	1.446720645314619
-0.1608906510254199	0.06226903389664088	0.12598833406717427	0.2136265304001972
0.038474736392326805	0.003041380170474728	0.04539984311585551	0.059587759554665984
0.6586198661956846	0.6138526502064274	1.5293056236302462	1.7746466957623346
0.6776252967973931	0.14089175630710915	0.6099911450491177	0.9225593351613709
0.22658032695866456	-0.030966565034670306	0.19903284118724335	0.3031693331882501
0.1308800591296664	-0.038376327425364364	0.1328848105026126	0.19042243892661126
0.23360234738342317	0.10883466744012804	0.3051040502067906	0.3993789215675216
0.2436355037146077	0.09200637264194075	0.2664703607419503	0.37259882505309033
0.04240739911666387	0.08767077655856331	0.16658164055075697	0.1929611244028267
0.13511610963956308	0.2033393813174887	0.07455515567682004	0.25526797354291125
0.2143268739867874	0.10035835641541382	0.0345639579730188	0.23917039073872035
0.2736848240768126	0.39921200024376985	-1.718589026853768	1.7908940873738928
-0.2584852973960038	-0.0037746173968662305	0.028761272199053108	0.2951878933576058
-0.2097991775192705	0.16692159367179032	0.3143546747211683	0.43609306316512775
-0.3648995718188667	0.1557877925495217	4.081679043075396	4.130526030289838
0.22224649453592482	0.266409479249856	-41.42253190633828	41.42421993027123
-0.10544304109628816	0.4610416281763784	-85.9884278463561	85.98984173081561
-0.032825042455491005	0.14676364489935687	5.336330735102129	5.338449472016382
-0.16730596807799436	0.12754283894278462	5.394618914106699	5.398719449198843
0.07256773520473286	-0.016589559642940285	0.38810922384230123	0.39518357672525356
-0.044484534532032216	0.01073257698642404	0.7257240551411033	0.7271653637459282
-0.1411705765105688	0.4972438129465758	1.1191073035780514	1.232713145102182
-0.0029935158992716714	-0.005603088672697605	0.055447519182433055	0.05581024210303691
-0.12039189232557544	0.40531860771051564	0.976645528703978	1.0642433322467175
0.02478256071428621	0.28695193700956273	0.7439735506907129	0.7977795645392557
0.04199182216870148	-0.26278752662407534	1.11007701701595	1.477647513409499
-0.03938186677510874	-0.0758832296609203	0.3848151983651166	0.4181766585633975
0.15637790094416762	-0.19734331435598088	0.36505970505489915	0.44347155475799943
0.09047532166729631	-0.011114238026486395	0.0696156935096589	0.11469810329966616
0.1378092760936777	-0.2458010520638194	-0.35825829347148486	1.0431247056389015
0.13445600011707257	-0.05131662806972727	-0.01769093511766661	0.20125746289086135
-0.2643700086179349	0.14787034914401218	-0.2530021954729267	0.394673602520792
-0.8480765066918062	0.4222042412596748	-0.5078304903684268	1.074886965912264
-3.3188689939363347	1.7272773205796976	-0.4749851654788523	3.7740520708418863
-6.196159318717684	3.519953876760759	-1.398988561271242	7.263546955649345
0.893621289680753	1.1895381806957779	-18.78169387712662	18.841047337441182
0.23603619138367776	-0.05175939489491406	-1.039588319204153	1.076390160178231
-0.2301153703315851	0.2625276516537912	-2.765744084637744	2.791181466360504
0.7610404716885346	0.3704808273703919	-7.182558874657088	7.233607012812644
0.3869184203156857	-0.102075416463197	-3.44662471134908	3.4697762399768446
-0.03439713938226481	0.23753719310524074	-1.151796034359528	1.1765377962786978
0.5113939815066668	0.2066807605928027	-9.47878606194085	9.495846762351663
-0.18737934895958325	0.23507117046982184	-2.9828921829972788	3.0012489126843245
0.0952916928781663	0.2122049734220695	-0.33928997931327953	0.4113747045444744
-0.043122901413081144	0.09962222998900708	-0.1125228541388537	0.15635077882063353
0.6299801496608356	-0.15507987370990178	-0.10883470957454991	0.6578523772129615
0.02594754105855894	0.0011356162070871104	0.022916313657413222	0.03463700250888269
0.3666952118653042	0.3549118708463594	-0.2730848420563255	0.5953846910473357
0.5992029313326442	-0.14797701850722916	0.7039319884147782	0.9465418005230969
-0.145894446762039	0.17966785617296852	0.015722054585524087	0.27072623817831576
1.3439052168598409	-0.8368602946101675	1.7965264773463336	2.398625346590113
0.6733988575478299	-0.6306079080266684	1.0811765686064159	1.4281298653890115
1.0807849185876919	-1.080386311393963	4.3262985541720225	4.590388827411571
2.9816060566833515	-2.073652770188726	9.11678670223066	9.858304157177948
0.9368782038289896	-0.565299645170973	2.6415065914713844	2.862575992934866
4.154740088039148	-3.7493943150428275	14.005806477961755	15.083166703708164
0.8272270943298141	-1.1191831861532036	4.2241029561046	4.449651810921053
1.19033994373443	-0.5163897834446761	3.3790267315101548	3.622274013276181
0.2690508847713228	-0.17167974601829816	1.3491065083272138	1.3863443600346868
0.37226767578234626	-0.1177572076352187	1.2361772899717614	1.2963735089179982
-0.6959088594452469	0.44357627208705724	1.185548202755524	1.451224784714584
0.029201562483796767	0.03580825561138193	0.5740585949936385	0.5925858737832815
-0.2830980123752441	-0.4697204950820928	0.8509500345156612	1.0219479312827953
-0.11751517966233771	0.19657629360200374	0.6300455149641813	0.6703800471253996
-0.2724120469353244	0.19400896442632543	0.0063812356692119765	0.3344974166745306
-0.22390273714750641	0.27105997500837486	0.11207010117364516	0.3945192495059742
-0.10522535937431898	0.12484727372735455	-0.03536428923958573	0.21769160724756625
-0.3851621706751607	0.21975618952045722	0.17314520883469448	0.49608641262804487
0.07113656782932398	0.5401973899094831	0.6912474577684141	1.0110946500297833
-0.051770994726898605	-0.022938953820075603	-0.03229634304103779	0.15404307894610672
-0.3088621488515785	1.8033297025044666	9.779558992168525	9.94922951409969
-0.1232310693548883	0.4015709512601355	2.0579575112152804	2.1003890695101495
0.08425543678483832	0.9442559533345642	6.677404758718568	6.809317380523025
0.02195086130838564	1.537483614936292	13.560295193577792	13.679500547475362
-0.10052511106207762	0.5805398587684378	3.1832860041286914	3.240358220097669
-0.042884628147729434	0.36316367141324435	4.646992315169019	4.663447684461103
0.14694199434635308	0.18806215812445165	5.12294776912169	5.130402806317434
-0.9627815015223358	0.9274058005789234	5.596973685914116	5.754402156561191
-0.24931168925306943	0.2088695924601316	1.6579219940547283	1.6895230579731924
0.05460206251613707	-0.04436002092245597	-0.6053667800772766	0.6252182978835368
0.01926629651295919	0.04919778830574319	-0.3924677825983425	0.41988374323515054
-0.5248524193219539	-0.009364261554273196	-0.22382460002040772	0.5874819043484324
0.07714710301275701	-0.20240707282529258	-1.7837514639372007	1.8022678404252432
0.5178407874954175	-0.21328141956360935	-1.1299482711648443	1.3543083411961114
-0.18756059434939376	0.5075372960341644	-103.15333023136127	103.15593066249794
-0.1435219119956358	0.27968181957939453	-16.36057949714888	16.36419450284231
0.012292160906221525	0.2756838317164219	-25.91619056805658	25.917659736791713
0.06875717730389065	0.21574282453190013	-33.93075900512173	33.931514542964585
-0.33788463460298435	-0.1378843282199215	-5.075155077370752	5.088258756552341
-0.05924191895867948	-0.03567686131729296	-0.42433300381981137	0.42993132187141714
0.1274954497998827	-0.2725608303925211	-1.0592486736468936	1.1099693840402256
-0.02362756108520781	0.08256311119516926	0.17996489596713294	0.24339695489780067
0.5555944723558447	-0.28116221958144516	-0.09913617017524935	0.6457903503222621
-0.3137172204672651	0.028570610819647096	-0.25147129262373347	0.42655875343751376
-0.13175615796911092	0.2695251809757081	0.8648434292380204	0.9259791846142913
0.48383739991434815	-0.14116084738351448	1.1818758043571322	1.292414490871534
0.5944390500807789	0.034836603172844455	4.169302463625061	4.240904398647955
0.05724839438816627	0.20779447710078938	1.765947833768296	1.784518831468178
-0.3576912417984931	-0.20623215619209972	3.739649244417202	3.7649609536988744
0.3108340604606716	0.14906371631374554	30.06132496604612	30.06362546839271
0.04896234967448242	-0.3732561762387695	10.161016650653583	10.168945699754
-0.2817585661807297	0.18677704295744962	36.384695741941535	36.38626605997174
-0.07370623563472184	-0.3196426810464801	33.02944919553658	33.03107806616748
-0.01123169424061114	0.0008640781932415065	0.19421310090639068	0.19453952336302946
-0.07527790930548289	-0.23724631023185283	29.23880706922301	29.239866473816072
0.050759498308772924	-0.3899993919430851	180.63760850239925	180.63803664100885
-0.07668616321060293	-0.3601249311907893	151.6879234074444	151.6883702806396
-0.42397575931592774	-0.7177295071313314	9.818710845983022	9.854033375573634
-0.234667130529404	-0.24067582194804557	3.6177811539379765	3.6333640047771243
0.019947769542365948	-0.06895583905493609	0.5939749939425245	0.5982968449511564
-0.06005843527099962	-0.3442097713808705	5.888796970470827	5.899153934403448
-0.03887719048326406	0.03337469873146219	-0.13453676380329194	0.14396335391324624
0.03140883267302251	0.12865696019580564	-1.1791393268759882	1.1865532775068575
-0.25389413551491663	-0.04341776953838065	-0.7977644604720442	0.83831704572483
-0.04054251642499195	-0.0771217570715364	-0.3207938976152556	0.3324156822399614
-0.13492010891990439	0.04393920004421802	-4.443701634482959	4.44596652094885
-0.005196323310392308	0.07949339387902941	-1.3870971841667143	1.3893828845100913
0.02262293251777764	-0.01413789158134398	-0.4873111232444388	0.4880407850700869
-0.12007421794157866	-0.28225336300313975	-11.494029931625606	11.498121970471797
0.5017785809013295	-0.2115798434760403	-0.21768894026030372	0.5864607822594379
0.059099067768621324	-0.05291827301948421	-0.08630932454985951	0.1172277396128482
0.06019690022284911	0.008460626238027956	0.04182167763822585	0.07378551154024036
0.04397485206892318	0.07861944050863788	0.3632295017041856	0.3742331825862666
-0.14858309956367347	-0.039335902245017054	0.49443293689083023	0.5177723242544637
-0.05317215026582819	-0.1253929352808429	0.31512429557222343	0.3432986854651899
0.2929144211290866	0.1284356364206431	1.0180694284545155	1.0671269521298141
0.01915375319272359	-0.02456526978205068	0.17636888186056354	0.1790985796414312
0.6851923184757261	-0.5029466791378657	2.575204526496361	2.711848489248856
0.7436946859408481	-0.5082451055434626	2.326200862766974	2.494515048490058
-0.4509683637218173	-0.10022238841906192	0.28911685694320294	0.5449821549253437
-0.3528924945875389	-0.06702889663800674	0.37871839103802823	0.5219708856163894
-0.12128390913991156	0.058786320062686206	0.1646742276063565	0.21279854153757963
-0.06532134537530379	-0.06730412052744222	0.15769323665508544	0.1834771911938074
-0.09108867667675749	0.0004611088853701331	0.13900807327229345	0.16619447666815623
-0.12548639873164683	-0.12281654367844216	0.08684622099344141	0.19589029013352913
0.005265918472255847	0.02342973949231284	-0.011451032492649674	0.026604675062511265
-0.23348924447487218	0.03540994387150712	0.13202407550148929	0.27055766099383116
-0.24763942617194193	-0.2155293684455183	0.3428177001425755	0.47466005687053286
0.01335548899335666	0.004849341358757253	0.011017193978937002	0.0179795372864529
0.17435953561806117	-0.09266342734381564	0.2111536489264871	0.28909102698461375
0.05258814884091439	-0.011069566049783076	0.22413224446532803	0.23048494896654362
-0.24461338825468884	-0.015182103508512672	0.28369727233026176	0.3749004511973987
-0.15355148731674545	0.07500440260912904	0.32652454672042386	0.36854036316109967
0.009650657090503147	0.058066902412698254	0.08041139243366985	0.09965386280122791
0.11076174568155112	-0.051421402312563314	0.15946826126677535	0.20085430359756704
-0.3138829967861775	-0.0006824030798537398	1.2011592225992527	1.2414936485462484
-0.09216663769576437	0.07731076837074147	0.4108735091979544	0.4281222775923466
-0.14840955221597862	0.01236596817565648	1.4015287173196112	1.4094186950049385
-0.1302274665505475	-0.07824414954060806	0.745950295491244	0.7612642007378132
-0.025114129441727136	-0.006891865895348813	0.015188189802638807	0.03014794226172455
0.10768100243954826	-0.12225790005280857	0.42353563596047283	0.45378918821425285
-1.2593531256905375	0.2967952033343287	10.591149540406262	10.669887828611722
-0.6406482253176353	0.233498495154965	6.062094461264872	6.100323020393306
0.10720088824578489	-0.14645402477057745	-0.21023474661259123	0.2777399152002583
-0.03815991243074161	-0.03948458492291904	-0.10406176760509123	0.117660795681285
0.022902851936621515	-0.04346670949067925	-0.565758705578878	0.5678880245251395
0.11806970716859168	0.08325244744878392	-0.9570586877376075	0.9679012126922463
-0.438286592819604	0.0632077989775951	-1.5820084242825136	1.6487330901931487
0.05633751991523542	-0.03255799826503233	-0.7995861970015339	0.8142799338904284
-0.024312821551177154	-0.06370994004736412	0.9261252266932876	0.9286323305110112
-0.03952751759759941	0.007186776243374384	0.07442944898729162	0.0845802416451544
2.1666120017421684	-1.6810318935244102	5.428158255619804	6.0815275910903255
0.09033201462637772	-0.1082704184229314	0.2881117771972015	0.3207658843014116
0.1375370175280718	-0.10905519284269788	0.2599313195801546	0.31364591050284024
0.13982144270346736	-0.0248343423338611	0.45040611105328054	0.4722631102182072
-0.5377578214302922	0.4673703581285362	2.213100972628619	2.3291445266699076
0.007180387231020172	0.19803283841249184	0.45994481620860816	0.5199015117382
