0.7178050878103198	0.15293194494912626	72.11814877277625	72.12201809795025
0.15687620075754266	-0.22813929261016722	69.4588422085263	69.45953425133983
-0.6551773573643832	0.014562600841437193	23.468460709770916	23.478023709629127
-1.080972514066962	-0.2786885169157567	7.328067832327953	7.413921149144267
0.0015915370197146228	0.02579833997684633	0.7229738668932719	0.8758306011702588
-0.5345447395688826	-0.22644744696439012	-0.5731340862240969	0.8276345754796529
0.26542041859315757	-0.20938285384061242	-0.4778094454444842	0.6017232163915333
0.377237351972184	-1.0938814933844605	-4.461303812977954	4.611029845694302
0.234474622945871	-0.2806274268492747	0.226437231511877	0.4521987463720093
0.010237682397862657	0.3891161056910538	-0.9384541040724146	1.1295716894909367
-0.01489934344017313	0.32022790499953	-1.222113951377516	1.573747439911151
-0.29187188456722174	0.3070289364142104	0.16734642013863826	0.4763828019877298
-0.13138963288489697	-0.4209291266441591	6.761626647439711	6.840642519351076
-0.0826449475352546	-0.5747288046945207	7.667611827666641	7.7465970024890325
-0.11155216799251241	0.15935821423929974	2.153085830368879	2.166355765903794
0.38298943506340033	-0.4732046951527065	3.071451655873928	3.1343099160988284
-0.8123541074492063	-0.7334672618794733	6.156258481067592	6.254349821584593
-0.4527749453331576	-0.2561267770889645	23.94101408174756	23.947071660735435
-0.14664566555385822	-0.2320410137409896	24.67519288169569	24.681657393185116
-0.619633306739636	0.6682988684367743	43.91172875244045	43.92395941604856
-0.1904424246155928	-0.22790628732376458	573.9008143598384	573.9016581985729
0.30187010213861315	-0.4603321120132716	367.55191791311637	367.5523566413458
-0.44877307023398816	0.3319337661165203	62.3640939508087	62.3667481225681
0.611007522784212	-0.04629705312074023	69.40031485373896	69.40316026805284
-0.008048165261621481	-0.668925068159268	30.420801026242806	30.428475814324504
-0.5354738994826257	-1.0388956089465036	23.55270086063681	23.582095623562754
-0.8082366102974715	-2.5361068942990888	26.824335102756685	26.972400503021994
-2.1151736803418055	-3.5857314425092808	39.911604247172164	40.13910728767647
-0.1513088151072287	-0.3547426669508853	-829.3386669780267	829.3387683940701
-0.09842151206216462	0.07153233419954914	40.281411581744344	40.28159533442985
-0.08837588157198153	0.05442612599270532	11.02740135090714	11.027889782439015
0.026361752695614894	-0.03495899962750998	1.9339145166685427	1.934410099084852
0.3042435223764924	-0.05934669325049986	33.08410863308576	33.08556075082795
0.7684086325314623	-0.44589125800137597	81.29969106054249	81.30466479338722
-0.07708130599020621	-0.1710269259066311	2.3570243273185767	2.368593507039529
0.16947821724839576	-0.11762329661736533	2.248060731909021	2.2618167355646115
-0.04201354285500028	0.08027833210303084	0.4695993796636001	0.47826072990463214
-0.04345458310313202	-0.17504893780853914	12.303644740699163	12.305758169314672
-0.5335883828286379	0.4373377120344222	16.44859046607697	16.463644461123287
-0.3324201211167007	-0.03240923644689767	2.1061878373871097	2.1370681989088944
-0.1313209128524334	-0.042814381240216394	2.2630817695245042	2.2715847186155185
0.026473300893231858	-0.12410381468056614	0.29991863765261123	0.3256589960216818
0.040902605791830554	0.009104634111133297	0.3172171113281877	0.31997283203775123
0.06707178642970824	-0.0236442674927363	1.1140253708935508	1.116293063184867
-0.008158013572105102	0.08638907303482209	0.9716719389943625	0.9755388163237398
-0.2762726512373535	0.4841725674897124	3.098089856928793	3.186319249060954
-0.11305171856409058	0.07854491669408548	0.2693914198106946	0.30252558912660116
0.3529154030822453	-0.37343908274130344	-2.0433286388622465	2.3069438097938164
0.31543406277462505	-0.26532310056720354	-0.6513742110693292	0.7833665447281314
0.799545122607899	-0.6727109503560584	-2.6509122237501512	2.85282804051401
0.275879646661917	-0.16075840649122036	-0.513619005901672	0.6206747238476223
0.09555103890605161	-0.01738339869034293	0.05154011588878382	0.17767484918210125
0.263745540706088	-0.31218702873070797	-0.9347331559994085	1.0201708308291653
0.0526710495041463	-0.07701092657594416	-0.4315685334482241	0.4415385841923723
1.0855225361548422	-1.1843997474080243	-1.311090249870018	2.1325419793205613
0.2950707840499175	-0.02189720060643482	-0.001871695828574882	0.32715369956567236
-0.4403172648477067	-0.10610168293690042	-0.06947599540262814	0.676446218765538
-0.15150711102939257	-0.24553750080599418	-0.0504955921853166	0.3244574836934296
-0.17606988903312715	-0.04049716621159066	-0.16635794897054235	0.28248075754109775
-0.05695498320832931	0.7749437152823152	-1.014098552368102	1.2851681955226322
-0.15826899525054697	0.1592433512236665	-1.2598506451669038	1.2796996397178617
-0.28503325961255704	0.11069301393236478	-1.257611758169732	1.2942504536238546
0.07700020414629449	0.603497943017852	-2.995280175845885	3.197598147888616
-0.0527097088808151	0.17290585114842164	-0.2063692836035302	0.3078032048025081
0.01562003557691571	0.11742487163663329	-0.22657223277902516	0.25567080916048407
-0.03242424327855575	0.07524018001106147	-0.7531502289961145	0.7703424359187176
0.4135359847661033	1.1990464948454642	-3.131704525024084	3.3816826469161754
0.048314731148995864	0.38282102243866667	-0.816572798812211	0.9031485947655532
-0.03986098551990883	0.035954125451883354	-0.13386512709656784	0.14422714569805653
0.5023853593758736	0.20918006852937773	-0.020056543529224008	0.5621649226192615
0.17837042161856959	0.02607542581782154	-0.1653412945391582	0.2816264613275032
0.037344734098682525	0.32183645098892105	0.8509213433480565	1.308370072959217
0.05637946639575016	-0.32073150464655403	1.5508423975516816	1.5846638395406638
-0.06520102804063128	-0.9192114782022383	4.5380202047011435	4.6306401602793645
-0.4646469636875146	-0.7704627455106255	10.720724103734135	10.759317577633347
0.3468791562174752	0.015495566253029058	7.441333679402104	7.4507376799009455
-0.47562715382394066	-0.5629765879781964	6.79159771919834	6.895601061574423
-0.144795329765526	-0.2040604731690986	16.1158215467899	16.145126270088735
0.274297642965713	-0.11672124932882841	131.27791243280615	131.2816038382964
0.06730252965823798	-0.14154193051634711	25.589214610181482	25.59007518354368
0.5596323996782242	0.43325899188696027	1586.6471863857169	1586.6476224288974
-0.13094379911440898	-0.04442735347451145	283.475553435231	283.4756215184361
0.066447434639382	-0.4052907320773853	342.1434781465018	342.1437531123574
-0.04297919033179758	0.004997085783299656	7.924332641050576	7.925679767224238
0.37136128628489	0.16930643801739206	318.1671055469534	318.16739793037556
-0.27000263090557086	-0.09162917499581676	69.2331177373916	69.23384554356947
0.21730180915621344	-0.2112004345562114	9.042960937149271	9.049113105466573
-0.9354949034116629	-0.5453730782845175	17.450933300262903	17.491577152193898
-0.5864090156108299	-1.0715220728454113	8.613016244160985	8.700319746610786
-1.5635613518205658	-2.745417451325862	34.8910757905463	35.03382952097298
-0.07133495999870788	0.005658549661030986	0.5191845460191227	0.5240928243425662
-0.2640088968065092	-0.2807990220362552	4.120635549468707	4.140974028512467
-0.729635607641125	-1.381290950133795	16.180868347118295	16.256700558862924
-0.5116634884464893	0.43388886204490373	-3502.2471173147223	3502.2473072512953
-0.1868370200693616	0.22913297539954885	-1623.01214456109	1623.0121774905347
-0.006017676652844181	0.08201331838233245	19.430060610864818	19.43023462901837
0.06962712645740841	0.3171538172138213	36.025076701532626	36.0265400202659
-0.22698142322189882	-0.060288185825020914	1.175707880139033	1.198934631770611
-0.25352001629539533	0.053506029957371984	1.7410902006485662	1.760264292854537
-0.18804720616619622	0.8530515358518201	2.331508824393063	2.489777514716683
-0.27741988827740455	0.7933547809024352	2.5017376438268717	2.6391409286608827
-0.35852853132070595	1.6277322085476922	4.628777811409793	4.919719390159782
0.0017865965473946172	0.1938340113868765	0.5823719941984061	0.6137849424058714
-0.029686027971248065	0.4697968010865898	1.0699726657869102	1.168944737829402
-0.18593540398392325	0.5977987341893982	1.539309770509567	1.6617490396083665
-0.13243196512431124	0.38220531993143336	0.821317053848732	0.9155221651676911
-0.19642854273995947	0.22603030576432537	0.6639472552850791	0.7283541922220593
-0.45806946787836156	0.6256863949625867	2.6603355475729527	2.9255848852535338
0.024023602625676807	0.06746072565075922	0.5055326083567303	0.5293118986008182
0.1912832170843905	0.03727210856578006	-0.13379421741688635	0.23638818039252824
0.10688670585474674	-0.01263304966557338	0.022946776464588745	0.11004960873373343
0.48962174286952015	-0.2923752328302323	-0.5096376748951552	0.7648158520426069
0.07016983791521794	-0.11622024314616483	-0.11668271015455496	0.17901342385143493
-0.21229133837983247	-0.1327151399459022	-0.4079753853995305	0.6904640091372297
0.03726385856526101	-0.08312676580076528	-0.030434166653806327	0.09604630574664867
0.11957309932691775	-0.29668997592452856	-0.42657929776435	0.5331909275089632
-0.6139725177114188	0.4215445809515861	-0.5798975398154996	0.9438978985666912
-0.15385027619835817	0.12644045935442477	-0.2509778993960019	0.32038571009534533
0.27847643945850115	0.5263397698548241	-3.6311662248167975	3.797728612975734
0.6122990382034492	0.6485599357959844	-1.8065542994721269	2.0147403156351906
0.1351834605340297	0.1403638035083818	-0.2710734903745914	0.333852366355488
0.22601988218362648	0.030720029704984872	-0.7725974922194121	0.8055653867632969
-0.0002178344731222498	-0.009914202744790754	-0.2609899825718955	0.26117831049074663
-0.0730943668607199	-0.010757420599409456	-0.0676182403361057	0.10015355705552076
0.034217920990371964	-0.09530557842997225	-0.06671064460505813	0.1212614097740798
-0.270258728724692	-0.07250568816764515	-0.04992839257049578	0.284235289246821
-0.07289868983253187	-0.03203321516801294	-0.09879654381173616	0.12689012145334333
-0.2380673094194958	-0.829548762331857	3.912611231749761	4.006663679885664
-0.17354100398031108	-0.5733408482897445	3.2861080533313367	3.340260820138027
0.028662649731415333	-1.3667280239940764	8.115353302632915	8.229685672345898
0.012206062866160883	-0.11146210143409399	0.9307346781663605	0.9374645748870917
-0.010734717032363995	-0.010340218071833569	0.010157276665600012	0.018036754940940366
-0.3723357338842939	-0.21422666231559534	1.8307098202983123	1.88043223959565
0.03511562681964251	-0.06896386928084329	2.0083443735422812	2.0098348800963874
0.022574257037543153	0.06490089980457978	2.1827305750311328	2.1838119165926306
0.2153120040794941	0.24066023127920044	751.8778797293214	751.877949073429
-0.001853758054272056	0.06887801029816527	268.96194763588954	268.96195646170423
0.18667957785380684	-0.05175952162870688	11.687444327612884	11.689049714323122
0.14018603544844394	-0.0030396830756969292	18.124623962022778	18.125166347621153
-0.022531945744813105	-0.7853859542132198	8.756946441850918	8.792124303665178
0.07151962639445902	-0.2705155233829494	3.218275292676164	3.2304163144710314
-0.2430570530409781	-0.6352147442368545	7.873695013587946	7.904247431237748
-0.45011167484935277	-0.7889899610626911	6.390229007450438	6.455974924909049
0.010634064911643835	-0.032652707416455484	1.3832802880232347	1.383706485448346
-0.20863485815451516	-0.30020926040990575	6.671186007452733	6.681195764988943
-0.10816323181380186	-0.2501653699187653	1.533372330651554	1.5574057600480284
-0.005484979487896981	-0.268204320834082	2.078093816699575	2.0953370978720964
-0.012260332334547847	-0.5109719063455967	2.285039917803449	2.3456619141893844
-0.2966286760501493	0.47969243027115294	9.47132869517906	9.489132754690335
1.201440246207583	0.10515912776914824	23.748145414242153	23.77915910010804
-0.10151120845884909	0.3088688709208768	22.49651377705903	22.499295909231765
0.08067518198273871	-0.1515775332053905	12.583205579701012	12.5851510392001
-0.4637644626219266	0.5289994913131049	-4.815820070683729	4.8689342444420785
0.12140500715134457	0.06713998898439648	-29.423901320898892	29.428369574923416
-0.2631188766637329	-0.26926793072945193	-6.817170277777533	6.828984341971326
0.8002400021721666	0.3918995940011224	-27.3518551372503	27.36672118809414
-0.1458434533767598	-0.06928211506537728	-13.537606057455386	13.539288307592598
0.4813325369208681	0.49986291739800515	-4.751315892095724	4.803751288177786
-0.28118360781427054	0.10050106346341617	0.1661973446696097	0.36914228603067967
0.29928432092256096	-0.004076148240749622	-0.1617815379732832	0.36775096283158787
-0.09682650953365395	0.3530208475886193	1.3510125344725266	1.4066676028765774
0.12322740269609617	0.10930899749456104	-0.36490291485452153	0.40035932233160004
-0.01797904736175778	0.10476004910294646	-0.327544485710939	0.34435926610406714
0.43658589616824983	-0.8771126891966179	7.516011786145866	7.579602039933647
1.4043548963382209	-3.4085862442010297	28.29449919262214	28.533653068268713
-0.021806775081611898	-0.24757811519183603	2.0143633503444143	2.034431112294584
0.1751293182855005	0.08388052305608318	4.544095963554203	4.550383954257148
0.1466614019883918	0.3223830079278062	6.047144812536363	6.059115491498673
-0.09504667310651348	0.3405113265824892	5.076414629585138	5.090623450027077
0.679718152158009	0.03287247074054393	13.151104354111922	13.168699370038304
0.044610118156214976	0.03960331250040223	1.0610486592485813	1.0627242080126562
0.320789217284729	0.6078260124215403	13.298188950391877	13.315937351295517
0.40642320541211474	0.9760665318744807	17.96965198312395	18.000729932175908
-0.3225390269936186	0.17474816045070177	3.7241870163856152	3.7448120195051295
0.2174128072206237	0.38516748448471627	6.2003421122663305	6.2359827085304795
-0.008313517011331754	0.08779032930064619	-0.037558944837698977	0.09584847844976421
0.09556458380708976	0.014842358007507925	-0.10127744713929769	0.14003573318442178
-0.07287302684880088	-0.11784117463444227	-1.0532557563715437	1.0714590490126648
0.09621714221749587	0.1201774551128009	-2.1300558977964403	2.1401678139368627
-0.012063009466199377	-0.2638974649598924	-0.8090597303935432	0.8624643879338512
-0.16923407957686062	0.16179519273557302	-1.2727214781327112	1.3015827303259992
0.1918607082394801	-0.5390879517021422	-4.880632799446121	4.916043394739907
-0.6006102238508532	0.8636138855527274	-7.358727665610146	7.450171149244143
-0.013691904220941839	0.004015457889512286	-0.14051756418153338	0.14124014297206433
-0.36391690530380855	0.6671999562010092	-20.451571512386824	20.46568759220644
-0.0030574706906113247	-0.053609460677692934	-24.46437595235076	24.464833002603136
-0.08144911057889773	-0.06641174173223775	-4.886455051278915	4.889577408132858
0.05030203846959032	0.4470818246233462	-17.867143321504045	17.873351748036775
0.12615579632397497	-0.09576366233020892	-39.726185380208804	39.72674628775411
0.033614260436681836	0.044318375447545674	-2.6254384030666684	2.626027578911591
-0.09508230239728083	0.14218914148255077	-27.58087923976542	27.58176277578371
-0.39502238153917	-0.06899605414305006	-2.8277296921201582	2.85602141958042
-0.029985830325413486	0.006494300896752035	-0.6520013667952201	0.6527228418458154
0.13159559428932466	-0.22437856828938207	-4.744363334771717	4.753538301052192
0.17400359780363087	0.021396520784355184	-1.9855255435265098	1.9981307594966167
-0.229625604311365	-0.3097806798270213	0.31982764012093623	0.520059123595364
-7.664948709616703e-05	-0.05303981869447652	0.12236143301890037	0.13336247048073768
-0.26823096083799824	-0.15837561538835057	1.0403373124536233	1.0859707213295124
0.17189501416322608	0.0810196772283844	0.889397130454451	0.9201190817241967
0.02202460345943959	-0.264769855767017	2.2991028829866	2.318607774320126
0.049934182901847195	0.09813733650830835	2.690523235396193	2.692775452882364
0.05922907732774434	0.16022030574455237	10.71094073130094	10.712302739346732
0.06508895220943105	-0.12221843490746119	3.2255542586766355	3.228525080156251
-0.05569702179954675	-0.2721612649463692	5.734806621693185	5.741531233093705
0.13617067200763494	-0.2712637232415811	17.40596864391237	17.4091743249708
-0.4834579081988678	0.1684159505429353	18.491062202475415	18.4986744563526
0.21672192710764598	-0.4707199332029747	52.02070319418433	52.03176816380087
0.07331160930022453	-0.016738793317250512	2.4934148482396683	2.4984499533874907
-0.13699550835215016	-0.4411281140374872	113.09297346834319	113.09781961416661
-0.2388093403627114	-0.019488481051527104	21.34799920758513	21.349799990957603
-0.1025206710847821	0.08022387904126835	6.973949386301579	6.9751642562354235
-0.2950042132302734	-0.011392578514387082	16.14469226588866	16.14739129509513
0.19421389209301165	0.24820488832406534	8.722166772895816	8.727858724605802
0.11398842822673518	0.3768278101439607	9.794711023112685	9.802619883814355
0.012621125640361837	-0.012658019012150377	3.0042641162947654	3.0043172932821367
-0.0704246007848358	-0.07457140977743977	1.7404324585088151	1.7434522253801328
0.023206288172627224	0.2809688810126484	-0.11727769175912853	0.335731865917729
-0.09490436219243754	0.37265544588464383	-0.7944152059222284	0.8935626579099493
-0.08049000059236068	0.00865291745414934	-1.030801121045991	1.0339750791607596
-0.293447826535296	0.2400371513773774	-2.8843417514607252	2.9091505289618786
-0.027441046150269974	0.20720221805107786	-1.6737673353921931	1.6867669854502694
-0.23374072617555786	0.3956652094617181	-4.383928917040579	4.4079494591834925
0.13297744157394004	0.017270482166260783	-7.301008391770572	7.302239711638213
0.19202453742494757	-0.04405967120661798	-5.141569189860856	5.145342399853147
-0.5450847545995893	-0.009428256485006052	-14.774346101378413	14.785059647831416
0.27035473476325783	-0.12353566296715507	-16.197864636800542	16.201192898044493
0.056996027552587536	0.0528207168192539	-4.294605884819085	4.295308869127437
0.795988267649292	0.1643794836819858	-45.11000822669413	45.11732993151638
-0.0533939311600842	0.0432699752383744	-0.6467971484950542	0.6504381246077064
-0.022905160342979604	0.05601767757070458	-0.08616426465992436	0.10529438292301495
0.20742512998268947	-0.32365727376405684	-0.10614064648443045	0.3988045288670253
0.007499274243170179	-0.11719671705576318	-0.0834491614482461	0.14406620752014787
-0.1510066155664141	-0.03795225364578014	1.07029323610773	1.0815595142014023
-0.05010894717628893	-0.025999004964907913	0.09628904814977521	0.11161736262728639
0.8777747450287162	-0.688054190797234	13.619220425123013	13.665524206757375
0.19054123371561676	-0.3183744803316285	3.0673591281187695	3.0928692305407677
-0.5354287014007426	0.01342035054785684	0.8600291873041929	1.1270466474408347
3.747096547913515	-10.59343652406404	67.65391285773008	68.58085034960556
0.06503503906792285	0.004739753553345001	1.0555162718306468	1.057528544139392
0.03729259706086362	-0.13432454132928207	1.2101783863211781	1.2181812455122587
-0.35417153402332513	-0.20282332415109233	3.2643034824610493	3.28971913724249
0.0034553330380412616	-0.0006377225696674875	0.0013312044923626948	0.0037574089317152534
-0.2973552020753816	0.527869057743985	0.7458850133275987	0.9609424079680982
-0.4937047359899763	0.5722369425942923	0.9073062682142827	1.180848910381648
-0.4946518245108698	0.769596940838772	1.1607815882586041	1.4845381636658914
-1.103458270095524	2.1648818682739037	3.1756666810874687	4.001083892108788
-1.2294602063278375	1.7761578637334847	3.442787987408999	4.094717816186322
0.24608122310799657	-0.07098242342922279	1.6341131675635165	1.6599397886991814
-0.5075063831035784	-0.21867674636442463	0.6931050175879377	0.8973609076603365
0.04483633475097182	0.010898019994546468	0.48214850717342983	0.4843513670087755
0.3287364650918101	0.4275879352492029	3.2922564998331407	3.336143277280713
0.42930219247583046	-1.4310570415752568	7.446767198046038	7.595167301027748
0.3534143907631795	-0.8176933796214246	4.388711022706373	4.478203728672874
-0.03467095020021682	-0.23784594238039675	1.8743984659001907	1.8948937070357255
0.11953830156866656	-0.005654448285989128	0.9552552667095333	0.9727866095931021
0.41693958129464065	-2.5331344705346437	13.78196410588473	14.01972265278654
-0.8236241652154765	1.2103114552841463	2.5465232253374195	2.9791956689015597
-0.015033315521401185	-0.051811481519726726	0.2958179804362271	0.30069703647060236
0.3023258555552511	-0.9639006792581352	5.631856284184528	5.72174017656519
0.050948095893062074	-0.1998447707633501	1.2039969870290026	1.2215328017091893
0.7280608344113784	-2.513816636777005	18.343612796570447	18.52936796257346
-0.13292340477948417	-0.010333422631186306	-0.3752969281525873	0.4220224879579435
-1.3868914561189032	0.4045517143366766	-6.0395898025877885	6.211542060475061
-3.1758533970988907	2.944581205356685	-21.43566535709141	21.86924398238112
-2.2186313012690047	1.481912380015894	-10.616279926496263	10.98665465078622
0.10410668251259411	0.6718257038623592	-1.5955774393091942	1.739981358361755
-0.0481125778778847	0.12030224457618904	-2.1025574035787002	2.3065833760009045
1.4044016558035577	-0.6178223548134327	-2.297214939900136	2.7659943488610694
1.2175259216504764	-0.04521008877424748	-0.569733731746397	1.3522165625399996
1.725171210876717	0.3428883196809889	-0.332416129578508	1.795485554025831
2.2267728742205017	-0.33871035778861586	-1.2624584966586967	2.585831274565931
-0.16676420542602638	0.00047540113735760557	0.13855360035585648	0.2578515295459496
-0.05088662088915483	-0.41787603719152916	0.15040379944995608	0.46830643646377046
-2.077690588940486	2.198458348033985	4.295784748091465	5.255783831004415
-1.4862598004507654	1.3900601561582824	3.2940173629972724	3.8744374565609188
-0.6781831315353536	1.0600359207947032	1.454117087746716	1.9280935669855763
-5.404353670050127	3.746824965470705	-32.65523380841493	33.31110191482719
-0.18184595284393654	0.030500163721104034	-0.9119131455187087	0.9303675593670272
-0.30143432634987	-0.12304917702584516	-1.725631080112033	1.7560769851340114
0.11963044778869965	-0.3213046854779169	-1.3093475916985486	1.3606686024653383
0.22334761989569182	-0.04614451995308032	-0.27714675166083735	0.38510204217963384
0.19074477214643226	-0.08859205684040007	-0.06637290777383975	0.26099285128670074
1.210604154663478	0.39666337905278776	-0.645981281320479	1.4351570841850367
1.17595163434619	0.3845535402378769	-0.7706343786112899	1.4642748382829531
0.9050951997592702	-0.0690868138100216	-0.6114234814399933	1.1033081015862687
1.1658555374489512	0.022617892839956657	-0.4466490265935571	1.2486897357766158
0.27818473908288543	-0.030665883068901386	-0.1688971925888546	0.3268843941019596
1.6322232168760447	0.3173080714012107	-0.5501605897195666	1.7569842063223338
1.372845446392488	0.39944703862893494	-0.7799506846441884	1.634645347384855
4.467029616509848	-0.15350247826992922	-1.3235254590537995	4.663594754186377
1.2207087378802992	-0.7463040730498116	0.03883779968822465	1.438084751248227
-0.3608023699676197	-0.21906433273614867	-0.2804162280545721	0.525623989090813
-0.1865807829539135	-0.35703183429613927	-0.1747122495263732	0.46074751687136295
-1.0347362598694028	1.1350257897210216	1.8274069807526259	2.391204451531441
-0.2335995666149605	0.3051181874593221	0.5561591389974938	0.6760021107449248
-2.438100804253336	3.901625597664745	6.95582181365913	8.339692736511926
-1.4363444022604597	2.4083077787577816	3.849424132742412	4.7624676117397255
-3.4508892074774766	5.673466322757315	9.459068656337086	11.557284987532524
-0.31472105067867584	0.24025252302973038	-1.5750395473974257	1.6240443929980273
-3.511704691487124	2.309408036865277	-18.10711569598009	18.58851995583724
0.014515957098306055	-0.03641210138162285	-0.11453967738828022	0.12106152086322372
0.026560048655592954	0.12168763574732613	-0.27147720593137037	0.2986857717044203
0.001047311839237182	0.29669945538630793	-1.2675282179640195	1.3017908614764757
0.020034502336224162	0.4093248030585252	-2.5840035997262665	2.6162994436954397
0.09313805225480981	0.08748597430672668	-0.06158273503279711	0.1418482489575976
0.19675854861574987	-0.020856974748151784	-0.06112144142444087	0.207086384030488
0.05895765294265052	-0.006495087554979444	-0.033562657945546547	0.06815161781808733
3.190422167089814	-0.9809874855775311	-1.023525368538871	3.491236776725466
0.7173657781467075	-0.1005059227847223	-0.28185096926622355	0.7772741273496432
3.095698715868575	-0.5819899756993141	-1.4870277108046641	3.483290726302614
3.506043958089712	-0.35835736574286037	-1.4104176699396695	3.796056143067116
2.931165519911467	-0.42030970643172283	-1.1531178273751836	3.17774641503205
1.4245995566368443	-0.10495657182795962	-0.7890746286373336	1.6319125430913621
1.4990489108804081	-0.24026745653350157	-0.8970228980857213	1.7633848608772056
0.09488605172895812	0.10561224603930208	0.3424880561134007	0.37074975105387803
-0.006754269188301562	0.1567393304467887	0.21544326886359483	0.2665119883979084
-0.0822056168993602	0.15240062451593964	0.24464113673805932	0.29972153674226115
-2.473337328210335	3.6991790811238965	7.268218892401845	8.52222560609671
