-0.4909434867205155	0.08650137453145476	325.5444225395818	325.5448341387244
0.49045346037031723	-0.11541065878435697	8.076973834046157	8.09387733522794
-0.33950184955982343	-0.11433252280440873	93.7224733786371	93.72445822507252
0.2695046266376649	0.29187933392027904	67.21681823897612	67.21813713757471
-0.260754887125405	-0.5033926503095792	71.60355748855865	71.60593775710062
0.2850630391719718	0.20650259729156542	-4.396414783713473	4.4380273942197
0.9083598847987174	-0.1035421178158842	-2.646425472893994	2.803370510466916
-0.028434918077625628	-0.20545549861778925	2.054386385218831	2.0695419085273103
0.23123458882667552	-0.17293767325804776	1.1760365190238502	1.2189825892437856
-0.6792871463817551	0.06060463759599231	10.31657026864527	10.340029295999754
0.29426145512437635	0.23493644662462443	279.08400361523115	279.0858392155166
-0.3216856717819144	-0.24091910785989865	-0.027714902309891515	0.42634679390355207
0.077644434176077	-0.37903814924015955	0.6153735338626827	0.7401776461205614
-0.1996424870993972	0.22411063387765962	0.43873152039304647	0.5495887833268375
0.14187348567576508	0.2032680429373639	-9.747276176933779	9.751426492443962
-0.20443639111828676	-0.4361486463605323	-5.653132980302606	5.7506767397951135
0.1889935188458628	-0.2488021097908686	-13.095420515800303	13.132707646123295
0.3910742665593254	0.12846038054531053	-1.2681700395210302	1.340587999861825
-0.322824894131547	0.5054162335682061	-3.910952620542341	3.987346463997353
0.9223497165369919	-0.6222049354379088	1.6735479310509958	2.2184279216833325
0.3528158237887495	-0.07283248266010953	5.857512930591366	5.87024029261079
0.38736166820695983	-0.35482162638625	13.012950138569698	13.024296470149492
-0.7574500686000025	0.6334847729295542	712.5291387225622	712.5298365977841
0.19419486264176603	-0.1976262060410499	-71.10606502479342	71.106741810162
-0.6807968933861692	0.2442101823742404	-250.7458893493907	250.74697132453068
0.729650073344708	0.4326964364393264	4.1290600866689875	4.217609799384281
0.20660523826154725	0.1939310574563618	1.6593960679151083	1.927236592283212
0.04876881012234236	0.5415846333779064	-0.46080900513824324	0.7263036803351118
-0.10335334144611953	-0.2888990195784807	-0.06863365238086883	0.3439984299973238
-0.015606688811171799	-0.16643712708327515	-3.0130732215347447	3.0209327879377166
-0.5993827478088252	-0.23794432878624647	-0.863228669629401	1.0865176956416962
-0.11536780536162483	0.020737065472897227	-35.11211126131269	35.115777321961716
0.6269321892434968	-0.12237471978017067	-304.05072509734987	304.05284376627543
0.23065279468326577	0.26388967236501004	180.39350987211233	180.3939043378009
-0.09100873076590967	-0.12874122368012458	97.00628769388496	97.00651621837281
-0.06100049187445533	-0.13267983332085814	79.12688954779055	79.12714739134303
0.26505506020657477	0.029371984455438385	191.74003082120498	191.74026706980447
0.01813248906787068	-0.059444276659570486	0.7839984814467008	0.7864578997620342
-0.1676119565170563	-0.9401865601071479	8.95548907514251	9.006266102596038
0.06163796755987388	-0.21412735538656535	4.34981677471682	4.357755789609784
0.0484991663591703	-0.6873572060615697	4.404626962034025	4.460384575060695
0.24555771055788633	-0.24067811200546047	10.379251710206914	10.385883226358077
-0.22298248788949251	-0.14657123164633618	41.59389997194925	41.59499007064758
-0.005131801965034738	0.17154320020250097	55.63889898644783	55.639338723730106
0.06637322970221196	-0.23473478197639508	167.87333475197983	167.87351198617893
0.000967959911494278	0.01365750969835047	2.8834046720345214	2.8834371793448224
0.09765518679891454	0.184034514264605	30.50786703454529	30.508897653313273
-0.377143729282047	0.2610484974456156	-39.30022236508484	39.30289889633677
-0.20981959196616143	0.03773713819587592	-19.779255314841606	19.78040417085713
0.036594524609666446	-0.11945609935983754	-2.6159398495863724	2.6226379850180717
0.1489353571880883	-0.04302935561345082	-8.818778425603359	8.833946237574265
0.03486456955028243	-0.07107996732635372	-17.868115203931392	17.86883568187444
-0.8801120267109639	0.3181678235598494	-5.401724325675143	5.482194235349625
-0.12550549979613612	0.02063906365719618	-0.5167454204185795	0.5321686113923842
-0.04745308798836986	0.3140649377963798	-0.4428157997517885	0.5625426189387716
0.0226594882434902	-0.12022176359725767	-0.08613929419660607	0.1496218662314478
-0.007454849517925965	0.005172410533469833	0.034542198826859785	0.03571403242222853
-0.01545641665325817	-0.18340963212590244	19.524236301655964	19.531344067914855
0.3546500752195635	0.17182368917506954	15.101667404260619	15.107453068926695
0.21082113165758604	-0.22887253281153214	4.484436024978711	4.497385288459931
-0.11004966187680232	0.36352688610451567	12.376336028835958	12.382949406686723
-0.478794917400011	-0.04308370106906044	6.969362398658077	6.987316566962955
0.14790992439128112	0.004314892379131498	-0.3248052149359575	0.35692350956370417
0.43985850519701813	0.1952070778687788	-1.4971038357770223	1.5725460892903897
0.4489130435932963	-0.42484407646516487	-0.6280274099392442	0.8921399119817087
0.37383778446313254	0.04548058733501187	1.0054291654723995	1.0826775903283339
-0.12544341498173128	-0.14222091237623663	-5.380489648710427	5.38563937551145
-0.0751163355948403	-0.015162894613646342	-33.023741703132174	33.02412554841286
-0.17248846034970677	0.040220180069379614	-5.123777527184969	5.12873725831459
0.07929572245463012	0.23882474505459883	5.741776195854364	5.748982408968545
-0.25034434778735687	0.2054140280363284	-0.33603054099412694	0.4666730545724622
-0.21688395663366566	-0.05764800136980311	-1.4102860548617626	1.4280296562902892
-0.5757205658704513	-0.17343249547726294	-2.7116769786901656	2.932152250840991
0.0009352647202563041	-0.06777430128892283	-0.744367885206035	0.7603667299806086
0.13298654804634633	0.37987608095361325	-5.766941281004532	5.856824633049563
0.1025460257996863	-0.06778329164364688	-4.407191669803901	4.411114197266065
-0.06510642311496749	-0.11605354301020143	-1.3327525961387638	1.3393792419216675
-0.2527692834626445	-0.11769386401398488	-3.9150880855270134	3.9250043151217473
0.2839275186092168	0.24965832478594585	-10.99283751203948	11.000222746197503
-0.017253022341970375	-0.04034416166784143	-11.30522348399029	11.306170135197249
-0.17533473830004165	-0.09645067021250885	-11.325120527809826	11.326888362284617
-0.06550181399247358	0.04663081798292602	-4.418309447313651	4.419040992460143
-0.06774848460811032	-0.027288224942897153	-0.9718124334276348	0.9745531848759054
0.10704825808256643	-0.028311739696529392	6.983409360403572	7.0472022082551256
0.27431731648266555	-0.37583499768449546	5.491610451958668	5.513054242121034
-0.32629129684237346	-0.4007644296036189	-0.28561917134403914	1.1097063730419185
-0.10562986950642438	0.06579543024255582	0.10047391488161991	0.21227694279969833
-0.058641447288520804	-0.004321448933421323	-0.05310287381739944	0.07923010456034489
0.060844795165930984	-0.07903501849757788	-1.4367457452564747	1.4469508438990868
0.32333109548317474	0.12162524472993191	-2.27762755553182	2.3036759709602865
0.11578549896007957	0.07875626579504198	-0.521783847519581	0.5402473643653907
0.09551511310804423	0.1772080319444765	-228.50190230232087	228.50392266520885
-0.3335962206387084	0.012631014572765668	-114.87781664610235	114.87830170818363
-0.09359703912373446	0.14185939100723838	-368.1564799602138	368.15651918876557
0.1628361182464664	0.08132512022713084	96.84740038159022	96.84757142049882
0.16464058508060322	-0.030633602746163616	57.60402749162413	57.604270919747435
-0.02733378082230326	0.008076942000560562	12.615176638760074	12.615208836942964
-0.102304495669635	-0.19509220621623957	287.8081258346801	287.8082101394083
1.1563101266119449	-0.7606450257705746	10.7175034023674	10.80740454173858
0.43704199464078236	-0.38550577360175686	3.0631872200044206	3.1212523346019783
0.15983396552829432	-0.16574669855838214	1.1761445389120229	1.1984718774473093
0.004718575894650077	0.02351952510209175	0.0813878526270502	0.08484936991365309
0.08635686649608322	0.11957643477692287	15.298917482161885	15.299628497389849
-0.019044931437079513	0.03298270911797553	1.0396410079821732	1.0403384035939425
-0.3814603529854831	-0.3916609580775646	162.23524649236634	162.23616771468022
-0.022063770744396888	-0.08465157543393614	36.607134674980365	36.60723919952654
0.1445845717205076	-0.08206762089395732	-20.779673599358855	20.780338656736816
0.042757570125613494	-0.019700221040390167	-23.9804282538352	23.980474464569077
-0.12809455217194166	-0.0469043137550319	0.12970482615627857	0.18823275717364185
-0.26263604125028733	-0.18071112617837232	0.08318941214081807	0.3294763718092895
0.3428519882298895	0.21478806631636949	5.642635444324234	5.65884227927491
-0.01751271027658588	-0.003900215211986649	5.3716667380251355	5.373509582759254
-0.011910066958283536	0.14242463669929378	0.8012931008977671	0.8139393468682025
-0.09427704357612206	0.1208160586634546	1.7350652299907083	1.7418197476487447
-0.022259047645127792	0.09101606864597106	0.0020993542874536766	0.09372191441845627
-0.030097158053312683	-0.021366962013129098	0.07692439534867113	0.0853214427228891
-0.042963576391380064	0.20043327733049396	0.4241229985658619	0.4710622946811588
-0.014282788881578995	0.8208010539803586	1.2521328547262836	1.4972491623502409
-0.049370161857651126	-0.017792296855916816	-5.888894935630799	5.889128759129593
-0.12939412400214395	0.15791375081889075	-12.595388590017409	12.597043038966103
-0.16243704214455007	-0.19285397466265	-9.58747115627016	9.636699300352577
-0.06962319265294489	-0.026850648153520337	0.6605149470033288	0.6647167377735143
-0.6073406795936679	0.15841183997811487	4.953300269457382	4.992909028967093
-0.10146031255914144	0.05517744108628618	1.9130740594845879	1.9165570959672116
-0.29457192138246924	0.07767589266390669	2.5856017231371036	2.6034865914495615
-0.11388457992787508	0.002981287638771205	0.4697188378208865	0.48333670688779473
-0.015265290718597072	0.06460210085547913	0.6991696244832971	0.7023137648770522
0.006323346206403152	-0.017359000794505627	2.133986406557754	2.1340663773624997
0.22153263548079738	0.24818783028017063	33.57016537731119	33.57181373366214
0.06144896581096077	0.009506447499517037	-43.17858513967796	43.17862991124617
-0.032345788670021636	0.12325282816740234	-119.99942200219195	119.99948965878914
-0.06898486612325791	-0.0018830435448956469	-19.758335082473234	19.758455599790672
-0.04746084284219755	0.06515312665411517	-96.2015265791273	96.20156034917547
-0.05668639412346212	0.015547401205544858	-11.41962526409176	11.419776540775473
0.0710204717184054	-0.022516474778369405	-21.586787290466713	21.586915861764382
-0.006605686937247324	-0.11466454145331856	-1.16298706487008	1.168644730113364
0.0003777575224922047	0.0004387369002872704	-1.600814920513231	1.6008150252070341
-0.19195647937195248	-0.06942948473802214	-23.97872200711568	23.997940066404816
-0.03720446155459267	0.07977858136564842	-6.401964081921357	6.404090308944389
0.24478364009000195	-0.16632340469125828	-0.4296922325320702	1.0747137781764031
0.2136724393900392	0.4382970276777488	-0.864533035621691	0.9925611142429945
-0.00564686893981052	0.08991642396786133	-0.09869251776910967	0.1336303239972036
-0.004140021619279108	-0.0407465501294445	-29.21238220419909	29.21241091497473
-0.046230446934840505	-0.028310838813524773	-4.152884752821518	4.153238559008569
0.30934787587214885	2.067417081544095	-20.493768415783734	20.600580893801073
-0.0572632423806194	-0.6573257741188325	-1.2943029235738757	1.7301352823177576
0.018490789923514522	-0.8273190563904114	-0.8103073142891173	1.166566097085441
-0.12715018135527473	-0.38706166708444356	-0.22722273912390445	0.4869228489399916
0.07736871454901129	-0.16017538076254156	0.18502569392640378	0.2921581128538771
0.0869506905422633	-0.0993968357482728	0.6687123163672011	0.6957701491898979
-0.4459122072819812	-0.1817251122571253	0.36465721756247826	0.6199325642748263
-1.1942862299034758	-1.806132524606487	3.234516323438196	3.9235506985849695
0.35381748916970457	-0.2784174779489185	1.3340756542603072	1.414899552568965
0.024907970519277855	0.6222981347369515	0.8145450789486789	1.1380153793038068
0.6172015966165478	-0.2512740209012009	0.7680501216990274	1.1303527663025217
0.39349039480710846	-0.0012697937721472346	-7.7798140453352955	7.791009091772261
0.3403273635414121	0.20805328515014984	-207.41893768595114	207.41990873490116
-0.009598769298583318	0.053401714895798695	-24.62620183475471	24.62665711115705
-2.366995075372696	2.930313549061949	-67.64035453655997	67.74530570304546
-0.031620036284060904	0.408815308189337	-16.869657022899563	16.875216669366623
-0.24200173351065463	1.0230051819296844	-13.25749809519938	13.299843606989981
-0.3132726444851522	-0.03441994941712717	-15.510146608123488	15.51397602399479
1.287795989195359	1.0953679533847778	-22.24967840936915	22.31425370852311
0.08675200769658417	-0.37261459782763706	7.252965143348738	7.264389217607039
0.20960015618117225	-0.019789820774871125	9.153725244057547	9.157209700070968
-0.055310020647316105	0.027356966474315927	-0.4989300679005768	0.5027313543573314
-0.003928169904625363	-0.010703398518131747	-2.373008514368377	2.3730359041791664
0.022110043361275183	-0.10863295423991023	-0.06227606816718842	0.12715455725491007
0.02519106882261418	0.004423377974777751	-0.13695097756798907	0.13931879441755615
-1.0611873917792904	-0.4671713069157074	-16.97772580708358	17.01784419589886
-0.5585992932359263	-0.2177368125529993	-9.779705629042391	9.842887547542531
-2.005157698193564	-0.873375595821301	-17.401378245643052	17.563433575438506
-0.5545287419062976	-0.42234036621669935	-18.456341671208996	18.49331695472291
0.37210134600545397	0.3389592732059283	-8.7329237482495	8.748530721111484
-0.023027416845470203	0.4911980038461203	-4.287927311471475	4.318287409873499
-0.11919762629567604	0.9965444474231582	-8.352173745405612	8.41225981429766
-0.12026271943505171	0.5453226076646389	-5.410809661730657	5.439549711473728
1.2834685060571753	1.0029615868382948	-16.496744158766017	16.603571392185305
0.4794398923592646	0.07424644995322138	-4.973493258882768	4.999048922221949
2.1712714791059913	1.0320566694209077	-24.755742148252008	24.889891134926973
0.18965570449833458	0.026520341514471316	-2.3125489557620136	2.324658054953198
0.35020906616714526	-1.4283269852564535	-7.020233833287076	7.173975691746244
0.005210854432006973	-0.6428770896737673	-5.142000909689264	5.205498189710237
-0.3050554811504068	-1.2124318164704562	-5.766007367901316	5.901641340149537
0.02303953278835387	-0.01681784921382786	-0.35382344756535555	0.3549713962706271
0.005057167078851496	-0.39282695104794124	-2.0054446580105614	2.0435622977417607
0.05015017700008324	-0.3415431892522087	-1.2230735251788252	1.2784973301775286
-0.38512030966329935	-1.8713779149536935	-3.407705789532499	4.017857923621105
0.030484961770693007	-0.20804950794788363	-0.12284288394120291	0.2806850364492359
0.03759151863514554	-1.2069876976544591	-1.1913410400092432	1.7020592478150736
0.009257732528921429	-0.033548284080241964	0.016747711995209358	0.14481527451681356
-0.010192925273276802	-0.08588231083456936	0.09498851450352738	0.12846199798967403
-0.10697080590432245	-0.19384188941152775	0.017735950384446225	0.2221080713132476
1.2459142534561471	-1.8376727614289181	-0.04332759866321907	2.2250169821304504
0.5251667769521868	-0.48287284690349164	0.040619126167039554	0.7280769383805565
-0.7568729521736535	-0.5268792349526671	0.3419962607272443	0.9934282164342761
-0.19604794453130547	-0.11685927634356383	0.8177686756884837	0.8604163404188623
0.21447528338658112	-0.07830195684575494	0.01356198617334059	0.2679450615305209
-0.5223313765325844	-0.35112156939380446	-0.11484127508594244	0.6548165596312894
-1.8044423035372419	-0.8605917264823859	1.6853059347839936	2.6184663498320675
0.4024911285470329	-0.9856639511146004	1.8102237435841917	2.1582535177828106
-0.12917563992925285	-0.32382605535067155	1.439756721067761	1.4879277068577283
-0.1645465810015435	0.13074617829890312	55.47640500188804	55.476803098898614
-0.34787806490142736	-0.23904660986217896	30.120033181513826	30.122990576720955
0.04803876801426263	-0.2928111371505617	10.773766365076739	10.777851723536122
-0.036415933119482796	-0.301338976127533	15.620040098009374	15.622988957371092
-0.018357681344585763	0.041397099153980405	5.05874690678565	5.060874507048767
0.3822096377547717	-0.27398623907635167	11.272398051241973	11.283066528073812
-0.2933227600297089	0.5507837121981395	0.05809270810074201	0.6420712474552083
0.22534758273097494	-0.7436732736952019	-1.1129269021391441	1.3645209948755883
0.04197383412699028	0.040665458340000016	0.027488851030011474	0.15378850439572053
-0.07986250310281406	0.042370052349117296	-5.389114813088577	5.391679839742772
-0.06989911522764627	0.0502098572371026	-1.6930302115633622	1.7009520858153708
-0.3358073573927991	0.03249468143316159	-28.942786553069105	28.945089319727764
0.13824989938210774	-0.7514003102580407	-8.907002978271088	8.940799589564966
-0.06428229989197913	0.02961101447358954	-4.957662757762742	4.958167912239887
-0.2889481884560306	0.38830661881430967	-57.60743707252116	57.60947039463489
-0.15790646577407536	0.18488455698553508	-23.62172880410214	23.628220503414852
-0.021601719002658115	0.3901373623661082	-772.9154358639612	772.9155472303283
-0.5913466234884401	0.3837557233700018	-172.6308135381301	172.63225290229218
-0.725388698846704	0.5327277977028869	-258.40902802803834	258.410595282133
0.1538464398543432	-0.0018024943369987848	-146.25302237613624	146.25310330427405
0.04831744495236108	0.04383914141901416	-182.35095811764856	182.35096978867492
-0.18264802263825353	0.1774221920217704	-43.18564443056651	43.18662065504334
0.18033502130445514	0.12125044631547766	-33.779004174271684	33.77999149172486
-0.14417134150385857	0.03623868405760643	-29.179074861961976	29.179453531858925
-1.3158133232089426	0.31369825964697334	-196.76768937637667	196.7723388940069
0.2387017777175715	0.09482657851693248	-64.83787996602895	64.83838869919467
-0.012025529092755678	0.033962129821692076	-11.2271612102706	11.227219018128075
-0.3354567944833768	0.7452887790065275	-35.52312986894348	35.53280487234017
-0.17476495393839825	1.0055174850939266	-26.246042902600376	26.266249371236736
0.0068130039522260755	0.10453647846382702	-2.6649603396550585	2.670668023020999
-0.0630948278375875	0.3076674176323803	-17.614438082093795	17.61779069378418
-0.08698555997944185	0.04839649956026879	-5.87886535596406	5.88136432873097
-0.36292118888183567	0.13249296938521132	-8.163108023739829	8.17343737777574
-0.12031942694815315	-0.010228390083458607	-0.7859160138840983	0.7951385824774833
-0.11344059244414555	0.01606146518063925	-3.8683128511117277	3.8700091799314866
-0.5702881306854177	1.4403101481042497	-23.402817914135888	23.454031811117943
0.22150504060511772	0.05594322249846209	-9.696463380057688	9.69915440685201
-0.294031937095548	0.20078421205155184	-8.332030795036747	8.33963465922111
3.0258886159518714	-2.650698966847703	-86.1915175617211	86.28675232307604
0.2939898228248764	-0.19119894026021902	-7.4186844548579725	7.428280142558743
1.380393665583154	0.045692703799535966	-64.40784528897493	64.42950334317806
0.4164002934290272	0.756089348902317	-84.07132264243853	84.08100346060212
-0.3024234854130652	0.9606747969923994	-69.02537618748394	69.03286459099522
-0.3308628868863174	-0.6113720781116537	-20.25078427168707	20.263192973248856
-0.7582536820650186	0.21323111283169277	-91.12248361461678	91.12722510969128
4.432618124234667	-4.639251323829555	-124.45775036790157	124.62401896449273
0.08913660582775151	0.18482021539427146	-3.0000626452915817	3.0103088723735327
1.212371737154153	-0.5511332589816406	80.22925643869569	80.24043034274617
-0.011397535906604403	0.003666025216294999	3.969046129016572	3.9715173803883914
-0.3275099875833817	-0.32499208860422923	39.8464986239145	39.84941423685098
-0.3457190932147485	0.014537094725307453	69.46340337956818	69.46440543095466
-0.46355383775780906	0.03186381513113164	33.4336070908664	33.43712697518353
0.6187909103682274	0.11198557069006759	46.17206465815718	46.176557662311126
-0.14683379756116988	0.07074035912521423	5.583733857514623	5.587855397106347
-1.1461575383548173	-0.5417434360623576	28.895261443344474	28.92727116191352
-0.35289222266444376	-0.17841641233791355	21.46141548170118	21.470734495065877
0.02340129970838173	-0.24356492304229288	1.1387964783703104	1.1731192167095625
-0.9459628152828683	-0.01444675971177619	21.769359630304606	21.790354583053485
-0.031532990182230644	-1.031732629154837	34.4516333844356	34.46737572238406
-0.9343262805564935	-0.24843705014458206	16.25939795813559	16.288713525393796
-0.7041941338001998	0.07983709705117072	12.140738113080356	12.16220642216889
-0.23171283236421927	-0.2702455625767436	1.0999365212795613	1.1645014540648937
0.42520342872390815	1.3038127739773375	1.320147789129805	1.9086633216545448
0.5527779458358713	1.1594850202852558	1.5573094543448929	2.2261024907134024
-0.5530341606470331	1.3722161424134391	0.7780038871420364	1.9175259470606145
0.5380194648942057	0.5682086292316317	0.3408886133247856	0.9860278799470289
-0.10533212273844855	1.4863643163662188	0.4339962162901956	1.813581276287779
0.3508394203529136	4.394642960196087	-0.6556183051986367	4.554795385249061
-0.7305912246474188	4.172724830062205	-0.9361660104843124	4.3406546313932415
0.45649812820989866	2.2288916724783396	-1.104355579639092	2.6979143166309827
-0.8816923841973396	1.5203765986034925	0.16835623099265762	1.9994051303692224
0.11771654275163705	0.7410348802146857	-0.4430811550031456	0.8824911177746283
0.7176478664896163	-0.26239773651765025	-1.3880173436419494	1.5905794427055626
-1.0518508546082188	-0.9232510337386335	-1.680589874977693	2.379814197036616
-0.17903021861523416	-0.2577815181111255	-0.1312526804985928	0.36770937069261744
-0.8197884782762116	-0.28365253046447353	-4.387021534430865	4.499132115543336
-1.041758442233572	0.1845304947742403	-4.295744643622396	4.426309295968489
-0.04762560942694746	-0.06548379787212463	-2.276771194559129	2.278210569467022
-0.7211928782016884	-1.067975840281906	-23.95500859105111	23.98964627001256
-0.11993347363695499	-0.011241988831630509	-10.490642678764146	10.492262578625223
0.12224267689667753	0.1558429474182041	-6.440423515940186	6.444979840611619
-1.3272235896767146	-1.5693588209945748	-62.99035011214112	63.030857263796136
-0.08720420139142626	-0.44467347480527564	-11.609499337217784	11.619177841727694
0.18722029372682356	-1.4952782997608893	-38.76573629356723	38.79526644836216
-0.3652978861091529	-2.292080854256968	-102.92067964854668	102.94694194725611
-0.02816610717242239	0.1252747670155904	-1.0945847135181652	1.102090192276341
0.1225584624520955	0.1792591164183352	-2.1073866591306314	2.118545005096533
-0.4951629907731969	-1.0617751785963265	-7.130138032154349	7.225747126492155
-1.0509018684297642	-1.4946494041103418	-14.186105297858623	14.303284766102122
-0.13647410565228218	-0.2199126353252931	-2.8942612295136185	2.9058105260589495
-0.157812419118936	-0.2938291423800826	-2.4894852315853147	2.511727951817708
-0.04655515026315568	-0.08278142940508704	-0.72101039317177	0.7272388845854469
-0.07906497935551812	-0.17305118537238653	-0.6405605878534709	0.6682184152135148
-0.09020254613859185	-0.07411400921997245	-0.1682555702250048	0.20479092412576427
0.1481444023051264	-0.12475605421246547	-0.24766877882527472	0.31440524964098415
0.007395771746574173	-0.14671793162023195	-0.2033921350403159	0.25089681045183604
0.05392651639369986	-1.3121311634967305	-1.559457707965629	2.038750745511343
0.012557435603782042	-0.008766461750227258	-0.02750644115057066	0.031482445034195596
-0.09235391777854969	-0.28398627904982265	-0.12356883725850033	0.32318216281074125
-0.5039882389144801	-1.461563944010661	-0.9849340643131388	1.8331034936523678
-0.05096763098734454	-0.17880733896291592	-0.18088536938470434	0.2594017747296693
-0.1474508029517514	-1.7103888897720914	-1.343844620536008	2.1801583102358624
0.1897874526108019	0.1570172285922076	0.023904497048596835	0.24747749841636377
0.02243984315858758	0.02558511020191883	-0.05527717241973763	0.06491309741298551
0.023365134990032645	-0.14126544349802495	-0.15547924776128605	0.21136615515311694
0.06859339461877494	-0.6336317285292788	-0.33287639000905384	0.7190277548257705
0.055963831481652064	-0.21069784586969625	-0.0736788863551905	0.23011760250528018
0.23356691383995765	-0.24576629126546048	-0.12777142389288904	0.36232597191854427
-0.20325678627793217	-0.17144017881481297	0.3029271112052977	0.40307553979778393
-0.5396699837264063	-0.5614690693743299	0.5905196364183339	0.9773457158012091
-0.10611839618080408	-0.12917136388310604	0.19308093822716674	0.255394995961336
-0.1919252791935619	-0.45677773982597203	0.32693115824922897	0.5936035702623699
0.053373789631740096	-0.4062032806741065	1.2918188572387506	1.355229067931946
0.028391517389200226	-0.09003325479619773	0.5816384157579726	0.5892497873689074
0.021588772179313043	-0.20295636585531848	0.35028831263633675	0.4054124609518315
0.10252374067830855	-0.2616766377372861	0.8273887039093989	0.8738179716033764
0.1355477610800624	-0.11413522694785087	0.3779036856146189	0.41738620145540023
0.13941903597280164	-0.33434387112670716	1.0097696781185823	1.0727806367563142
-0.09264528320574868	-0.09190448261319603	0.5636205482932691	0.5951281288790489
-0.17885670160241637	-0.8931960447880322	1.4875667282427814	1.7498924109807477
0.3947374132305527	-1.375224551107801	3.2356500897615197	3.572689100222314
0.496308130059233	-1.3131956052479967	4.922575129532997	5.1429724941518336
0.37115912154421293	-0.9194120675443676	2.20908188130055	2.421388114644585
0.31329050691623384	-0.6318822020012779	1.832598781091503	1.9636304009125232
-0.09705857076992079	0.029069245795471176	0.7405864214718659	0.7474848726760436
-0.1693099730326611	0.27450929559092935	1.8738195512794538	1.901373432835139
-0.14705068216038644	-0.20768209542062213	3.5945846043408483	3.6035807516477814
-0.05258868328027708	0.006841340080451744	1.271501627220821	1.2726070727323675
-0.32034675696086135	-0.22310552681564413	0.12284209695653604	0.4092533464441143
-0.06442511276718436	0.01567522955407121	0.009416511054158538	0.06696998325421874
-0.008576084427457102	0.560082138071462	-15.367580249867515	15.377785545608607
0.015888211935132936	0.12472354440142254	-5.596343002964009	5.597755211210185
-0.25672502689105126	0.003058482757712408	-109.9021647471058	109.90246463657553
-0.1670495963285964	0.10118256839803837	-62.39239797930748	62.39270365265536
-0.09177804202013821	0.004984883570524033	-77.34633149033716	77.3463861022038
-0.05059712694355875	-0.04301535936023665	-13.312689531874359	13.312855176951068
-0.14900601088012314	0.014106693788032046	-13.823382996951668	13.824193259300898
-0.410901660594815	0.27783853465775404	-46.76525449227807	46.76788494419598
-0.524486918764667	0.23647592032759118	-36.44258707855225	36.447128286968145
0.006962434876221156	-0.0037908393973912543	-0.4935562114333187	0.4936198737967845
0.08763956579005192	0.5053415594503183	-23.850338609639007	23.855852585469172
0.10481542554807247	0.3229575883570805	-11.818169346152674	11.823045909225463
0.010932220257878784	0.16026635118242655	-19.82309267948177	19.824234864957205
0.052310648890614805	-0.5921738604118398	-25.251687790680066	25.259070100615798
0.1760474980090595	-0.25072993407821714	-12.000507105196686	12.004417062201485
-0.0008459483061398069	0.0009982459417011973	-0.0008175331645181583	0.0015428817102631684
-0.027352593070806064	0.6099398983010554	-105.71853139716927	105.7203865647636
1.8028557060267567	-0.9663085572956931	-4.949029723238807	5.355085071794592
1.4775389811828383	-0.6992473562259607	-2.8496593986413603	3.285213386428477
1.369895281564071	-1.8394928822209233	-5.404477890092783	5.872666191398475
1.2150809855105742	-0.39340342600726635	-3.185394996894463	3.4347356707734993
0.7551043838468645	-0.5508037567364019	-8.491677132645366	8.55743908223319
0.029470774371444408	-0.1898165609140578	-5.445927895458156	5.451101657533878
3.170758154025469	-3.276058888974092	304.4183244518954	304.4524954914964
1.5790448736132796	-1.766301875954077	187.05949255575194	187.07449575034352
3.98703270630868	-4.706359506746014	475.84356705413774	475.88354306112916
0.10994957753697873	-0.2339990328635621	17.369019312742683	17.370943450008976
0.008848048940191686	-0.139704494478565	17.038594676351007	17.03916970332546
0.42660871652804694	-0.7012077661413214	57.53043131527801	57.536286069316596
0.6771607243761854	-1.2139802164904017	86.36863622913387	86.37982182600936
1.455331710945658	-0.9795248391891576	151.3421108195468	151.35227770540968
0.4303496065812974	-0.38250890901997225	49.29980141357686	49.30316352190271
1.8907720505387187	-1.7036711880118958	178.53421446815827	178.55481959560544
-0.08292790465402725	-0.19680835193273383	12.456099065083825	12.458711581413336
0.9041412606701392	-0.0941140652283094	41.35594942690913	41.36617412406523
0.9011177873971679	-0.5139439200230133	70.06047235884475	70.07443392106028
0.7546440026227785	-0.3672302406791692	26.9167684309497	26.930210696736754
0.05394512875939371	0.3513379655606625	14.046563052861407	14.05175298053137
-0.22725933532150785	0.135479737080894	11.831824150950634	11.835604931247449
-1.2023179278527156	0.2797727464157695	121.76418748464452	121.77044466940626
-0.05546773957747015	-0.005621895800581478	8.153050260584608	8.153240878783416
-0.2938880062347775	0.0984345244152598	13.98389321131332	13.988023757705026
-0.5660813036166638	1.7376378019475047	55.38440078810355	55.41471973776683
-0.4770988866298049	1.2452608438039863	44.596610544816706	44.61931852589069
0.10413653442293415	0.42260316933082503	13.890613467046885	13.90619647099214
-0.851308793165172	1.356268469186059	24.517148134189174	24.569782726766313
-0.302879511622061	0.01194851661569818	2.1944068199690325	2.219635069563539
-0.7672632006702511	0.11202331969196792	7.722263770329939	7.762350131674552
0.00025139976771007544	0.013266006580501317	1.5025465307289858	1.5026052003966806
-0.028702753038218606	0.008269680774258346	0.7143578826943178	0.7149822944245474
-1.1057216528145286	0.022753143158128875	29.864052823215857	29.899290641949236
-0.043739042098771753	-0.1205674566848854	2.517179597056199	2.5243063451473535
-0.07411835611193149	-0.003970697059851161	2.9782560231767508	2.9791807996052317
-0.11215867021334103	-0.212628650394897	7.759658119994477	7.763381006331518
-0.10021200677791986	-0.002591761983828836	0.5259850841998964	0.5354525864475872
-0.19144119511478414	-0.06685388780956243	2.5519678955177896	2.5600115845940468
0.1568807093402947	-0.36995732526533853	3.5344077820078503	3.557178425240747
-0.1358413751813275	0.025021202489827282	0.2843366927039016	0.31611120606992715
-0.9579280106293779	0.06243677239338202	7.381818569520204	7.445283715366968
-0.26551390164788474	-0.0655110067608855	2.9903264329099244	3.0028056046529055
-0.0012852607341643594	-0.004523447861397805	0.0017946927697239518	0.005033328704472884
-0.33136747191377103	-0.32745479071097044	1.2747619017797747	1.3643785151237455
0.05551503449227978	0.05397307645575963	0.5612562415342777	0.5835095248562457
-0.2807339153337959	0.47142326386774036	0.9006717224466132	1.0638330514931866
-0.6378854051633678	-0.2906540711897369	2.890652440436872	3.118910018503779
-0.05695800680227289	-0.012935514551927742	0.041351949111322686	0.07156483613420993
0.07347264354135062	0.0760545612737453	0.061969333588303116	0.12256722214717386
0.4035253239201709	0.5415481031439661	0.8368126706109407	1.075342959598807
-0.35190518018962497	0.1401021471802232	0.679918730939723	0.7783028640391125
0.1899942892376118	0.14949177447775672	0.7628508963934012	0.8002419076177092
-0.14096210866361542	1.3620733482499208	1.18186577105507	1.8088451627718825
-0.16181860054372563	0.6627603110699569	0.5614621936454827	0.8835588742719263
0.15308261991778355	0.760175486122507	0.5703008908963845	1.083586580057031
0.43004034028112015	0.7070759430856247	0.20137937607459344	0.8630901004922485
0.13146384696798186	0.5922116155487523	0.19504774262693378	0.6523195133171681
0.36654212799038755	0.6466778932088414	0.12565642428774493	0.7666907792725363
0.11748799463734733	1.1153079772440893	-0.2185894293928698	1.1510762079595374
0.08753289899699272	0.4889797759955546	-0.0349617690292517	0.49798148061261777
-0.032477913065899575	0.6416841890598859	0.002277295215937482	0.6425096103561875
-0.08137950242144626	2.168252271313437	-0.9025778083332952	2.3500185606854207
-0.04020203828811358	0.1972393752812159	-0.05758981338014559	0.20937087106138538
-0.05842193086668221	0.1643350547191521	-0.40995317452149893	0.4455117703450634
0.21236794651862548	0.3395668487437999	0.03501485403926735	0.4020346122882003
-0.00525176707711545	0.340586389690877	-0.4930550168445091	0.5992744943142811
0.08488136548374253	0.5235288661271025	-0.5456864867303184	0.7609606176897675
-0.27176326189511635	-0.21395290513530268	-0.9055696543036447	1.0896344465128347
-0.032676458224732446	0.13486385261646902	-0.07480584702091278	0.21055096607041637
0.4319201460391678	0.22083624246516237	-0.5277675654038043	0.7303027088357861
-0.0794296785494008	0.22794289444612978	0.08705834589967054	0.2921061064985245
-0.32504196882474257	0.2351211417344584	-2.319198819814049	2.357773777001275
-0.6732525632556341	-0.7689489228921156	-1.4173194668842255	1.9839701903144138
-0.916082941498025	-0.3145131433249857	-1.303553955372644	1.629987476177502
-0.10662943838883321	-0.006382147334972825	-3.287151864392518	3.288887037968153
-0.21624492473171075	-0.03386484652039916	-2.870862596667278	2.879194460998642
-0.16260706219398305	-0.2674259374603223	-5.538878370894036	5.549469441411464
-0.2947490458946451	0.0007700572991782423	-17.532836737773973	17.53531413081843
-0.03313676511693832	-0.014893249502550734	-6.942157131763929	6.942252191917541
1.6690755621997835	-1.3741642191103656	-6.170442193666146	6.538233507514947
0.30660347893989615	-0.3317063574351988	-1.3092674725765436	1.384996792634534
0.8239268955259113	-0.9626153609236143	-13.652874095301105	13.720571075450943
0.07259773701064223	-0.2165950377774878	17.091675159096035	17.093201677446764
0.39994409779585427	-0.5119848294102121	44.34167677594483	44.34643596783477
0.0755265885823404	-0.008126743679950248	16.580425754092012	16.580599762870563
0.14623566410852484	0.011644341206772955	9.711559023178722	9.71266694172221
-0.08585716210450396	0.003440084083935639	6.582084684846925	6.58264552326491
-0.019153618539313667	-0.11653138429348597	7.397872220033533	7.398814757011583
1.028618197394063	1.0339205744683178	202.37518798734854	202.38049125310937
0.1863486341892431	0.33965349663572797	38.93345049204052	38.93562812274011
-0.11962639234428797	0.5593063337112448	17.906971501214784	17.916103437801222
-0.036720400873043985	0.3424240719508324	8.107611365696586	8.114922346520888
0.04017993109723936	-0.16080618814794903	2.5405902219448797	2.5459913065153197
0.002378508508703376	0.02378386077915646	0.8350072463246153	0.8353492866764803
0.021446290299807814	0.5694159896730497	7.546212046220785	7.567695207868155
0.0163227808567546	0.012102831131388443	0.649114668585638	0.6494326482933661
-0.0482593340660082	-0.107662848680812	0.9544435277409193	0.9617082197616351
-0.013156762222285085	-0.10484130419204858	2.6123611450939377	2.6144971891079507
0.20144797306525863	0.5023938731057765	18.074042370717212	18.10647229862757
-0.06641458784052556	0.12772503923243686	4.235550125104007	4.240293531147759
-0.046801639038887566	-0.5026891915989524	2.3140910463456814	2.3685236303538084
0.048665400167316894	-0.19760859622810545	0.8679851224765347	0.8915244878511708
0.025609879637477254	-0.10135935064236617	0.44484719286890995	0.45696703384602855
-0.10363683228711167	0.12124263906149403	0.3883392071753517	0.4198186636664494
-0.09536420456799367	0.0010542331682000111	0.48305298667871915	0.49237752879237867
-0.3140472404142764	-0.0037475005353638097	0.4018059390420352	0.5099879661536502
-0.7191259274047328	-0.16926803641033691	1.1704654090594453	1.3841181457594662
0.08175304479031986	0.005764247752082431	0.3510766974017489	0.3605157893118617
0.020378146622792605	-0.052662410830738804	0.04314701636799611	0.07106520523959442
-0.30390112218115894	0.8846177626644532	1.8024681953382384	2.2369950080834595
-0.11010468558308184	0.06559000237713862	0.37490016209248234	0.42006547898649305
0.036199374058534094	0.16161616062529263	-0.01458792664710578	0.16626179856284307
0.33884620366981183	0.5501847880723569	0.10310571202661944	0.6543323609758148
0.022718108661893867	0.4891955478675344	-0.07235766019699715	0.4950394201513399
0.11825176783977359	0.2827982409900137	-0.05117786905743431	0.310769206945504
0.008279778985641875	0.0904991672692795	-0.04201724218292832	0.10012044075583636
0.2425094694723973	1.2481392435032654	-0.0833213568681774	1.2742075429328774
-0.09468593649956326	0.7768223212547262	-0.11468247242302916	0.7909300947943751
0.04649705542070934	0.3036210969865431	-0.03265417176180809	0.30889163412361625
-0.08171745888617855	0.41370280650006575	-0.11625519502437054	0.4374277375327261
0.03710185649945195	0.05119586327725468	-0.0038809927582835364	0.06334529404146079
-0.1598420686730301	0.7849096595553099	-0.4189679215140243	0.9039727760495267
-0.00029992971576657534	0.2510624810670987	-0.19894998490989207	0.32033350722808873
-0.08127433896888892	0.5476183614615057	-0.26245466236005704	0.6126775969293683
-0.14800948137213832	0.4545443950691471	-0.123759943625135	0.4937954407555043
0.1274939001277508	0.26947586642556864	-0.053130504426541936	0.30281147213441995
0.024090694788964973	0.006324148526159812	0.03167781301586266	0.0402969014623203
-0.010848064508351074	0.7007503021412946	-0.07458790444831893	0.7047921835155981
0.034289691554290444	0.051023789431837205	0.00918186060033764	0.062157192656657805
1.00984411961401	0.5851501436885317	-1.6072590402757545	2.047701924408395
-0.3000316429636101	0.2512070694921546	-0.45637008925671807	0.6011635691810211
-0.03668459660737832	-0.003599222181916946	-0.007435928152659539	0.037603285176329916
-0.033750657517782286	-0.02735463897825578	-0.049110941713765774	0.06556880167065919
0.007747708973420593	-0.35000560189146307	-0.8405137774626772	0.9105093950390192
-0.13293387840229717	-0.053690609903261445	-0.25670350048578605	0.29402514310942324
-0.43787891584794403	-0.47417128948511544	-1.2549631193126463	1.4112082722089871
-0.3372147392983948	-0.4398849855515188	-1.712052865627968	1.804942486762025
-0.21632044640774872	0.059632822860070406	-0.7968216707812759	0.8394969738021527
-0.10182741936988932	0.6356206241183224	7.808968892452681	7.8366993912829
0.2450407747597201	0.32311583117661163	6.354374086750097	6.367300751182792
0.5532041425729163	0.5670814599435653	10.128902516117222	10.159836730311042
-0.07363806225665233	-0.1445271441089259	1.7689962058672135	1.7764172471493838
-0.30320203998295214	-0.25092552236672966	6.074101543742414	6.086838642392192
-2.0220466543508517	-0.9625752107035783	-3.542730548277644	4.193523963354941
-0.8693038887783469	0.0704543677125169	-2.767856671396964	2.90536803301606
0.08934258484822999	0.0762210611307379	0.0993896668930605	0.20772539183347782
0.009019367208829364	0.47199789102047335	0.12016137891437392	0.4871366493041003
0.059192089383084144	0.25581320124787355	-0.01810015330996346	0.263195199287647
0.04601307004427102	0.08417332754331706	-0.019142757936870758	0.09782022728476536
-0.07388432425704679	0.2570271172919118	0.04372502145652665	0.2709865492892301
0.20185417754382912	0.712583124928101	-0.067187049235491	0.7436625030947611
0.0771161182170303	0.47029699099050937	0.05058059138708206	0.47925416184802944
-0.11977727548196804	1.3810927270215085	-1.1387098176181036	1.799417558543165
-0.45359669026383587	-0.5231580971057098	-6.710654856131432	6.7477264863808735
-1.222536530223053	-2.4774884823619496	-27.170028977983055	27.31048332046332
-0.14631233482416292	-0.12481835006996947	-0.24855383269859818	0.3438687431056364
-0.3750048100419682	1.4306768403322778	-3.547717920447164	3.8461990402187602
-0.42816830134594885	1.854727538184446	-7.213000164705469	7.461246108802359
0.17906587015491865	1.9500790515880946	-3.929027253439294	4.390003194937994
0.006171883185504952	0.10973658561480745	-0.15782209423171117	0.19232270742721597
-0.7322967852258868	0.9098572567377595	-5.571777934646979	5.694584089045443
-0.16942442189426604	0.5929715253349531	-3.2830930966829746	3.3434263758874194
-0.46852753301992833	0.8214056770247203	-3.151609118346221	3.293378987482191
-0.34570188143888186	2.5089568502246546	-11.024329256869244	11.312368877290147
0.42943179564989814	0.6564113127612453	-2.587778207072661	2.707649037917624
-0.4933931268054986	0.3060284808463757	-1.3113059262768585	1.440865443355783
-0.6787184353373877	-0.005034971210533257	-1.0332735190100286	1.2441133450732254
0.00884115457641328	0.06195221162291065	-0.06793308805682646	0.09236420839346
0.01128645592131865	0.12234491496149766	-0.6432377917523399	0.6548667948847513
0.5190875733925788	0.20461067066521538	-2.180598883259468	2.3051994788245787
-0.03238058468468057	1.7026019946122664	16.29919838978673	16.387915370905134
0.0739526970702038	0.8084759132006529	8.026495162223517	8.06744859870995
0.2123311045540749	1.1671447577610465	10.771054231809336	10.836185705685743
0.11532077503990021	0.8818523839510141	7.145270681409784	7.2004066287155
0.30331228479780886	-0.07023148480280739	-1.5742489531061785	1.6107980490498408
-0.019225957177265496	-0.285472600616545	-0.945953368034307	0.9980840658619915
