0.4577575235097557	-0.5076441294045342	5.501797223486956	5.54585403573854
1.3554943510641273	0.29014321277269756	11.613509274320334	11.696778422681572
0.17560522559351846	0.6343580684243367	35.407203038210426	35.413595611405924
0.4693897754617734	0.27539634325705137	9.561862156473289	9.578353595033095
0.08306194140676038	0.019692990444091497	23.03161176565328	23.032192848460202
0.6795530083492528	-0.25529063025033594	4292.122226420161	4292.122290076943
-0.45546680584226645	0.038588793630623654	1049.602895629778	1049.6034145352776
-0.48828423099799223	-0.055577017694534665	-130.24487068799863	130.24587260490648
0.3474859946232353	-0.05705175752294141	-21.08327669495291	21.086679145857474
-0.09878043196072056	0.23461414504289704	-9.838042559513829	9.886084895371777
0.028563759632527903	-0.5867865465867734	-0.24438273905541874	0.8053429115400503
-0.4680027369555275	0.6164773305151837	-2.710248159672999	2.861509372734581
0.3973971199258182	-0.13214236297886156	-0.764161538703652	0.8825013978192358
-0.3823708247800748	0.38266822818581425	-0.12046271799896949	0.5715185664819293
0.17859453629636904	-0.2268807825858401	-3.388877364733457	3.404018283735335
0.2801243981094521	-0.16191885424713676	-51.895972853028844	51.89716914766145
-0.4861495037943607	0.3367105790185132	-141.4061681854276	141.40747362153246
-0.4477579757905045	-0.4726475767386244	-482.3364355493393	482.3377875430987
0.1780871934176067	0.033659821979761376	16.32124083552797	16.322247101529268
-0.004097245742189587	-0.09058188332660047	107.18630343726103	107.18643265915004
0.12289476295400989	-0.28396714409914237	-80.76287732372573	80.76359064488013
-0.059246885540315236	0.2337971118927914	-75.51142773445936	75.51194190036671
0.055299471459530444	-0.3313626221473431	-101.86390614923178	101.86455573448156
-0.6684283917747439	-0.009565810483237625	-660.2431662665994	660.243519445325
0.38887652906516035	-0.4630208706758404	-73.77535065483771	73.77782849559753
0.1386340459249797	-0.07200606764664887	-15.599491176938242	15.600273371061217
-0.8255309097442902	0.48623366372273535	-10.004810458476792	10.09440184228997
0.027651377424690544	0.049998795231308554	-0.323944552048354	0.35732945008755423
0.4737148783902039	0.19008814723513104	-4.299437902120154	4.331880117087139
-0.29449822062477854	-0.0055207729834989075	0.10292257666540564	0.3120140023667886
-0.019107495023572257	-0.029855446611425862	0.05591611965484026	0.06620465614817395
0.20050768016565446	-0.005595995937423048	0.4443726464196221	0.5071306328372623
0.19348100043335748	0.03073462636026974	0.23242960682798605	0.33448889640227253
-0.06104089786453748	0.06881743479435468	2.5792325465465327	2.5808724028337178
-0.23676995245339977	-0.01700434435737315	5.312697392841378	5.317998001693434
-0.2604593575618084	0.24894759363848085	3.276920174351143	3.2996211290524573
0.17229670205273712	-0.09873904858874628	2.9471100119770473	2.9570885615499924
0.05818994084235523	0.10251439507564732	-0.31013766226439204	0.3599450303418354
-0.10648006618718253	0.1363003280492674	-0.37687436509078576	0.43752697732156764
0.5285598560743628	0.10324460137860067	-13.61406630999119	13.625429029828904
-0.04291885746618257	0.08081590902468758	-6.601965085573628	6.604074198213622
-0.09395638443853632	0.14941084678820094	-4.218024680066875	4.224022181507571
-0.0180303145062278	-0.18335124256714963	-2.0276000851063594	2.0407314033001556
0.06672507420621523	0.46355049174514085	-10.741796448120756	10.75290667734472
-0.08124927386155172	-0.2537731041993979	-5.09039646347407	5.099276240131273
-0.7509881344918362	0.1010793487005662	-40.54515014346406	40.55247070344574
2.1679244022139788	-4.557219102084424	44.86776273532173	45.15089982288441
1.422750864974526	-2.31387549742548	24.61375052946866	24.763570718965198
-0.004178591891541444	-0.015188465361691616	0.0626366176839659	0.06458711934377227
0.4304420844517618	-0.6595312857478366	7.52268393572357	7.563797690429117
0.026791624452373784	-0.04022519297793032	0.886887100035364	0.8882030091707894
0.44530711516571375	-0.9132640470069634	10.361388633764387	10.411086593928344
0.3354680522769363	-0.13222256843028962	2.4777767704842923	2.5038768631968207
0.3359402203319065	-0.8863810318206915	10.43707568693676	10.480032254723959
-0.012017758788121616	0.0019820248727840384	0.9633935287030754	0.9634705216538019
0.0630880144473452	-0.20668479796793174	2.9108478552244748	2.918858328104137
0.023430170281425036	-0.020541337055670454	0.16093280474859792	0.16392158811975183
-0.014196537485413116	-0.236048321530212	4.193638416694984	4.2003004085129225
-0.24432160042137974	-0.4257862311208604	5.994131295580929	6.014199609898834
-0.022026739949274246	-0.09590692870704468	2.049326468324267	2.0516876687306054
-0.21457232814909433	-0.032534884672789754	59.251995490518155	59.25255732199254
0.21002668334537597	0.5991550850209577	80.98236093257184	80.98496996370288
-0.30630689415284207	0.23856959784612558	137.6726374558138	137.67318491052046
-0.19965868971364445	0.25072319094042766	84.19079979025608	84.1914098648659
0.003699096114006886	0.07694356088769964	-0.10510333939430416	0.13031004115559985
-0.09208644195589563	-0.019393034164143758	-0.11494695994738213	0.14855573421222518
-0.07533214630284321	0.06283667815214034	-0.5118356271376484	0.5395172606091287
-0.34337564481236627	0.007994076815275766	-0.1782780155919322	0.41138008514977265
0.42861726333179334	-0.08965784520736898	0.7760585004535009	0.8910769235926831
0.10979558523653025	-0.03850797663625905	0.38520952675714	0.40239820365716156
0.028052573571719842	-0.0313445919384945	0.6383764298896792	0.6397608119965461
-0.04254263508579259	0.09519464006346304	2.5955122730736817	2.5976057928355805
-0.10386491607577136	-0.025264934474996958	-0.36591395844179153	0.3812076372372333
-0.11933731061713464	-0.17905303416766674	-1.2400036543517476	1.2585350394628136
-0.14871401103776818	-0.3422696981787201	-3.9268613032089243	3.9445537260899326
0.016618795872957167	-0.03971855804474555	-0.22221746245120869	0.22635005820117457
0.053329594312136026	0.03278180567245751	-5.0819769175779905	5.082362450987544
0.011598603783290348	-0.043333625841502854	-20.914637626180753	20.91468573431582
0.025084804794258567	-0.017728610132300215	1.8147322888385569	1.8149922399839664
0.04501275848352685	0.07251066023026907	33.687892077700084	33.6880001867585
0.2267694944282277	-0.24976458532299226	33.58295109083466	33.584645460702376
0.01875194655918405	-0.14341108383922527	16.335141684601158	16.33578195956538
0.5542029934107869	0.3734782668246978	0.067834182873404	1.1539406583364498
2.2559958965887517	0.9364262823783418	-1.1884480773940018	2.8743020518581037
-0.09347107727513372	-0.20779751626016196	-0.4465874480685888	0.520419814883408
2.193918143114871	0.9044684432630163	-2.1365141623376154	3.196171543318104
1.6030321141997368	0.44328294377413135	-0.5470004480713972	1.7563886251302834
1.7836227188960128	0.14076785988060517	0.6217123765311693	1.899245023099812
0.28354386139337223	0.15845357992316705	0.0841370741243618	0.3634054078663934
0.2905015836867231	-0.11094450963456057	-0.048277067028338255	0.34425327078098467
0.11593744479365886	0.0385294697077954	-0.6901341621883339	0.7146264463764548
0.38322008477377634	-1.2961884726205106	-28.907642964447632	28.939562258866438
0.027154538372263115	-0.3676806207838869	-3.6006503727749344	3.6221663821142327
-0.35214768271245617	0.17546079635812828	-19.31027705375156	19.3147890011525
-0.4653922630188395	-0.5953289142236246	-48.4215934049762	48.42769036549576
0.20004775086852933	-0.29435969254638716	1.094443345880546	1.1592897625122738
-0.4163174114451593	-0.5503446293486874	17.563021911895774	17.601599037268077
-0.3789416132744644	-0.29872209105726805	15.020154970511097	15.057246719006297
0.012492296884263204	0.208767483668403	0.3151249358686398	0.40314194748859344
0.16447845824893156	0.32684717601933305	0.054785028774824655	0.39542815273778475
0.022248010080653476	0.5913526511441733	-0.209509252042304	0.6430916292093348
-1.7651747401436082	0.24918176522733748	-7.929361780024756	8.128480266247822
2.6563224409439234	1.1304048795337123	-0.01027502374515031	3.0359119656124536
2.2115271370688636	2.0809831018733607	0.1530299163739654	3.0437215523894268
1.9860718055130857	1.4526956956246744	-0.17239785899277527	2.639567920593399
0.030005720855405565	0.10763746944106864	-0.053847168756912756	0.18672297821871023
0.11955279499060611	0.21748063821865216	-0.15753538624841473	0.32540418191918724
0.46297908756659306	-0.02612854314831145	0.16162692270852697	0.5105246157975895
2.102789816048047	0.7923296277044171	0.31453287950022324	2.2733063952314696
1.0565343051012532	0.4551382268191745	-1.1100336732034795	1.6047024907793659
0.2960265323793268	0.013699138140264924	0.05459995178320443	0.30133126122764453
0.04893046071169911	0.06390400700219377	-0.0035462343788716117	0.08056356418794698
0.38242054316998214	-0.23739687396130763	-0.2024082298568739	0.49352997793327436
0.3740007326853006	-0.2600138610781786	-0.06548135031776746	0.4601864439999969
-0.0018505046431346595	-0.3732041461402112	-0.03859139913814669	0.40031717431446534
0.4194128161691807	0.14748054207380076	-0.35743857374178867	0.5872816526641277
0.6244740731939202	0.48292431167174604	-0.9551075960630492	1.2469539140851886
-0.3647645509499853	-0.19392770297142603	-3.379453231095299	3.4046094155967404
-0.08943381313837244	0.007515642974560064	-0.48374625038016283	0.4920013481471951
-0.04137025039795231	0.13204113438241782	-1.0235445388911835	1.0328551601657179
0.08072798039254866	0.1246399894098491	-0.7310007780157666	0.7459318140674812
0.05537068707279047	-0.26721486321788324	-10.171318842944876	10.175936147886196
-0.22173196492083724	-0.8708105554591756	-47.244069471298175	47.2526144916513
-0.08462489931894589	-0.8523816077979413	-43.564410266387114	43.57283049833912
-1.96471708166209	-1.4699463367709864	-656.1230592379202	656.1276622723325
-0.1682383848859912	-0.326078650627433	-138.409213055485	138.40969940751694
-0.10509704928617657	-0.07242631705853272	-70.99158159158998	70.9916963301804
-0.9214061271229537	-0.6122199017807799	-207.23915852820664	207.2421111404205
-0.9719345173321923	-0.5962242622573556	-190.4884468334454	190.49185945098878
-0.09662701153768305	-0.32206490468357596	-192.5427485263331	192.54367502621147
-0.4011006699190621	-0.04766687227894184	-60.75998516560525	60.761488057712945
-0.07308144831942132	-0.10473749921789915	-40.95240728200853	40.9555819513743
0.1065403049526894	-0.2923406591279212	-51.256762845005696	51.26008458039369
-0.07032565160538398	-0.08728773444005913	-17.58698987315417	17.58790088183308
-0.3845085345498743	-0.032638720033767735	-14.801910197870209	14.80759728618729
0.01862255056706491	-0.21040921360182196	-11.400290686397804	11.412929795338558
0.5272915176562992	0.09760548274566923	-11.08712071359793	11.100958908024413
0.1832856182241324	-0.11233594387068309	-0.2608623626869679	0.3657074504296388
0.5218230700382865	-0.297058275703528	1.0259708757654349	1.196928969658195
-0.691946159717094	0.07707452453894124	1.102152770502513	1.3110875198500296
-0.10624169370080887	0.08696629117354476	5.6917226988055045	5.695088892921574
-0.3568716526480429	-0.16875862521236945	1.057663695363629	1.1289328334925692
-0.015707900181772233	-0.011502466440616414	0.22010159682498937	0.2209609870254208
-0.2418977161850867	0.1206538326229093	0.20599923319504543	0.367406207621897
-0.29167903535116424	0.15868416456588796	-0.32687127664506577	0.48639689569623573
-0.08792262548757418	-0.05934390265117139	0.061343418329722815	0.18572799123146555
-0.19018308031873588	-0.03943853312638082	-0.3732919993645596	0.44334152030266
-1.7103570280561635	0.4963034032410139	-12.131806736665773	12.271918702444161
0.008506055160460487	0.005295397413398451	0.013624123008829425	0.016911857849401538
-0.08886469373818888	-0.022199983329241765	-0.261085871717301	0.27668683644760567
-1.771340377919742	-0.46666138846349126	-18.25943289410655	18.35161543257736
-0.17760711135976737	-0.13010085198928673	-3.723743549384819	3.73285632246661
-0.18117318102843918	0.5248692823442366	-8.451627329462648	8.484222766028271
0.043452750319270816	0.2186327512925068	-3.381116451284665	3.391329630616264
0.0007873204937631356	-0.0399761822641852	-0.4142497663982523	0.43895485973273685
0.22774544401714192	0.4595988552757669	-3.2910361569956015	3.3336913274317608
0.5212180299282464	0.9661574312284328	-5.902471717406973	6.005312695965918
-0.20973926874246693	-0.3727358423401141	-1.3150085715970512	1.389838083120238
0.9034833290932237	-0.15911217761368573	-5.3824040291092015	5.461808466843681
-2.852971508931021	-0.09974698090820786	-6.23393251255775	6.857899842298445
-1.9062092309746879	-0.3694919106913065	-3.2863674440312503	3.819666041214586
-0.8261080749778209	0.00400454874443304	-0.9058732478304172	1.2339192493794062
-1.8358934678476906	0.24416627436063215	-2.5031517350618535	3.116948890897016
-0.24108542328421695	0.22138779290564625	-0.6923181692878349	0.7784079705359026
-1.0212998105210673	-1.0781496359932736	-1.5561629203956975	2.155593366170266
0.042031994804385076	0.11831415066508544	-0.022626290128414363	0.1890943170478999
1.3392492301914831	0.7003380790923	-0.5126003818225423	1.6019678092707699
0.05451134452535895	0.07873952969310857	-0.030091198191033303	0.1003836661356137
0.15009584253830016	-0.02231481314641367	0.009119324788851137	0.15201932415862832
2.0765002899466873	1.195520367762485	-0.12639546464541296	2.399395385793378
0.10641403671796106	0.08658152998866317	0.016414113561579027	0.13816559510168144
0.5747698800460882	0.11542211874548028	0.052205668954113285	0.5885644504851077
0.21982941288939345	0.09908775531062769	-0.04610498487665027	0.24549750233815099
0.4364179514208553	0.19415168244724854	-0.1385859524428209	0.4973545720448914
1.2590910797405848	0.31771322755347137	-0.3658865552267969	1.3491200885541983
0.4382801644794361	-0.40196244262234865	-0.7485243174485174	0.9560083481156505
0.29732437582258653	-0.37404779906572233	-0.7667675540849588	0.9034633486985687
0.26670325500195635	0.025945559450621027	-0.34876525360019134	0.4398192815266858
0.2258785289314127	-0.0540498865536544	-0.4971136946769994	0.5486934713518093
-0.17572744470510326	0.17509089439895542	-8.072935255054992	8.076745668178104
-0.20416185757193459	0.03807548591889301	-7.2650291374197975	7.267996985020964
-0.08616747324023981	-0.0072774868429997565	-25.910987723345787	25.911132020709477
-0.27384231171576917	-0.07432311567204378	-37.46610237053186	37.46717684022087
0.102531709736957	0.2772991879292321	-8.661636610819876	8.667804575203752
0.0630331215345106	0.1528216265931376	-1.3949003616146955	1.411578700497342
-0.3331444150366125	0.21263345877534556	-14.601623591258793	14.606971270248536
-0.10345787192424893	0.009705696709589848	-2.404562273880466	2.4068064859437515
-0.09363833273462827	0.1660926539497406	-1.9451751599081357	2.016848289256539
-0.15171416437395813	-0.1199368072867959	-0.050849507537224344	0.19996924221143758
-0.06679468539774311	-0.012102705793812077	0.057397402579261354	0.0888958227801556
0.019896552089002848	0.08528863388714308	0.1139727873813255	0.14373524313415395
0.015052401140916853	0.1765624115056126	0.7180792988701168	0.7396206726441482
-0.39193971795107063	-1.3092213917757611	18.489267166912015	18.539705438993394
-0.0642906232136446	-0.14368051314697972	2.7627975412368246	2.7672780178282808
-0.16250480365846875	0.14427615986920422	0.785737069994062	0.8152338098248472
0.003977067950309547	0.10135873860739457	0.2656436654955711	0.28435183836136246
0.009855265935219737	0.3782568538514524	0.9261389784983447	1.0004542874345688
-0.07870307955673572	0.12995369981545243	0.36798351138987406	0.3981130536446403
-0.0025111353701141315	0.12543701962707815	0.7946198806595894	0.8044634898074812
-0.08786408544357849	0.049354956512270634	0.32344021835026976	0.33877659908800484
-0.005752791086194725	0.04025737300704002	0.011838484865003274	0.04235446151951721
-0.08992716643491741	-0.10087537693109026	0.06246578624736476	0.14887817632381292
-0.12610229783124602	-0.089456661812848	0.1629640547355394	0.22463652195684117
-0.12628948403689663	-0.03645042912672252	0.3779257816581372	0.4001319332467001
-0.016234262714941234	-0.009564344378125684	-0.030501589278594712	0.03585212570826444
-0.07603774630506463	0.05481456927945323	0.13182284678351713	0.16175178145095023
0.02855430969093984	-0.047566259749021775	0.2144557066330315	0.221515570053011
0.10279692042663104	0.017779854891549155	1.4703683070330371	1.4740645468962217
0.16744322608929652	0.03984131727382716	-0.10766114323606636	0.20301597545070646
0.3006203230674941	0.0479787820067251	-0.0041871790555243205	0.3044537315135034
0.035500598464000443	0.04229686486747555	0.08102741035869093	0.0980548749341683
0.03607154293578785	0.12288113681258728	-0.03248950212430753	0.13212304016486895
-0.383165252914678	0.4681178182824274	-0.7420055849815317	1.0771453631606338
-0.11177758784771423	-0.17245017327104134	-0.0880368387710874	0.26355940751009455
0.26344525864396684	-0.06895023508890955	-0.48812715625226966	0.576112354312707
0.11589464816974954	0.47691134271376046	-0.07033339455747387	0.515075304759808
-0.20407720153809566	-0.02931071130861196	-1.2647011045734393	1.2813959208200698
-0.16912374018699325	-0.14161036704259156	-1.8626619434097809	1.8756774378810115
0.7261567792607848	1.8970789387422646	-13.411744835188324	13.565418956928188
-0.17478933219755263	0.2647691566337374	-2.2770374320714435	2.303265783384349
0.06758222388537573	0.8153018050306411	-7.24765968094344	7.295021249177049
-0.15004627300264636	0.2706031698546427	-1.9523354269619448	1.981623920891157
0.7063721980789976	0.7954149681726151	-8.535040192003107	8.602211199326627
0.27529801580471513	0.2195326254324061	-1.0347121453442758	1.101858693189926
-0.10555550146183279	0.2656502773078466	-2.859455608687832	2.8770954444854446
0.4685274115087399	0.3167405147328907	-3.5103787153353374	3.5583817950000416
-0.017124557717324462	-0.034560690289039374	-0.020140516701812328	0.04351243734020033
-0.8569243705207116	-0.1413578295582784	-1.4154167343334065	1.66648904271849
-1.7238782701145654	0.14078372768288547	-3.908770541962002	4.376397523393344
-0.5998084836219492	-0.07421447592764045	-0.8326830322184244	1.0383250081292204
-2.0210022250652586	0.42579856167219177	-3.7361449404895195	4.271301114424769
-5.603696224841356	-0.41609128134354306	-11.120942113024348	12.495306662937486
-2.0899021289293924	0.09294154918177744	-4.082337664868813	4.682371368759048
-0.6455561975212664	0.2267958406475464	-0.7191530470487948	1.0024171025440007
-0.47679213152161526	0.020937965934816255	-1.1224932754160943	1.2197377949595407
-3.9106717129028463	0.908546339051527	-6.372790035511535	7.532015834623391
-0.059044510859858845	-0.45102508622203424	-0.10905978775172648	0.4881431192475474
-0.6723003545958154	-0.8374339011797509	-1.0000281475044257	1.4740486377104147
0.11363259825670352	0.019792876470476926	-0.6128811410964419	0.6390674482065422
1.0194776668505883	-0.13289557018369352	-87.25133831194334	87.25750691462524
3.515703531681087	-0.14982780169191384	-619.1669636845228	619.1769787530775
0.1024809770051342	0.322445989590401	-18.077953498628904	18.105447441539244
-1.0421686050618924	0.9775623530323064	-12.004061885002455	12.098882809450277
1.387771716245647	0.41238338583770684	0.026740403509416033	1.5311110849988014
1.1639866599239583	-0.14070594276287213	-0.04718385855957046	1.1734093161886394
0.1795687553450713	0.014852821091770586	0.031159261779634705	0.18285634740203582
-0.001067483074405278	0.0038972958412460956	-0.24896019430080868	0.24899298540578366
0.2843644925088778	0.5024335378383017	-3.879586834354089	3.922307564411302
0.024256163793614244	0.041860961387404506	-0.4708551196243739	0.47333417925049975
0.8013083277373763	0.3127084096141686	-8.645145437723547	8.687831790782841
0.15221227200369117	0.01367552345752919	-0.6066878185212259	0.6256402359442742
0.08726490462006828	-0.10386130127994878	-0.45991066879242337	0.47949990276433646
-0.023932727189573157	0.01569198329316647	-0.5394208201214467	0.5401794469904402
-0.09143185045341241	-0.1962412317448457	-1.851520905371706	1.8641352062933991
-0.764773378478938	-0.6539955502303044	-4.317738928125925	4.531914577361883
-0.028840648115734797	-0.010444527897636662	-0.13354943232416788	0.1370267200981167
-0.5377352527264809	-0.9762123120028375	-3.982789992551001	4.1357908318597465
-0.4381838631489739	0.38632305555343505	-1.4025869579808348	1.5193751267788458
-0.23895690884668383	0.3114926526996208	-0.7520728087934353	0.848375852259985
-0.44426155019179425	-0.026554014848035712	-0.891356506983304	0.9962880422974287
-0.23055356548037761	-0.10998867235324035	-0.5817070300772613	0.6353231645729999
-3.189044785370487	0.8915888077815768	-3.400298006587466	4.748309548014195
-1.6707050981268419	0.26394486664961425	-2.054648068953136	2.6649542002988635
-0.21899097754024346	-0.04041910811476675	-0.45993436670038434	0.5297264946337009
-2.283975008550407	0.06674906721646558	-4.1159919707366965	4.7097629415636275
-0.8085768272688173	-0.623729669394749	-0.9633964579265769	1.4039116500780473
-1.3620521966383752	-0.8474637551012638	-1.4431784090265316	2.1578102147450577
-2.40149456823024	-1.434280531749233	-3.2806457417347223	4.33988352376609
0.020982191882485946	-0.5896911714581611	89.14378359512939	89.14710342758048
0.02133232150971091	-0.09502041203531152	5.698674615935217	5.72084751303063
-0.3476294115667065	-0.2590718322351767	10.130609026912705	10.14084234485031
-0.2880207148599506	0.0449951268975211	0.50942611436398	0.6033036089142383
-0.1713767454628319	0.17686649349412722	0.2660381680033156	0.3884685793483186
0.013482503696859618	0.04471691275089627	0.445934618138311	0.4695943448829728
-0.15121165188486407	-0.6276322640903166	0.49205726266763783	1.2416518663606375
0.2399139890953645	-0.22855583983001398	0.6346179147975559	0.7293943904130683
-0.20720673722075061	-0.27314038254793227	0.019411867855901155	0.370670886423192
0.2514295871425801	0.06895789902078997	0.024415578269105776	0.9741246031644332
-0.23797226620838	-0.07691599318124923	-0.040247890422422085	0.28921712790715787
0.10706622805566118	-0.11649183693977683	-4.963264010639347	4.965785251556035
-0.10946007548073015	-0.018174509893031633	-0.2043321822590829	0.23251550838784504
-0.10774729817428066	-0.11520052887992471	-20.687693465831394	20.688294796292915
-0.06540880993308809	-0.03899391688291266	-3.2032531459815115	3.2041581663849223
0.18638619786051067	0.2091984013779306	-31.715752779326422	31.71729745627996
0.21515017197883557	-0.28803372483459283	-6.521655382398539	6.533048425873821
0.4779380292625125	0.3073276299595683	-123.16616961399961	123.17106398907728
0.0006290710052244339	0.10945269806313547	-7.343312739095064	7.345454516767461
0.005319730404294461	0.0592023884644762	-12.742478229029482	12.742616867803168
2.287841483649951	-0.067218392045963	-338.4514097193795	338.4591489057458
0.11571449536764275	-0.013825696232532169	-6.256493886278564	6.257579143994563
2.0083348606766576	-0.09706603060983073	-292.0113153109521	292.0182709697188
0.9270676410211649	-0.4491733842056529	-112.05742696668776	112.06324941512749
0.8998186248369062	0.003224519060758463	-43.537485873757454	43.54700724444398
0.023591514213146234	0.17784720339654758	-1.5869100119952382	1.5970189646555764
-0.08018974287819716	0.47108432346178997	-2.972593221333643	3.010757594724798
0.38713563606883716	1.0501553505673686	-7.827927141192325	7.908768764716486
-0.055615664997180986	0.498342709261119	-2.792132178365124	2.8402324630967732
0.058354562474750016	-0.04276410815799801	-0.23162221307597392	0.2426579351646681
-0.06556231951819011	-0.023423009433090093	-0.4524876855025534	0.45781236401277486
-0.038703755727102745	-0.2791080461686753	27.48379930248578	27.485243738803952
0.03138940382008751	-0.8184083127849523	99.40980930678836	99.41318304869398
0.07771650140657463	-0.0072842175212580185	10.82354704566679	10.823828507703647
0.022826156545447	-0.04568677046860186	1.3004459942226265	1.3014484616411683
0.05989841164107994	-0.04376629154616088	4.151521369549446	4.152184122822414
0.283271164206309	-0.023663321176915837	7.595127102708524	7.600444606175189
0.34226751774858394	0.03307184228917395	2.896302970990078	2.9166439104258397
-0.00345081526683199	0.006022021406575872	0.39074312015800894	0.39080475792733577
-0.020772832529747313	0.0113040047098509	0.0330052773688089	0.040603441085470364
-0.16139843287006775	0.23040542664403474	1.8705741455987979	1.8916087726965658
0.10005019476719121	0.3160953154644701	-0.025280223961331637	0.33251372852120087
0.04236439094163086	0.11846237964469213	0.07599250593223317	0.14697937939996542
-0.03819634466477389	-0.15398802756407978	0.08695159518782877	0.22849866123138232
0.05285505577440261	0.1883222623730467	-0.12784639039558518	0.2721826883976977
0.13840334480735106	-0.016730153478676527	-0.2594776994121398	0.32595067921619564
-0.0263133797873097	0.20920511018461263	-1.3466384844833224	1.3701730419456972
0.7268966836154731	0.05508039075646992	-127.34545293830817	127.35099586298435
0.13889358798707638	0.12311466306821067	-29.672634534714962	29.673543244188167
0.6348542224031173	0.21191326171604702	-49.34074077820881	49.3452798923726
0.1331659463298527	-0.005895058667644143	-12.828473228511164	12.829165728745041
1.0097693757245039	0.7697322138278425	-170.58415857442697	170.58960957259532
0.14509444800042218	-0.13714550708238044	-30.58185737276905	30.582509080475106
0.09938500552287276	0.002074302287696679	-8.549204834725309	8.549782745084423
0.42921502313109305	0.9420521258357161	-45.08182632095038	45.10347107229228
-0.0339142785809757	0.07555397172414444	-6.043358958277808	6.045537681995835
-0.10181889473074585	-0.019709366688759833	-7.412694993235224	7.413420439257038
0.028832117093083785	0.03797547528718462	-5.278439975562119	5.278655321510543
-0.003912175648458379	-0.07239922082906827	-0.4351605539487578	0.44115944964145376
0.07115793576316036	-0.17094719595738064	-3.13328346529472	3.1387500170477187
0.002191238367250349	0.0050241250769420855	-0.01176688802826227	0.012980871012398598
0.4513841496345166	-0.10147787264555387	-7.751332115038364	7.765126848081944
0.5050203858100849	0.019511324976754233	-16.018048998992935	16.026020092837285
0.358686158033394	-0.04386026291031012	-9.41658902345882	9.423519967638063
0.006615882119761107	-0.008159633453309646	-0.28942938565398	0.28962040659340715
