0.22495773445149933	0.15410567698007557	104.57653274527024	104.58110894109626
0.04514076736784924	0.21304104632357182	72.57269561868159	72.5791041920676
-0.1089306041610701	-0.254302125104845	126.90819549481584	126.90857378042924
0.36415207540526906	-0.531049326634002	59.37023742294176	59.37389318179091
-0.10681221554684073	0.20854492780010492	-0.15123096652172563	0.3118500063111631
-0.2747231970867784	-1.021179572011719	2.0719204259873347	2.330367908686342
0.9975876488142019	-0.8409649323685493	0.6426818873694266	1.5359567328844306
0.010031219698224403	0.3784660693426299	-339.2666839232514	339.266923877432
0.17190054351707473	-0.17968253556303032	-4.42001245886639	4.525609078553067
0.046474122375323196	-0.18117970448034543	-0.1241924073425277	0.2643661633183682
0.6711609944235706	-1.2432732377345472	-2.0105249925168556	2.630815074180905
-1.0526810687593438	-0.15059191122383364	-2.600470472698765	2.8129596194272857
-0.7627148306806717	-1.6004836477917692	-2.6407144939739853	3.2187536098423832
-6.241940802104471	-8.276419754361077	-6.001452609236207	12.014937908335732
-2.5182362136427594	-3.506086620370331	-1.1872788021234175	4.574557875479694
-0.20756583356576563	0.08251530830745851	-0.18539204455851485	0.32209058734230717
-1.310388401432741	0.1689287704529457	0.1017501401993882	1.3324742279034119
-0.4466185415397309	-0.8800292784230946	-2.779793820436395	2.9530751974112204
-0.1662190234264734	0.5820448302980649	-13.989937607229376	14.034425880501715
-0.1337010329058954	-0.1292750578813618	-15.56971997035044	15.571456185817038
0.07232787589664944	0.3485699224238266	-36.439879370699046	36.441885525428674
-0.16815478707115633	-0.35572711766869136	-145.8822723807103	145.88286977078326
-0.018151355382838366	0.08558731042833531	-13.38823731200073	13.389250642465298
0.06581342127411198	-0.09906887796317189	-8.45340826618783	8.45539692437638
0.25500394758624356	-0.14273471535041482	-37.12840296137815	37.12981533026559
-0.13855441074830202	0.7874635113048347	-106.48251506883481	106.48965049282452
-0.06522957829576757	-0.06571190862077791	-10.47854305204607	10.479881546625533
-0.8754632324119768	0.21434011133516184	-82.36909631810721	82.37937093963004
0.06478735313675049	0.018421180226129	-24.62644343139946	24.626931043185746
-0.006008766810334576	-0.4730592897199738	-3.2513974364040883	3.2885994391570468
-0.08355425523913608	-0.03902985884177861	-0.027685765935579736	0.16956099193274254
-0.06165585570216149	0.03679711090974436	-0.039377025457699735	0.1618202921378099
0.008045081390441064	0.34811383837168297	2.41147010212078	2.485991947618264
0.08247916466836541	-0.058304723119728424	0.06498526785890019	0.1841334387914171
-0.0795481991431718	0.18281223945917122	3.4010064520978154	3.409702758745104
-0.23476740963604695	-0.1964000455175152	4.938191121666166	4.949636355684025
-0.07298596889240325	-0.032944470207021216	1.4214529339664614	1.4237066879291689
-0.2253963245892354	-0.14117083104813932	11.454803731108088	11.457890784297296
0.1818743888131204	0.057746374255915736	188.20705509545346	188.20720358271362
-0.009238632799546162	-0.08166897327167504	289.50621632345155	289.5062616332841
-0.06029702455201952	0.04819571410218508	529.00069901355	529.0015390404526
0.13573501747215583	0.03705510304435852	188.84828053288604	188.84838452337405
-0.069049487904465	0.21246312596903666	199.83375077672173	199.83392439145442
0.051687549614724805	-0.13361446234979818	72.76073428147453	72.7610091834327
0.1058638330432859	-0.45971640415875586	212.47792578157166	212.47849531316663
0.1484327321959092	0.20393993850356615	13.82469063078021	13.82769592506959
-0.5112569831032735	-0.10810219263500881	25.32015439633031	25.32593074747164
0.041451927727230664	0.5713551835038699	30.541210184410065	30.54690105921127
0.08322360621622002	-0.16606038336076046	4.633661134123589	4.639482461475748
-0.11930067326723753	0.1013106478103595	5.093440752967627	5.097755877530151
0.030954465911654606	-0.05911582003710196	9.27349987507665	9.273739957114671
0.008098409077448666	0.0700371198727754	6.1608235677764185	6.161226973230171
0.12227328887859967	0.18137709553701983	1.3878485474086548	1.4118965200760811
-0.018921324763045148	-0.03513441693043018	0.3758756949097133	0.37798807098596354
0.23230598215332482	-0.48040362154672184	5.9460176338600546	5.969914522931979
0.1028673165469336	-0.6698138288792067	1.5895638555955007	1.733616245334308
0.5913897280561922	-0.11962412255386833	4.012419597815963	4.057531610484973
-0.004211570820394025	0.007980424977255172	0.07985350144160427	0.08036172101241437
0.48530915848170497	-0.42376041541743364	0.08916727493203438	0.6652281238791563
-0.5414231858808982	-0.06251116169631649	-4.063678520344546	4.102439470992311
0.08519388386099544	0.4201211041921219	-2.1114026843845752	2.158995326665002
-0.054186222921580963	-0.03870753221863953	-1.7120284165832695	1.7133230048632326
0.016677853236053225	-0.23734845150234526	-9.487385842044738	9.49036893666679
-0.10199395497733185	-0.0582301134098539	-4.788091413020448	4.791564742054496
-0.3823691525892015	-0.19866550220872045	-122.59875195287584	122.59958863853618
0.5349333754639775	0.437084910551341	-89.13833455836928	89.1411205031656
-0.18230075690711361	0.2143960496410336	-41.42940930358557	41.4306002160359
-0.030850207623774578	-0.21299078798183216	-39.95659201698525	39.957415359452185
-0.1829673385204772	-0.5898218708540546	-813.1570333918883	813.1578107067332
0.10362824603914414	-0.1940729497680173	-0.44080200681516746	0.5120442532839204
-1.8579188368451738	-3.080921927109801	-1.466678275157203	3.91647895825679
0.03702243868017498	-0.0023493119544819585	0.02168477065097199	0.04296986747328945
0.22914272642605105	0.37037429694280766	0.12876309426248292	0.4541623535189729
-0.297241021675467	0.2842980164913244	0.2599747382079014	0.48658447535226995
-0.31980793416521996	0.2749587605238371	0.11865648033006287	0.4381310250006829
0.2435391626155977	0.17485072347750816	-0.49971698380023855	0.5992336339246342
-0.09373896653750635	0.17188647752809158	-0.11039125675414976	0.2645712937419619
0.2890259395473385	-0.40446772046238216	-17.34881387120509	17.35593480249178
-0.015584523338221981	-0.017736218496330485	-0.7571558045933585	0.7575238367494748
0.06592304779153435	-0.3671532541724125	-5.182459550076895	5.197741253021617
-0.24399351377922607	0.10386386585575658	-1.1636599066156224	1.201625857145857
0.03515328479641658	-0.17750393193246128	-34.61479942878711	34.62798627537189
0.14088503911687106	-0.04864000027481123	-4.298552275170485	4.303399341351795
0.6508660697097901	-0.30861525740565404	-28.013579391947445	28.023186473912016
-0.17608963837320055	-0.32855881775763396	-122.1330550453322	122.1346216807749
-0.8389696620549222	-0.6497853925206344	-171.5213643857797	171.52470379421877
-0.06913919596434367	0.05386474724624933	-4.744854689905834	4.745664091329674
-0.038641386777169655	-0.0550625845536267	-1.3962870656351838	1.3979065114126565
-0.3663561911657109	-0.0010490724616848517	-16.8324266878246	16.836413102568752
-0.01930064999697077	0.01504289773898282	-0.5784841186591376	0.5790016757527835
-0.021449484364447383	0.01626761191025171	-0.5694471019783056	0.5700833085166194
-0.005049509742538226	0.04175990105093369	-0.1839310769158336	0.18867969668155118
-0.486073932096755	0.7269081135790195	-2.2135319473957624	2.379997259492685
0.1657986363947746	-0.1839334645844616	0.022308148855919422	0.24863298399405492
0.3009884140252395	-0.16693993059174378	-0.08098344189026158	0.35358348895812247
-0.08170208311612073	-0.11798043404881986	1.9552440877319461	2.0226689714124237
0.17317512559234338	-0.06885043999142197	2.5700195717037784	2.5767674722705207
0.39484364233103975	-0.01391767170105495	3.796955647900259	3.817455618025768
0.1260226141444862	-0.36767664706442554	454.78291297483383	454.78307906263547
0.03042930048718576	-0.18449869118240494	137.03642015118757	137.0365477292908
-0.26093400861214877	0.020327305496539473	148.09241059261356	148.0926418661219
-0.08522272065586455	0.0737291380062044	39.757057808507675	39.75721751439515
0.044934273183101454	-0.0007015265520490879	12.491312247637966	12.491393086803264
0.13205971095253957	0.20407985012635077	29.48253685204174	29.483538925720648
0.07301926066293266	0.010204115643287385	2.662198657161776	2.6632194101496385
0.0910261908209039	0.18277923727230846	13.116882694775502	13.118471924942106
0.027187663336061752	-0.005847701341844312	0.16618859020945398	0.1684992942550924
-0.007864513861429782	-0.03884407975535055	3.9336456040433334	3.9338452500473067
-0.14740648238336054	0.18564464759219065	12.406480236161299	12.408744676899808
0.48096378200258433	0.3339749688745329	25.481250885669215	25.48797779616601
0.49784410405606994	0.35997808548245913	20.60729200937995	20.61644772830242
0.580106349113887	0.25483817120212954	20.328961918724115	20.33883375620931
-0.1558585760102215	-0.07815406524717243	2.3432123345430704	2.349690192000933
-0.2539728171828918	-0.03185660914390756	2.0082067430982895	2.0244533480521114
-0.012418983324903939	0.2722831748847205	0.21110296420529978	0.34475617466318365
-0.08095957953585409	0.11671047553531907	0.19331309789320922	0.2398869367751651
-0.2215054810261794	-0.2240452335577588	0.37619700881309637	0.49069861854758773
0.020112052969263987	-0.029920934569018304	0.04318025061197391	0.05625203145696022
-0.032222769767744096	-0.05537478163157192	-2.1163655784411053	2.11733510218449
-0.042487778764540116	-0.11409175282817748	-16.3337961052122	16.334249825016546
-0.2498184588549513	-0.15738789656106517	-38.28151786431358	38.28265651973657
-0.1066054985138451	0.018106046802707866	-17.915687393822402	17.916013712721114
-0.016115607336048613	-0.31312384448393465	-89.42172249966522	89.42227217568293
0.018873214491193075	0.00766025637765223	-5.359683991122988	5.359722694548013
-0.1464298318679029	0.07786282378473273	0.07286250840783473	0.18114430744595986
-0.30745611922714655	-0.004562375782593227	0.030060510196614633	0.30895584603026977
-0.2390207690137825	-0.20105340537488942	-0.0753886552467098	0.32130491619750656
-0.6754833829381266	-0.5877324053067648	-0.4596226162068616	1.006459204440026
-0.05897212373973247	0.09905270165177169	-0.219847560426331	0.24823798844717232
-0.14226141122773128	0.3218870151619475	-0.2909929379773924	0.4566469638649621
-0.007758769738770328	0.06422137448454052	-4.365168135368244	4.365647424321256
-0.019519376451701022	-0.022116130160009823	-16.11354938303488	16.1135763829379
0.0033722159397324286	0.05156428178655748	-22.597077856207715	22.59713694003091
-0.13626026531509525	-0.02491589726732237	-77.02590863780533	77.0260331910022
-0.023490931165196984	-0.09856547480869747	-1.5134607126562776	1.516848807701453
0.1703229767636064	-1.1348570555370607	-19.113613512564328	19.14803206495638
0.3894283015733905	0.19529601530249324	-31.402696339324358	31.4096601068457
0.7751517526027196	0.07669511171161861	-55.35336094881637	55.361042535812814
-0.23367439345177637	0.184211520680761	-21.673530744752235	21.695871108188463
-0.5720361768908921	0.8105719698089519	-40.417808929306375	40.44089913363364
0.24972013738346477	0.06113912303438421	-12.686772193000476	12.690144467316776
-0.5080809875195521	-0.07086892738360061	-13.879218186042173	13.88939688882897
-0.15249908384205504	0.4919713363323298	-93.05182532811823	93.05335549267349
0.49340499021947376	-0.16153063397498613	-7.464632790551773	7.483967070529281
0.499452573805343	-0.05664516726570695	-15.669977361512974	15.678658483546497
0.11416641878514655	0.02286955413525308	19.37061886779213	19.37096880150679
0.03117266582766364	-0.08638433779744231	15.355760791216666	15.356035408463304
-0.06429130014928042	-0.0585027354430368	7.772263625008378	7.7727496935098594
-0.018596628831067746	-0.25923990058101926	14.099313008523838	14.101708352997049
0.0008370472718657179	0.05932205008595055	-0.6092138070081218	0.6120958004461919
-0.071462312597064	0.006973275088678357	-3.107565149228164	3.1083945446781125
0.7976749932863265	-0.6688739646352544	-65.712325189514	65.72071849403976
1.11737393867524	-0.3887055810042589	-81.0726251446261	81.08137667907157
0.622033151188313	-2.13804061555462	61.540539803283906	61.582789009080365
0.1812156399832771	-2.9887613989563	63.576665908079384	63.647289506942144
0.15220227197146932	-0.21581537254772107	3.7511065944244444	3.7629805041025235
-0.20588227812578433	-1.082014906319985	64.5042605784378	64.51381446113575
1.105220930049599	0.7853916267405017	3.17015149262608	3.5736543737011233
0.3026315378267286	0.3745446819878773	1.4438511760144794	1.5284160329802772
0.16895140185912608	-0.04614612428750068	0.2442576702323007	0.9852342073559126
0.07967200911240294	0.09539596418611707	0.08497734803550715	0.20530210324824605
0.006712890130721891	0.6846163968357926	0.19725524242446751	0.726040005285016
0.0020691808613228987	-0.26689721846963377	-0.4642041256545417	0.553356722115998
-0.01373538207748451	0.11148045004393148	-2.7569634185702414	2.803066853501237
-0.08025852945499615	-0.06895402153080386	-0.3343200542256209	0.35066506426071453
-0.3417171797474734	-0.08219114401490403	-0.6352973452062873	0.726036315837715
-0.5502203053790204	-0.029559731026351045	-10.29990468855054	10.3155771792118
-0.8946450289203927	0.04631419930810396	-22.63070756089877	22.648861764438646
-0.06043064198932921	0.026024712019060033	-4.473472235291833	4.473956078020196
-0.3173669211242834	0.22266748485873694	-15.448934364845606	15.453798095638005
-0.8356098635373955	0.3451434048720158	-38.29598024997984	38.306650481617595
-0.7149077047443231	0.18652482004871768	-17.596624641854813	17.612681882837407
-0.6313394549625116	0.349472093472462	-42.68006287205778	42.686162711285185
-0.4052943526564232	0.10796168158601196	-25.284877539092232	25.28835604391627
-0.09144332501701039	0.05841291991450301	-7.926718860115438	7.927461500266833
-0.20612494328795045	0.31264131265859163	-16.285518479413213	16.2898233331714
0.2993964503244019	-0.3443973746743295	-121.90867137963825	121.9105410579695
0.912533003894893	0.14352197383201254	-471.1936559923377	471.19482009292943
-0.02747606106619163	0.19461826227333964	-79.9384642873962	79.93882775981994
0.9832692770067714	-0.7007967632413332	-174.03944620881023	174.04363467603127
1.2941128586077972	-0.24083522834245755	-475.2640542792015	475.2661376905723
0.5727222675990261	-0.6717523749557279	-59.23744458112731	59.246111418921764
0.6520882168502398	0.2377974197432821	-46.8802863800617	46.88563210107005
-0.039112669793584985	-0.044972833771166267	-2.146806324643716	2.152163919673883
0.0064646276964977906	-0.012863202517310105	-17.25489330877629	17.255463776309902
-0.1514532764270896	-0.12202054731236023	-17.47087131449092	17.47251130723082
0.006687979571410832	-0.19910479127388162	-9.324722851907268	9.326850685620553
-0.07049664737462122	-0.17886520863572666	-5.188399593838283	5.191960408698493
0.11533353359441825	0.08822293711779981	-2.5495630326928604	2.557505924368325
-0.0069445238507144375	0.06254933346883974	-2.710042367997574	2.7143636577973127
0.08570737180801138	-0.033587467454300295	-4.1512671980926745	4.152287709385323
0.02537554674414197	0.017465887943990278	-0.18623111277037002	0.18876176248892795
0.3522628409969862	-0.18119811924562096	-22.00060543970219	22.004614092637908
0.6264675251041842	-0.37125134081833805	-9.278327098741816	9.307906459253678
-0.09657056706975906	0.35349904204442784	-2.5509823131969624	2.577168642016706
-0.09499505897844426	0.13520567473771566	-1.7629108212922493	1.7706380769487913
0.2679596002045621	0.10344646198116508	-0.2803434729842508	0.424942073208903
-0.04994808922103208	0.48525087036384107	-2.177419024873347	2.2357541487350736
-0.07097458114890957	0.1819765016463174	-0.25423742274967365	0.34967025945466335
-0.2900726546846999	0.3660431247353602	-0.40274029159135444	0.6323047062397565
-0.10985181199105315	-0.11458551433818129	-1.0333089689780797	1.1561334821137241
-0.1396596482249339	0.7179707865959246	0.30849690108340316	1.229027175706683
0.35856692190704414	-0.12409805468946367	-1.2394978842169955	1.6002112868437122
0.4538139135086292	0.9596813132225829	0.6464676498031893	1.250733983781003
0.06304144170748971	0.3533932098547545	0.05240062919613503	0.3886985914357759
0.6773518073539103	0.9381576256601422	2.151170604911597	2.4466221526516128
-0.2530116548286917	1.7995630418946176	2.6374971785469135	3.2059808469445183
0.004321700734055814	-0.07199628907554284	0.493746426193786	0.5181384573808624
-0.2789389718778834	-0.01735882707447588	0.5439729828983282	0.6272915350401256
-0.5550710745079723	-0.006120673891686829	0.41864294212809894	0.7091424809571025
-0.9260957693951746	0.578633449775455	-0.7313676632950027	1.321683958858651
0.05498273307118112	0.1347492727700423	0.18706407616381485	0.2750513060122667
-0.021478914586852846	-1.3642379744509796	1.725015285614791	2.203806732726493
-0.38695160157002095	-0.6058212408466688	-0.11679204143257069	0.7415329282375727
0.17549684091329387	0.5223345360013567	0.2824904105763491	0.6347543821336668
-0.7390431031508881	0.33423646964101605	0.4663278259406953	0.9459599104082368
0.10903107037396445	-0.2625300764318033	0.474653855442104	0.570601334316907
-0.8335782018042525	-0.23669335609068642	9.49030244251803	9.542559235142548
-1.125065870233187	-0.19416821531807035	34.78881469155771	34.80782357368304
-0.18155202160089415	-0.17906901450968443	10.02903139879409	10.033243614674298
1.0741435676102198	1.0338790450343254	171.7758512017243	171.78237751918977
0.46003192427248923	0.08348417237682267	66.76822769483621	66.77001054569921
0.7379231456880131	0.7092885961983977	245.77482869377044	245.7769995750594
-0.7917348746684503	-0.15456483932257015	99.89110365481383	99.89558070165309
0.8889957826436089	0.8257849611447814	73.58498625706456	73.59512155395146
-0.02809139672858908	0.023283527999457813	1.799238370201652	1.805012395235047
-0.28180707903650193	0.031559292176662535	7.971907049234891	7.9922107806763165
-0.31770971833935185	-0.01235603841547428	-1.2161446168382017	1.2647448955331397
0.7459924881629526	-0.14621275664084546	-20.92589069587803	20.940159124594416
9.767252970792741	-0.44847961141571263	-310.3112431487773	310.46527578600757
0.958424912772466	5.135913558291953	-223.90607463957818	223.96706437929865
0.8386000694171106	3.853457997105124	-128.94384219735548	129.007546987846
-0.14279299487856378	-0.12030388831360866	-13.160227696739675	13.194953826666612
-0.01273886063525878	-0.21492213970749766	5.95930406428422	5.964825103907171
0.16277026667771738	-0.7006689570435372	20.04314864512527	20.056538049787306
-0.11188838773702213	-0.10980316450759454	7.329809658866163	7.332814273275577
0.1459450668465308	-0.7021823672968789	17.270341064778425	17.285789548590245
0.04023703137984617	0.011975221965809569	6.6103530911308805	6.610486397691094
0.011067228790529134	0.0053340553724369	0.05117376285333823	0.052627841532670125
0.757899703599954	-0.6786566960512964	20.424252952515403	20.450050741380725
0.0863312954166825	-0.7680056368951735	21.39453362360879	21.40894286291357
-0.12069196194959697	-0.08538241762256978	4.997150372321377	4.999336811069042
-0.14293681018043478	-0.12320334790181449	13.949492177932566	13.950768509972503
-0.10466343207088293	0.0668915192691676	15.780065189790534	15.780554055653496
-0.014674682904237235	-0.054385252385393164	7.565554024867951	7.565763729141361
1.1090905137119471	-0.5752676950539619	154.4757052623765	154.48082085094603
1.123847922836363	-0.42206560605382387	99.912147450643	99.91945687158936
-0.17001444917818248	-0.04275344451163741	-0.014102170470391685	0.17587393541666843
-0.009361309305861987	-0.07549218209433597	0.01662272757999116	0.07786538859777817
0.2600349731299756	0.04826907229355479	-2.2481034297616236	2.317656754913626
0.04402835924728999	-0.052609835149035084	-1.14285020359152	1.144907367004683
0.23274447826833772	0.04229259112113749	-2.824433851899035	2.8343227126037287
-0.09915155837356689	0.04963005252104966	-5.95155736450544	5.952590128392854
-0.4482571125527066	0.6043251714185899	-38.280733481868126	38.28812739298676
0.07193117221918152	0.09430932533321972	-35.71563172301438	35.715828671842026
-0.039725472402852346	-0.005204389706658756	-22.897062314786112	22.89709736726532
-0.04936089409496186	0.06435854336517025	-10.78158730022807	10.781892377148326
-0.18819071878732374	-0.0020011333117992067	-13.488868052392611	13.490180913762066
-0.11488374604934054	0.03314955067141722	-0.6483139688222327	0.6592481854249437
-0.036372063974941235	0.05829349934110429	-1.2810091106348336	1.2828504981612918
0.02303129674304382	0.053689005723305205	-0.13703938859525572	0.1489722926982898
-0.049796874850951384	-0.03959580574970285	-0.03791840435147312	0.07406322951675419
0.15721938010742906	-0.008703552284727356	-0.39715434402950756	0.4272297488298838
0.08201907927109381	0.05869553810226429	-0.5938736051210308	0.6023770865637589
-0.33648589524652306	0.16731674987863518	-0.016119769739752286	0.37613494847762613
-0.13190673390128682	0.009330019613600402	0.056842884035534995	0.14393592039505756
-0.2755325986091775	0.870172388569399	0.29755161666660734	0.9701210997632259
0.04511150182103869	0.23770793848730737	1.3310671044754139	1.3528783198177867
-0.04001915146556678	0.2568629286121575	0.9354498843943072	0.9708998829913208
-0.13451767193542258	0.2235689124518507	1.65518545736588	1.7468362554496417
-0.09837298506358969	-0.1341779225471711	0.15216454789241196	0.26516936780989225
-0.05982866186901141	0.4614620632277905	1.808825924454575	1.9318638337000968
0.033798385883365326	0.23182332540692802	0.3312877397638043	0.4057535601924615
0.11150338615745378	0.08946026758367957	0.2244783669200084	0.26613282739225486
-0.4173810455622988	0.06941989394041179	0.20927683551057374	0.4922424581958523
-0.6254405525156375	0.9055591356724151	2.2985562601516376	2.552264464923868
-0.23095312921380695	0.4490263518614068	0.4582404817992576	0.696008718781043
-1.0293939333018842	0.7576683764147775	0.06268578405936553	1.2872927137838022
0.08639511888009291	0.33239529687735714	-0.19520544206145723	0.4189698073404583
-1.069722042817063	-0.0851961733442399	-0.6315680327273208	1.2529651238978163
-0.05652113416824761	-0.35986230886193965	0.017330779483154646	0.39048131935421043
-0.11494558333812083	0.2963794003261895	-0.05705862789898983	0.3518361948185092
-0.1325881005158164	0.1615735173770576	-0.09252683530788464	0.22857563555217125
-0.5591138193908002	0.4172191252113369	-0.517325006859873	0.8685074692818995
-0.05406578074533201	-0.14816679596420626	0.033681255062344	0.16127905944813695
-0.27654026417708505	-1.0947209074807311	0.6060375146889685	1.2814717523991497
-0.17758464245988825	-0.23386130836393867	-0.05930229970922517	0.299573329150147
-0.04634981507825406	-0.08669753875646044	0.05791531670204615	0.11410062441947724
0.19344713755735185	-0.37893306758589196	0.3471357177629656	0.5491040623470165
0.040897524107504364	-0.24710018961671237	0.12173135836920514	0.27847735059992035
-0.1359726847582683	-0.029739744328057108	0.07895387348864916	0.16002105340214232
0.38087471796982364	-0.3845469797570784	1.1060240683080675	1.2313533896106401
-0.26091150352094555	-1.1658737405929744	0.7724984955567883	1.7042420339292528
0.0008923008814037819	-0.6087274591949707	0.1380823305062799	0.6396064654745709
-0.0031600061632282295	-0.26936975293659177	-0.17184818479263328	0.9911873894237129
-0.3242500885055766	-0.23285210980804735	-0.0990867968751761	0.4343457184696489
0.16752670894602406	0.2521174088335891	-0.19421603850599234	0.3857823746106217
-0.26698120208958104	-0.4041749020183147	-0.4869497551252303	0.7008824171052043
-1.0598223868809593	0.15997227180192083	0.8234334946744767	1.646101189031629
-0.054408145816961406	-0.1385897082578398	0.13546310265332934	0.24494364790028614
-0.15794097027598067	0.05705218834175681	0.5631618271759617	1.1071143295859145
-0.14188279805522397	0.43126367907129576	0.3833381145192387	0.5941945803465849
0.02943972560570329	0.08252858512278918	0.05309044559842887	0.10245125777631185
-0.761323619516382	0.2601274113140478	6.91598745319237	7.0255613988751655
-0.5284025514063891	0.03262341750399002	1.2969309054692828	1.4077581831279817
-0.13889860335625737	-0.049168330149812256	6.251017947798971	6.322952436584424
0.22062038545601023	0.30336366199781406	1.5999803482375088	1.6492785591117414
-0.20055147752612706	0.20398821289545502	7.341760498994142	7.34865695863053
-0.19503785101742938	-0.09121422949910198	5.090124014066758	5.096587295678519
-0.07397706985799345	0.09455567304376493	0.26722333815193544	0.2929534000871082
-0.1835519394913395	0.19905714347030473	1.2942864307934376	1.3223057232703803
-0.1765552667169779	-0.2311430332684889	13.024767746320496	13.037514694976368
-0.24077765965659143	0.08224085087038552	2.448272762530236	2.461458299197657
-0.6369209064584658	0.10229558351880855	8.270049907650806	8.295170769943581
0.26304131212616044	1.145469954602476	28.208892595161487	28.248951559076286
0.16698925713590188	-0.2808079989113247	11.17427383757227	11.179048901463105
0.06020820537026824	-0.0020862074738704217	2.238309336601079	2.239119931261185
-0.11901285441948786	0.6286834566370495	35.06916259422869	35.08754654576912
0.19752645479999395	0.12353907845413083	12.961034966241291	12.96388004361659
-0.017224716363807718	0.034298339601760534	3.0298886635301794	3.0301317430669505
-0.5609315508968911	0.08914137800678057	47.255356878635645	47.25877002332248
0.03372761048840858	0.12073071005053636	35.606382603749964	35.60687679880935
-0.31889942160583085	-0.10460578791732826	69.2179831992132	69.21893756164876
-0.06074847155074009	0.4594985879058924	50.02841791470801	50.030759620084304
0.021210271837418544	-0.4225570295004061	309.3465930323541	309.34688235869413
0.003178621487148853	0.0024410152422367215	27.845829248285	27.845829536697845
0.4530348942552309	0.1513532310941827	274.73649722659883	274.7369478911452
-0.20923190671430306	-0.09561897984167357	67.22954031603071	67.22993389915608
-0.1981124298676722	0.025616356730572047	43.022130607216994	43.022594374549726
0.18155597207925395	-0.15100634978658273	21.544602403240418	21.545896551371122
0.655560072163854	-0.2497823685005724	61.056746724410566	61.060776860507175
-0.2021712511628716	-0.4064484275909896	21.80877021759013	21.813940765657957
0.22647909967245367	0.18886368719987912	47.15267873179025	47.15360085781738
0.4631107639166737	0.4268496287039466	74.0074327438734	74.01011264363893
0.0277552900244764	-0.05936615915020539	0.6924452102457975	0.6955394066254799
0.14901948042205806	-0.23928291911452143	7.714502280419723	7.7196508052842026
-0.2026196553180848	-0.18380681998209508	4.061440794561701	4.100470819542938
0.14621678283685863	0.6820049209031808	3.786270518950881	3.8525101281237264
-0.1928218536196782	0.07437542443209053	0.8375632224698601	0.8739015433828221
-0.13352142553696933	-0.8420996308966284	-8.669477220424122	8.71242072100438
0.5904534571399247	0.08474692113820476	-6.790630216814514	6.818207671529612
0.16414446505978292	-0.1107084393203002	-12.043077160932615	12.045513150257372
0.2676751751461016	0.29582913515441656	-12.429726119503185	12.436910229930726
1.163756900646045	0.4202212492817773	-37.285106995657955	37.30589228908365
0.28777368639118583	2.9150387975108534	-132.82173935971	132.85403535995553
0.8396431677370911	10.8098030087232	-485.9004374858258	486.0213904661538
-0.16912341214507054	0.057270691898233826	-1.636901493191269	1.6525159436440848
-0.8404848729588312	0.6371601223865356	-6.698648097405348	6.782606723156263
0.14349580771671772	-0.011220421067615574	-1.317760189800299	1.332924846870118
-0.05235362915870023	0.4073453607702702	-1.0792815872075228	1.1631851421043589
0.20613477686201392	-0.09749078779784434	-0.22235416128555294	0.3477314450526415
0.49728714445471434	-1.1007047698038663	25.165540754996748	25.194509064193166
0.22157511436280386	-0.7312393515516024	15.09347562634665	15.11280294993894
0.042720345939909976	0.030342540161008458	5.379530304668101	5.379785497261314
0.05946392405199365	-0.1018090691446766	5.161260939143847	5.162607434887513
-0.14105545498516053	-0.1537290260214759	6.492207433693824	6.49555899187529
0.00559325556011239	0.01396130942870184	0.1273755605475993	0.12826042294308795
0.29499504328293885	-0.49331260609898353	8.725426074360874	8.744337572511379
0.3307128953557221	-0.33447690170402383	7.879948134633642	7.893974184239786
0.40841718547980227	-0.1587640728258601	37.71939913097481	37.7219442954628
0.9936438134445101	-0.3828573764364161	111.65160995303162	111.6566877213479
-0.03173764602440646	0.07134893635978608	-0.04143532619031133	0.08840155627216535
0.09815327225375536	0.17337193994249717	-0.26624672217093326	0.3325345267491945
0.0111337215095697	0.005453159620622719	-0.053685869823531254	0.05509872342631711
0.00919174469997942	0.316095887286359	-0.1600528914198491	0.35442633392827083
0.024989846555867765	0.020637559229611198	0.005393624866332533	0.032855630735693454
-0.1467998693341095	0.06773182757172112	-0.10236217949711249	0.19135260095989295
-0.005842350877375571	-0.05443556505063751	0.034208168814373836	0.06455666208679983
-0.12647158061643513	-0.005176642308467944	-0.04353503489808042	0.13385498717935895
0.033063881412548984	0.019198629614804986	-0.41935365709439903	0.4210929794613018
-0.019309038519764524	0.06073779162147294	-0.07873793349275093	0.1012994593782222
-0.23188370256372326	-0.04289188900961167	0.6335716211615878	0.6760345884633393
-0.03488495517575029	0.049812168833801414	0.22761361931824386	0.23559747868067624
-0.046387093330672785	0.24750942015696192	0.27476996298888967	0.37270793935066626
0.08735431870450616	0.3136640442042207	0.4214204725633122	0.5325515226889895
-0.47646324308396115	-0.016802828013719677	-0.12926586932512454	0.49397289602945293
-0.08718968417640005	-0.04011789830386388	0.021342006640725986	0.09832074063264754
-0.11629005643572714	-0.15186151955610472	0.27572666602981	0.33557486900485894
-0.14263569818416955	-0.01178060754574653	0.2297536300319063	0.27068515959222905
0.040075707754449186	-0.20140128483919534	0.07753793384525369	0.21950095915938417
0.1307669825653921	-0.10741218799255822	0.11477362965665955	0.2044758370154534
0.02058494358149284	0.1333424628575573	0.010491361571906947	0.13532930566143006
0.015835894896236685	0.01778705997105948	-0.0175932574797959	0.02961315416042529
0.11210248954425497	0.09320949074081786	-0.06361073058780725	0.15906465192838098
-0.19872739576301407	-0.06561938688069573	0.15078789486443564	0.25794470531297237
-0.084657848354894	0.060693946081233206	0.09070085478795328	0.13812078568505634
-0.029740738996380578	0.043506290755011896	3.7559674380148764	3.7563371393312575
-0.10973861513040653	0.030997918366740724	1.8726342348011447	1.8761029854309907
0.10271451032555362	0.04553240464589215	1.2275337845046246	1.232664862241356
0.15580267459819608	0.15788446366151293	5.147800654892647	5.152577370577835
-0.02604998027722939	0.12567918203084866	6.2053039250107815	6.206631184468965
-0.060860288275911195	-0.019003806814294408	3.6664587407234843	3.667013064714947
0.04378733960818449	-0.0320309476298637	4.002924121829739	4.003291750277816
0.3901891432325523	0.01709830966563986	54.53544438222723	54.53684290355179
-0.3331565543595863	0.6108365897701572	211.12643535337565	211.12758185431912
-0.020870754455322587	0.018887486022602366	3.55553395936457	3.5556453790717732
-0.05530462621137347	-0.24253000616047357	55.51523323037269	55.51802063961165
-0.03272057997003115	-0.0943549690218323	-1.1185560790205753	1.1230054311741193
-0.014465610045668913	0.025733674359305972	-1.536535030755456	1.5368185893620283
-0.0043374763477530345	-0.05886571936394448	-12.395371156714875	12.395511691710686
0.02348733998389089	-0.10643886171122649	-5.055700662136197	5.0568755246244965
0.1896577851526457	0.5485706448357102	-7.87587454332884	7.897233670729246
0.15196102696049185	0.3612614849730353	-7.001849522167756	7.0128096184996105
-0.5644670163077733	-0.01375451035538925	-2.134009364249345	2.2074438080636196
-0.12744442653536187	0.014768782751949185	-0.7896541286777591	0.8000086510386829
-0.2540646284767763	-0.0036984324613672324	-0.07896428893425891	0.26607869657792366
-0.23136903836638506	0.014725122836733325	-0.22162257740682825	0.3207257831443992
-0.31274182785219673	0.04367545871686621	0.2541912969121309	0.4287283486175516
0.10810727031822553	0.10641962888865193	0.0732903558160688	0.2187774679076944
0.11842957015261253	0.034096060172953996	0.00846611582252415	0.12353048013737607
0.1787332649533589	-0.05117608641189591	0.15419943452220836	0.24154096428617292
0.045318543147999296	-0.01747423419837737	0.08843033040431282	0.10089124119215076
0.022429615942927725	0.13464580734165624	0.4649436177826735	0.4845669704208845
0.20748511231852595	0.058277253269221015	4.979323810395757	4.983985545610715
0.00314387890063324	-0.012228162742290567	0.04402940381230984	0.04580393365925299
0.8916230443472101	-0.6947065454949887	32.68320469376018	32.70274419512514
0.09386949334157187	-0.11290437506531634	3.3007466063060686	3.304010750395662
0.06836612398004119	-0.03698511621342792	3.095337635687771	3.096313437724696
1.0507830621474512	-0.3708736996401648	28.921309729610186	28.94276850649959
