-0.7180184359262175	0.8315109838823453	-143.84353999257218	143.84780303630035
-0.05696519396335725	0.1950596047241981	-25.475844412575597	25.477037143305687
0.1639887852403879	-0.025481739227843872	-12.783614981193248	12.794220318976349
-0.42441316800214	-0.33624376661806776	-22.398478188213517	22.4104603142827
0.22449877071013266	-0.7114886033455322	-34.11899701826361	34.12743841907743
0.6163947494678279	-1.1669245093032257	-85.37198882658902	85.38361582556236
0.388100413823777	0.18375970500348324	-41.181859368320715	41.187056832637815
0.6247777061992597	-0.3352554460049161	-10.548293886145473	10.573018825748564
-0.9816367216749025	-0.2679882256348402	-9.607311063420457	9.662056406202602
0.733554694061833	-0.8703265641757068	-2.876140159498614	3.096325696607312
-0.07082406915571338	-0.5890267387152135	-1.5498284142995427	1.7313741952170503
0.5375458168494011	-0.26247040057421084	-0.4472040344941075	0.7598140889439228
0.5786426517018024	-0.23797801692633389	-0.45559624702473944	0.786453164601498
5.103263561730569	-1.2856782659302493	-3.56875589579645	6.3601702817341526
1.740809393007102	-0.5205006909172891	-1.7122403380780866	2.500516961004042
0.9542651415085627	-0.0621548626240553	-1.0342028180478162	1.4154647438224015
1.327133492164814	0.17804961792754465	-0.53380742511474	1.448245533215051
5.450669434799815	-0.21164507195354282	-4.683542964953764	7.190941900294498
2.1846356478022404	0.8137483968300934	-1.431317256913142	2.7797856750708716
1.1790892798643702	-0.8094795022784214	-1.2510330202946822	1.9632402183043303
0.129067958676493	0.5283069238361585	-0.12642703345032383	0.5755261274844008
-1.0568999775297039	-0.6050244342482608	2.7813929894036122	3.178369216271652
-1.2972145814545577	-0.09131679670487375	4.37422941522895	4.659160781691588
-0.029385131079703794	0.4991454693992532	1.9172993420984221	1.9863348755085117
-0.24900281293124077	0.09089980643729792	6.558540193877647	6.5653784685474665
0.1029333486816971	0.3327830285239114	31.61262479167095	31.618398219702925
0.11216751414489212	-0.06100157112436319	78.80308896203897	78.80879344646026
-0.002729439864889216	-0.05885599045984857	224.85948486860877	224.8614501364039
-0.2025649385729083	-0.19887609985100338	-90.3852731939237	90.38582673396611
0.4574420533674415	0.19187322689371938	-114.51918267891699	114.52034207859917
-0.42062491319736833	-0.21326489786563912	-2389.2529624528183	2389.2531932274132
-0.8870200825258966	0.5053904955863192	-108.18922836830141	108.19413495607422
-0.34333648149659	0.2025446738581141	-35.553583900219486	35.556092476807414
-2.0836023278599196	1.8010545119340404	-379.3621034560654	379.3721006276371
-0.6329799344968244	0.5428213768141156	-125.54394920663938	125.54671840013918
-0.21115071687366327	0.10611143696547778	-41.3357321707537	41.339402681541905
-0.19661809862774432	0.35144248128030986	-111.64792268017935	111.64974039036574
-0.015160279211730611	-0.11351503622260017	-10.494521830708786	10.496074682358053
0.20465309111501978	-0.18412473076841374	-11.386004995754732	11.400197817565935
0.15037884196878387	-0.4859918415529193	-9.663018525750527	9.677407125881695
-0.5494472755224509	-0.21132653737898163	-14.901348200790588	14.913624951703879
-0.09827960043260595	0.07128623815945573	-11.761487558592613	11.762942233278245
-0.01968841021404759	-0.22609061834164035	-6.207187190634862	6.212902478365516
-0.15418985823494344	0.2588070880863588	-3.270338968117244	3.287149581706378
0.04334912835727958	0.0035933214886026896	-4.508063547900794	4.510433326821332
-0.4115194367325805	-0.7178949650930277	-8.74456950032272	8.784742281853747
-0.8224871503713375	0.2713134422157619	-23.335505877785327	23.35198943245535
-0.15768362171726327	-0.4803823185060847	-4.203224581996157	4.2626686354076275
0.872737749364281	-0.4576486542422723	-1.7387713606903743	2.058679007774706
0.5816298707088827	-0.8147886377155933	-1.1790572985690586	1.5530066737977108
1.0984089442637583	-0.704154997095372	-0.7262919235244087	1.4997720532966983
0.24093976559709698	-0.17096694341637364	-0.25191297413762803	0.38825482988108057
1.4455064539623719	-0.6627424186629067	-1.2292273162733924	2.0099045293283755
1.3551187155134463	-0.24655293175483595	-1.2576520306047623	1.8651605055265352
1.6178011792812574	-0.39029009129632414	-1.6782222311900146	2.3634798218534283
0.8250760235688234	-0.25563445112630145	-0.562556845915983	1.0402160386466492
3.0813108794961797	-0.8786868863659756	-2.9563216780920913	4.361867149470546
8.899245724454646	-0.688909190224321	-6.696708135252056	11.15959452535131
0.31727985835479894	0.010063724945594432	-0.25566494432709214	0.40759336456227674
0.25725207353608276	-0.06579642264540542	-0.1001347206851298	0.28378647053416056
0.9402246269321988	-0.2545000407175138	-0.8282949440820664	1.2862134034082067
0.4790420294003107	-0.11382974985645254	0.6903654160440791	0.8593734173536351
0.043545161822827694	-0.2519146631407637	0.29928076137564746	0.4176193693461643
-0.24139082900554823	0.2763713237130259	0.031380026759631974	0.3938465841902291
1.2002098627833715	0.30386578241239026	3.1830477391248926	3.41820286450229
0.09128993251387188	-0.05674966283494348	0.35081105898038717	0.3669097642652861
0.04127616719511176	-0.008412381873379726	0.8044692031000837	0.8055713431370227
0.6298915701603277	0.18212591323851338	7.1919149549644725	7.223091702503413
0.05946345372468603	-0.024995446681751687	9.20651170850709	9.207795517845835
0.01887688534372299	-0.07128919685403169	0.2483730931828999	0.2590900997830957
-0.11363483716622663	-0.030489676123548394	0.5539834760677304	0.5663392872863401
-0.102216881580877	0.41191804311681157	12.889211087347435	12.8969518493412
0.5196922247854294	0.1409325245016861	11.479631085624911	11.493100174970662
0.06281137659502331	0.3760924107470159	27.184045995358428	27.191273658295483
0.17484008449238084	-0.15266234169296622	43.1601241283842	43.160973916353505
-0.3076808492117607	0.015612850573224674	710.5801830762489	710.5808693192733
0.025942805370429742	-0.06166528363170089	161.4503166976467	161.45039088584358
-0.06099438026856189	-0.3224838635294818	-1683.7439297612518	1683.743961748347
0.041524951779920875	-0.043689343183851564	-229.58063693822987	229.58064485065722
-0.00224676891193943	-0.010366624594594732	-13.372934033779238	13.372938240591967
-0.22828693175854792	-0.03711083299534031	-36.294201141431415	36.29493805796916
0.43437579010470306	0.323863904539434	-20.14909695903702	20.156380588299264
0.03870529887273629	0.07041352927371627	-1.8417155727344225	1.8434674979825625
-0.08252141673069581	-0.034064023627144474	-2.7509265259718094	2.7523747733948296
-0.22384281397516786	-0.08051412656650501	-2.9914347453599643	3.0008781990763844
-0.5630039404224806	-0.9704956686631938	-2.3480749018036366	2.6495106598021865
0.03699422836163616	-0.36509619815499406	-1.6663251759306308	1.7062542011023882
0.006606198825198941	0.009086973035134713	-0.01882597974145772	0.021923331295336888
1.6245366674237465	-0.39779391305707684	-1.6063869017109735	2.319016657779347
2.355979552690169	-0.6897633116807808	-2.5289353279086164	3.5244754179280733
1.002665666277346	-0.11306768286636869	-0.9565404556492474	1.3903569263084334
1.6403408790868408	-0.34042679706973417	-1.4802232226721328	2.2355467771228636
6.775881452635154	-0.9124791975851209	-6.000719791604695	9.110512690054662
0.16557745046597397	-0.08165472013950059	-0.11907068463996145	0.21968434938452372
0.623631304781433	-0.03772596144448497	-0.37140560700793235	0.7268296756374458
0.9688469509567311	-0.1431684779243441	-0.6830846668189979	1.2021838771138749
9.524307659157119	-0.9965975750729426	-6.556214497041406	11.606423714005798
0.8773328584142034	0.04259464577883683	-0.7533188933533594	1.1571588496768241
3.8827643769563944	-0.08596833583369859	-3.4273501425585056	5.179766284440197
0.14084158093937005	0.06084010063907517	0.1277411906486643	0.19963887536151945
-0.017950598259897546	0.04298122282579824	0.000812709135380868	0.04658615663078342
0.22218204403795302	-0.054750874504336716	0.015458006516930613	0.22935010119324128
0.051371037198599055	-0.05378446514767272	0.07770384618642377	0.10756226041806895
0.014655485286004147	-0.06314259450841588	0.08990141229078905	0.11083336330771949
0.0779813317333947	0.022939609896048478	0.374429713318275	0.3831513069489679
-0.02386521789034714	-0.05727667760011588	0.053004041309132346	0.08160634054386688
0.000888072445794719	0.07445319514837202	0.09583639739750512	0.12136178149072742
-0.10868790096786274	-0.04328883745569134	0.08536990078406123	0.14482749471335082
0.029859236327968365	-0.028510666552112155	-0.010769580203669572	0.04266633285271261
0.02972251791384236	0.007938510740380857	0.029150248262889283	0.042381422789966594
0.05654558231681538	0.24323237562274186	0.8458641504497243	0.8819555274766774
-0.0595543894592414	-0.10896376956009962	0.20192614390317976	0.23705272825305593
0.017348136598860857	0.02886423009995342	0.10476140881847407	0.11004114866879232
0.06254388468471303	-0.10044075274651902	3.9666109466178225	3.9683752952753952
-0.006770357921034968	-0.10845269243694955	1.361832932314348	1.366161322750391
0.016019065398386163	-0.012929829411017488	1.108456834729547	1.1086479808322762
-0.25685171187414135	-0.0369223088516787	11.203692867428822	11.206697547737203
-14.84770699453654	5.381704784620932	-1.9111656942188318	15.908776932249697
-2.474163043433168	1.4700608084039766	0.22535471880015995	2.8901256166612086
0.8134731625354841	1.3683989007129707	-4.4594479693438505	4.737131000280966
0.04963410532973264	2.3039611039818357	-12.063510018742814	12.28244495490541
0.21337386480851916	0.02274266714825554	-0.5531072648854901	0.6094694959236666
0.3153819241646882	0.98367293290998	-5.970944708648775	6.061248938599235
0.06891682980919635	-0.036513634561537986	-33.29870620786534	33.3120138761614
-0.3076114612010656	-0.40523319694347487	-27.762267305211488	27.77131694074633
-0.08388605164423876	-0.35014563182837044	-11.473572102284658	11.480068614968019
0.26521193051116404	-0.06377754183079266	-3.4341213009969787	3.447763599463951
0.39955035491254426	-0.10941261264828765	-18.68193148924177	18.687045126491785
0.6713984766909095	0.8832767870442535	-1.2474461239135124	1.6752777125005092
-0.22860647218427776	-0.958183074150073	-0.9959994004296172	1.4077891579595228
0.13112277199788636	-0.3213834226325157	-0.24394764029522692	0.4466214524460388
1.3283640579157527	-0.5866514904824651	-1.4684245174611612	2.123370327457918
0.24844847117125812	0.15511732327217995	-0.9689617998611114	1.1262304110600752
-0.1418397717450628	0.4579729034762196	1.6768974935033425	1.749663593318705
-0.1086173931835433	-0.08537566115869769	2.597044295622631	2.6044587921382676
-1.2013025789977976	0.9245985168322328	117.62224326622939	117.63209426456956
-1.084883586123894	-0.7968575553160919	61.64894497966318	61.66379692533816
-0.5879361978353732	-0.4679329434958869	149.8223768735283	149.82432620249213
-1.9424391019938456	0.6048686069884681	279.3349189314104	279.34236225445505
-1.6308898450650215	-0.9960053214447029	652.9554561311335	652.9589266334419
-0.884987764802758	-0.0012751324936167707	178.96316616096004	178.9654087445674
-0.1350376303323617	0.2629462331393863	49.16495243705003	49.17481790312415
0.5169712346663007	0.183195818228834	33.61941890565211	33.63698110877235
0.0565164251821767	-0.795127370706391	46.64655184239221	46.65357114103749
0.3302881493690044	-0.5083141241428749	-21.731010935426937	21.739912363460945
0.16296028464969864	-1.2442846892159376	-39.31461350057134	39.334884198716
-1.0593345877531255	1.069602714416346	3.1153580576048188	3.462827652003515
-0.6635115628726503	0.12514029823536466	-0.19574388658517006	0.7030102114789022
-0.5253093005892651	0.004516254912737425	-0.23101586113294487	0.5738802888573676
-0.3762538167791819	0.06748094149682826	-2.4128452160485563	2.446921010906279
0.16472625465757995	0.2157590047618243	-2.289330127926331	2.3095884712737282
-0.038682319911324606	0.07002175174681873	-1.9617103460299607	1.9682953625440476
0.001505561129415623	-0.04047011311072506	-0.06337459636069095	0.07520928289373463
0.05369888880159324	0.0108206024499851	-0.7264774923358495	0.7285397744574357
0.02504480136143052	0.3271628760362416	-1.5605132161610307	1.5946360987212038
0.07214875991557865	0.3776740295889722	-2.638672959728468	2.666540474957303
-0.2147912578669251	0.3564842516586794	-11.420483194322422	11.46651661538227
0.472285972263589	0.49293033165772887	-12.074941272316366	12.095028766656753
-0.274465985712208	0.13183241481831445	-2.4794947229836306	2.502016232783768
-0.5886496442721221	0.3605510047155914	-5.867990542662298	5.908453134237191
-0.028138278875536098	0.027540140893719246	-0.7235968701390801	0.7246672702513866
0.035995679582542864	-0.16131537523191822	-6.510607658102	6.512705307087926
-0.05734940813949128	0.020881309169536205	-1.7383782446712381	1.7394493109121747
-0.1447341170793504	0.2749784183306112	-4.603769568901096	4.614244828651176
-0.0713091044610141	0.017183072317660766	-1.0744795513355976	1.076980293501999
-0.13061360545674414	0.08280060784364017	-0.703635044717573	0.7204291295779114
0.03854912397272726	-0.37439953457465813	-2.042382455105007	2.0814578843372114
-0.6189467292614276	-0.7605869251533536	0.6003435284757499	1.4840318289916714
-0.06965131434083366	-0.05844494851237665	0.18824587387536473	0.2513631069332166
0.6774667833239245	0.3177451653326401	0.6660344479528519	1.3734325259580074
0.12098268456018987	0.053049484770020645	-0.10037515184660138	0.21680870325239104
0.1418190798528447	-0.500920141938937	0.14363814865778682	0.5578040360738427
0.0035292192434424885	0.004615384537737015	-0.15655475536220756	0.15666253090455332
-0.0363390678823803	0.10125871902096231	-0.0658850912939746	0.126153483055926
-0.3393518741299149	0.09656758673759444	-0.18040588393080456	0.4201321948395093
0.08210212912746935	-0.07611493598235572	0.2567045774473107	0.31290776287791916
-0.15987135235243227	-0.08307024642388144	-0.05824958259465833	0.18934764064115467
-0.09037979391530793	-0.20539043092385167	-0.04986316080976444	0.2298696827970131
-0.5920528100524947	-0.35533245466408014	0.0787487379367634	0.7088503592827538
-0.16411191009851492	-0.1485461156596	-0.043344414023975514	0.22556020424893242
-0.26237370899098533	-0.4853110192942127	-0.21558441916638485	0.5923203444128705
-0.07537718061379313	-0.5356287664048507	-0.45416348003288	0.7062891485455817
-0.17315747823394412	-0.02331961868017518	0.08470766151662128	0.19417184348752037
0.7246941754941083	-0.3763062333211337	2.517036445376439	2.691835886339411
0.01538382935487237	-0.013318556886744187	0.03657443937487187	0.14571040003634403
0.10455562909253893	-0.07544514251332567	0.3908344133681639	0.4115524119436423
0.10082001469820767	-0.015488054922508342	0.08991043116048573	0.13597220613233382
-0.24389132522281431	-0.5849664754683661	5.455015390697036	5.493481724151121
-0.5593474951009184	0.10490440765204215	5.48037314416102	5.5116099407670225
0.170846617572894	0.39077569655054684	15.614548407420285	15.620995357669182
-0.2914124076289655	-0.008110393205785271	23.222828618202858	23.2250777347487
-1.2959445601468342	0.13293287640979956	43.83340055145094	43.852977403381004
-0.2550534321726864	-0.37233896177526676	13.821156811253937	13.829227886685869
-0.23593423192743537	-0.15925642178334742	14.987486076675529	14.990189007087842
0.26573291805072435	-0.005123955094504744	7.9284710508294385	7.932924646212898
-1.665533113712479	-0.11233863224189392	133.0449138150995	133.05545908519997
-0.6201140009727626	0.2275712852013071	50.68424816718827	50.6887445309319
-0.22230216128008123	0.24667961060238544	45.06657693269769	45.06801643401734
-0.13278237972356488	0.051721552326075615	42.30685630553146	42.307326511150855
-0.30113545744260684	0.11075261202346434	162.3186066322367	162.31898375581488
-1.9043045207133185	-0.7298040459371068	306.10225053381515	306.11048587610406
-3.0435491932361125	0.2399886310914775	491.43108451294205	491.4405875500984
-0.7346098547943302	-0.40714256557993883	74.39242684542315	74.39716788063308
0.043388984699297584	-0.2525906185874004	18.01381275431092	18.015635835905606
-0.1125098590866491	0.3599618204833394	36.904939564360426	36.91022095493053
-0.34036799203171564	0.659683291364102	53.60557196998425	53.61071141706726
-0.008385827098158265	0.13408781158067987	10.912050893795213	10.912877923448404
-0.5688934770819949	-0.08959354396147579	12.187332948177726	12.201730654543413
-0.3357924260857203	-0.9998374897791714	10.473926951267359	10.52782300025837
-0.030383196857959524	0.015068130552346029	21.124307925634167	21.12433514987442
-0.23280287876989483	0.2097090197802234	58.409374096041184	58.41021449493766
0.04468023994947693	0.11626589643157526	22.46995607048353	22.470301286186046
0.107848679684138	0.08707316658899378	59.09089023610531	59.09105280809857
-2.3860898697658355	1.2858616608524633	4.172464635507645	4.977530110095905
-2.8250529533842017	1.4000247516456101	4.529228915408004	5.520361206272025
0.144172507300529	0.1433638982515971	0.3924700320906217	0.4635206901233531
-2.600411157184197	-0.4489059647572331	1.43799009903016	3.1486921191840023
-1.4211493392466983	-0.3278152474734122	0.649198065435366	1.8523979577786205
-0.08386482318618754	-0.17374922081504285	0.19194948617456922	0.3058537075867582
0.042150756232187794	0.06440667446660947	-0.02885446276011303	0.08220392927328894
-0.08115925197289399	0.02296330754550173	-0.07705389594311679	0.11424290154859379
0.08207193634511659	0.04594458921353391	-1.1570424669048862	1.1608591552099605
0.057810665156306465	-0.038249825625039466	-0.24506762990370573	0.25468267587878896
0.12160386423869758	0.0436647580923242	-1.309653759170128	1.3160118083837595
0.07894246170004865	0.12532907397925086	-0.731789548902493	0.7466292473019488
-0.017286905703792932	0.04272168309802103	-12.41754110255381	12.418410961062166
0.3703888333806341	0.3265843364478104	-111.80357788481264	111.80475550193279
-0.14510849946801502	0.07924705188513148	-1.3763025269138114	1.3932067335251033
0.1586543014531425	-0.51830204324512	-12.23901602228376	12.251808077750004
-0.022992023173833698	-0.006711013554313729	-0.056601204679056355	0.061460289648460946
0.011852134908722872	0.1537375434706517	-0.03341210928433096	0.15777222322422013
0.010279909042438515	-0.23673610564094086	-0.21175642449768026	0.3177899362157355
0.23753531789486237	-0.6278488449564912	-0.49708195531069055	0.8352889737426878
-0.1189931102682722	-0.13009689339503674	-0.6063339476889271	0.6314470825670155
0.036696234017365034	-0.05124775251394106	-0.1699915872693721	0.1813010906507403
-0.05334951796603596	-0.024309729834665627	-0.02653703702780301	0.06435330889750594
-0.24572198090885428	0.10905432540663364	0.06605437014056141	0.2768308465585683
-1.0283497548955358	0.30741199239287786	118.40028480096484	118.4051495767859
-0.09442520640610358	0.07455257593857548	13.325085981061676	13.32562908867234
0.006533046176278938	0.0036374473586993613	0.31521692443090676	0.3153055996383638
-0.49479555543378984	-0.11505151298602449	52.88399444410115	52.88643425166835
-0.017669279677868733	0.006163277285618102	2.692272263085737	2.6923372983361724
-1.1506187578278266	-0.18760282641033396	355.84757406250566	355.84948374912216
-0.005561617597422932	0.003275631607773613	0.08729384392578299	0.0875321457526847
-1.189035846312169	0.8602466114032727	72.335075794517	72.3499621331951
0.006181852108594003	-0.04532662092436111	3.256502750623075	3.256824048467397
-0.12050611951510502	0.011907071271753944	3.575522251251851	3.5775722036576654
-0.16516942418086816	-0.07095503661151037	5.8214972970026775	5.824272172118527
-0.08747156362200462	0.007828182094148366	7.158766816491708	7.159305475238516
-0.5100886724042935	0.05440116844745718	26.02566684507557	26.030721939118582
-0.10776931699791645	0.06399607658754475	8.735109531802651	8.736008714286763
0.12642518447624168	1.5633932075800412	-14.717973867530127	14.801973388672776
-0.5553475436205269	0.07105429494009974	-20.370125768801	20.39940768837922
-0.29612071677771806	0.5256671454319332	-7.6034851573338935	7.68503687365183
-7.6255163599072455	4.625375158140253	13.1354296154073	15.884767112944184
-2.849835442432038	1.3168670574456025	4.964626265581584	5.875601640490086
-2.989597317987796	2.1647089146284455	6.554081685269203	7.521944133398818
-2.7600919493611014	1.9167723054518344	4.978151423497813	6.006173094004903
-3.1904988752104804	1.7057395318585937	5.236876618998417	6.365037874661611
-2.3806865495581793	1.1501548325038784	3.7569170365645412	4.594012429849112
-0.3708643394599803	-0.08307755854135791	0.31149121545981273	0.491394969779822
-0.18739655042892803	0.052314774854737386	0.13679191142358404	0.23783677136153983
-0.058506846337324336	0.05362673685511021	0.049940237714824406	0.09377049278466915
-0.3505013110528902	-0.03000374721393313	0.25509805746472614	0.4345416122984648
0.0648301246929962	-0.010442088636190935	-0.15793041052096768	0.22075729149932272
-0.44492067867507623	-0.04239137567318888	-0.7213955039668367	0.8600248235299505
1.8468250023969757	0.19369860880835782	158.20962073809346	158.22128837730494
0.5491316298510878	-0.1596720591207998	63.3566280720616	63.35936269534134
1.1170912302725777	-0.24489650878771665	25.43809207924446	25.464168463426958
-0.1858607965382482	0.13103176884170048	-0.3943194214425125	0.47611044008966524
-0.0199502449802203	0.7190878803422148	-1.8509387072853851	1.9907132578443147
-0.4062534934901711	0.1742146695496289	-3.209919506793561	3.243216871726755
-0.6505844043676643	1.5627999432799944	-9.082591142113047	9.240051156222718
-0.0621609187297236	-0.10079262271653641	-8.743902859795925	8.745818437348145
0.7195617593370226	-0.7596898301745341	10.926970476133983	10.977844111426185
-0.36873025099625567	0.21927589165534833	19.98812829798854	19.992731598546285
-0.2953894366605605	0.26677166392561946	24.035267174945876	24.038562565407165
-0.05822358030034979	0.08533662765057323	2.664695613711435	2.666697402978959
0.02601308160415424	-0.03523379581458404	1.3365631594683502	1.3372805165820922
1.4071270752187104	0.827071723119534	122.65913226477566	122.67100063951881
0.6027038353163082	0.10551168171824124	21.85431531648184	21.86332459543143
-0.023871522117228844	0.09223453365991656	8.46978493656974	8.471470575727176
0.5213327886498074	0.29476020559226906	39.65530360398536	39.6600712955042
0.42450519782395657	-0.2769219674589111	17.49154068014863	17.49943900784352
0.7752962133123894	0.062204110720471134	47.255762241062044	47.26216265209995
0.8022135207061807	0.19426966431506232	53.25621753414363	53.2626134664767
0.587345024316993	0.4404158196229756	26.23232876632997	26.242970345627555
0.04669485608458035	-0.12428618120201249	4.951074000496341	4.95481997732646
0.0876644997626872	-0.13415303745483761	7.164496117976108	7.166288211234022
0.4648754818818589	-0.4262087755884444	39.6954080388487	39.70041791347715
0.34862903157956515	-0.3933376800119831	11.169288593473961	11.18251958198083
-0.2804194004903493	0.15328447524122685	1.3644190596882	1.4082792073526391
0.38904328007601086	-0.03657964842822725	0.7685824664105817	0.8734366245041523
-0.353810305047696	0.27665478141845645	0.19362318766107764	0.5086151037274401
-0.21052316467654134	0.2513759854912745	-1.281870660087203	1.4122401426597169
-0.29044512810214523	0.07225830220096185	-0.2507670040886434	0.4146607166284635
0.679797448794397	-0.0883297779007894	-0.9831102238944213	1.2977088061183497
-0.21139092559551348	0.29562732403429137	-0.7887876903706066	0.8796291511313161
0.31281336780977853	-0.18995048167940506	-0.38037368712128344	0.5459828892236218
-0.16939974700572835	0.19675871019230867	-0.9605585995053362	0.9950291892230086
-0.3078460972015242	0.2418739620958712	-0.9762987331517328	1.0518704527915228
0.12257542692572139	0.1699818522346911	-0.689443015310987	0.7205902002777063
0.1788325487572039	0.04561335048911624	-0.6559264260172855	0.6813964591819144
-0.708125086645726	0.6224078526722593	-4.075758544742556	4.183376673029464
-0.4260316205315946	0.2860293472477141	-1.9119742861205065	1.9796366838300787
-0.028233659831124712	0.0027884061760842533	-0.21108995903693356	0.21298799394021428
-0.5783383448594497	0.4958361335682763	-11.236477526670042	11.26227134817163
0.024145044255736145	-0.08350031136093333	-2.097877460130572	2.099677385429339
-0.06664569479696784	-0.023527428181283415	-4.629326349207015	4.629865833474459
-0.040859138667167144	-0.09065684108336773	-5.136087329004652	5.137049852124269
0.08112044223053747	-0.09224916990823843	-3.635235856043795	3.6373108424443057
-0.15783974581562255	0.005442085289485901	-5.671307573981092	5.673506199903789
-0.04225439622128557	-0.016169230575390554	-6.745313281979052	6.745465006214207
0.13978596686763478	-1.2688642713661218	11.908403334948874	11.976628350395787
0.8231594323780076	0.4805889517601336	63.38629768341554	63.393617746482455
0.09261820056750453	0.07350833391157141	23.266067729657877	23.266786821393243
0.21358168968829877	0.08257886289544968	5.428450720557178	5.433278350341069
-0.01640113872245541	0.030751400286936632	1.0126274465728287	1.013227018749307
0.010974235920056336	-0.0023684829252873536	0.4213805640759159	0.42153009779413514
-0.07861015778608813	0.020090964555165482	0.1600158997141912	0.17941095820838973
-0.15520904571499328	-0.13298257764792046	0.4312039199959357	0.47719077364247675
0.003430867660494122	-0.06805110630562912	0.05851556881575403	0.08981534232053623
-0.1286914635261062	-0.1627533721424657	1.0652739674486775	1.085292024596183
0.025011166651877203	-0.045182934651620425	0.13148123494188504	0.1412599418903454
0.003783390041643228	0.05180741821598253	0.10883747361886605	0.1205981686683106
-0.05910564688802042	-0.07523239307525481	0.18187958263165815	0.2055080850967844
0.4075867280612189	0.12973523480853516	0.3802585685374687	0.5723239912747329
0.5054757989146834	0.2633945554676395	0.6811177918682332	0.8881463401590364
0.38546436037434395	-6.431441293548201	56.48645732459	56.852720965924995
0.22580696973868714	-3.0312279262503914	28.697065572838408	28.857596989705343
0.26165110788994156	0.05380350329032096	18.25454393178683	18.2564983027075
0.9629838706532182	-0.04732598675158273	71.894909810677	71.90137435661116
0.2067314448673357	-0.05336598374305056	6.960376455355745	6.963650351560479
0.1239749456851419	-0.02685636509095544	9.185895690948309	9.186771505620797
-0.28879111149416065	-5.469546353756847	45.421264199603925	45.752970385042715
0.08671746272943327	-0.22190405030273672	1.416884568586397	1.4367752804740386
-0.051249708604904604	-0.09987108889042688	0.723189435428729	0.7318495245226108
